14.901743743284896	7.142516341173749	0.048705102931120826
29.016541269556924	3.0392721939435035	6.166124068979186e-5
22.11218931000616	1.5583240564960494	0.0017157310398146085
3.434444495096447	8.795785162962268	0.5407275886503736
32.18580370243548	0.5885745070080315	3.1002307571892806e-5
11.599919000787427	0.5119877607959697	0.223341449831365
38.739185861297	4.074363268620306	8.562543725155955e-7
9.061354052946413	1.776151823895237	0.26750259501960794
36.81510837211283	3.1011818390430808	1.381487464340316e-6
7.735388753679173	8.532798847901253	0.525011116053412
13.140272260994823	2.940269681866406	0.2111829975978076
19.682663553980532	0.8108715173966186	0.017072847460570847
15.814251400159955	6.33289824329189	0.023587846778907462
38.64814222628536	-0.022094778836706297	1.4389993070537566e-6
23.035778702779606	8.397872903413111	0.0010078546227830977
7.296530949136595	-5.056445801456176	0.9998532336221253
14.172524011469342	6.398156452607219	0.10937394808863661
14.033587974539206	0.4357775234697776	0.13570995317472498
2.277653286276931	-2.4762315058984328	0.9692355552229124
27.613822199991983	3.9578895901934565	0.0002449757199109771
33.789259160931856	-1.0593239852532061	5.322439223302723e-5
36.78378827583307	3.1797599491258275	1.3979673868644512e-6
15.814841494738413	-0.7915203302025944	0.042029964044354676
23.15788842643444	3.5525017178653737	0.000976608635344298
18.962270265291394	4.8099296937175495	0.01927985499680334
17.39436008144612	-4.814695657559081	0.994796176788769
4.924351726076631	-3.0402125982726655	0.9755959831925599
28.556154211163427	7.6836457914838014	9.219077739524499e-5
10.481081733152184	-3.2286366679663114	0.921557116538368
33.58822660122668	-5.02813231692369	0.9895554508640945
23.683926855598678	8.251653149048805	0.0009095605369382225
30.262374165575228	-0.6269143561618371	7.927073128712799e-5
14.714897897659032	-0.35305917522476093	0.0817879144687204
11.43897485341389	0.8802845713066478	0.21297408074932545
5.533262380040558	9.28750928195315	0.5937377866866705
5.860946258764043	5.114470323232219	0.6392586681425865
12.432126935755065	-1.4239597059640925	0.3960962499861152
34.2716016463382	3.4253128027232105	8.373317511752997e-6
11.979338205812768	-2.0026035323444837	0.539502459709602
1.2310085410213853	-1.043529503805411	0.8656357815126806
18.90128014711074	-5.39192031342702	0.9985290000609275
33.37247905774732	0.050403973649974176	2.3912653248895634e-5
28.399333226479776	7.912596743234097	0.00010778536448586549
7.846718352213972	-1.721796304736639	0.7708236638669049
31.046079451104102	-2.440555756433234	0.06409256391999796
29.8206312287633	-5.322784155960171	0.9957521492465264
3.2116223233302	7.708457009847784	0.5571279227010504
19.829260381273393	2.689829533301614	0.01512880533348529
8.847323716293367	0.7087943399167287	0.3023916233020286
32.92750302619684	-1.2244079049405503	0.00011753452348446849
35.644839187468165	-2.1882128310884	0.004187317638145464
2.988347486694177	0.1443536289291263	0.619033318737553
29.879758286937115	0.5919102853792815	4.452515645764574e-5
22.577238763083262	2.2857301793928304	0.00121806631084811
20.643964515846573	3.8763707488538444	0.008347000582573266
31.573707808448386	5.903325829594662	2.95053683111302e-5
12.6523222268416	5.274965061992221	0.2266651128001868
22.910352700999	7.4378805403553265	0.0010490999925110384
37.553212963599094	-0.2504946649760402	2.149233256169159e-6
6.609691946503177	-2.540438236134653	0.973494625533131
36.74052783411216	-1.3533992900700262	1.48883893214282e-5
28.73198214959051	3.885862528866742	7.816655054781907e-5
10.067233135673478	-3.0291173411282752	0.8918261472248302
26.170239117418852	1.0956176788221281	0.0007287093502247131
22.878887545180795	9.3476178051858	0.001061079963374202
10.978632327400671	3.7956372644118552	0.20053082258099447
11.515669661103862	3.2578984973073712	0.20880488802015437
6.937989050748958	3.665181784271077	0.709657215850566
0.7746794135854461	2.6434578073464703	0.6452038084408543
5.808653792477806	4.4546850527775845	0.631590552803276
25.327837977579257	7.45979261597531	0.0008710300006616828
8.173901919479182	6.156570089590971	0.4105196071299699
8.648443406702075	-0.5614047069149848	0.3986836966210594
27.933382071263907	2.998885758595982	0.00017566420115699283
37.1697546966287	3.750810846935961	1.228855917882742e-6
33.066916353860925	3.9605200171513832	1.9374135834115323e-5
28.407935706537515	3.166335369361601	0.00010684652936882292
20.83892353329578	-2.5484877139642066	0.41155870859559146
38.886701075859015	5.905441504987728	8.213976013843308e-7
3.8227946572496596	-5.943758163835513	0.9999637436793452
11.123147380320319	9.95979771396819	0.2020889706785261
25.60528720322962	7.6986371727751735	0.00083401700535732
14.478331945373201	0.8382646273335137	0.08221780201706361
24.977943448083394	0.07334268677838196	0.0011667905484150415
6.624357744015949	3.4042080020808267	0.7247004266244466
20.81315068014345	7.862764117356951	0.007040016538801509
3.286230251764392	6.295961203140337	0.551276797513596
28.247656518564877	-3.7887026231250154	0.882065266246101
26.662690647576852	-3.0227619338878657	0.5467447650600744
15.710161384860605	-2.070046064726375	0.28012504402528343
22.113100933935762	2.1270604998609617	0.0017047064159011382
13.129765375305407	-3.156397469666244	0.9155654749844038
11.952089180689718	7.313934216625238	0.21859301441822576
1.259890467671771	2.491366380241523	0.7110168151311895
25.63785166508679	-1.4000403116983087	0.004571890351030013
12.78659825284657	4.227057160871892	0.22481303636731603
17.400171733359198	3.3371676295282757	0.01877410769432295
36.660027269037606	6.548101487253096	1.4688757057303695e-6
23.54033962068073	4.109282871828537	0.0009200004848985443
12.642228942029709	3.402313537256248	0.22673976148398137
16.00729909119044	4.149321855321794	0.021803550566874302
30.42587135061336	5.584876989385537	3.352429236027748e-5
22.440445652497562	1.6135765691499522	0.0013293835866955532
22.472695993459343	-2.9107032712426424	0.5714047330296369
39.39353667761902	1.8252305030830467	6.909361956897324e-7
36.51654188656537	7.741962543386231	1.5638578661138823e-6
17.6614284110996	5.284863707516202	0.018978151786126208
21.840406322056822	-5.468903489934837	0.9984404157808144
36.33289558248358	4.150823489076032	1.7094992690694053e-6
7.1581293558403285	9.837109824923703	0.6765381082155514
39.40399660953314	5.839578593305935	6.865783833161459e-7
28.5639379331511	-3.2798213136996157	0.6672722455710137
34.92484059276649	-2.504692272277982	0.0449516903685567
9.839865505127964	7.612890074944291	0.21493040938950986
10.612407633899098	4.537628685531082	0.19949501142402198
22.541079950944304	-0.6267119143777755	0.002331821840236052
29.57166292690324	6.252296853367113	4.364226622642176e-5
4.322785081132173	-0.3935704230571009	0.6010512118383069
33.832519397929566	-4.770731360012146	0.9809479970048415
4.013242942602517	-3.5548689847659887	0.9912590573386653
15.372061924703482	4.608735751941124	0.03117822977307446
0.8725714205375475	0.495398622942826	0.6909119243009885
23.31248836140552	9.822813713617073	0.0009474354704158151
30.270519452010767	4.092355708342277	3.454034826090013e-5
30.05849858678787	0.6745073073889927	4.1213952918011805e-5
10.068717314381882	3.142023877079435	0.20739660467374874
35.32996843275714	5.888382509484588	3.3510075355534044e-6
21.78517598574819	-4.7682053852048	0.9922683327097511
8.127025935269645	6.8037806011279525	0.42146300808304127
12.222060370938541	0.3419842420146537	0.24209518452551793
11.81005010238064	-4.567280510383396	0.9958491792961354
32.44413039051142	8.67480860820933	2.4877119766614346e-5
29.35896753681133	8.098764281741133	4.887436380047208e-5
25.614835758033315	9.602801792522957	0.0008324328693948888
16.044688863547904	-1.6617498746223784	0.10987718402146009
5.400016699741944	-1.5245422399954265	0.8135894781110597
7.77174848027365	9.305815168473787	0.5145816821326927
28.66933286210794	-3.760296586328222	0.8703078708284978
30.810444798428115	8.293028107054742	3.1795258359071634e-5
33.206885321172734	1.5762710386489562	1.8122424187508477e-5
31.657482544770403	-2.466324977269739	0.06811021954566795
19.824613518283677	2.8394317359753014	0.015163605065720957
1.7039756762294187	-3.392755898609259	0.9974498409110796
24.24033611937018	0.9183115724461235	0.0009497449515640684
39.24789445105513	5.207190209338053	7.293980427241658e-7
3.7921779538718683	1.3247505402405402	0.5245950439646363
4.471776042993572	4.05166667260816	0.5148598649050875
18.65381651631095	9.899578362363128	0.019637380933546514
1.2234684034307999	-4.8652439223118655	0.9999524116985796
1.0871350391445544	-3.1505156845858195	0.9980032276336641
10.86994819682045	-2.5799545163740945	0.7430684527842478
28.974221177821715	8.350848346692079	6.371411072228494e-5
31.249379178132873	5.536803325712022	3.048766840041138e-5
9.086673776694045	-3.508666130692342	0.9731268668993807
4.646816282780883	4.2277913584395	0.5199281906875984
23.157984629202176	1.1640779687721068	0.0010033883411421998
11.491195398863965	1.7241480051769482	0.20852026518488043
15.489332017307923	3.778463718306808	0.028537707012622888
7.124275927665687	1.1043398738307868	0.6873605888953477
8.914842043727798	9.532914215717474	0.2833906876210404
25.372877774209204	5.629716861101789	0.000866192283233423
35.61511097823669	-4.789280310692169	0.9797013698989677
38.737038261698224	8.961087569603492	8.567506123358754e-7
33.60449862946553	6.96529814545514	1.405521044945132e-5
33.328434451429594	-3.725622172333763	0.8147515668784885
29.911463606917973	4.443494556744799	3.804549981811994e-5
8.911924753849982	9.960520792029374	0.2837360164608086
30.480578185820942	9.959639411382954	3.3217742195199116e-5
38.568161690157694	7.600956824865737	8.947872035836584e-7
32.3969454760153	8.469134593983304	2.522739273870262e-5
11.358914033950532	0.3828460757133225	0.22165165979774806
10.995764446762033	0.2637041832892386	0.2196600388494693
7.212292835304041	9.097047291160571	0.6655776129989693
15.743360346022182	5.484797761315054	0.02442300945279791
12.876272260184042	-1.1509829775266383	0.34901000461632603
20.561467545506808	3.240206627361438	0.009019979788615937
3.725706831193691	1.6664977103944985	0.5251682883446109
31.982964460601664	0.785902123146494	3.0704130806260744e-5
22.091528319291626	-0.7685027466987417	0.0036138159138125532
7.924291192995208	4.423571684407079	0.4724843050779854
21.45814347895255	1.875547832563278	0.00340127150066777
36.094020204100765	-3.6491026521991277	0.7494358204214823
14.722398949849579	-2.3815060010636095	0.572798472185059
36.38029123619846	-0.5722081787069069	4.27779585017243e-6
27.12987690585469	-1.0167578221241342	0.0011538009640827136
3.2918522309264513	9.544893049352998	0.5508500584098549
20.129877516156345	-1.5899681614436805	0.06413255565353863
37.45185242447318	7.6190545951772695	1.1402234230713406e-6
7.043505568878814	-4.499072367712854	0.9995778402378249
28.40394110336429	4.284817755030705	0.00010728122525737247
4.272504440832366	4.3639939192042245	0.5126477785917258
1.7163977085180142	5.562155947119717	0.6987055409137762
37.03958772023926	2.0129476980400067	1.2789595237455632e-6
4.923358178581517	3.4158824106920758	0.5341810719054156
17.508867460664064	7.952278963635633	0.0188480433984165
29.590759430560126	-5.435007819636004	0.9967789178109782
29.18457265512861	-4.505586771287694	0.9739147084721578
10.357046912925655	7.890258684714107	0.20164548920456918
24.90734900730146	4.242499552065604	0.0008971947685557372
10.969820845906657	9.900128494085559	0.20045502769916262
