23.38468917166275	-3.724764775623923	0.9063234448339831
21.930947365931107	-5.6429067490733615	0.9989473614881209
17.206481543615524	-4.260426458282572	0.9823283479828742
7.838331093569455	8.053000520134939	-2.935014627562991e-63
30.1532327802499	5.0545559026713605	1.586544176202601e-53
14.160185313838909	5.461386051028464	-3.795339001460484e-48
27.613675134383044	9.650687636217265	6.129912328969774e-88
7.79703942827925	8.168065348436025	4.7281638812691036e-64
17.61595391708735	9.501286929194812	5.247871115373601e-83
31.895473622393556	8.18908581345552	-1.459366396329348e-76
31.80390657826948	1.7887003273770627	1.7491890986516304e-27
38.115576830988644	8.612216445650688	-1.4692529020589516e-80
27.65991945523923	6.4409393994633035	1.5235434247178916e-63
9.978617398271561	9.843398914261556	5.051862813574236e-77
29.588620618087077	-2.1513758771816054	0.014611846456438057
35.302907278898935	-3.2969702665773344	0.542207982414054
39.37917556713788	4.502452566128721	2.391330255871779e-48
14.74402192173911	-1.9116523295500656	0.2543586556037633
3.9877568286390703	-0.14775372949724286	0.4439179827727732
4.497371606064126	0.07555185311839274	0.15907367357510616
14.897330967600368	6.978140972146873	1.534027920021898e-60
31.347501815059548	5.346337908421438	-1.7653080948711196e-55
24.784782077133347	-3.9649308148685307	0.9364345498014951
37.27358542909435	-0.02124522728097311	-1.56618181300915e-19
6.762705112846616	5.611249084819814	-1.0452460075594415e-42
21.79379345750803	-0.5356869383179106	4.4563479877889435e-9
11.929757004778713	-0.5833023079559929	0.00040842886965551515
35.69568909207772	-3.1293764166612164	0.4025103980437345
8.494312057546543	-3.380156501010692	0.9555994559582137
21.6844635106017	-1.7323808158585976	0.021836022312014758
10.34722257861991	5.473253743211311	-4.0380596032877375e-45
23.723869632997438	2.4327611966525353	3.629714570121641e-32
9.637976736566456	-3.208563211246256	0.9350578031483718
20.35473386055267	-3.285656923997017	0.8158115418990162
3.6632698349878647	-3.07740314699652	0.9968293980299366
16.896233958433243	-1.1419562753253523	0.0014214771246371292
5.081757058969241	-3.7992994222415195	0.9961497835836743
31.06068699896438	-4.144121908957354	0.9337440278003925
21.633165529597484	-1.7059218364115925	0.01892836612195662
6.38369420341354	-1.1641902426412507	0.3044914742278202
26.38461365432825	-3.3132190350852326	0.719446894881814
13.57382664349497	4.323115499029212	5.204569910123988e-40
36.22302199256188	9.223623242247198	-6.763640994579936e-85
4.060481076696331	3.8985163751908622	-1.6506867872949205e-26
22.98335631167376	1.716078621995873	-1.1506704767959738e-25
8.990538949199792	-2.91358248111432	0.8808126003814456
13.65322128729462	7.745946841055936	2.8088708338089824e-65
24.85959521474892	1.0160155903350194	-9.03218677023625e-22
19.001333380579705	-4.2598162881473165	0.9794379778357405
32.24647154920913	4.205230584697965	5.548755409167296e-46
24.938143152211314	9.292148493679777	9.744186693813295e-85
19.00983500338481	1.2134196420764027	2.4746613219163685e-18
2.4283354484081596	-1.9752152775210234	0.9643307280704788
34.46523146985018	-3.187123852686744	0.47628303879104755
25.315796366570503	-0.7804044781367914	-1.9186661825700562e-10
25.80631178774399	8.816203579777842	-3.2598864009259e-81
32.82200654050878	8.927512321094735	-1.645800037456015e-82
24.922987085307067	9.952311793947084	0.0
20.48788679761812	4.276514451462576	-3.8716849972859987e-44
9.539028803649488	6.5673301903328625	1.4601400879311964e-52
39.26564420414806	1.751697202555647	8.656672597913556e-28
22.85738396101039	8.876092362428096	1.349507777902296e-80
8.158612066513726	9.889822283711753	0.0
19.520369821673228	-3.4528425355287844	0.8747887174054575
23.82426814375987	9.396576753064856	-5.490414157421952e-85
0.9263300777626811	-2.3930977243688094	0.9851155447830758
12.955349090299418	8.963814518473043	-5.133513887627358e-75
6.1265813589952485	-3.4448758830520365	0.981126550817766
21.932737938442347	-3.392259289812749	0.8349839767790459
15.392076490452228	-3.6508886933221305	0.9489887992325764
11.645753434634313	3.210716190474196	-8.737491273533164e-29
32.14773365004872	-4.17930992258081	0.9345495617061946
20.31797866545638	8.841907803197405	2.3937120451562715e-80
21.225183327729248	6.739589362789017	3.891830915818575e-64
14.75884188291532	-5.347248644304296	0.9990745652734419
10.913443252808124	-1.6349527080134312	0.26812230829446576
24.915260369306207	-1.6423259096358258	0.00393396182936178
4.2732911986185425	-4.734332488369642	0.9998261825404838
39.073920608125796	2.5915502079752404	-1.8604546707458093e-34
4.706870972069728	2.0643731113167476	-7.767102090619867e-14
33.67386714678223	1.018941688704821	-9.346725679393319e-22
25.222642869178078	5.704470420778842	3.679671147310702e-57
10.210704738529694	9.751252525802677	-1.1057814982802728e-77
33.92998282710744	-2.8425891085913904	0.2218017314916347
6.0843614058592586	1.4073792523188011	2.8372664971830345e-7
35.99902663048697	-1.589344898271328	3.6978070037973745e-6
29.499239523756255	8.859844813971462	7.730182738005892e-82
1.4613899880105052	-0.24894005959497356	0.27131865194319366
30.721495490499375	6.741117857660582	6.29294954245853e-66
24.682623672885352	3.6199555142501314	3.765628796255626e-41
21.095176404464432	9.019402643360163	6.574120574406682e-81
19.17419122164545	5.05915170679134	8.664398984672604e-50
27.593972735840758	-2.186360061848191	0.029938933402624615
12.271519867127202	2.5153105081799634	9.702656057493944e-25
39.55668800835154	4.333320068239024	1.404383633726805e-47
13.01893656704	2.4997800322843613	-4.043298488267719e-24
11.623778491442089	6.605994801414335	1.4554365595306592e-54
34.12591257525761	7.19023751043761	5.594666859761618e-69
20.631374828918005	4.62992250144762	1.2996827608197123e-47
36.7137091725127	8.392361530570174	3.046073058242253e-78
12.085250725486125	9.400091440906985	-3.3937949734848695e-76
27.581747488276957	-2.131163583059811	0.021604420694133483
15.408323487246344	5.513467170270943	-2.2976549212518536e-49
21.859276513283604	-1.1667856895796778	8.429289067046591e-5
6.154105261688489	1.8870943282419574	-7.735509306039564e-12
15.029627854035713	-2.5402185973104086	0.6066587630401654
36.653730667960474	-0.0274830918507476	1.3935655002409557e-18
24.23429197109717	-5.961077665027965	0.999365839701662
32.8527480742273	2.9518246206279777	4.558122104447551e-37
39.587026201690406	4.5072918747788595	2.1602464957965326e-48
27.112349990816927	8.144314843066788	2.378617117196605e-76
16.8425925371376	-4.438537183011096	0.9887473034593558
38.79324699694451	2.89232216502708	-8.95790810880425e-37
14.588135320508753	1.213212056586828	-4.840613996983696e-14
14.425103835636937	8.93694609227558	-1.0967011806218611e-74
14.34573636256707	2.183489183373224	-2.865459675289191e-22
5.816653073021942	4.1904290236547315	9.439956210635988e-31
34.98173700282468	9.085830628357122	-1.5462988160469647e-83
6.554034653412465	6.45263695111203	-7.963566185042248e-49
18.836711352778483	-1.1401069239317252	0.00011631582142892107
18.02226268136605	8.529276477443352	-7.565714569451801e-75
30.211655800275196	-4.957135526625766	0.9899998884930487
20.449708864182128	8.307710932264738	-4.954580418019236e-76
14.925531722666165	-2.7502769862520413	0.7228902170256102
13.034243083503247	-3.4732990018962955	0.9586571943899799
15.183514455793187	7.088681786194458	-1.377961894415629e-63
4.536642092845563	8.575657112805978	3.860738657138557e-63
34.842391562636195	1.961069609243042	4.833894643650688e-29
24.971043700927922	6.546160164593559	-4.1799518405078806e-64
19.89187942876456	3.0384441007542655	-7.484981265515048e-36
38.416466617455264	-5.943779707152876	0.9983196831653651
28.858755271852726	8.636184456101129	-3.49755196411321e-80
23.740169139928405	9.281398402433675	2.169830233265139e-84
8.664416210562974	6.220550209988149	8.384899700038378e-49
25.388430751656585	5.332069614468397	-1.0769133651522145e-54
1.0232143213622389	0.20575761978182605	0.0707825278635186
29.85396836692529	-5.058735816608275	0.9922471707202984
12.248122235002198	-1.0603003652518765	0.025648473632514702
36.89455603530901	4.810060286816837	1.0994775553666455e-50
15.112096925592821	7.1829698919747536	-1.8558743195208845e-62
39.106572387642125	-3.978553811352551	0.8521938262431065
39.23692352164906	-5.573851918139942	0.9959002990192534
33.98419664776291	0.7165834094327259	1.5357850857920993e-20
13.351345740890734	7.507884267537149	8.125683370235186e-63
2.029221818943376	-1.7361137453214397	0.9274797814937132
26.298592739419238	-5.706227862347964	0.9986225012322156
27.72393413315247	6.893791585626127	1.4239084796789298e-66
11.389619900918662	2.5297362646233648	-3.458053339299583e-23
7.901958862668315	0.2399774268627457	0.0005347248128854568
27.194505128401552	-0.522264545640942	3.058244103280532e-11
37.34355332614011	6.030026420148554	3.629805723042962e-60
29.39547867902057	8.023702753511163	-1.5072269995991338e-75
38.090115353823506	3.2571019005812403	2.7644237115692675e-39
14.023426626101706	-3.6180576250778156	0.9611006187137775
14.39334756375213	3.780515284698451	2.1155159165051108e-35
19.31113667843942	6.060547597560866	-2.8132107925954925e-57
30.174578798045946	8.58218834082939	1.1161644670769588e-79
9.452688768729633	-4.991571613535877	0.9988231254644041
30.699939094724847	7.333329630890871	-3.536725822578687e-71
9.731510317636705	3.0365716969005927	-2.0140649520797192e-26
34.139969870570184	-2.6157918604183727	0.08895601990340268
28.409307337820334	-3.166679301426022	0.5889658444062188
35.25465156344669	3.7030289898921325	-2.3996138779983182e-42
18.081657032127186	9.587940152733626	8.3406301356668e-83
15.532004303647701	-1.0368654432292121	0.002756905613539937
2.9202917505827672	0.308041534555203	0.29158364062293785
12.55657313109011	3.55761875069482	-3.8483751331741184e-32
13.633901303806388	-2.980179060608201	0.8655789102133364
32.02408491745609	0.7006402986289864	-1.1047870233377067e-20
21.126665102024827	7.169921953270528	2.8229483056902275e-67
14.893894196460892	1.6197053737678822	2.8937884225741514e-17
10.787608019346363	3.5270747948109324	-3.0712876718990057e-30
33.05220976496411	-3.3901056349063374	0.649893633119742
3.6069809151069543	6.0854160409837945	1.953841244439418e-42
14.978862047681018	-3.983057649574583	0.9778560591100709
33.29916416879775	-5.874681557010639	0.9985267863688662
11.51036614182341	9.227317402058858	4.931207474594799e-75
36.480442679900015	1.6120102918657118	1.728744762085684e-27
8.293575624100935	-0.3605930748603736	0.0029233858779009352
24.998329868898836	3.0988138412766393	-2.7855865054230258e-37
8.346655380766498	2.6548043654529483	1.180621999314681e-21
20.47868565342431	-2.118808853942758	0.1284306279490751
31.887338175912685	1.8172256627388794	7.112549779575172e-28
14.328518478039548	-5.259871478945936	0.9989913206799876
14.45496373691686	-3.9879743683518765	0.9808553424362296
34.01056277126295	-1.4625104536907827	2.316104400119068e-6
9.095263424956746	8.75175182936168	1.8310300126659743e-69
17.84477335431009	-3.4419189035025983	0.8852928884961265
29.06719185990831	4.046690104811775	6.331698650195522e-45
35.97676340628955	-0.5606380560344775	-6.768869885429744e-13
0.7511263544464701	6.64950149662168	-5.693620578192357e-47
17.71750988214391	2.866206725080131	1.7069956108871517e-31
22.642196961213294	-3.7124829416465843	0.9103317681052548
21.85907653218585	9.42642679831077	-2.248619308162595e-84
33.62515512476419	5.065259774557012	5.173523400031168e-53
17.169747707159082	4.4179849361705426	-1.2841956798050743e-42
22.631796516711255	8.308636245931808	-5.889805142059934e-77
18.67495695835658	-4.762696871574674	0.9936060285054881
32.987939132287494	-2.996209283298354	0.3602511861306576
7.965758738095106	-1.3860687002428929	0.19932237221381363
