28.436762152601933	3.4639303720645973	-3.484279610177902e-19
19.49307348044737	7.816442531373779	1.512467614907714e-40
22.275136495962926	-0.15045481442731656	1.778057939694504e-13
25.484825254148582	-3.2977051756077387	0.7211207000790132
18.379875707188827	9.094477951555186	-7.96146628925451e-50
38.72324724990063	4.792479418013114	4.069071370136119e-21
36.693490169719574	-3.558732427122706	0.6893282199784285
17.137735939514343	9.22945221240179	-4.544856023843232e-50
32.294948930553836	7.670184911939675	-2.8017943276055477e-42
23.989324788098976	-2.392569283609255	0.11718484698469418
33.87408569173764	5.4340564322747476	-2.8850836946350144e-25
36.116181586142766	6.019871930233739	-1.4445976984585944e-29
12.48133988550468	6.924650378615961	-2.780404728625399e-27
0.45379801222046356	-4.604812403614474	0.9999794836405866
20.041468969339732	-2.3616951767576513	0.21435331928339368
18.112978349877032	9.946540100561347	0.0
23.898147685203707	1.0102505224991738	-3.773939032715011e-18
10.032252051730351	3.961542786191645	4.071453139244175e-9
10.374106459923507	1.8518600992020886	1.551988305460332e-8
8.136986026018084	1.100777831025992	3.01722367663201e-6
5.640133761620814	8.873444565554008	4.7334290955795465e-36
23.446370252986988	-2.4781822543404477	0.18305763548552512
33.05908953179794	6.729362266291718	8.026661938357973e-36
9.733808416309554	3.8522833509752132	6.8788354479986146e-9
37.36592329462625	-1.8375849311068322	3.628415753948715e-6
10.021528965580481	5.687243770707369	-1.0865033979988729e-15
3.4401628636198573	-3.3794386059950288	0.9914533850591232
5.770662082188942	-1.1035975162150713	0.08871933032774833
35.11349485536514	-5.766859977427664	0.9978745675983117
14.090668872831792	1.8828615145079048	1.9885995315447523e-12
5.513475199639292	-0.622661441404647	0.008289696923461602
9.718899004998661	-1.0867209427982907	0.04181989722453117
30.728836966241847	2.5453051164924414	-7.680870343091959e-19
35.86997234395182	-5.902270406485753	0.9983763190223152
38.56465421037031	-4.303734469528999	0.9284419716796901
1.9687154270957459	-0.09163572998878067	0.9096654369375077
29.63372830181679	-3.5895862477899456	0.7967349222803308
8.714594366110505	6.27834661590928	-4.556344030484479e-19
37.87891871297694	-2.795095816855058	0.10641673681921564
13.12361740911825	3.691697619504934	-1.7448965534835043e-12
27.164585351646082	6.173745397826002	-8.708283320972779e-31
12.596256881260565	9.16409069953671	-9.833122478042671e-45
0.6556980309016014	5.109305710231878	-0.001171233254010736
9.763866096037207	0.6173513047852612	3.0909224167187363e-7
23.174201009100436	-0.5892511491056762	1.2131590963348697e-9
36.87462244686394	3.651239971017148	3.451243279317417e-20
14.098975313749262	-1.4105823895875087	0.023489553729458434
37.39824020776693	7.411780350184316	8.873822026309896e-41
22.612908830025685	-1.8876344949668162	0.007404386408705013
23.676402416627713	-2.3852283032284163	0.12038643668925038
6.850861293125456	3.4109207247800715	6.5688491165872534e-6
0.7908144502305574	-3.4758425810523974	0.9995774872847387
31.989414567053608	-1.5926420787845181	1.5029291707175474e-6
27.127317836565624	-5.837638160010316	0.9989174286442559
4.173493514889397	0.21953096743751033	0.0230818545221573
38.64062875464543	9.861122584672989	8.731409594877782e-59
20.461599170050984	8.296202386158203	8.62280704858046e-46
9.587153131287508	-2.5953219062308452	0.8156716869864934
34.945514965635205	-2.6008022449134014	0.05295570049274488
21.55400855852911	4.424391120754622	2.4447034248128952e-21
14.713722674957555	0.828875728688562	3.510172518572611e-12
16.253964610660933	3.5212478686531696	3.5236686329031527e-15
35.904758499955335	3.8462939656728032	2.365803772624565e-19
6.631158244191546	0.41058304938417045	8.54311561557446e-5
16.450238141607397	9.297828487071321	-2.1625216242873473e-49
9.91297862889922	-5.576742356430213	0.9997260147340905
3.248204493713056	3.1831947334584623	0.03795098915493024
3.154544018136678	8.375129634727664	2.7596400661333053e-30
18.050749113905937	8.04504088576131	-2.3766308372268204e-41
0.8812610247635629	-0.5537822831143231	0.7647674977862906
2.65293083211474	4.486042776855577	0.03187552233624976
38.592731152030225	3.0180214467458804	-8.600569896284711e-19
39.01307016607964	-0.22601735962420655	1.0230005858127228e-18
3.659212806989765	-0.8611851963183756	0.2788128047657223
32.13621957346525	1.7868468295441122	-3.197531979259509e-19
27.04183893955239	5.009907312938454	9.977631373856694e-22
11.276000467379117	-3.1303645882234683	0.8938870585725063
0.9539040095021456	5.201591739813958	5.318107644897389e-5
15.108442774444665	-3.99225506647263	0.9786033982355716
39.08636906038237	5.776122971568002	8.21348993863275e-28
19.653950166859932	1.1110436429206842	8.455445651912346e-18
27.487610933856324	3.5499951589772447	5.149822321749295e-19
22.808273766150887	-4.146913641437841	0.9629215537599998
13.481282115665255	-0.11811561065204046	1.8803475488149857e-9
35.14946578168004	7.3316256729904	1.7295363283988846e-40
35.69504365802349	8.452336208808191	-1.0260053496939432e-48
14.038981404662048	-4.006017361172409	0.9825718682400278
28.37151896951403	9.44545505394038	-1.414368722807544e-56
7.0507384227183625	-0.8679039221479865	0.05399142990473136
8.823929168236852	-4.928892602779454	0.9993573318218109
22.087057244012687	-1.7008767506747553	0.0022672303189634566
28.07460723897745	-2.105635485325287	0.005430886209401466
3.4075156236001183	8.784147428975073	-3.7818185814519786e-34
6.741796932639072	6.082252119069501	-1.0370798872764827e-15
4.453713104718322	9.92315972721271	0.0
18.294085188234067	3.4737364600685865	-8.462835529481915e-18
17.177868847005513	-3.1220208770661575	0.7962593151045044
35.6081338117273	-5.578407375392162	0.9966297657422256
21.83326654333662	3.43937637075069	1.57929064040731e-19
3.0079484346352117	-0.9147046544360649	0.6007869257914228
4.462788828511996	9.035814723751434	3.5200540141493365e-36
11.473296634098851	8.391068774722969	-5.058493200344701e-38
39.66845743097187	3.573924202269236	4.467476522536808e-19
26.72714224062661	-2.3088774755862005	0.043828030957996034
8.177184597276305	-5.577965769655968	0.9998973486386297
13.71906109199449	5.429885093111437	1.7887061452340786e-16
9.89494238778715	-0.24176057184341104	4.9736076322933656e-5
21.628128553925816	8.237496906314789	-1.6218545712452594e-48
25.450754607714632	-1.7926620074001942	0.00044895160090308066
38.72224055237786	4.428355644114189	-9.577034767525876e-22
27.252379011270804	9.25799523865399	6.930312954824481e-55
22.717141370854424	6.94870321624702	-5.134943511677871e-37
21.83668676408766	6.809755914991461	-1.0874208961083432e-35
15.429115609231694	-2.258381459324509	0.3452428823738703
29.361384843618037	-4.252802902811169	0.9523681569035931
14.367546921143118	2.2560058591184013	1.0146996570754932e-12
17.33412266762815	0.9379113781921173	9.372624990811614e-15
33.955378464954734	4.727690680681336	-3.925333571831891e-20
7.535864211225317	-4.223437919941221	0.9977652541637407
4.542668104072409	-1.08136682729004	0.16498536193755053
31.079373888262158	-2.5822312501755285	0.09114139534985934
4.68684057180616	1.93062882135672	0.0007005374553434232
24.76605907291899	2.3874882865427463	1.4489391002243282e-18
37.42659026193464	4.838348440989115	7.268616644101852e-21
6.784851040803001	-4.401593180045541	0.9980420745361023
4.302333269599298	3.981795797889559	0.0010155522722457729
12.547990652769268	-5.808618403657983	0.9997393236628973
31.88529195944341	9.125882600944404	1.5718655311633905e-53
15.144091520775955	-1.9977507024267336	0.18978354377299161
29.418607164208584	-3.0729717548598945	0.4862502925669048
37.57212364072028	5.17068983467416	4.490647597067851e-23
9.088025172257717	8.242653495942928	7.071394925812647e-36
26.56005067765184	6.946315700333285	-5.2531065914054366e-37
39.22899004534251	-2.0352619235217038	7.126450634214708e-6
33.52051024859936	-2.99861104326615	0.33124754895228026
12.493048604897535	8.823034336737432	5.298798921171147e-42
15.063600111800447	7.162039892777836	-1.851219640829792e-32
37.500181531477814	7.186899832549656	-1.2457668302585207e-38
12.322586146675082	5.687907167903713	-5.3194743001053385e-18
32.887591796634666	1.6124776984741942	-2.4244454619691884e-18
34.73551047945201	8.99406699103905	-1.9822316512095646e-52
1.789009985809804	-5.134622076905263	0.9999983653164027
19.044297231896422	-1.543671486028103	0.0018860222376455812
19.681974163885112	0.38509222250343633	5.944966318383134e-17
9.762535323884466	2.987287737645037	3.423219068553731e-8
27.252902631840605	-4.711576521880518	0.9855035007294426
13.51898792140792	4.096640201184099	8.968782075099551e-13
26.33761815923031	-1.5258139243323825	2.8945298415284472e-5
5.624926250704888	7.343815662287131	1.104166244811748e-24
10.991356603463313	-4.1793647265424525	0.9902731936533378
6.582411259260198	-4.68248014550603	0.9988855635120553
37.45215503998419	9.733386924092292	2.0701656031633077e-58
35.31372327972591	-1.5675827836255447	6.669045693130517e-8
3.5837753094408833	6.000080228976792	-3.45758003043068e-12
24.167556654293364	-0.8509940048736588	3.551974622736826e-8
9.08689925852747	9.683904700732592	-2.380153051553796e-46
1.7638400664794889	5.975733107928447	-4.0961088298284383e-10
0.6758152567083511	2.856417387636803	0.09816927899606599
17.59033687847673	-1.2174955055332237	0.00034170442969852407
36.311655325695426	6.932714657535072	-1.1655215623975694e-36
33.299118280645565	7.695274083156066	-5.933750074289761e-43
15.70290107624665	-1.9589478705153098	0.13694326954615463
26.077678148819498	-4.07008984536869	0.9431379265874977
12.897980673431888	9.324034563138156	2.2315700510017626e-46
36.43460988753085	8.728877109291934	-2.553746082945723e-50
0.8392566771879137	6.246135609411494	-2.622164349812938e-13
8.608479922287987	-2.466788255259315	0.8616578865325576
5.987791820991881	8.047030735691779	6.327776834627142e-31
29.25575121282469	-1.5745710284063108	9.561850140757268e-6
1.6590773757286719	-2.62893799336287	0.9992182556488383
34.14382327104903	4.040926780644794	3.910150828216194e-20
29.951118844282213	6.654427256810891	8.333914436811757e-36
20.06061499632147	4.51193785897312	1.9956018599016102e-18
8.439331022264618	6.122551282707743	6.374665711194723e-20
5.353624831116477	1.395322796849154	0.0002631110589755506
13.649913892762552	7.056148024300567	-1.3888121302871743e-29
7.703689239093211	3.297417824299007	1.6423978416975232e-6
5.277408823261973	-1.0678492671954594	0.08990559579059869
24.025763094715828	1.8133613501644419	-1.2450019089432726e-18
14.695193470573717	5.85722927072543	-1.2787548555408856e-22
26.5794574955365	0.7563029818385285	2.378995804754208e-18
17.554787691677365	4.539535843606075	3.5461428194121844e-16
23.42819834632502	5.772410871597177	1.2794154971173772e-27
22.977177615986314	-1.1247487637654618	7.445405159411011e-6
33.97346300390307	7.768090519852727	-1.3739764656090184e-43
15.355392438379145	0.5519292044090225	2.3681372470904137e-12
22.835838534236824	7.794931041492383	-4.903062591489645e-43
38.92484435363199	1.9246357547353732	1.6430116332243995e-18
35.02332858104458	5.583821609828142	-1.293722969555226e-26
18.246201010704794	-2.799680213451147	0.5922857494086016
23.14430595654207	0.8187221310651012	2.0585622383318177e-18
4.342296507641832	0.6171966991785975	0.009649311472171853
0.7543156320640898	8.907908440819343	-2.221903718399049e-34
22.092295319123004	7.575385633244531	3.43675593424529e-42
20.75680307136469	9.728528683510604	-1.2028578388714295e-56
5.015973139750876	-0.5221876960391558	0.004665385503043114
8.999782255774415	-2.1393133786518757	0.6902821072406781
38.82201111747183	3.2681701048270675	9.061238885795042e-19
16.247018062688312	-0.6292398138298303	1.00287979290541e-5
6.564263794770283	-1.6121180400906159	0.3936737154727842
