33.06618824110887	3.3178746571759543	-6.691693707617479e-42
19.376977149116144	7.08673592078522	-6.828344293548669e-66
4.933991280537194	-3.289557881591257	0.991698169235185
13.207416394698772	8.457875140126788	-1.4632529392328495e-71
2.0950559838697376	1.7320872590622614	-6.486346918519436e-10
13.301248968657283	8.199832325050853	1.0697368477440804e-68
8.077518311581631	-2.331919804572401	0.7488453599906258
15.174949109493895	6.324012868359331	4.584179375112809e-56
38.92064685244689	-2.372548239149925	0.03990765048680318
32.74368074135822	6.665328206934877	7.972536496829892e-68
14.235937242893577	-4.18673164850334	0.9861078881625879
13.020223769097342	1.342467954920581	-1.8433675852139703e-16
21.359886060853544	-4.683153555893108	0.9918999026721753
9.076146940298726	-3.0171455863363903	0.9010693028969168
17.196909381303378	-0.6508133875873838	-9.861830799709162e-8
10.65797063670749	6.408836252676561	1.7983131358514294e-52
20.692044843529445	3.084426187271024	4.009002804171341e-36
25.70027148297964	-0.7619131524327809	7.540587721367165e-10
25.57143154359392	0.5442845428345997	7.870901449692203e-21
5.6844022166768235	9.410980611183364	7.403583907746373e-71
3.453495210374674	2.2851147589450544	-7.936269600369256e-17
24.79136887888893	3.7692764944750774	9.884364013725017e-45
21.56421556934464	9.237835465793095	-1.6373757611959742e-86
23.058268933632142	7.545123802256786	-5.214421251352495e-73
4.87015523264724	8.529173299422665	-7.743491035971886e-64
16.676515089503006	8.97398420864733	-2.239414181738379e-78
35.9284446611163	-2.2037302400354033	0.025783806637607112
4.994366481748516	2.775868269481297	-2.204214656656176e-19
25.769677804245703	2.3907052146829066	1.904608411281057e-35
10.999892262041243	8.451083960726	2.638648746125985e-69
39.08948907628109	4.3752959531123	-2.6670119015566804e-50
36.9293670936587	-2.5679176368164995	0.10213320760386714
26.89396275691507	-3.953531626088779	0.9284129671436173
16.336206714824787	5.595053654301388	3.833724196714109e-53
17.740088415596674	-2.5514902156154733	0.6125370485987329
1.3420675553966648	-1.6425238175299341	0.9085914926017893
30.622626895816733	8.749109144181599	-9.82422924830701e-84
22.828941254716877	9.333300904314594	8.653864370888317e-87
14.234292374388506	-2.478730894614719	0.6526955229201343
37.8806770775532	-4.45191397182858	0.9501537160511127
26.87460531368549	1.9205303609691526	-7.597623780071892e-32
24.286521503101696	3.0368445885938424	1.0752492452182488e-39
26.274251715014618	-5.492592609781042	0.9979367156874478
27.82298156470907	5.933329122852131	4.480461410775909e-62
13.103032915323285	0.2625859385569953	6.221336100909366e-13
27.421733049731326	1.5523461240227636	-4.96669780463479e-28
29.492051830065	0.7733260908097694	-1.479379443482786e-24
20.614462677240013	4.391270747631047	-2.8184612464359363e-48
30.62677108725067	8.225670411358688	1.0638845375190931e-79
3.441226520203577	-3.770025731672492	0.9990054754462231
31.72357866346679	2.9546664337302992	-1.5308773221393097e-39
26.47972771372827	-4.4147774857495214	0.9752824039081516
37.974962366863274	-5.151665333344528	0.9897381007543935
10.554578660296238	6.151515488324282	-1.5096492068135247e-50
26.29886572282215	0.11610709101858241	3.9187111383689205e-18
25.582911391265995	-3.819697238327267	0.9151441781822964
8.786172809561565	-2.311728893520975	0.7039968131536385
12.625957413160165	3.418219172602118	-3.073444665130598e-32
20.937763557486043	-0.3098647356980866	-1.2566923486497122e-12
27.76452078812802	0.21398489157643397	1.1122809986022803e-19
2.487200657791292	6.156957190193179	4.014821774356194e-43
23.080304372486413	-3.23266703430674	0.7827336333922128
24.896643541187096	3.8521829030464705	4.967202860495268e-46
1.8415472458261324	9.882666890770036	0.0
18.976362684466988	4.022555237120818	-1.6937893731477056e-43
11.60407905685773	0.0169721461921597	1.895156070670066e-11
32.17793367247482	4.5035764087604395	-7.212527125439823e-51
6.862779175523303	8.34036762759071	5.243735490720008e-64
20.567032171261154	0.8251953585958987	4.105276041854581e-23
39.30327085899575	7.613405088947106	6.471541794138922e-75
26.51685235520299	-0.867082707726146	3.878307095262639e-9
24.204515510347555	7.87149677229983	-3.579116423102409e-76
26.19430012985429	9.883883201415536	0.0
22.517537549388184	6.423607724734941	-8.83855602571116e-64
26.694605650710713	8.646387966503156	5.645967727584805e-83
23.756210096840405	1.2147899162199316	1.3719690170864794e-24
32.1134528268519	2.3318035683221616	8.502775435887268e-35
29.39700285619315	-2.610457635958788	0.22481191828758168
17.058723838207584	8.669793678138815	-1.6658060043734224e-76
18.744467795403132	-0.5434159715475442	4.828451633217911e-8
4.027029472001081	9.455687628898405	1.0413161282443583e-70
32.15392733772198	0.393376349900052	4.213308551506588e-21
30.19013173626334	7.977412138754909	-1.2595945946979501e-77
39.41550622077901	4.667047512937872	-2.0848726780825495e-52
12.708501813428354	4.162166048296367	1.0174193522104376e-37
37.162676791133435	4.220699898209677	-7.065983352802533e-49
30.21195302065639	-2.0741017323275575	0.0243373999136298
4.648504300477757	-3.8759352817673616	0.9982542810691973
16.15503511772817	-2.221444562703029	0.4722792866990401
2.4585702241804115	-1.377952605204431	0.8227685211117011
1.5460748403302205	5.364035847906168	1.4289923381394984e-37
5.291122458707317	4.750054198756155	-1.2926111544463792e-37
19.815534295386986	-3.7656378190445725	0.9461353140981776
2.8583837877973566	5.939381553587754	1.101401835045778e-42
25.458656147591306	-0.8164121491359797	1.1546951573609997e-8
7.61887123814529	1.800861306799181	2.487053673912386e-14
24.90518979498742	8.57956861763454	1.5009350618523407e-81
30.20560124841303	4.951517494855748	-1.856287950246265e-54
28.61019363189033	7.696225331317141	-6.137686097705116e-76
35.68915658359661	-5.4124025438684455	0.9950110882788967
35.22555342509988	5.236804387042158	-4.8360950972537996e-57
24.50400945950599	-5.304254465376985	0.9973182612704247
19.76184906127586	7.97262031469158	3.030942118901876e-73
36.671246778141736	3.7547760765078593	-2.3348408457074577e-45
27.520256263034458	-5.107150272160309	0.9943996948237475
21.641573220310324	7.568854539693961	4.2896096216068145e-72
22.32473824088618	2.1459674761434933	-4.450140022361953e-31
27.253341751931778	4.684550676390733	-8.993842642594265e-53
5.957543172111321	-4.488156434650916	0.9987996243049401
5.0933156512880595	6.920038517035788	3.1345746457759335e-51
32.73042845052591	-0.012954951352515565	-8.907249242185298e-18
0.995397438918538	4.2746406283475125	-8.863825868681311e-28
9.260424456037205	-0.453330757675781	2.760817160712749e-5
23.949676004254695	5.675972734984139	7.822837782406728e-59
17.50047586970652	-3.067744892548964	0.8274525012874275
4.985801118821678	8.563824234593534	7.421549547789645e-64
26.32843502608516	7.497831597121047	-4.866893375736989e-74
21.21946082141565	1.6248008655881367	-3.4508918673696384e-25
5.877207588526205	2.843905382642914	-2.3383098038295334e-21
30.659482500738758	7.44337165926887	8.927913278744295e-74
16.135418761577732	-5.343950708025503	0.9988821609563807
15.67575784029557	0.08725148027588858	3.2049993223070175e-14
9.849376537130494	3.5969135532956162	3.22061327560473e-30
1.8107268770621674	0.5564407043102992	0.0023329461113420894
13.712866261166877	-3.3369301672036435	0.9175856857166955
21.275843302372675	2.624275581522893	-1.9223868268762422e-33
20.95596299232011	-0.06470547962460849	-1.2849472598934985e-15
11.837640575339465	-1.7788417052134164	0.29060829605785987
37.83354386777831	8.003621218093564	-5.270292850182508e-80
15.292907358371142	6.636733288105209	1.5084474164742157e-59
34.168146156177606	9.323030583516706	-8.072679468361704e-88
29.237465439527256	-4.293265124785465	0.9588373580615124
26.65023331938894	1.0324699106035258	1.4270140193230633e-24
2.9012454253742215	9.58420503609318	-2.8392298382371332e-70
26.01347611438275	1.7032387583110165	6.238610808252758e-30
17.243970293166825	8.477489814461139	-5.264163035993496e-75
1.6486455443903378	3.450980726327545	-5.482451683545401e-22
24.523181475890745	-1.320313452455114	6.004319296903721e-5
13.065866092446225	-0.5441467564821512	-1.651508575515768e-6
16.12602055677055	-5.130733541165172	0.9981771930392044
6.034282320711499	0.9783679813268353	-4.479115953620138e-9
24.927786326433694	-1.6629574953142292	0.005978057312908609
27.079313365077393	-5.558493662332436	0.9980905695648702
13.992197083069993	1.3720534541393494	6.013385345974772e-18
3.758698440666439	0.5258769890526764	-8.052429472425782e-5
9.73094572559868	-2.6843668819625073	0.80562367422272
30.601643775772878	6.196053973945597	-4.043635655435831e-65
20.303953898742115	-5.912943473404814	0.9995668079741533
4.262729879991328	4.506744321202111	-5.180394731233447e-32
22.436963001883115	2.157194507448521	-9.361075142504922e-31
33.442236201125255	5.923297493706563	4.498013975127069e-62
37.36313145227719	1.0098760013404942	9.110302852140797e-25
6.872897424839166	1.4283492426893982	-1.0889109152009038e-11
23.272273990366976	4.226157455646389	-6.171859763562711e-48
0.5712860964510166	-2.3356310548383092	0.9933829456732011
4.98028287061044	9.29036310284033	1.9937106299449492e-69
13.356513469955745	-0.362478626735804	4.421368820252318e-9
8.976147428826676	7.36235080813573	1.2368098913834263e-58
31.962405281175194	-3.9080605988307457	0.8835768041394108
2.4332700309841724	9.962311197945558	0.0
24.038456197229436	-2.748156360824069	0.49469016857931863
2.2374322998017364	-4.090763713395221	0.999526909482423
10.250547904136802	-1.4235902049476952	0.12585744431265122
33.12961922111971	6.0865852029951935	4.7027424603003156e-63
37.42538605499564	4.79307802086233	-3.424196615028368e-53
24.672329532669977	8.085478833466683	9.296083441061514e-78
6.424699495062758	0.08429027899194885	-8.368681497495774e-6
13.70568058201742	-0.8531967943099446	0.00016316400321364152
34.987641302044665	7.712462341728264	4.4581357142467924e-76
31.083208350146776	3.308882360823146	-9.970975784074017e-42
25.803223822116482	0.7198535547466101	2.813567327202719e-22
6.515570979311754	9.86926037281378	0.0
2.058266240471598	-1.7824679502769243	0.9178814256324356
32.34239017953423	1.0609754313367556	2.8583944418833e-25
15.085161778726341	-0.26983144327872566	-8.488001108616275e-11
35.041334493427584	4.064936354340226	-9.703380156268447e-48
34.28780972254287	2.6765535633044273	-5.358367749711928e-37
37.59822076938833	-2.87773898297087	0.23264223395266337
15.07001054733499	-1.2898020429282617	0.02053766375331256
3.1596763754581123	-5.2184429806323	0.9999659270317884
9.425818277825057	9.433400002180747	6.939924201184976e-75
38.01362827535368	2.5548236116458583	-3.4653619251043296e-36
34.140876688853766	-1.7676881179112556	0.0007877274979852925
23.62131691752589	9.238439874152819	-5.6860810728599074e-86
33.98799632716587	8.967774754579041	-3.4692560564007684e-86
34.04578248964953	0.5053664349569278	3.825390462259449e-22
22.824769338399815	-1.0869075931359138	-8.313740444046693e-6
12.19810848623024	9.928992657416636	0.0
13.110204079359102	-3.1194512387426983	0.8796064463146729
32.53295228293824	-5.137425463003279	0.9922895324929837
32.47760343196287	3.568709822563937	-6.087289081519511e-44
2.292917569993314	5.177572055425493	-1.2068295113575051e-35
9.22221428349954	-1.1531243377806373	0.04924124087655809
19.614836617310907	-0.7682561825770797	-5.621294391563388e-7
5.965240576991293	9.881940020340334	0.0
38.25047636633981	8.143152258894155	-4.31801897336949e-79
39.43258795054932	0.8844559336352091	2.753494165582866e-26
34.73271062546512	-3.294482872175484	0.5679688507405273
28.530225467998868	2.392479941650693	-1.2482691920235117e-34
1.9772257637662005	8.090442764647614	-1.793843191416162e-57
