29.74769149971209	-5.3057951238775125	0.9956452739532612
33.73855159539973	3.480520989981178	2.1637569626626577e-7
35.158213501952474	3.125228029242905	1.0107667028938827e-7
27.81043439557169	4.770970481485465	1.2138287010970733e-5
11.89381107824105	-2.4769696558999517	0.6908820824423949
26.468756460095456	5.008714727517621	2.602244650087235e-5
20.844888811597748	7.977956152784909	0.0008544327774995087
32.75265561059866	-0.6215820795997367	9.88433928804436e-7
9.006095086481267	-2.1004339274889077	0.627875080804378
35.77126840567854	4.843189588267423	7.111009195726912e-8
27.29035567272804	0.28507097425211825	2.044556793440791e-5
34.339439734486305	-5.194620166850466	0.9925038064017985
26.068610814732423	1.624547014471304	3.133843563206151e-5
17.54634429958747	-3.9407459713749127	0.9658881730899056
19.09815275584358	4.227809628066343	0.0025893424389189968
24.124141130559412	-2.4187670388558757	0.23601747764600056
8.070422188198703	-4.083207225514064	0.9938129866791866
12.045576867862382	0.5955915900595841	0.08857403021044154
26.501390110860907	-1.1244884993205329	0.00020126652890815826
16.899185102647756	-5.52240268879339	0.9991762496817733
12.60158667687247	8.894763602092258	0.047293632229033045
1.4389847935128102	6.61019202396645	0.5017134169722747
28.939331172960433	9.295668327067578	5.6817872943215695e-6
9.084430596878967	-5.3492894188808044	0.9994625034092036
39.37064306629674	5.437971876930019	6.7828481955802944e-9
23.33325551156124	-2.4622876635631066	0.2827973997018902
28.309334056645973	4.199434333893429	8.759726760661968e-6
34.95606394396112	2.4443352341928737	1.1304261891019625e-7
27.18446928734428	4.537819924387332	1.7760097129541432e-5
2.3614641998984798	0.6767230824106623	0.5177207871883616
8.269189911682616	-2.2961406517208776	0.7766060468812515
35.87549331679992	3.013030181209814	6.685175548484051e-8
23.494458590794704	0.5447629211423859	9.790563302651423e-5
33.68487232226456	-3.5337417102494957	0.7250028884437913
2.6810609372679854	2.1116734414987572	0.5157185119603702
20.97714082809755	9.846823365208689	0.0007698815573076512
31.43295878865834	7.083365501039479	8.981788571360181e-7
8.7042753828652	3.1860627006730518	0.2600838245188658
3.4767714972413146	0.8985148039406887	0.5742659139892753
0.9317146777124059	8.11084002844773	0.4844256560794671
8.156945094203339	1.9622515722011507	0.30870225579954136
35.01879508150234	9.982893644922775	1.0920569664123765e-7
34.15202721552936	5.880905924981825	1.7393164000173458e-7
28.38958059493505	8.502433397656254	8.299409290168477e-6
5.773221232875525	-1.847239981931656	0.9548464618504003
14.738754286934629	-3.148690388730376	0.8953344339987099
17.749213701130987	4.59019120851252	0.004602274145554146
2.47069877209832	-2.5518238308808847	0.9509122529267143
19.07379676652888	-0.8473311701660915	0.006649345661994057
10.195753098788192	7.119654136270187	0.20211785910863858
22.293186898098767	8.625430194376957	0.00023711257842902182
18.574566241052732	-4.804460891696337	0.9944498840896271
10.073997616409176	-3.9507384253322506	0.9835951882157934
3.1325201436338888	8.759846203740953	0.539658431061103
31.507150439430603	5.737506613459768	8.512060638919754e-7
9.20300965468976	8.171006343856266	0.23306537165216
20.993118228226407	-5.6906841772566565	0.9991210853183446
26.932926889754505	3.4455461798742135	2.045998072921231e-5
37.93270867349619	-2.0482682874239106	0.001574386547252804
25.400109065187344	7.132628342583958	4.071003656201683e-5
23.10493349354062	9.090475283161354	0.00011577732755579499
8.090413445155349	-2.0896170194749253	0.7393442417527434
38.13234557351059	5.950683479991724	1.5606563632248955e-8
14.769966010039596	0.7258630135411792	0.008990420958728741
35.71413705245004	7.0245244964877	7.354025435304647e-8
36.188953352709696	-0.4305749023347918	1.2762989150422547e-7
19.433169002330324	3.4402021052449445	0.0021634432489114437
19.77796273584714	-3.288819610812828	0.8279466302837821
0.44618257519201887	-5.684893148509959	0.9999976683178774
26.55661333163336	-0.291626932159641	4.0984964875086505e-5
22.207952691434837	9.522477875041853	0.00025698939476075317
23.1599796638048	-1.3635733470970397	0.0021596346148540575
2.948169936737695	-1.211355012312394	0.7290050675426337
34.324609005926234	1.4965491302145875	1.594470844755133e-7
0.35287931468090106	-2.0555930349631453	0.9934897531212219
20.704475997283563	6.847945528335844	0.000951103931513542
31.70171204061013	-4.9711612349935255	0.9893934049634007
17.198373583627085	5.509496013695628	0.005335985367325064
29.156956194531357	0.9320333001300529	5.0950093199695935e-6
14.191477019920404	-0.8782839941958152	0.02630134900318364
2.7129357407383794	-3.465527778444173	0.9920565789756898
1.1237955780266162	4.074238662419351	0.49597219918585084
19.632368627584466	-0.47996251151307945	0.0033089765872646587
5.758708457110546	-5.0678110580205065	0.9999168368045896
30.849086823165013	-5.796411399003299	0.998488913907607
17.51267629179901	-3.678991999715965	0.9397906686067229
4.311522758344816	-2.2010244539740924	0.949172039491512
17.304751400850595	-1.4494219690269148	0.0694115640859684
29.722219426797768	2.3174924821474203	3.2326155508130526e-6
17.856637291386008	-3.6537245498323028	0.9330285112716203
1.6486340733481806	-4.48909368526761	0.9995561679477062
9.237303566085721	7.859892832729024	0.2316422468926915
22.912662773422962	3.1385962479640863	0.00013533862846883712
19.535172778799918	4.467456484691153	0.0020428139240924554
3.434124158150456	1.584655200332742	0.5643322330719571
26.244571039356334	3.687523058409729	2.893349464884689e-5
16.660779878864954	0.253702961322249	0.006891097304656485
5.330678314370182	-4.046088337958043	0.9991859342591248
32.59599052275736	5.568320050862059	4.1125512507395714e-7
11.570152499127214	9.692150212446935	0.1239300928253676
8.55558588804059	-2.4581310078047096	0.7947825196496144
33.128622079653745	1.5586202745856692	3.022431992446593e-7
4.432739375116098	8.741317875047855	0.6929505787072605
37.0981803446551	8.601607838506215	3.109549584926943e-8
8.755331878295488	0.340814706150141	0.27115529077418105
11.250024433931802	9.923949207603005	0.14926682594108984
32.197458055168255	-4.769896276525596	0.9826707117474415
12.181153418465225	7.724689117256419	0.07412001691901736
20.460213008927994	8.871940907034933	0.0011364123753529961
36.49411819685473	1.3841154932680677	4.619940684969249e-8
29.088948538742628	-2.436192184734063	0.12676650006552243
32.49967725702414	2.3312997973446947	4.3631801420485606e-7
10.934548647361458	7.9316719796723145	0.17054753750093646
38.20439379972507	3.045334954863291	1.4865095242236881e-8
30.612512762788846	7.484008040611744	1.6577714216071202e-6
15.918099583681622	3.558545525648846	0.006613223335664968
27.779535646483545	-1.8222078592177908	0.013542015963048454
10.116098970122287	5.143451434412508	0.20446080766258748
37.090955069183494	6.363608899300894	3.1242480372818233e-8
1.0745842385669049	7.367818182156302	0.493768921795907
13.430453364942293	9.935010944155332	0.018857849105880765
26.346339078204885	4.113416727474572	2.7596722192997344e-5
25.036075973890057	-3.508543542977325	0.8337668830725142
33.561403651197345	2.3147320512457235	2.3784906870149925e-7
14.843596785686401	3.277037603777382	0.008335475533671127
34.200568155641406	-2.0830567533851845	0.007282954457853566
25.517024350505896	8.321732676977758	3.901924079278646e-5
20.985589178667194	4.509297313479957	0.0007646929907512198
39.62106651154945	5.721829055214215	5.743290972405687e-9
7.4835857647784385	4.809981365901365	0.4092874299567015
39.64944150869149	4.497000483325751	5.635494967343927e-9
9.660071663155692	-4.807966318009495	0.9978307648003822
16.04235568741948	-2.4554655536377226	0.5816144504858018
39.48858300148452	-5.228399577638918	0.990831343632222
10.257718413932709	-0.9502755845597033	0.2707566939094795
38.85331932826196	0.5597484826854053	1.1398259237051584e-8
37.20279614183202	9.053120677054773	2.9037121071381924e-8
4.137869020870392	5.62536616400099	0.6486138163280442
37.76105506447324	2.2712144683184032	2.0039997815597713e-8
38.5357550112607	-2.9357747941224623	0.20938892721437352
29.62137152138694	9.850638120637282	3.4812781166879697e-6
32.908389032999715	5.9004361621292745	3.416976842986672e-7
36.52738710511349	6.6773088304937716	4.4844508438181e-8
1.2504837234351185	-5.05056312652113	0.9999231793934987
21.040837687189725	1.734160353585855	0.000731706937813507
28.44171360614244	-2.5777911545076666	0.21098056213590027
27.690340852262604	2.942277275602187	1.309464232841849e-5
16.649725838313604	-3.2125799160517143	0.8644746755181442
10.372163312517305	-5.916198858469475	0.9998121468080632
16.793938100674833	6.928173074949401	0.005770957842281339
16.47865777933169	9.077778946660613	0.006069890760468945
8.187982672876284	-4.378241339706889	0.996617115058583
39.25294138856895	-5.322006044981288	0.9926886417055929
13.31533479453188	8.16777916566028	0.021185279535678468
14.37062798950182	-5.558378892101935	0.9995533661076934
15.461349593431912	-3.6793951120882795	0.9602640593753217
22.561666601229994	-3.256377366513025	0.7789880834667295
19.54020359187208	4.108976831104801	0.002036973255348558
15.684233172004113	-1.1004092677633963	0.030395431152768233
15.121630497709699	-4.135561356902572	0.9866461967619247
14.359870555366992	-3.028587039240369	0.8751899365977219
3.238329014283299	4.770706002573679	0.5474148069951061
17.038362670389642	2.1004970171733444	0.005517750838374631
13.606148861964902	0.04487714611597049	0.01959239496024204
38.37725082879174	8.820647912048218	1.3225357467250642e-8
39.047722825240434	-2.1254433193098574	0.0020060861902541104
1.040959537089727	5.6749500965802255	0.49198509445191724
35.915312415685	2.811551181809026	6.52829467889657e-8
21.100261923821847	-1.4531581652662187	0.015186414287700217
11.569862683559466	6.616937376975249	0.12395411329131159
22.950727156238834	-4.890409563390113	0.9935770339240265
39.684700269197236	8.079070330984617	5.504042415906194e-9
35.837966307607616	8.783413894914853	6.83593859507374e-8
33.24032954700721	4.494577667474225	2.832207241447082e-7
9.46669866538757	0.2271347866145792	0.2390028282869498
15.740647329089878	5.051686471456149	0.006815399127496635
23.248794871119447	-0.47306092469453276	0.0001895722501952686
37.25623763849824	9.448338927084208	2.80346933590727e-8
35.76469171572934	0.20862269191126437	9.802980731901775e-8
10.273208558202981	7.355033610553907	0.1997153025389923
33.93441038726008	9.26146402800104	1.9507718910594322e-7
37.48297835181246	-2.1311451040598577	0.0039459628411820935
9.765583152797	-3.84223237306624	0.9800690815641151
3.483192227147302	2.042273521439105	0.5687532550148078
38.14072781542491	6.723323239491787	1.5518456608422744e-8
23.555642948197775	0.25964977513717713	0.00010265224483842513
19.540547070783592	-4.465430255902376	0.9868078742226001
21.124347525766343	-2.0338329199853504	0.13911107397710856
3.7673066494071703	1.9445778703120293	0.5995304702257753
27.646886500539694	5.680814316839454	1.3454953280559608e-5
8.908915214463914	-3.073932083439363	0.9183123229864852
1.4939391828123867	3.0617099442404374	0.5018121827041115
27.92147298059584	2.9734421387601895	1.1305242607108278e-5
32.5826635076353	9.580455001910583	4.146093874749892e-7
35.07662256524878	4.825128226213943	1.0576850422868279e-7
1.2137179402351204	2.7544832761854323	0.4988947049874757
11.9242441800997	8.141850699488273	0.09431352806270006
32.957462821420656	-1.0873074555381077	3.698846503453063e-6
29.3323785642459	0.4753811004193622	4.981760666250732e-6
36.46944468841944	5.344121888582896	4.650498874639461e-8
