7.6458741101968855	1.8634743135355745	0.4431558016093059
15.975284088891717	-5.895871304450168	0.9998095087910649
38.28202852763374	5.8013832944417985	0.011285729379914912
33.851766754935184	3.592297117174267	0.023412267459892947
13.305006407017368	-1.4751100500049787	0.44370317703784395
8.027711599572992	-3.503987289472848	0.9681298238858627
17.37492563726689	8.139466533811259	0.3597314412257553
10.885044462288972	-1.0072554821613267	0.6262092827351351
36.804219242555504	-3.2493980937304094	0.5175393843837538
30.469119242732102	-0.6852810986957927	0.07141303152710905
3.2828015424637083	0.5180529389606967	0.9451792474492408
9.018106047702027	4.916924069608646	0.7768655993250109
14.87475342792107	2.395809407715417	0.4745144975461575
27.166719370817876	-5.9082559849007765	0.9991211821898653
7.964954167973123	7.515361210657423	0.4976964440474991
3.1676416209609646	8.9608147427855	0.9458100459561104
7.107017490589281	-4.67334506741102	0.996338678923089
10.387362809727502	-4.276481510286706	0.9966410325245252
15.695708238242753	-2.1374958945782385	0.7351124925429953
13.055049010630963	5.122869645684494	0.3404957689304799
12.554193682357372	-5.511821583189427	0.9991654803811725
7.089660723912012	-5.648487889881226	0.9996082707757509
38.74682826053537	-1.4961225071054098	0.01931271747885979
7.30311542483563	-1.5441129664042421	0.5231606786436155
7.741478677767416	-0.5252455301071368	0.47775994027748464
19.623229647957324	4.23598585540689	0.22184194297579127
21.63028275367588	4.427074672091077	0.22211623515467818
11.594674734162382	-3.965211187296415	0.97968738297661
28.28434437523985	5.791638108824454	0.07539979731326531
37.53373675922417	-5.237270477671212	0.9918562914031142
0.3202831039949617	1.622971365962238	0.30065840905355634
31.36038292852641	8.37699870606528	0.04918900707752876
3.9324760628334827	-0.9061252199148022	0.920347910509791
34.492389802705254	-1.0896219800932148	0.031437405665805246
9.752362451714351	-4.159790645131617	0.998040883698452
17.051659844519346	-0.6660819238606219	0.4185984842500759
23.757374537144308	4.075848550688045	0.18221327039596577
2.4428685128919163	-4.473728725332414	0.9994728509401887
4.958985217192268	-3.8636650478664727	0.9888988632363147
12.278441046954033	7.512375835644292	0.36068926988820205
37.56733613231886	0.732222131587287	0.014299889607020859
10.799190369315172	7.27343188998198	0.5888338302606007
17.509328907504795	2.548258678114907	0.34773356850136977
31.273070848163663	-5.024388166859984	0.9907149807401769
17.11472006152823	-4.920908901107492	0.9970556144272746
27.96947306907209	9.518182068307931	0.07597467597646163
31.13280559314313	3.071382040177623	0.052846345851786644
38.09826761184325	2.0357826445809213	0.012031588685435756
7.485980354086007	0.3506730441385564	0.42479527301553754
2.1127845588536083	0.7526425913741406	0.898401501922887
1.6439088793851095	-4.752083163577758	0.9997070802331816
19.27171054158903	1.6219022325877113	0.23880763303273295
21.467547438538332	9.441590010350055	0.22153484437066626
34.435861966356356	-4.798457125735929	0.9817816880230057
36.51052423266527	-0.5448199041028694	0.020885602019579223
33.11673464838428	-4.484349171040314	0.9652019492486102
20.283612799768225	-3.768855715985916	0.9358929257142574
13.983410080878752	3.2448675463458887	0.3850713522340397
29.39392008373585	6.200524497763521	0.07152228802873208
36.13657224813131	6.7604250853936865	0.01942591579812621
28.819590445197242	1.1175489696333223	0.07403350100444614
33.6580701308627	3.808258354305492	0.02405081167468583
14.866768369539246	4.099005875393027	0.4737410047649568
1.3613171586394264	2.580147486406805	0.855802979688325
19.59673317545867	-5.524047411330118	0.9987203501963545
36.044753642468805	5.362391093273271	0.0196506258464235
11.230857699391457	7.190841313469251	0.49130441926452173
19.07695476378573	6.074472813665606	0.24974235741980186
14.499054043258397	-1.4767401466840813	0.5408584147438777
18.950864491395063	-4.007215378593386	0.9612075962300116
3.199483052972197	-2.9796536648833563	0.9915724518543758
5.7069509457896554	8.538537538825182	0.5336323710963656
4.001165573550981	1.4392945606317156	0.8930413342820893
21.078224926762335	-4.080924023785112	0.9688707003337612
34.11186243924047	2.0392176097125603	0.02276085349305807
35.0821252157491	1.1341987529118853	0.02131937999302107
4.2292588491848875	0.44387883530492367	0.8585969013214173
8.086442807135132	8.379268174088368	0.5239632001874271
19.998446144694533	-0.6232153013262423	0.23076633241037522
32.10866191506568	2.559127339071914	0.03746366757820155
27.702745334198962	-2.9667648926245587	0.5646179770632506
4.777067552910857	9.778439885363916	0.7467297809444668
8.953791657646422	-0.8747917253617512	0.7955238646747276
9.159771259597902	-0.10597234896422947	0.8109165024146693
17.712357841753526	-0.14126443174633607	0.33729786721034716
34.89816841823686	-2.2275761691091827	0.0986102203414589
20.623633358158866	-5.006347706533262	0.9960397640569552
1.4436804911541872	8.844234243736201	0.8578936373771942
35.93179237417996	-5.429252683934687	0.9952631460971219
34.93004361732616	0.19589567229742144	0.02175079949085997
7.067218786852174	-4.700398036526593	0.996530163579188
31.995564844906827	2.66084609069879	0.039107677667859456
6.746232359409189	5.094546955215426	0.4016769034985596
23.395315249322806	-2.1944447181385183	0.40828264123141883
38.56165434909746	-2.6100559125425313	0.12419447870336123
5.428850716031659	-2.4270108889687805	0.8364255378447477
12.639128487519624	1.5819777478907735	0.34445715920073944
35.146371146357595	0.3885396186538159	0.021320209266685108
24.35516010499606	-4.524676379456109	0.9824232830203674
1.9979037629219012	3.77201585807987	0.8889104864481234
6.815418387932953	-3.0710702289507683	0.8827519320518069
18.179337733957006	-0.07549997004215925	0.30476747338540594
19.051043610759262	4.012884741434499	0.2512108010905713
23.811943041355384	-1.431192151306405	0.2518248383051958
20.2608778599819	8.198811200271836	0.21018914834628424
37.627963614954815	3.001386651306685	0.014034855069845878
3.8378539843708257	9.497017288365203	0.9125220882989223
22.078829796122392	3.352981859779984	0.22001969751779862
26.58821653138239	-4.5604302039882825	0.9810082605985919
31.866312106425287	6.519857249581877	0.041066865216512954
39.29636334151162	-3.852720171014143	0.8106582108688755
35.9438859420365	7.355269869036233	0.01988178086206929
7.073654216510613	2.36376273221636	0.3985091394282426
21.452564126018228	9.619924613409943	0.22144672600535806
19.12535997996052	7.106813401640128	0.24699666254322364
7.898442803928372	-1.7539705949190694	0.6391910455003658
31.634279899008124	-4.430948598564269	0.9635153673784539
11.439519829654076	5.120069295094355	0.45377248260866326
37.58165259727682	-4.778239953163505	0.9767434396204654
1.727808343433378	2.1774311100699073	0.8686721248169127
19.35883247244293	-1.0185145399929105	0.27451157810332905
21.45753946239595	3.272330111033515	0.2214765804805892
36.21532037315995	7.812397671865417	0.019222238435472813
14.073829769694155	-5.9838665222468865	0.9997708305101931
7.638129350011114	-0.3465671767270546	0.4549418521306288
20.24415182268496	2.653620547468927	0.21020843497135644
35.190763684411365	6.858601827742179	0.021176297178779276
4.111575213151877	9.24710880573992	0.8772841429726828
4.874297941726992	7.000770204619153	0.724167912212333
12.108404751842679	2.8360891079369672	0.3728592196926731
7.355748975268746	-3.4246073395049557	0.9459338937481655
15.546473404944162	-3.2306971759307554	0.9345110827780264
27.8967412366147	-1.9500890893102323	0.1818843066047358
10.043794584909428	-5.294284974750466	0.9997932188292844
5.1036317539968605	4.099719848520506	0.6697057174432869
23.582260707410803	7.170493231371397	0.18696387521048147
3.797984500656333	1.5622595612150736	0.9165871159155694
9.016322459330647	-2.677714425029377	0.9522842159522716
33.723825654541926	6.321144530733237	0.023816795979130344
13.973325658599483	3.233043464086938	0.38422195715954155
26.657609384076306	-5.532848915012179	0.9979390620776536
27.692395001556566	-1.1018463046689142	0.10191887099535867
31.10539502037335	1.2338842133794774	0.05327806120140535
10.901110364664472	7.536145881882339	0.5634354723462889
9.286997570277343	4.682414113913442	0.8257583865956521
4.832600809003621	8.00492884735835	0.7339037478099932
38.771482363647756	-0.13476448359249105	0.009939843287697642
38.77886202068254	-0.2883943505642286	0.010188052313691881
34.65295444308485	-2.5248943018326724	0.16725959063114676
8.940200985079802	7.829043682505306	0.7579343402722243
20.640112321572737	-4.065147474101655	0.9669211958402226
23.39079917019079	0.5666432328396436	0.1921796467958395
13.726368801429722	-3.3519328133003015	0.9099251331947714
37.57623500079598	-0.15659599790834733	0.014927832955725943
5.825369236641023	-1.2646631658407195	0.5947701291821765
2.7306115756118277	9.860402806596898	0.9358444414368476
26.9724052752002	-2.476323737477136	0.3344707385826391
23.128098186605836	4.70569019441597	0.19890646081225388
38.029435603947356	-3.568285933071957	0.6921636330376141
10.209742840793103	-5.771346496765792	0.9999134071187016
29.932154316791777	-4.0150063127751565	0.9212460873966278
33.25777283779715	-3.0835887853775255	0.4793139417418445
4.801415030815075	0.4204632290844543	0.741663445665588
36.5864804042459	-4.770976898347721	0.9777389415903431
14.814351381664725	8.496925911135968	0.4685713748060813
37.391969357942344	-5.648058542567711	0.9968523961126876
17.398965689042246	9.209348432968111	0.35751822465053107
32.11520895037557	7.685792826361885	0.03737080647298038
11.767083173080383	0.006526031005718025	0.41139156079330075
14.80596126363214	-3.0577694397197597	0.8954254710565229
8.231007343572033	8.746143210235589	0.5587292284155685
17.12324036774824	-5.915937241110949	0.9996991706624218
22.427918600843743	6.511153713700235	0.2148921253154241
12.210947292548658	-2.541317014887742	0.7063181904707552
30.92488684811114	0.8106308180228403	0.056051172871950494
13.46453621666388	5.399137088568917	0.351283972124101
39.07022337799628	0.4824974257903829	0.008610197191282752
30.76344331182124	2.3937740155123173	0.058382358763865286
37.37323024232848	-2.3120464200883504	0.08492105102597353
18.848746676936667	7.9455707543819845	0.26259611901476854
31.076756577736003	-2.373314401204402	0.21345285319824372
29.894145069233907	-2.173495800370791	0.20245201030140245
15.230603776684926	-4.40829081884428	0.994365741134976
35.40546545130053	-2.1807322177162316	0.0890197513137119
32.54310001131361	-1.9807287750719382	0.09233156575089974
35.039428996555465	3.7284622965070238	0.021374233197630245
5.888944875996458	3.9479415373226168	0.49877124594626737
18.70107658784873	7.010679111304201	0.2708507730140657
4.317817751826238	3.2921370481334424	0.8426287128585705
4.094310646027548	-5.542965437844101	0.9999067224743934
26.11374764541925	0.19082007540591128	0.09692997057430305
32.282076941577714	2.418236845611231	0.035100943942888096
23.873721267830167	-3.473288577030111	0.8498517731751161
1.52146625211148	-5.171204327624208	0.9998940887898075
32.011672413789384	0.6824806931200254	0.038884388692112665
28.552542795371334	-1.4862368396299015	0.12309436129199923
0.38099345215241	-4.836136636257569	0.9999742811296058
4.6850469375784805	-0.7928048109495833	0.7979642515651779
36.50152796064349	-5.1979804139946815	0.9916372046962195
17.486981951407525	-5.825120634075672	0.9995648593727727
