36.73949252179437	-1.539945149367739	1.863405707575541e-5
18.344536308427383	-0.07637391927939419	-3.9222791164424975e-12
1.292750706489672	-5.823911403374728	0.9999916177929508
9.161256972673739	-1.2965687077083512	0.3374378116678516
9.207932371874625	4.552476369068694	2.40289325438685e-33
29.508332693260115	-5.4551172303407895	0.9969658133954722
6.174534175695675	4.755914477635352	3.785186422615344e-32
1.2395746653539819	3.7045889912818932	-6.374427969619557e-19
37.527763984989875	9.030998992305687	3.4288701069505504e-82
39.247270404259254	0.13950563567227547	1.1694842518398867e-18
35.25018501310328	2.8067791606545747	-8.899608281644908e-35
37.48702459230695	-0.03421411340262992	5.2522828773853844e-17
13.710818959190323	-2.409980355301201	0.6824359395312369
2.9668435323649893	8.411082406648093	-1.6078577772927076e-56
37.28521872661306	7.604280905041932	-2.8807200205209817e-71
14.81394957286273	-5.041947094375519	0.9982990734407157
32.8654736742211	-3.0547153289366005	0.41075055090153795
34.504933847734335	0.6187592364960874	8.113335400788652e-22
33.777985108859035	-3.5363613856292204	0.7230312346654313
9.564564918976401	5.234304157699491	-6.668791140088205e-39
25.22482042105645	6.773710811944703	1.8079152484045342e-64
10.255982833237383	-5.37429021588645	0.9996733257961333
34.14374365195809	8.045392037568492	-5.730189993058133e-75
17.731730441408136	-5.3622984228588315	0.9986440165869374
30.654854297915247	-1.773897067695259	0.0018613063957002892
6.441231033950656	-4.193395802295173	0.9947954483284505
0.5509557290547664	9.665442059177423	1.1717846975536979e-64
28.129637874170278	-5.924503302239824	0.9990620365791484
1.8061909671832106	8.90923298131703	2.6979688901059587e-60
27.113608983502743	-1.3691838251051482	0.0004945334292886245
23.61956225425467	-3.138263383594591	0.6912472539159111
35.95928112526743	3.5761445047025386	1.7883513927503185e-40
8.321323913729234	5.071948519913775	-3.565754518598654e-36
11.289316395852085	-3.3818967847971866	0.9662862471732709
2.9130780921537074	0.5040688749274356	0.000436256330979964
24.44921581565731	1.6761974579883834	-2.8886503698796854e-26
2.2130356055295604	-5.852741189290295	0.9999718916074996
39.501548411305016	5.780723132916718	-2.3861199340537295e-57
31.164305186329923	1.1536092761795942	5.520825599079481e-24
35.76683540388835	4.731747083455174	-1.4325496664881392e-49
29.32479255754579	8.850264103293652	4.0343329999078206e-81
9.995891028238153	9.16376087419084	9.299123809185436e-69
5.0344552107857625	-4.706096734369391	0.9985306391826755
15.777951056218592	0.7897335036003952	7.633483859170324e-16
21.653189583136143	-0.6812685557764357	-3.644846351094559e-7
34.0941369575436	-0.22507884986539572	-3.4026063754325002e-15
38.01401009242732	-2.425801619424334	0.01783346702155815
25.096357341625172	5.032595063535929	-4.967101317272537e-51
30.276704868905316	6.998865556805363	-1.5883601142781365e-66
33.592878695343714	-1.1599381035606413	2.9336294057406726e-7
8.48735562613028	4.580664591192345	-1.0290859349767945e-32
30.142979302391137	-2.0654034239659094	0.014170522437932606
29.544834039559365	-5.077773174562461	0.9927666751162901
36.99545858211273	-0.5278267710933235	-2.170063677547335e-12
34.914116160766575	-5.920992819110758	0.9985396113093769
19.04446357550962	-0.4775339967698393	-8.397587510949871e-8
11.988074449122369	3.09564782590477	4.741576769706738e-24
3.331009929976217	-2.983999841388453	0.9571662109855196
25.614945665789165	-3.3893183767996273	0.775603646126742
30.412918725078512	-2.3220849578690625	0.04672069727370409
21.455031225326195	-3.4562227588510197	0.8548135648618572
5.95988209925039	-3.6395854421670535	0.9820383475924974
13.293938943892426	7.679172023843824	-1.479756963204054e-60
36.97476100944922	4.314218745334262	-1.9940825709187035e-46
24.093545269123904	7.636162183905082	-1.4381634460824144e-72
15.88013484248462	6.522390277076012	1.5105240453954424e-54
2.3358551526759643	-2.7925425351309556	0.9658541060103726
2.3640527553308517	4.282260794307401	-2.476126059884893e-24
3.939718315858499	7.377616126759788	9.770297246437954e-50
9.508314452265093	3.3859287629484403	5.6946346176002666e-24
11.057501231087885	8.025777749991946	-2.151105349197366e-61
39.35363078244082	4.351529012454204	1.686906993228252e-46
17.883396743541674	-0.2349308861716377	1.957676821082942e-9
12.120187213209395	2.7745743762359076	4.684476625869994e-22
22.919189913402196	-3.8656409869932347	0.9308142051283409
39.43515296300225	5.744202495801767	1.2669844696873671e-57
11.831323398897826	5.961198172638289	-1.888664962817451e-46
31.923257028255833	7.587404821821263	-4.333022140122539e-71
24.754182077826144	-4.0989835551247715	0.9524317672672247
14.314776134864424	-2.8104367023845747	0.8073546230241776
1.0214924782656656	0.6726494605675182	-0.016411239973367905
24.653851402901218	4.730976854859652	1.6694102639728182e-49
37.178657517119845	-3.1089869314254646	0.36152711560700157
35.565671756538606	2.3177014108528784	1.5258935821804712e-30
3.6609445754892254	3.169434249504384	3.592785372320671e-17
24.573934808678192	-2.313812462799536	0.18503925443999059
29.03986180003068	-0.9133655561906906	-4.402488957742046e-8
14.508019071284737	6.409819447032707	8.342276818788544e-52
2.0179784551115354	9.291708369883569	-1.6423837131340671e-62
0.8155310245029308	9.313251034966878	-1.7877405131479504e-61
2.499518023847221	9.130577757405128	-7.622527189870055e-62
18.77277782108614	-4.916213270027036	0.9956633995594866
30.30581317903988	3.9759374798635605	-2.134142657157028e-43
6.26384068353473	1.6849481519457843	1.251870482111488e-9
16.204927601777634	4.404641537658437	-2.861915675088242e-38
10.247692877015066	3.3425711832749165	-1.4786271049208406e-26
31.00514079809238	-0.23762251361708486	-5.4059974709538944e-14
26.835328880048237	-0.10446702573547206	-1.90220754294909e-15
0.9867345804299111	1.21784032744036	-0.002109095782203021
20.038638555652778	-3.6791853278653193	0.9195838626049427
38.16010383768558	5.832846999615336	1.340228101346803e-58
7.825689508109413	-0.7455864129829806	0.03972193630314794
0.6500350109346654	4.324704078137348	-7.488692685360875e-25
5.44997933702911	4.932467823802714	-7.25565378733101e-33
25.265228844231125	9.278032984101085	4.2483749432283e-84
16.74931147274693	1.337315850509471	1.1848624167724352e-17
39.42267183240888	-2.38062909629663	0.009527784597544312
32.02172990095853	-5.706447597517052	0.9979926058036087
30.778992171612188	3.925064386973318	3.961262277431664e-43
30.433502000607003	2.086593026863719	-2.9481490218578813e-29
32.1737218499905	-4.915088115001215	0.987539478268889
33.10639766035995	8.774470755247073	-1.8480011918836713e-80
7.06772394593202	9.598051990744867	-1.566675501096608e-69
30.208993872235407	4.6124115565236945	-1.6016648392514802e-48
31.826064208866654	3.1593669056263263	2.86586792300962e-37
15.514069542879195	4.881205128690587	6.302963444182404e-41
6.603065720153673	9.7278729889177	1.0737872339842182e-70
23.69010018987117	-2.413457582220511	0.2608809731889265
9.193233881789155	6.172866845423769	-2.5689950503406638e-45
34.055345939827426	-5.856079626799525	0.9983877617202557
24.699535163204843	-5.0969744949200955	0.9950814452837478
26.98805280557786	1.9476587729008585	1.5700903377665222e-29
28.016771797533405	0.698990929902239	-2.9702743197156602e-21
25.028391302478482	-4.463440207004751	0.9785927902534832
2.8402639004251258	7.142901287459097	8.624402016531988e-48
6.573715561861257	4.252364563375007	1.2449528409004744e-29
4.474179699206655	3.90344310880271	-3.001504965260467e-23
34.54940258692915	0.45852456356466575	1.23925572666377e-20
28.925956762132714	3.578024383400109	2.268453899017554e-40
18.809246981098777	-5.892918846101276	0.9995386753674167
20.25225600487864	-4.145281458978507	0.9704734177769494
34.247341550102405	0.017338749391583974	3.302940728507318e-17
12.028145438472317	-2.4717284181233676	0.7920881148027541
35.778584243513045	-1.7948539589371126	0.0002476119634578453
29.97492815731172	2.400242729096263	3.8105854569802837e-31
20.5904513221991	7.913933883389596	8.412240552376517e-69
33.92434200961606	-1.313379953394458	4.904347697105892e-6
25.634838277582496	7.105697710541158	1.5691867835629909e-68
27.995351666252944	6.461994063366557	1.6699745560304093e-62
37.94971468260978	-2.2122056342554277	0.004095753894021413
35.08637106115819	1.541000105371559	7.514748602873813e-26
22.767155743871772	-1.1808578315961693	0.0018709378592930426
31.51699319672883	-0.2827971547317887	-3.9610784931613154e-14
0.7863994807602871	-4.609647747990339	0.9999629439728244
24.57828411126066	5.82664771768702	1.2981239654705545e-57
37.62029984121044	-0.7648011643455224	7.92582489865675e-11
13.692684057413242	-0.2601422612722093	-1.6830082183089057e-7
23.904980506777136	4.229502568439285	7.60777412364358e-44
21.801313069501045	5.156278291552082	3.022750163254259e-49
18.52029547508121	4.1805504156691775	1.1233884375490749e-38
33.28023388353597	-0.7298804391967444	1.425182257241209e-10
17.713593667193287	8.71849211076674	1.6902450068688605e-72
5.39449334238176	-1.6620760656694475	0.5090489970479561
26.688785526588997	-5.321937978911452	0.9966111427647604
33.58501521209527	0.4372238533668771	2.5334805043919426e-20
13.135476618360938	3.3429134793305817	1.9719254325158059e-28
12.702997579938243	8.809099840580137	-1.2804537228799237e-68
4.503516292894293	8.119476239671458	-1.3071852011384179e-55
9.206586584979544	4.499699275874292	-2.7340204570769995e-32
29.24550340207594	8.008587218879093	-4.565997149688906e-75
1.9747099074909833	7.725222398439254	1.4389326426135938e-50
23.801578479744382	-2.787570790328296	0.47662240857546173
26.902793927386234	2.058935395145273	-3.0414365762459164e-29
5.507400950133208	0.8748808279755345	1.7436540350205263e-6
7.259997994569947	0.5745364946765719	-3.1560404963840785e-8
3.2860386722832637	-4.212732230722674	0.9973403564684974
10.143432212855679	-1.261742973416009	0.2912709166618866
31.078949873257194	4.443091080545264	-1.10002226655001e-47
21.132712495211088	4.516871704866826	2.7532627017301957e-43
19.365942045269176	-3.515483387431509	0.8940991484748078
30.31050321739885	-2.124559721824358	0.018391920780281783
26.59878469900714	-3.0228766677351135	0.550791989489796
39.27383198081271	-4.605848831667219	0.9625388905801505
12.788848942667945	0.05121672271660671	5.302216093657063e-9
38.914742836746456	9.21385811856552	-2.4413264911495493e-84
15.759080555850353	2.386480448290188	-6.372498995766329e-22
9.061627926866406	-2.1636792236351994	0.7648403350044976
4.399358976063898	-0.7187222469819563	0.025404717847862537
30.83475855483417	2.366116480921624	9.107074609241866e-31
16.231553891219775	-1.308598266519473	0.039023788816699156
4.218572691634032	9.867545507879916	1.0871929638672982e-69
29.53858961284791	3.4991532014620326	-3.2458950615292716e-40
24.591309564464417	6.774482207663496	-3.450510303828288e-64
2.7348948565671463	-2.0453884634231745	0.8018626653775365
10.795815422366744	4.475500136017358	-1.0465640482711664e-33
33.74853901376958	3.6889326497626342	-3.1778171455106707e-41
19.582484608366897	1.8212802394788579	-2.4404535636303536e-22
26.03253328980443	9.407574734678821	-8.402726383703683e-85
5.6708417500858275	-2.2842253051064763	0.766954096682466
10.159261128103815	-5.56615250146973	0.9997915391093205
38.16644833408656	9.96944133746232	0.0
9.395888053816414	5.837390102357153	-4.2534350470073636e-43
8.119523479985869	0.08427679381299313	-2.8319582876423246e-7
37.09879613894583	-1.392035449869649	3.104297327015962e-6
11.587344247055867	-3.0629185954178606	0.931743161431987
29.404441764644687	-1.0050307657376187	-5.570712791192713e-8
22.096948477910065	7.968497604854408	-5.900362332443093e-71
0.9028037529969166	-3.8231562415620335	0.9996692890158949
31.704527860916645	2.919844001673308	-1.388352538328831e-35
24.513558974958876	-3.632282276604391	0.872044993229385
