35.803636285198124	-4.9582120465340225	0.9859884632578905
19.393240384752737	1.944106063753118	-9.399802802327198e-16
19.212240662983618	1.791459048491065	-2.741754677887527e-14
5.7325484514757346	-1.4902048978543458	0.5138083302781437
13.878788898192893	-2.4270204125207613	0.5975880049893499
15.618447767910245	1.3329159718810146	-1.1393643214721512e-9
12.622727415333166	8.168589580510352	1.1226438470915982e-61
2.6097661422546903	-2.826497920713244	0.942641506768696
16.331973232350084	4.166806680022946	-1.8472056404454316e-31
8.658452625659898	9.96738413955215	0.0
6.18706049711946	0.4281811642102884	0.021889285057069694
26.780032725464046	6.3557813111339705	2.4102028250926446e-53
9.231366864639252	-3.0248897508011137	0.9775451635220989
11.052392345583508	-1.0164429681566016	0.4006576492223395
29.482743768909206	5.924920487071617	1.7743981109509774e-50
2.1718888113192505	-5.09600184230961	0.9997596681923056
36.69782607051606	-0.6974047618142709	5.9894167889952604e-6
13.312040660016667	4.280598651268287	1.1768978079726537e-31
25.62085953669748	-4.084539896653013	0.948000276768443
9.97936566741203	-0.2163972242835701	0.308543163142636
11.379859245631797	-2.8763823381420437	0.909020191276274
23.24123079436754	9.185417712836108	-2.6071070079221663e-73
25.571526930469	8.918110279731875	3.324848074323129e-72
12.175327801973939	9.424383951880609	7.0597505514562745e-71
37.25843344384744	-0.5335333765431898	2.6820737306312914e-6
34.708318149612644	6.843361539085116	3.5034491057434126e-59
20.619717363735916	0.18789453710562043	0.0009776317724462115
14.088913625337424	-2.1510295907546073	0.4552857809435618
19.058681741285717	-2.0031218167521807	0.1711794012013833
20.36557717664455	7.814207872546836	-3.258597640644822e-61
38.37275695679741	6.962525669095264	1.328463586464246e-61
20.47335376483289	5.254423588742789	-7.537130074675051e-42
17.849065235397248	6.078451681785001	2.2944485552035494e-46
16.768793607823355	1.6511970585102596	-4.010116346095874e-12
32.44663772148355	3.4333470686542515	-2.445288209820354e-32
13.00460201913475	-5.286349949826512	0.9992085647226913
30.970843651129265	0.06851001860537487	4.593001034840148e-6
24.606044516743708	-0.458372177806865	0.0008850892931582109
13.293665814942832	-4.624843444839174	0.9960587027289247
6.3272370642603315	4.493606622300682	-1.784243461608657e-32
27.7078915888395	1.705668595221498	1.7686669879883243e-17
2.149672462065313	0.01247348073206389	0.0780917402882137
16.038376779239293	3.8829069069545703	-5.226716287600253e-29
15.802431225107794	-2.278215212027277	0.4249700086347477
26.25010199533309	8.836482027947172	3.9615020414410033e-72
9.475367685263329	-1.3908024528084244	0.7112903153990066
16.25418736761406	-0.5163750787840655	0.09246892293559276
13.280597905956638	6.3086198868956025	-3.8812873653556677e-47
29.69169854971364	6.064008509348444	1.1299165409631895e-51
35.34546589786388	2.259411556025171	-4.8824526635067244e-24
4.105549058988934	7.863122813930024	-3.98655049205372e-59
34.10869379547694	-5.82366971663167	0.9982544178947409
32.199061229289	-1.4792794460043144	0.0002630308477804242
19.70522133006177	5.561747094120442	-1.1439191991316134e-43
0.4218671502475066	-5.478291681493653	0.9999976039685907
15.555570893803345	8.593088961036113	-2.293859107028963e-65
9.990688039565597	8.536978061235708	1.4149770923448945e-63
23.45620695753585	7.0596810077281535	-4.6311800529234923e-57
22.18998919576711	9.690111729251157	1.1288724325115468e-76
1.93421506236136	-0.017016406804614803	0.09294312264884015
35.86247765371306	6.455021658243798	-2.1958072476524828e-56
29.38513462223282	-4.100815104361244	0.9340696412406836
24.592150308312245	9.475133189464291	-7.645841902420231e-76
13.446175014159808	9.96384800661872	0.0
10.75754330315166	7.865976919201408	1.9139319492022937e-58
29.302505225676903	6.938118881758088	-4.247922444605679e-58
34.14327102917698	7.759925857153906	3.458386796595149e-67
20.947861132872234	-0.4892610445206511	0.008577305554322626
12.990181893449643	-3.1847242525894135	0.9107594481383561
7.86449043161831	-2.8011441078798	0.9619535597843345
36.37142154275951	9.45489221796427	-9.566044669714205e-80
9.847068377403591	-0.24499855359000478	0.33697124291856156
13.183686220543757	-4.420162065600806	0.9938985517274848
8.275117692308651	-1.9644737437343487	0.8616898857573724
23.387487798622555	0.5466040343873892	2.4471031119062624e-6
29.730213484231406	-4.285119816043581	0.9552772364289701
37.19511040622342	8.6229726973752	1.0208840404571011e-73
2.932087226340986	5.117751802993569	7.379050701800577e-36
4.70545996025858	9.703433528034632	6.899059794206661e-73
34.40365209794248	-1.8558551423286147	0.0002725897146665158
21.990987199552606	8.42868997485652	-7.350638826869217e-67
4.2718679869137315	3.5300088499260465	-3.8730465570761716e-25
12.31006950461623	8.022869175110914	2.3046623336819658e-60
12.529657301421674	2.5468868614600257	-2.7157459913529825e-18
27.41893139022961	7.703486228256839	1.1996249538188869e-64
7.493344738633575	9.136549443298884	8.113941686231507e-68
30.973731810217483	2.7090681989592156	-4.894034745931352e-26
5.024049319961327	8.929347509074645	7.558737820794812e-67
24.78114155769044	7.709086771252467	5.888467621572638e-63
37.03801830318037	4.014090001420705	2.0915276773938343e-38
12.54174925104994	-5.68423700929012	0.9997282170107838
29.010965428311682	-0.7769304037167863	0.00030763500071998587
13.345464325139865	7.891947755220787	2.4913115912955846e-59
7.378730324949543	5.419385367532541	-9.985427417532594e-39
9.101930707298823	9.536866502146403	1.4110291662370392e-69
35.65702755492933	1.0390767023208802	-8.465938335496467e-15
25.900841930609914	-1.3428999105103916	0.0023911756106429205
36.26744706238576	-0.22641446991340075	1.4445902242543803e-6
13.072038562171947	-4.068989080429882	0.9868616928613305
25.970108301471157	8.908534611302217	5.0861705967060254e-73
20.52778205173905	6.724530890481999	1.7696184996961093e-53
15.534383447157373	-0.6496653382450539	0.11783254791514951
16.96273361925472	4.4411353653635395	4.882233344345848e-34
10.332737878556701	-3.1358112158702696	0.9690225880638259
14.08125073901924	2.3898486537158306	-2.7992201965148224e-17
32.49111464776775	-1.4920778979123828	0.00023775172323114307
33.035868073769734	-1.2395998763830178	0.00011856243013043676
35.27098475726771	6.519517487192273	8.45141400701411e-57
27.630673776757234	9.21345041757024	1.9729798395489883e-75
28.327377429376057	-2.3717383094513647	0.05759045052324888
0.6018284101660489	-5.243830858817963	0.9999902366760952
25.099120484973273	2.635933892904042	3.926089932694819e-24
28.335017334204707	6.773808204096044	-2.0738198306011595e-56
29.885407401456423	6.558036909666894	-1.4373349617781102e-56
26.213009057652148	-2.99429291234145	0.5161560314416603
29.902099464830606	2.528721167261901	-9.251807714941819e-25
6.076547851071012	5.7030858871483066	-7.34476126689148e-42
34.80341133283801	-0.891258567166874	2.6546093684334358e-5
4.704061214149158	-2.996111096856275	0.9348922741342088
29.378799580352123	5.689116156907527	-2.1385265310423555e-48
4.7887727679920005	5.856064453980036	-3.0906854133046732e-43
31.97846977285987	-3.7933520148042543	0.8490728393375154
5.754581159532561	7.614096140639111	6.900934807002306e-57
5.931988528162584	7.486091514931617	-9.056011525089075e-56
12.848094565242793	0.021043549180086885	0.057178566896251205
34.358834429748725	-0.5175219251972631	1.3196236845629362e-5
27.518361685144882	8.18574949289403	8.163213332940045e-67
26.005356246646485	1.678682235271184	-2.6603286016524246e-17
30.267514463399703	-0.2297463815599059	3.562207384905021e-5
8.26303988105123	1.2672242288943565	3.310741268893159e-5
30.93575974219082	9.51324634521832	5.211229733218349e-79
17.80852390944191	9.497148758962787	-7.257771949147521e-73
10.14859730530198	5.81388449609995	5.7149578966810025e-42
29.034088180125725	-2.5773365062382734	0.13807585720876422
10.389501462793962	0.9286933217824416	0.0006094512386659332
11.784969047056348	-1.9849807159434008	0.5942226178968059
35.06367242723687	-4.639358913999436	0.9721992218922504
2.376279107545787	1.2055916976388303	-4.159830191936242e-6
11.04238041172016	-5.763949932175729	0.9998825555097052
6.656929668420234	1.611586845619625	9.149197124086992e-11
29.361692286567497	4.982232137269628	-2.334978843583917e-43
9.218095287442868	4.1400085987329245	1.2348076552639218e-28
18.93725513488005	0.4288657136042424	0.0008462082076772163
14.099908936200986	-3.310287287460026	0.909163581171114
24.93429399899058	8.349499439496041	1.2519119284673486e-67
9.372917956430825	6.616122903241786	-4.565144712440198e-47
9.978708018995132	1.4769230862011842	-2.0564996819944448e-8
11.47537319735875	-5.734428354798171	0.9998439856288049
35.54915607838313	-2.738012554572121	0.1122454586555673
25.05837310098454	5.494119079085708	2.378847628530313e-45
1.6683250618354062	5.506969731748988	-8.051364387516098e-38
34.65160670817099	-1.7459856462089487	0.0001593946561642075
33.26730783823335	0.37364085432820104	5.400053102730413e-8
22.456841510340126	2.1937209426336697	2.2611056190269434e-19
25.78254002866843	-5.011186963065645	0.993592828958624
14.108419422128065	4.307221924060741	3.569980703346569e-32
23.48354440590641	-0.5656920343303664	0.0018756957609983424
8.186114351855586	0.661687214454858	0.03244331895168548
35.62944028922623	8.09338526761819	-9.485527427348428e-69
6.039062825325413	8.024045134116752	5.211810498130064e-60
0.9046277138257145	1.635588565887243	2.374873064367281e-7
16.112566657249424	1.0419007385652215	6.436493423749465e-7
36.599834165902024	-3.245798428393865	0.47309485065935075
38.931130768322426	6.9326887670167	-3.709627680769316e-61
16.229649372958015	4.78393007084971	-5.9290086855832166e-36
28.528594269876336	-0.48058581153384416	0.00019623167418215785
38.27184283124272	7.065378137647238	-5.827926574280922e-62
5.181280626682771	4.34064125497844	-7.545720223670777e-32
28.10955320343835	-5.8893636704522	0.9989825482799876
39.09878729969696	-2.8238365163887558	0.10930157125274136
25.9032897745585	-3.236082043472269	0.6861132161879377
9.499685721534451	-3.59956681377135	0.9928561748506953
35.9802978998055	5.974617988111955	-8.015364837246104e-53
22.004866714308505	4.23500258514653	-4.0256153583239134e-35
15.583624417116038	-3.8387185480139934	0.9624934780286266
27.522124866221596	9.494969522302977	-4.108664661357909e-77
34.82173185563868	-2.7642076093375785	0.13883428860903588
21.152106154675145	-0.643428800535359	0.009698254365449886
11.159934065871504	4.611369172060222	1.3152278696974326e-33
31.02537417256611	-1.8686086031466989	0.0011847820896727186
26.71975848641334	7.643393926817671	-7.566996312952531e-63
24.92821686666267	6.568263740672146	-5.284651389240153e-54
28.37873186726365	2.6167650086950474	1.0275678104232024e-24
16.458168026986538	-3.4575363311183978	0.9041318949582543
9.830545444932202	-4.384983564106417	0.9985820886324951
28.178251613088758	9.48822264686917	-3.4233353739873823e-77
26.785292295723227	9.012269507173459	-8.869019813607517e-73
1.697275240955594	3.7733739914518445	1.1609206762926296e-24
25.662538810647103	-3.6208108937960635	0.8566563701851009
11.198398873273485	3.126516886545973	-1.2073257588642195e-22
36.09978922588171	-5.633494452854881	0.9969740703769076
7.7363384774679815	7.289237295028409	1.1541822023850786e-52
8.101943041352843	0.40598449105101686	0.10505687320885942
20.655587388645504	8.607365305744471	8.090833101368086e-69
22.138577564331307	0.2521981611558193	0.00016070538576138505
32.96508335396426	9.72603986887457	1.807171190486093e-80
18.17810615588244	-2.7577542750108837	0.5913113869566962
24.206669255700277	-3.6731558202601633	0.8852519987749554
38.53453592716799	-4.499133054119092	0.9540864774407136
3.205262404222601	-0.9727353610569089	0.2808561299325115
