7.305019341021318	6.935892800797323	0.8866177998287365
4.432628252252241	7.131637683913736	0.8835525284913323
7.333623704322845	-2.4977911338517558	0.9260077467112989
17.958461141542976	-5.116845874238663	0.9976936263846409
13.167358209347155	0.4285398469666202	0.8495987879910432
22.678995405129335	4.422126702352825	0.4840733994969093
17.032152994418365	-3.950217332801122	0.97385567909806
17.11777642100346	5.266707445771033	0.6617878270207102
29.360414151418013	-0.47324640075615676	0.20983289394264043
2.702088482289322	1.5353110388065758	0.8889783014908416
27.897688848471503	3.3636736386553956	0.28699009558072797
29.727089556366764	6.29204382814655	0.19156862167028946
25.203204386975482	6.848417715032973	0.41198229694663635
16.72791282554995	5.106907446725851	0.6826323575057879
5.925001722665542	7.909677940613031	0.8835285262911966
27.256206828945107	4.082073190880573	0.3204317390407844
1.5566764774265915	1.6972555273355336	0.8917726154708602
25.181486522146397	-3.727018799039252	0.8940532607631257
12.073733137538795	8.292229959619974	0.8748002016408853
8.790483724590551	2.638737048653086	0.8907828576854097
5.407215703792452	-0.2838802062879733	0.8830622696660265
15.930610224633966	4.621320108485277	0.7263848363376266
36.05836609369237	4.794857830366192	0.05024384530637649
35.861637039016536	-4.235114521174598	0.9296186690735433
35.41112101206903	-4.785968994840987	0.9800071298672058
24.146176788527647	-2.69407952375437	0.6063905157475133
4.633470740310029	0.9771131255769401	0.8832961162659426
14.224331693445833	-2.740730033265775	0.903534390444424
23.98564704137179	2.580872119059107	0.4516217109539006
36.079852364392266	6.463396697585125	0.05017182920240048
19.344607160965737	-2.821893279584076	0.7532048678956492
20.11039015536444	5.4590120458069205	0.5419253662554548
36.886444097181524	-5.725505348952266	0.9974577592062587
13.58176119256009	2.019652631387297	0.8362858448998807
5.241893345786012	5.25839882620866	0.8830138794504531
23.422615671951007	2.4296990890844317	0.4666191612205538
29.202657574064666	-1.4539085147021122	0.22329760252722927
24.45426135811485	5.870207592629228	0.43762911037132096
21.90315449358101	-0.48612262729818667	0.5006604228142545
3.8180201798157523	-2.2703128173041787	0.9237403313484847
35.42515070949173	3.6184006901054833	0.052847015659009046
27.597369070460655	6.773970836534836	0.3028096229391818
32.6173019625753	-5.7249710816643	0.9980421882196892
7.490110024358511	-1.2929662880454824	0.8885316352879884
39.615574153097924	1.511943335548045	0.04146789488985344
9.58723760849319	3.901546660998676	0.8918195921216268
6.782677010956926	-0.6338055985346784	0.8852110372217685
3.2901797088763898	-0.04286526768671273	0.8865929165917462
20.83307264216159	0.9492618018320229	0.5238685289373652
9.543972489588828	3.996757455410421	0.8918082095512926
33.35542451323585	5.120608285886144	0.07299987707852919
35.61372561609521	6.564256362004331	0.05196250688490549
25.114767958589606	3.6856476623055343	0.41523231692929996
34.81380163562634	3.546840275419642	0.05654874134919525
11.647861911659357	1.4365136937732164	0.8810742771725503
11.296103540006008	-0.6069383002360027	0.8849836964126458
3.2420678960065024	4.225903722575923	0.8867245283417788
21.84140967825663	-2.908709914661163	0.7123479595065484
17.47789970192405	4.558895314221555	0.6432750210049111
37.66527749777254	5.387600436209542	0.04634005227770197
30.1567237478056	2.53175085982293	0.17127854624031097
4.367994835027117	8.419890971677187	0.8836528138469241
22.704945360089443	7.172126903031925	0.4834982102249629
26.169359999613693	9.404503492216662	0.3725481515819405
22.42133310691233	2.4057334617432744	0.4896907256518653
37.53247275082597	1.1804803784085252	0.046609617561736226
6.8982880546329675	-1.954630619359854	0.8994649153902853
25.868565087338073	8.113840185069623	0.3855863295785182
26.200914124307126	9.170906663949824	0.3711421283436644
4.094357770863043	5.630271666074002	0.884175110090716
3.2175597574589996	-2.609435433716266	0.9573390770016231
36.4228969346468	-2.0404825839812784	0.06550290965992123
14.630836498397318	4.886693071696518	0.7933886442696927
39.54926786303024	-0.598006798517515	0.041682354455904194
33.57556470601044	-2.981457455815592	0.4088579792070198
1.6800718394483074	0.45535652690081996	0.8918377124675763
28.99542107640076	-0.12542338323924618	0.2286636163093653
33.904334321021594	-1.0851459781416022	0.06558172505432344
15.252525552527409	6.155237395393392	0.762686300041343
36.94665946573656	2.369519178279111	0.047840145423823
13.552644927758159	-4.575875356144913	0.9967687346065535
23.144868428124994	-4.146121245319474	0.961171742346952
11.510616577526632	7.601050163057977	0.882727091192714
0.9805020592546796	-2.612847697810018	0.994725617328172
7.054176183448456	-1.9361491768091827	0.8991772239673389
4.756037367642135	-2.001157781329061	0.9012396593706425
2.2687417111978245	0.049703126816149634	0.8906314690852761
19.79022569309375	-5.173994810762849	0.9972970511094842
36.081306533079804	6.3051876533208695	0.05016698757853295
28.68841147293941	1.2568251702214805	0.24484924098860103
5.565253951884343	9.91661717586712	0.8831542418332913
15.183008705017723	7.031102411769991	0.7662701189969526
2.0403930126077623	-0.7516028585602879	0.8922033485081201
16.21248706344413	6.313877306484768	0.7108886825742653
31.753596792529496	9.501895359174043	0.10993715367593837
13.824590428856759	4.4189227842619925	0.827498733948898
2.806269716912491	-3.2043492530940885	0.9886100300681906
4.1029088281259565	6.795115428769295	0.884156367601959
35.704849657282445	2.9688493315858526	0.05157113753592041
18.276107583308114	7.017585604230108	0.60581598927198
31.75899865215584	0.2704828571004221	0.10977197507075186
23.43526694425573	6.979444439471486	0.46630135848591475
20.314614671497417	8.416616380636068	0.5365196223250049
32.57272146211582	0.2274249482998698	0.08812240535965991
26.183292641832058	-4.210551562814301	0.9585725739909795
37.8074345677805	3.999750329599145	0.04605004878840838
25.22749716964865	-0.21270714222460185	0.41107991820582535
15.133459591672908	6.751116274721886	0.7688040453351515
34.755551497707174	2.858997271079051	0.05697966391499294
29.801470851663936	7.089930188656487	0.187963281130532
35.39630632316479	4.369820198426664	0.05299178954180305
24.414018066077798	9.63389667165831	0.4388898404073342
4.962966967867961	6.273841298656405	0.883052630352754
11.220544711804289	0.6575348379076864	0.8856792167010212
29.520065248532088	3.444149225904031	0.2017859740114702
1.4596346970136918	9.219095365531608	0.8917979997110879
10.918814459376986	5.562676579808439	0.8880364349081242
37.12096797465752	5.597566907190393	0.0474604757006799
11.569328614219383	-0.7760281689847801	0.8820807253583157
17.840361902164545	7.6928949466659695	0.625587230743685
35.84680066723872	3.6811232480353695	0.051003866642967216
19.146198618456307	7.753247029161132	0.5717120359112347
11.135035931129465	3.730644287041649	0.8864175834505132
36.408221921230684	-2.967221461490306	0.3438767523491635
16.751925411931374	4.52513371238601	0.681330485581157
28.548354039224904	-5.970080435043474	0.9991270758271549
25.051432876695692	7.547141454554074	0.4175228011559305
2.046167498005001	-3.85603044547355	0.9985436375805251
8.626395977851546	-2.947999136648413	0.952001463321179
21.014817997616973	-5.8912927762854785	0.9993929486067483
34.146099381845616	-3.9952030156534164	0.8932309565081183
23.03845119686895	6.295517171521373	0.47591059228879895
1.2248399725112231	-2.8864955734900253	0.9954976327528886
37.569782471976715	0.8567128279184324	0.0465338877557464
16.8978854735494	-5.98761939886651	0.999744508514003
23.717489448551508	-2.171486760800221	0.5124319787424628
13.09357947531541	5.507798557806449	0.8517457846807733
39.64981919774067	2.977512509460606	0.04135673987979779
15.68302199845021	5.6173134001915415	0.739863099780618
7.864030851434597	5.975985050719196	0.8882784064438658
22.43844359978765	-2.366574000679579	0.5725059717669659
9.5493165926396	1.024755999102151	0.8918099526133373
3.0432400612662005	-3.008057084436821	0.9805367984460547
33.98537739961491	-2.810857639709896	0.29661489836823896
12.316544222305485	-4.888343265964341	0.9986755635390576
10.852039275884193	5.4367396555613805	0.8884680035999747
36.18762298222821	3.156360166264358	0.049823729434003025
23.82630058931728	-3.9481994382561876	0.9378907895359339
36.16195006091425	7.28665491091326	0.04990472606048619
8.906705070585161	4.966573669211611	0.8910245697910221
28.987837219481204	6.887076869138703	0.22905955716160536
32.14258928806426	8.783297425056968	0.0987670876944202
21.617418617231404	-1.1327179417878934	0.5078564442942258
31.343031762473526	9.881768766740176	0.12336044614638604
2.7514225855430574	9.310753431593762	0.8887498907328
30.698187662497464	0.6512031963332134	0.14779953327288864
8.533689450941708	5.725884512611559	0.8901725761222598
27.27827890678048	-5.1856828755492685	0.9950803588268133
23.36370812532259	-4.965763545243947	0.9936730192026205
20.603817403763514	0.05434460542839581	0.5292941059635853
17.454980609921392	8.14922418943583	0.6444273651731754
2.0846540261346678	5.826717063753611	0.891268985502643
18.45949438062489	2.85054493562488	0.5980216420040214
34.33265511346198	-2.8635166789880824	0.31839246519046005
38.87389366245091	-2.844179671085998	0.24936204240482376
20.777667488110435	7.915728915887723	0.5251578941608109
7.166122773515782	-1.9721116739733873	0.9006944553000574
9.113093176946075	2.0035022538081027	0.8913887232094962
31.469306091489408	5.286759263764758	0.11905209460897713
17.10268107760509	-5.154390391969455	0.998197028261787
34.43691040138243	-0.9708232714634555	0.05974846163163791
22.144058605015445	6.458682075190197	0.49559285685436966
3.5033896911084295	-2.64630011488385	0.9554165888283227
8.23342866867363	2.158990789437498	0.889360696666522
19.15589209321689	5.353459410939413	0.5713727917609537
39.41067291831349	2.232544451859569	0.042110006514305076
23.9296789070186	1.7068593612229446	0.4531960266561985
36.27085505698676	3.3776107655401564	0.04956896675777779
39.557144295617086	-3.7845191741250126	0.7835887170552022
24.502149626319767	8.350408915493444	0.4361138726835182
0.5289916996885001	1.5872579836938048	0.8264475850589796
21.531245336895267	6.9647935453075185	0.5084893936054962
35.594379559787626	0.8889772013047939	0.05204850482939839
18.131348450692666	7.354143926107646	0.6121930293509737
2.4299172272210585	7.756706914546815	0.8902005787426445
37.85296212210259	3.770477271920571	0.045956430850724386
7.164142366234869	-3.360163958496061	0.97346641263121
23.86479387637629	-1.8021736038712852	0.47481270577138
11.50729521693213	8.706325187076082	0.8827649837152546
33.04805149862884	4.647058192187467	0.07832263260565989
22.63907762318608	3.520235663218621	0.4849544854304522
34.01772841328779	-0.8305216385910938	0.0639603185177196
3.114630380500617	-3.0484775314297945	0.981321770111478
23.26590727726452	9.757084955721744	0.4704903053931878
35.48788791305863	1.132894525268627	0.05254104185434034
22.873577194544257	2.0951337093762294	0.479709803187145
6.669342589495354	8.884081129317453	0.8849295213488972
16.27009764446794	-2.8314919103566094	0.8580860227540974
22.933375346575456	-1.7771132189125396	0.4964741971831932
35.96205824199266	9.500615694449008	0.05057800251066515
