35.389486387215165	-0.07520268074171454	0.0007158813382347846
30.542070970638125	5.739449818693965	-8.694919903370235e-39
28.832150404381295	9.303420900319733	-3.5250418862870436e-65
18.93680191347272	9.318045780532797	-2.718274097701465e-62
21.831180628842635	1.2884654454758202	0.005747886401321884
25.32918339666793	8.008240429515864	2.539208902222095e-55
24.931280555392973	-0.08285115554377676	0.018539996848558078
38.78197944043071	6.956994547119844	4.47215447055409e-51
3.3627750368093	-1.519282290923476	0.6182389196627842
31.552910165108074	1.1157077941225175	0.0001336128546328257
5.324341362207169	1.4689837842686906	0.071227667247862
6.601316031618155	6.319224313130478	2.12124968569165e-38
35.64120651779103	-4.9443194429319846	0.9859091653863894
38.32904654455318	7.340001629599531	-1.5490216059334717e-53
0.9385206761929464	5.865560544766161	-1.4262167811747325e-35
17.22296607422475	-0.8469231213710202	0.26992764968274396
3.4441107095649546	9.308980516720835	2.1626883866952367e-61
32.25485974626561	9.487695244575285	-1.1937415412670406e-67
27.00204183386654	5.149356318526003	5.0155689096916565e-34
13.265129225458859	6.676347036711215	-7.725533076604458e-41
22.51025156441893	3.6765060382549137	-2.0445607060464445e-20
20.415050215565774	9.242771342696733	3.5842908564204777e-62
35.78082248073525	3.940308447581657	-4.172021588058237e-27
33.9174924423392	8.39149216666067	-4.472207046513284e-60
5.524086994414223	-5.770778674696244	0.999923451747308
6.507736271987671	1.8293280279933146	0.00016141396255918758
7.364979771135769	6.272974258944108	-1.70367092644459e-38
0.7500934812189035	3.747047489037511	-4.241341896739416e-19
19.071784298136198	9.081071851039406	1.0444906870354894e-60
2.9671088817900713	4.938240519157098	-2.5582231567204476e-27
1.954354711616717	-4.0471328967830775	0.9904796743465799
8.005186551899143	9.554952234870145	7.195642109517162e-64
3.0555273787125734	-1.509809155311597	0.5719577517047986
15.048915000297526	0.324045603594719	0.08040625410005432
0.7943863462356123	0.6339673521280549	0.1434027964687942
36.318798416014374	-3.5089279191553384	0.6795751057568054
31.526294012930357	0.2719839319357966	0.0016828960771003683
33.09462741926409	-1.9650760145629516	0.030404445945357537
10.256877031001888	-4.6320264593829865	0.9985350204589188
26.214126201167094	-2.3274447295117984	0.21716470298878832
7.847385857190057	6.2466419477669675	1.9934448362114394e-39
15.915032566119994	-3.7547229428669144	0.9606828037910907
4.397307172678639	4.261409801817962	1.9848877905947987e-20
17.12773583963832	-4.12862206497463	0.9864295238708669
15.053901918823225	9.727835211439697	1.9079391125204966e-65
1.5150128316298714	-1.4853876564551332	0.551687274730078
26.493911443469685	1.3676703302914621	0.00034370818755888994
14.435108124361607	-2.5126294526826847	0.5085718760846322
16.870780939254107	-1.3524167142151509	0.35523162754744103
13.033460236182359	7.3659201131016285	7.275887495537061e-46
3.588661021272258	3.0850437631039487	-3.4677815353428556e-12
17.602771166462322	7.2693761221974675	1.4874978874161172e-46
38.45299117221201	2.985601122952774	-1.6188116925514931e-19
0.6013868480010293	0.24773271649983997	0.18265693441500502
33.33270438320431	-1.703486739354748	0.015177273978418514
6.142122845098917	1.652536930749731	0.0011362030278404688
27.032838970888793	6.150744682989902	-1.7472168081873207e-40
3.1081260879597616	1.826430772316268	0.000985262048142972
22.0624764770053	8.135123376939536	-4.0020623177359376e-54
3.3521760294552525	2.7121796286467355	1.1325329780659408e-10
30.89772838745928	5.613100177191221	7.389756110182464e-38
31.106525559332407	9.2462395820456	1.1117610760760367e-65
39.38705662890316	-4.503146981469506	0.9527830807488591
29.905637415488204	2.562210609930357	-3.693986296287981e-14
9.05839735280863	2.2912028555504094	-8.471174273614501e-8
36.95570754010948	-1.1248431603093199	0.0016116901535267363
36.5522193772399	0.06421504344326756	0.0004003328616986555
14.744460311610675	5.851427704229543	-7.173733862332735e-36
21.56598708743942	-0.5240569892875406	0.11227162297478155
38.96413943407693	5.110034968931281	-5.914938500486422e-36
10.256913345898877	9.171040598546265	6.166211288852558e-59
22.334781274785655	1.672823469189229	1.0209126990730723e-5
17.69662374872944	2.396405343681618	-4.6318787327444276e-9
23.206609471874994	8.076171293171113	-7.725569516000422e-55
11.838744969245269	-0.7474233708795559	0.3956392192037566
19.986747359828197	-1.8006657922910847	0.2430774648082834
1.9040618219100358	-2.2532165816944403	0.7531273317837953
35.694376968589125	3.96706951865227	1.2789380242009959e-26
28.585448431076124	2.5067813996887303	2.8212550491227857e-13
25.621767931706696	3.121759736268155	-2.6553836112324396e-18
25.65741860568135	2.2297544507568503	-8.889516886237434e-11
25.08521257324757	2.6278354209477346	1.1733164330611603e-13
15.851461124847587	-2.086734923534303	0.479139368386831
33.6758624533605	5.552154796387562	-2.5427026420606205e-38
33.536324832375136	6.456108588883158	-3.1603568124867497e-45
26.47722591870741	7.110835051809639	3.792994040642733e-48
3.294960373030274	-0.8557021539486218	0.4240726836954729
16.17616962168971	0.4025454637496697	0.11178942711064636
25.709985895680997	8.224578163507624	2.102385484824806e-56
25.571447168697194	-5.666249607910743	0.9985913459410694
0.8508854124351739	1.5506504705518207	0.0062754435986295196
2.4110415933630414	3.915178038018892	1.525882741450506e-19
36.08138435197429	-5.752593188514782	0.9977342696757183
25.373746465269196	1.6725153731214224	1.673440361710778e-5
12.07210382127922	4.746490996737164	-6.667029844544436e-26
35.399839776976904	4.375974625103417	-7.213258475465997e-30
10.278121327300507	9.927455750862842	0.0
2.3187545760175095	8.38812797902076	3.4891157910774693e-54
8.748685733428221	0.48218621261916716	0.05806831943554242
18.63042996365997	7.392908027818466	-4.9560791342197756e-48
31.52022305163985	0.0625775831445825	0.002259405293729586
29.5827854780442	-0.7220849459177678	0.0070492171321133775
1.7818677887246945	-0.8392273348820325	0.3710917223294654
2.621148003287938	-4.503372835882216	0.9957895446731715
8.913115259224414	-4.783582166569563	0.9952077781862119
39.464907219450126	4.747201447906306	2.055230299517632e-34
22.91574763125687	3.61903022229715	-2.159408773079872e-20
10.718626248628924	-2.272800314443339	0.9361878293492115
4.327838578992399	6.127453561599744	1.7753828037565316e-35
26.88874586667598	0.09908346349481434	0.01383545152594428
20.544508341692033	2.6649457202639244	-1.0526952996826842e-11
38.31064978797097	-4.31904582531749	0.932651738501455
24.550202588486364	2.3766090588697253	-2.533766949402966e-11
36.87058015745978	-0.26920960055644017	0.0005783034561983888
19.78046449913802	3.279435556773633	-3.146646012705342e-16
11.144280533293085	8.729810822272357	-2.951403045800012e-54
35.92407307883271	-4.387384802602249	0.9495085211979246
4.545849456034344	-0.12410087061105557	0.6916429896271067
33.44551924086978	1.2557994376532324	2.033724822727989e-5
27.47842429933941	-3.3572728869636794	0.7436221277829282
26.850193165880764	3.5558615807402436	-6.1464990788036866e-21
7.171260847903308	0.8772695641238553	0.0289950445349295
29.275126537438798	4.347181613578526	-1.3089764023924808e-27
39.257553959823824	-3.56103436399483	0.6664040254763232
38.79114054081914	0.7159909233877215	4.673808059516635e-5
37.8675023793715	-2.2668777925623047	0.025051206791879634
3.574293857502486	9.715810634673886	-4.6866519971739953e-63
27.890550119206484	-0.22635143853593576	0.0134957364051184
9.35415783416457	6.957933405489191	5.886679533842681e-43
24.211559947418724	4.415851889564509	4.0210268735990446e-27
23.998131222421648	7.005235391509872	8.130645502448133e-47
15.955181268168415	-5.236681707438569	0.998642209904145
10.925958207952522	-5.1791519645405675	0.9998694035303045
7.151342479350033	4.116359220766341	-2.038670526141661e-22
14.085278794447616	6.9235189026052115	-3.805610586942438e-45
31.599071646012558	-4.442010732437318	0.965155203561028
5.252352457851721	1.871487031631549	0.007575357880758664
26.231926748653557	1.1212582112619582	0.001474169313355668
22.516829149325073	4.10495589113172	-4.289037266165973e-24
9.083524241260674	4.801080597003294	-1.0737739959976704e-26
12.30800335365568	-0.7967662882779187	0.259110293762157
31.51859766217927	-2.8347254080245285	0.3295649522909674
8.848715710396906	-5.649239973222711	0.9993212407453874
6.50333119236736	-0.2427232442662266	0.15728249624311832
9.12132179276105	1.6945440042478985	0.0007955674435438686
18.715122787693026	-4.863158131077025	0.9953210175404746
21.869395721624574	4.740852475255275	3.3957148372815225e-28
20.845361064974504	9.000736739938928	-4.755467245821749e-60
1.844217527486988	2.874417874462038	-1.1959772128563116e-12
15.014117227631814	3.196877286365087	9.391851835345974e-16
6.877877764937707	8.880512836286997	1.0761276297085757e-57
9.302494949113012	5.909583785566742	1.4570549736764161e-34
9.107956236277765	5.56835573284148	-2.0914977952485409e-32
16.522668057300027	8.004617999767913	1.995217920212631e-53
15.79078514910203	-5.711274302651095	0.9995108213592087
17.690125869939582	1.0395292632021391	0.04055957917636944
38.695669161560915	9.697609923727425	4.990390615477093e-71
10.516136422750202	1.5841729204140478	0.05107233245545713
38.3476117480785	-4.958464414395378	0.9840166556469757
20.132037654493207	6.952961939290118	-1.6365152179601135e-45
32.99987726157425	7.808097114825674	-2.064243635942868e-55
19.797729315484784	0.12772454042079495	0.0797487732174537
26.308160930846253	-4.112898813399731	0.9482145205232975
24.66757979274718	-1.9885339415470273	0.14644902994252626
11.754714141191384	2.926888941942236	-6.472752542866694e-11
9.85178272665906	0.9265296726482859	0.07191411181952172
38.615131082023275	8.331340134325481	8.446906421249702e-61
25.145541149123314	4.441691064047982	8.43008415870462e-28
5.455382271658799	2.8366589188471902	-1.4489427736325041e-11
16.493504193558014	2.9876032408471147	-2.0411378322762518e-13
16.374052190624763	-2.2910674515153495	0.6159537588563678
36.05666700097866	5.1368698142428535	-7.186431807497028e-36
36.53441769387263	2.983482597900869	-3.9582445729910617e-19
20.993163021571185	4.831592906071679	-2.8247762710255804e-28
30.401828230725414	-0.143930353338936	0.003246592315828385
28.062430305866712	3.630282784983155	-1.5656327548824344e-21
10.957010412572757	-4.66445377359166	0.9995738027986952
3.3605869492056453	0.05270185993888177	0.2503793189128012
2.8020784935577923	-2.0563092790090227	0.709145943186889
10.373773897403723	5.0080656172689935	4.5843096265102624e-27
5.130064892505789	1.880458312604766	0.011204363560146932
19.73241892970205	1.1127010227388503	0.016694774565704357
0.9269559000551031	4.776165760677186	-3.194954529556125e-27
6.880224232003467	-2.349522796497295	0.5208180892486294
0.8243152713378605	5.241013908724575	-8.507828129150578e-31
33.54765586495682	3.4153322634049115	2.220158355081392e-22
19.339097047836972	-3.248684991064991	0.8160043000380552
30.875640803935077	-4.049233700545329	0.9215859046363705
7.1340393830129	0.3787211035583393	0.06474548005390682
31.88898168526687	-0.7183925269285147	0.004996688298633238
19.79635977761678	-2.698022997130849	0.5571142267052642
3.554954766743576	-2.7268820095062285	0.9013042763103614
24.17335819117514	4.0463753706077785	-3.475979627853383e-24
16.201672110603717	2.5701023225641375	-1.0634514192604544e-10
29.682251268786796	3.749470277657588	-3.7180052449830555e-23
22.759496593185887	9.551556101333	-2.5738103698093147e-67
31.383488721805076	3.2694013628805525	-8.982087725474094e-20
18.751845676392445	-5.036901533481057	0.9968144005006981
16.394294769347027	6.083442682433983	3.4289862127413896e-37
13.165957887002946	6.386010411674876	-2.5104600723163646e-38
