2.55770743263063	1.2314891258958252	0.7413669758622384
17.76009762830375	7.820100011905932	0.6866764077841105
27.56418513724037	9.171239525780555	0.36104333849064835
17.722281702667868	5.193315974694237	0.6882359296706343
24.564208142377105	-4.805440914269104	0.9910171816475187
37.71977913107129	3.4049889755340406	0.08758435635681064
27.160245808223927	-4.055144953995182	0.9383992767221394
38.59443877558858	8.52966526135472	0.07096084160609947
3.0831922405119627	1.4368295037486067	0.728244466460041
4.053691494855654	5.140088074286874	0.7133417068529249
27.141827648939636	-2.208846447755464	0.4754104139570878
32.55236713204828	-4.564207310070067	0.9706533703654239
34.95150813463849	2.42155675541059	0.15802215951320725
34.5984226207017	-1.6303559238304839	0.204502764631803
29.14289781277265	1.0178493976469536	0.32615412521818854
28.687628650834462	-0.74452743517306	0.345076049132096
25.119238924892983	-2.9551918485889583	0.6901365290773737
39.51690237623706	1.8962980814350665	0.056454258061005916
24.028923673143254	6.7713654395364244	0.4401331555447714
34.54410585992641	2.5288664525170947	0.1701882143310266
12.850057931201004	7.900934666080765	0.7804803214655355
8.813612351649645	1.6173458248874564	0.7347258014002174
9.685197669743088	-0.3913114882804045	0.7489416230295525
0.5527798799950522	-3.5354363962411224	0.9998982658690372
37.40710110622904	5.663484604860248	0.0942238633083221
18.64970690762249	-5.978276513274118	0.9997622597074914
21.857528824624396	-0.8432810920263023	0.5223351627615678
33.99498020221311	-5.737099867387501	0.9978154450308326
4.658514605853305	4.0922388719216976	0.7089460522829724
8.625499443730824	-4.9273138472919396	0.9985468552403636
33.53676320634747	1.197598633968516	0.20123581613414043
21.327096953636154	-1.8283109350461721	0.6040799955821884
31.206389024059675	-2.2345970761737313	0.37426897405531667
33.471304601960114	3.684452846955903	0.20327858245104288
34.127135779489436	-3.3504346216988026	0.6473243033186493
38.91381817305672	5.735223846383766	0.06559677820984994
25.3690417717237	9.141009352940703	0.4074003604318375
36.40018334861734	-2.598719237925975	0.25153795216036784
39.28021255590983	3.0168653266439573	0.05989161207208748
3.213480948573286	6.4277508668143835	0.7255803908769678
19.03661157192575	6.236835347496124	0.6305620364629015
4.4624990617667715	-5.811075750329325	0.9999132416133772
16.467114523101444	-0.7294230712562744	0.7421891059678012
23.939665052532895	4.039571320134675	0.44254258019080817
2.2253794907374083	6.806545076215603	0.7518948884174249
3.660940849650932	1.1594244616842015	0.7180611493093139
31.71045342755645	5.0462845853063225	0.2574345517261593
39.30454892459748	-3.576315660342411	0.6831944164555588
8.663499924678502	-4.878014799176972	0.9983707835725192
22.783818870995976	-5.836608973957887	0.9993307862103505
9.50371151821495	-2.248131490483665	0.8355453216916771
0.6516707909283357	8.632188545928368	0.8001166751043219
31.176755789244172	-1.9446056950592272	0.342358981630891
35.70417316579186	2.1457215329622947	0.1365114279074331
31.39226481850974	-4.092229018221959	0.9229904495721234
1.3850511353640862	-2.267072023710602	0.9808120044760873
1.8572071617593178	4.996761047266469	0.7657191853495844
0.3487075982588713	1.7421983154447727	0.7932103479344356
13.993396707645221	9.648893600884364	0.7797893408712707
28.53644123625465	0.22307267612503345	0.340160708188925
23.685397430577453	-3.83599381627163	0.9334617530030909
0.7557921127120044	2.4595422374856994	0.8002196771994176
23.457647319713907	5.115277840747789	0.4561529204465776
0.7867823331247525	6.2295159512649505	0.8000588697745689
5.337316366449925	1.6120685180393952	0.7074374946219825
2.043587044018307	2.166925122001656	0.7584844677770625
30.331839311154088	9.746047193929762	0.29633967232761443
1.2831977947768902	0.6813089985690723	0.7874302240826213
35.09705474244565	7.196143049001098	0.15375587361129275
33.38430574037803	-4.46663822425838	0.9618653045726073
13.912010308922865	-2.6361781119169674	0.8986022063933475
18.463404937006406	-3.1810973612185087	0.9090096244552521
6.258272219629139	5.036957012043597	0.7099328837293869
12.29469702973432	0.22408775280386273	0.7773831697731427
28.420930769757536	4.857197467770126	0.342643319749177
29.957373483098056	-3.6129061881789823	0.8189207522619347
26.55991555649779	9.86778077359307	0.3818811801190398
31.423639788840852	2.8473333416840436	0.26587318499852897
29.089139234553024	-4.084987400034441	0.9326180956056698
27.253247232194642	1.683555636443126	0.36752611680573166
27.361894375310317	6.721770654949042	0.3652680155233281
35.32004340446081	-5.307078262512613	0.9937408090630221
38.150682604984304	2.2684410438628646	0.0790368147404552
3.6019129297154113	0.04627607023795299	0.7191677927122013
12.091868124643982	5.66353804228792	0.7757030780498305
29.59695415477353	-4.837250750954523	0.9867498160786402
6.808612493391596	9.487633923771694	0.7134111767749993
7.714724866449162	4.984910815493096	0.721655285570314
5.038263846261048	4.926925378167459	0.707703519606862
25.832413606268947	4.195232196361216	0.39722162490673024
33.97359800598248	5.043990003097898	0.1876549155666854
9.15635082486016	9.209973855293995	0.739254785390823
28.041660406194676	2.148095042800417	0.35091337238554743
22.488564739252435	7.7996143139577185	0.4868861460553024
32.46091108249619	2.2961522733234343	0.23470688365236325
26.45996041135951	1.9638072962902555	0.38395977090083805
38.75907361147312	5.613404334414566	0.06814960795169758
19.82188564598985	0.6517068860002979	0.5948014158352192
9.824143498526647	5.528784384236195	0.7483707416849527
31.61631373136599	-3.16112318645032	0.6092973940084454
26.187529323524966	1.4516780611637223	0.3896630407472755
22.94325675754988	0.09090378778083341	0.4721497718363416
28.991782134770105	-3.156442933302351	0.664292310252674
17.764070741992075	-5.1251632546182435	0.9985676565299297
4.920619450795044	1.05197400693765	0.7079752262430367
39.01237257330318	1.364379867037778	0.06401561159085926
21.344686830873062	6.994110543521726	0.5293520914362358
14.889104208157146	3.5276126090372077	0.7707463827178789
15.597890454087176	7.585323041783566	0.7575851689975367
7.1339900639009795	1.782314590615755	0.7160453648077599
1.5856709154102673	-3.640290740893894	0.998773585765047
29.820005150599094	-0.09630257842002621	0.31029814144595197
35.188131523987515	0.08079937212065502	0.15127419467083472
10.021046464207526	-0.8407391602363905	0.7608128430264508
31.86940417931066	2.729870639455264	0.2526923326146487
20.356370375110995	0.3879226988095166	0.5709727339668433
22.13653120697968	5.0189168154280654	0.4992404647974566
0.6193810998798608	6.9579467977940865	0.799870122991225
17.89919670076565	2.153694220778455	0.6808714553241607
29.278939406365758	5.7612319823789875	0.32291916321537806
9.027337284774779	-4.66851471306002	0.9973398273786905
4.985484488877789	7.228250450119116	0.7078132455122073
6.196422184981201	-4.629069524774774	0.9978212544441978
3.2669396733334795	5.991864830549105	0.7245512349556293
26.554691688765413	-0.04282823247483947	0.3825402864662025
5.262253536390585	-1.6593918791574733	0.756394577792807
13.553193997575887	6.3106438415600525	0.7813614630463873
12.906198468798328	2.8643369288988083	0.7806885509621515
25.668751382380464	6.104007043269725	0.40076945506660067
3.13039558018104	8.808076350577277	0.727253490812597
4.628346074350298	3.051271435219455	0.7090916477456419
37.20623928228638	7.72249526628263	0.09868140383656639
28.732484123698377	3.4284317599708167	0.3356594828862964
1.5535909626333397	-1.1069896395626078	0.8304102068909596
24.985311513572967	4.286184743476095	0.4161986062177511
35.28950972328782	-4.61244296940154	0.9696803387687488
24.598977166950082	8.964472268661217	0.4254834518949633
16.68125987896188	2.5531441146786094	0.7272645289753764
28.554802455043436	-3.9497550612600243	0.9141461661764823
2.0513746927637273	-3.0306555427709316	0.9908409586250664
8.774898718295834	1.2120027129586735	0.7342243683118355
3.133004688202927	-1.7771263125304806	0.8151298029390516
33.981370013922245	-1.7424452676879483	0.23264188076463727
20.979063446319177	0.6830084498995586	0.5442768846165373
17.572799591765893	9.509257990755104	0.6943172605804993
29.79285751902656	3.368158093879753	0.31029513295791067
26.33407131440949	5.888872876856084	0.3865872645867626
9.803765715738306	-0.8903868873536123	0.7590692371609415
10.018385722680765	1.1680224570145903	0.7510420937152246
20.3238942191257	-1.792419110724067	0.642564543958747
18.801622257566027	7.810335317062053	0.6412318543102198
24.761522743915116	-5.096044579577336	0.9952551301688236
34.21580731536926	2.0557294738226783	0.1801904032809217
19.69484229328062	-3.617884208062108	0.945646005590914
30.214181979050117	0.28088286785737004	0.29950020682903367
17.170854487110066	-0.26901092673094773	0.7116973480643819
25.899044179782212	4.805681063399682	0.39578996199900446
14.314058511556148	1.8092908456984382	0.7774894528839198
26.325917089129362	-1.7068124535248117	0.44216606844930845
17.035578842767393	6.34715235624771	0.714921668845109
10.955741305078245	-5.938345561672856	0.9998556542776585
10.367697247191769	3.809460054219949	0.7558019265800685
36.154138641600774	2.0822619206110993	0.12439550959600781
9.888526069108032	0.9285610017490029	0.7492572208918227
15.571402994000143	-1.4655289526024102	0.7913576325386081
39.197114680704765	-5.717744379019825	0.9970686796130008
25.26302048868405	5.159236300881613	0.40979366897218583
29.467431341216862	-5.9978554168525875	0.9990795678708017
7.890275119325399	9.737751065990052	0.723552027451402
0.9994346140922304	6.934469789530757	0.7969087709635211
2.5911362716508086	-4.685350299491288	0.9996318765835371
10.56253998106484	5.438570861747381	0.7584081857913245
3.8773874745367722	9.248676929573366	0.7152604009005973
5.680026985731568	-4.975407370772357	0.9991219088403002
21.04241647025186	-2.3191298399018034	0.6827502364134337
29.872116895003536	0.1365673600490407	0.3084520363123455
33.837108056371015	-1.5256691192181062	0.2245846971408546
21.999865128732143	-3.3189267769085173	0.8661220364350837
5.598555742037196	6.204763390602842	0.7076666637466495
2.1145013270209385	8.83859952794559	0.7558478448950336
16.500773633929626	-2.8749663372890684	0.9017207525541426
11.948311063534222	5.064134978894648	0.774440121569328
33.91550602389581	4.835924320202041	0.18945363685051958
18.185876882849346	9.77743849796857	0.6686029646715728
22.476938734282705	0.4287334874808941	0.487301090128143
9.43446184639862	-0.03915589435981559	0.7434963839161584
1.6247001054265409	-1.0722487376692111	0.8176753924377658
15.242285749900754	-3.2724933890414842	0.9507629866033114
12.734629029420168	-3.2018689650244188	0.9489775278238903
37.84343879007013	-1.6900026830427048	0.10971493253107285
10.867548664702023	-2.225144821073714	0.8464937965264484
19.262759160315806	0.0026574610719602987	0.6207255865288479
9.707989507924742	4.8055319804337735	0.7467720438514501
31.59804651420475	-0.5882657672803262	0.26564215248060713
11.643818092982771	9.27164523229104	0.7714538597093145
8.891346283972528	-2.30828565972301	0.8367632828005792
39.48806096808027	-5.335023569600359	0.9928469599633684
31.47612964734662	6.598441810654494	0.2643409082433128
7.316004732583111	-3.833027293125454	0.9846664898976552
36.98046605375246	2.345014568018721	0.10386957940068164
