35.124252279109854	6.062962702968957	0.15087586234776962
26.111199245723785	7.266371177581259	0.26543383246163454
31.067339917978693	-1.161445889328375	0.23177981234988262
31.34486098879663	5.724739522932632	0.19495108583621848
2.031029785410957	-4.726745717236994	0.9998770849557752
28.41557065446202	8.167330772031306	0.2240257186392303
28.01022369163117	1.015431916695876	0.22974935380359848
0.6702619716717426	5.059740261658556	0.8998477358479876
38.72252121521963	-4.340731198467292	0.9361235671275553
24.94495121451844	-1.3684961668102478	0.3518459116425158
36.7828376644959	5.566569097968433	0.12108586085930885
26.951028795896782	9.18991085336185	0.24769250101697726
35.88199097598598	3.367447515543521	0.13777983574545802
30.48488986869735	5.443824512944786	0.20212449650191755
39.542992479010344	1.4203168144091922	0.07209116332062376
26.485195362082326	4.69403159211714	0.25711765861836516
14.845616920416447	5.9411842562626465	0.6776910565204571
13.52080325878224	3.991144530020401	0.6782510204985804
34.20426157849317	1.676252262496078	0.16492230148917728
9.395297713475184	7.505969975786282	0.6972144197552866
25.467543739734012	-5.568134604660051	0.9982033892445613
18.90922591736836	0.9704911207920688	0.5805548356997874
33.322742008418174	-3.7584018253353264	0.8381929075282103
18.0266731191695	8.892248849376868	0.6197428166551027
15.243032282170764	7.925991371138041	0.6762213553518495
38.324187708841144	1.062428952607613	0.09239981651426078
16.646498002506714	8.65710846881418	0.6600519147121404
10.800824014953685	0.47344350369209565	0.6842943755441346
22.041979640911176	-2.9684296500704033	0.7673174618786769
15.931375088276718	4.770418165246692	0.6708543326288745
12.27165072855102	8.184757709483144	0.6784049106758897
7.847093177862443	-5.287025715596712	0.9988966343169168
30.145660892456196	1.234620175283835	0.20510631597808301
7.952906462399079	-2.2915990755880316	0.8292498682137742
0.7110655901358354	4.180516795007064	0.9048556142682433
25.653933702149534	3.6482640104345325	0.2765745188436569
10.165694544289494	-3.6043451967720728	0.9474699770324622
3.3284193833238844	-0.3006470981304883	0.8625305525979807
31.56938429253744	4.129114647811136	0.19308111810537384
16.445698414300175	7.515180769485861	0.6637129341539948
30.02525150411268	3.9312528896082704	0.20620322637111813
15.192671937127892	9.305514470394646	0.6764630245285914
11.11844038375707	3.080706269212648	0.6820817669694799
32.436545039801615	-4.3093940547585685	0.9499598378882352
12.852253994162158	6.545031002065864	0.6780210278538541
26.58957273143648	3.3538716335360164	0.25491813482060716
27.841189850783724	-0.8252947607121062	0.2536978537245385
17.57467435051672	4.113086290109557	0.6359286774552695
13.856979035800922	9.599929728743115	0.6784223381507206
36.238530549501505	-5.055751312616897	0.9886691422634316
26.86751978534507	8.030743893852467	0.2493089933142315
27.6591142568853	0.7439646769649215	0.23523928954389028
30.31974053760832	2.554050254359643	0.2035579974587555
22.51186787169876	3.496607353868283	0.38872702562739603
28.02451913786674	4.0997721718305	0.22953463545295233
22.98132231063138	6.756162153101464	0.36755009423791835
39.151913137358655	6.297149351316412	0.0782631613642623
33.93755635218964	-4.60010505688861	0.9716809465113274
33.39126983941178	8.804224728581056	0.17535849656619248
24.41979590341562	0.44654933812550013	0.3130686499087051
39.5561686286306	-0.5858825113150168	0.07776693217657063
25.82191302996192	7.83265105238338	0.2723529632624496
0.7907864476575739	3.729176276310609	0.9129777005649942
0.3316225238059656	-5.642133063415843	0.9999997961537658
2.2871560507085142	0.7360364257104113	0.8974106818353479
26.627898413796146	-4.17575507834127	0.9532329939349686
10.131415692375628	-1.950667943004884	0.7795000039311516
29.82187883931747	-2.5170044634001467	0.42098269908174807
25.10746034795872	-3.266376191558452	0.7711443035946252
8.924509118006545	9.478444048476204	0.7036082919949277
21.00154802198982	8.009300154872106	0.46648977365114863
29.335921950115516	-1.6802932925414549	0.28905623113422074
17.025031128191017	5.250159161384181	0.65168326560232
12.225168375658104	-2.6554511632215725	0.8442080709503478
0.8588576992220582	9.203171714104652	0.9183067330910457
14.649566473303688	1.352681478138825	0.6780983691848018
11.82558563900224	-5.611198851875281	0.9993085120238082
2.2185582454956334	9.059766104787274	0.8997325466092053
29.313159768436453	-1.9844838617941143	0.32601100809040456
29.673241936072536	9.577210563794972	0.20955681217680563
26.96314207108994	1.4500740399393557	0.24746060834244635
36.9498059052606	-4.929760994154464	0.9843547040862453
35.7628910813872	1.0235361748859368	0.13991334025486596
0.7238525125740634	-0.8582461733042663	0.9561192520963869
33.73796424464103	-2.2596430986186054	0.31220216867326994
14.455474732710853	-4.356484534185158	0.989998549461023
30.36392386599551	-5.007135065931124	0.9905616432328135
28.689269927824316	-2.2566603666245744	0.37995726236067134
2.9035697862181484	1.6020385460552813	0.8746385193356055
17.942523452928807	1.0479558663769364	0.6229748375853069
35.51958039597518	-4.125814863622686	0.9139675703624753
36.483397060794424	9.410908829104807	0.12671732104713096
13.698942701241375	-0.3243387624337206	0.6865745752984974
28.675804414032886	-0.78343183564923	0.2399445929986526
6.302803691960839	8.543011538003116	0.7583458585839917
11.44811308081506	-4.780408533956564	0.9953594964936332
11.734912260456769	-4.481542913138155	0.9910121270855508
10.412883650145876	-1.9567586738775322	0.7784798477148895
17.552201863217373	6.7840970577991335	0.6366578557811734
35.87207261829176	0.9169506496129607	0.13796463660925523
38.86528968791077	3.0302117961498496	0.08300553862827734
23.87396289295415	-4.44627071472128	0.9809365370230481
30.674227959462453	6.455277867177712	0.20051455562519582
38.14420127409581	0.5518732253430354	0.09573802162421119
30.540913075129303	1.887870186078997	0.20164481675461324
15.809151877496076	0.9369192051268644	0.6721320841101219
17.36966970457137	-1.5949885018738694	0.717332905130041
23.712988076498288	3.2135218209800787	0.33776475055179694
3.8897872537569	5.492933033417733	0.8372949166158847
14.571529504612755	-2.731856351881879	0.8607678360809211
35.04071793628443	0.24979336996574553	0.15301308221086865
37.526636710957355	4.873973884271729	0.10704106962509985
23.30173600085651	0.6048661573876277	0.35418608209122243
10.4995948583338	-1.718981750275697	0.7590981688998991
30.737929054812984	0.08972891878816114	0.2018169180730449
20.952009831057875	5.311477209617934	0.4692282253606897
29.317763596670826	-0.11140710345707916	0.2169919352774272
16.456382318350986	-4.2423406371342605	0.9883557181932511
7.269490606350147	-3.5353807210161268	0.9573530643507757
36.007761408143736	8.888514884635383	0.1355043632647383
30.282736753391962	5.075990554106458	0.20388366266242774
8.229561185468324	-0.1681852283285945	0.7196402147810168
32.11993530837589	-0.21188334033999823	0.19305735778259783
15.613073455240178	-5.997202372521903	0.9997778460308568
33.70814829123248	-1.232150635482638	0.20660005610228604
23.88922599777069	9.72095893520807	0.3311726898078178
32.56150216194372	4.789854989742633	0.18420622590264102
26.191777800357727	5.621718647785091	0.2635833238998961
33.45290939263195	3.9801855262741377	0.17463220532932794
1.2419290415040551	6.9387690423101525	0.9271930029310842
9.351579977146315	-3.865537104911013	0.9690664337745201
4.033652768845625	-4.261096064258902	0.9974842013320775
36.04074752305862	-1.3520481180377821	0.17123228609775834
19.12103483409061	5.344530776599443	0.5699078466259621
26.98160480614701	5.097826163098526	0.24710842378632486
21.52166937994384	4.093626401481837	0.4383017889923361
13.870899929995884	-3.782298595722853	0.9656002492136704
29.21278018181258	9.052212306785842	0.21434796860928457
16.205438450814754	9.38735097658824	0.6674294129573795
38.3783442239016	-5.29344391434139	0.9926509011121601
19.4277790513284	1.8739396689927155	0.5538642854877182
21.766139952077882	-5.015834830466627	0.9961819127752819
15.995989149742266	-1.0018844676014673	0.7023505927140968
15.648940228764314	-0.6552906027424328	0.6910320642244451
8.259435646395145	0.2899849789886666	0.7152439493639793
10.673244578072806	-1.3157386394746808	0.7308244548718144
22.383373096510557	8.390920702061871	0.39479813696392224
39.102432141121646	3.6844002035227685	0.07906924093561496
10.024545492602009	8.804787151875434	0.6902196881667969
11.425299920036618	7.119718453138214	0.6806542883947037
25.862396094680925	0.49112056773426893	0.2716624412031397
19.48149684055015	6.437034954856202	0.5509897071677277
9.478671760439857	7.569810515268095	0.696186628590822
30.210596676451463	-2.120075804898196	0.3353989599928947
16.015357578559176	4.255774288749356	0.6698923484125582
24.496810610739036	9.924255605275535	0.31011326670005596
4.503975776602616	9.795136711843819	0.814941758013904
30.21125815162721	4.715029265931868	0.2045178796209869
21.49260934462647	3.3674501718615026	0.4398446732425368
10.184111113371378	6.989310526569106	0.6887211901694121
15.649744477025726	6.962376526765221	0.6735582390044966
13.492359471271962	-1.7101043699553387	0.7556283281592481
39.384514851700374	-2.27224174276202	0.16882869768883996
25.86099676614522	3.377333317586114	0.27139251942293374
35.82602284923807	9.325441833430354	0.13878447558418944
21.521333849278825	-5.551277099355694	0.9989254552195435
28.972289658295193	4.120406058980489	0.21706672993213796
21.559886000548975	-3.060044867937986	0.8079183040754457
25.6023489278762	3.0382100580647933	0.2779018620515165
10.887287497374363	-1.812666717248792	0.7645976356117101
36.83514565441593	-1.0315700241869106	0.14027935219307133
8.829538381419736	-2.813101468717944	0.869287339958657
4.0702576672680895	3.4591973546991728	0.830601979124212
2.570712402135243	0.15157925997974964	0.8877724310362088
30.22875559797294	3.7938340376449773	0.20436198200383618
28.74159346817887	-4.73638213596357	0.9841695576937863
38.0949618110654	8.42685143768953	0.09652768316575887
35.81140627662971	8.381669669039356	0.1390460003581152
3.8300924764554187	2.9468452426905625	0.8395268505258
39.40924892910803	9.259458279625811	0.07416091755236734
37.48802797899161	2.8455729072960203	0.10776574604569338
26.47793840779459	-4.099804976823659	0.9456708995772605
37.53081952566204	2.856706847706482	0.10696261748327027
36.90822228444551	-3.130411599624402	0.5099584304267706
6.868696339215414	9.320170362349616	0.7437145584839823
4.935884867539841	-5.229906133318877	0.9995286502524686
17.36642947984265	-5.543135447101385	0.9993748263291281
32.89701726841744	9.997280374192503	0.18082497824542768
2.3345493579903422	-3.1191925277377575	0.9932068625369804
6.740423518250847	9.33048514835097	0.7468934364511727
21.16320058466505	2.8186884704077677	0.4576109807261898
24.088885556922587	-1.6170133726242426	0.4041175004574181
36.38760277605704	3.1464561784298617	0.12850596098195488
11.431876635223366	4.332575696851146	0.680627506563077
32.648733255721424	1.530411251977787	0.18335032380849223
20.517116363432237	4.284915296802254	0.49351753207904026
5.391059286360295	-2.588269149302091	0.9019846989704632
28.620166368381774	9.300096068704107	0.22135375483437528
14.969078462551376	-4.708307428951715	0.9955971042438106
4.052214458386876	-1.5552965319392538	0.8694933940799694
