20.16505087211266	4.504852375470676	2.5782739180408956e-9
10.70993442543965	7.52777208229443	0.0004761713721628558
12.15364913895248	5.300306804619538	9.936713483873543e-5
35.90771354222707	5.514175285854286	1.7639904222114215e-17
32.90858376231951	6.7413253824950115	1.0506599732648265e-15
6.002203029160792	1.3861339331843592	0.09819835421311864
33.50974653944153	-1.4182707434327284	1.3537472145796753e-6
30.186449948281748	2.5194725748117683	1.480460308906118e-14
23.22006661498228	-0.6289699714927348	1.0280462364130903e-6
25.16540564720678	4.9051333916086275	5.500903272912875e-12
11.652031511475677	-2.9117652089140584	0.8269221816370448
33.489162901589594	3.1738072335481924	5.272721384826667e-16
39.42665428697824	1.8759353603577065	1.7882664711399304e-17
33.54060775404547	8.682521589265093	4.96645696500723e-16
30.383927778207955	8.842256991253095	1.1061833754116685e-14
34.70861297611679	9.130494960391315	1.0207489515398283e-16
4.068516223058388	-2.473959605889668	0.9718793366381577
30.09236118105489	0.8112847689961011	2.567495875202825e-14
32.0873906118679	-3.4284135581885415	0.6850627009492906
20.89330506305992	-3.711975439908638	0.9205907470578719
35.38900509808471	0.12426689248668055	2.5141729824557e-16
5.645625886649391	9.234314305405455	0.11457636240689613
6.760928475225473	6.092639651897398	0.04332306281889713
39.164141235565964	9.084691221282066	9.097178751041691e-18
20.231798238267825	2.235556327322824	2.5487247104406262e-9
25.40965561038229	2.996731379009267	4.467887236037944e-12
34.06808814593019	-2.9585252395283526	0.2891500105820701
34.49340314206416	-0.6432016285007176	7.654554663191268e-11
3.409706833502671	6.254731554442666	0.7122927635807442
3.5769427481543135	7.977164593561023	0.6389227191751281
24.527774885124874	6.464585397725385	1.4428950000950833e-11
13.672282763230646	5.356100231158239	3.162361052386495e-6
18.903526435398554	9.156463897826177	1.137220522628025e-8
3.6772936983166264	-3.5551677837176037	0.9988214884252147
18.85525422674412	-3.549711782476569	0.9081028712067559
24.504764308490437	-2.492650340052796	0.1810034357189558
29.559522783117686	-0.8890412962531684	7.914479670742672e-8
16.24592823519556	6.294484092158061	8.162340426605479e-7
30.274050944416167	-2.6353502885195788	0.14004474011120768
15.586235970401543	7.0530049406492825	1.3314718941647108e-6
24.405393441143847	1.7635146323147044	1.8347425731040954e-11
30.854191920557383	5.534097670978273	6.232009500172944e-15
6.9220935750333314	-5.562800106950226	0.9998414217311793
20.906987674677488	7.15026084153833	2.0298353273937497e-9
32.20835683395117	0.5216276024728721	4.795957432412782e-15
19.545846631511814	2.211164810252516	3.3915130537482053e-9
24.3323451213521	-1.058254353411435	1.2353755605031257e-5
33.29005907412607	-5.834081891170172	0.9983726053351999
14.185029301715359	-0.500238232614123	0.00028348253756822967
21.26591843206219	8.768637925141556	1.6253240005290574e-9
16.183549304055873	-4.993024815135135	0.9972030009408767
0.41920419019998967	7.987303810952223	0.2521897635055623
22.220469051163583	4.084861441791126	6.612817765574959e-10
32.22940353682422	-4.090064276175786	0.919319365883103
16.344157368765917	-3.3865179935448086	0.8922739542274227
19.644381070988285	-5.000218775488342	0.9963331186487873
22.285224398495124	8.678627882841024	6.135253488085686e-10
4.4347671146499215	-3.2432092684983296	0.9895058554499748
24.364988008254187	-2.0586940044197526	0.018148327996230375
22.12844838032128	-4.464328172328713	0.9829388740662955
20.630676757143824	-4.445421698520203	0.9852453193039454
11.0608382383181	9.658989349975725	0.0003572755888713136
1.2559478552406005	-0.17613279573348528	0.4201039916475503
12.096593744972905	-3.60568103171234	0.959491967223422
19.91424200053791	-1.6562192774713598	0.008864774880687078
8.374471353392101	7.508255998794533	0.002411821638143008
20.19483835838495	-5.48018940190563	0.9987042564070893
9.56977419425605	9.052909349018863	0.0010495292243317264
25.540584045472425	-4.640626361147602	0.9854256798635102
6.309393224015448	8.898472486430848	0.07845026133611396
5.3375736419896285	-0.9376519610221941	0.2763635479922007
15.5625329399616	2.4680541142536647	1.349692483593029e-6
10.891088155536613	6.3662779079446	0.0004119214670848481
13.512381391747493	5.8452762919962	4.5447654018193e-6
9.017986374787041	-0.5527957367542662	0.044908071910103584
3.2092350765062743	7.7221331516157505	0.7542859843442691
3.237226728082182	9.582358089151711	0.751376405148784
9.522983765316921	4.488550201510744	0.001090531562998803
23.533726998829927	8.351461525383773	9.98281877609831e-11
18.09305181238567	9.25065192023462	6.981345367343625e-8
38.255262866224015	-2.8658926888186365	0.14443090481615387
1.7836717165453462	2.3629657234464556	0.34910816682433565
34.3798940905549	0.14763593105375783	1.0779357518941117e-15
6.3656398875013815	6.915195283561383	0.07448894531145402
34.300663679618516	1.9350047656533285	1.703887556466968e-16
14.828156850296851	0.8193418261560641	2.146892052677056e-6
3.184188103033665	9.19107358863565	0.7561162678068507
25.01303994062306	2.3782935114395247	6.545806834084288e-12
5.968344992922559	9.290775251038989	0.09931181606352589
27.507331830030893	1.3640868879157164	1.0028457703021873e-12
35.381777157581105	3.866534671113973	4.09621045830103e-17
9.209532537982778	4.243650359374717	0.0013886766208327046
25.54916128314898	-3.4886907753440966	0.8141285683484439
24.17009522877014	4.43808286610064	2.9392608710146086e-11
13.616111150958117	6.407542822757833	3.565392873779529e-6
16.676011315467633	-2.7885953008573168	0.6385669056550372
34.676880305848904	7.3969624569223456	9.373659403098175e-17
9.727893492943585	-2.92468882802323	0.9141927448459551
3.9088337680510206	7.831868001167967	0.4420530191202308
12.662532772615291	-3.1633918539509693	0.8950518518068935
5.879892423061989	-5.018244172306188	0.9994452100061366
35.61269077552501	2.876641268157167	5.318367024293229e-18
35.442957317452894	-1.1811675624252551	2.799734535180413e-8
5.365695715929022	5.562016044877879	0.12877093721727834
13.799496746511572	-1.4067772965532335	0.04353404985083843
8.548287997678873	2.7740910944269466	0.0020838256274737076
6.259705238337105	6.0471539895651585	0.08183210722615519
10.446232880895167	-2.038049369414823	0.4717725910473702
28.53079987736706	2.992671005384759	2.5028785327148176e-13
30.545922084338716	-1.743001763313659	0.00010132928260596212
23.51726078161382	3.2029628635511465	1.0278580341361671e-10
4.587951750891654	-3.123891958614779	0.9833250052431779
0.8961811616678852	-1.4797014501504027	0.9030932927657203
28.10604062016526	9.437059234919648	4.591786074429699e-13
22.05707291869759	9.262431567208964	7.933276196112984e-10
37.39269495566869	4.696576753261073	1.270211753393571e-17
17.127884309873586	9.547299780082776	3.171883497803982e-7
20.727779675723987	-1.576551935023776	0.004934605186391287
35.20500398955821	6.3001648362923355	4.830349727905501e-17
10.987369648524615	7.592166094984924	0.0003802289190049847
15.541965029315245	-5.23751664503313	0.9986217675658424
13.389116799029695	6.700210688305662	6.177190601311965e-6
10.283124081321784	2.9070331228672917	0.0006423483960957008
23.691103056475708	-5.112418694579201	0.9956468147592568
33.17446665415399	3.4174792735823196	7.74040363646558e-16
26.782455107779263	-0.5022972281744487	1.0239365993628298e-8
26.929619473899443	3.195692789633828	1.6759814452947438e-12
3.169320462432829	0.5761346973683636	0.790900193144606
34.84158750051146	7.72368030860124	7.351456971629521e-17
38.406812472883	-2.9091302253628957	0.17017639886172858
27.48072523082319	1.5127960603258206	1.0044791518049922e-12
24.800051782486538	3.2453423166673154	8.944755525349437e-12
31.739553298220002	-2.8261895745856087	0.24088568300131927
32.80548134102063	1.3789910359744244	1.2404283680003881e-15
24.58560640183081	6.924126789159857	1.2961531763836047e-11
31.014584373473095	-5.165646007450217	0.9934890125796233
37.36214490766095	5.864219168563059	9.51754475730625e-18
4.663587885388039	1.1888985198442423	0.19865398446993893
15.65501712662072	-2.3980703665542347	0.44402515052030334
18.29641018671143	2.993055449441705	4.6266775895164626e-8
10.667445039597244	3.319328130329037	0.0004919659528626255
31.95101380141628	6.00455739312874	2.5559283618592434e-15
20.98429809309139	-3.8194684965583203	0.9365393643539937
26.45915207379301	-4.968386492809961	0.9925358384242644
17.233639159368867	4.349043035133441	2.767826618865854e-7
17.362193754010885	0.38202365165314056	4.2062398951548343e-7
30.284786339206445	-4.224974080752935	0.9471802494281479
37.61071477374041	-0.3503544028853014	2.310490146478389e-14
9.142131453662854	-5.213124614343021	0.9996606875941744
21.782550382639407	3.974815472973942	1.0499640842127104e-9
2.2839106674330445	1.3102578166032561	0.48737715407921556
22.009427843589425	0.7886679755494796	1.130831261232597e-9
11.764471648002274	-4.073052902859036	0.9860748598250128
19.403271238211932	-1.2491557089616396	0.0007760716366263262
3.8651074730969572	7.508869928812471	0.4683244301972481
17.884500283746906	0.19076880420835352	2.556266342859693e-7
31.182885662349644	-3.3508283800171714	0.6542576688903915
2.1507394139336435	7.209268525011302	0.4333546036096421
0.8234545935937847	-0.9214166036551461	0.7487593873397378
31.170261492333218	5.570273239937091	4.6646498584049104e-15
24.119954672230847	8.960468053531496	3.253619100915427e-11
6.1073239441932055	-1.8586273064387555	0.5598017677790827
24.97628470488132	1.2797609958733496	7.369776946794614e-12
11.5276486074754	6.169267893101006	0.00023084062593613523
29.998882972970755	-1.3914830859803118	5.773813490817528e-6
27.11409036132516	-2.7519496737116835	0.2978382637443992
25.788010119989092	6.863592508063125	3.530691287933268e-12
29.08534702699856	-3.977418534194838	0.9147758438707131
22.804464699467413	9.771137318746913	3.1600521229233367e-10
4.218561521008391	-1.7157116023393346	0.8642317167226985
16.911775729225933	5.203276643932147	4.118389375255343e-7
1.8404536796465478	9.99708060186707	0.3579717928635989
33.06278892875388	-1.8381646631045392	0.00012848051757332935
25.23338942561634	8.401885860111689	5.156749447796231e-12
30.051836914852633	2.897699271651936	1.8393779385578057e-14
34.04594172921502	6.591486194714394	2.4699589605420095e-16
31.347986460587897	3.3861601777643937	4.043722405206674e-15
1.3449686702192998	3.5140596266689847	0.30775449946094563
23.56409075289821	5.007524647919677	9.455897485642915e-11
38.23029006874671	2.3649589745271733	1.2172700017827736e-17
23.10097767591644	8.743215060318873	2.0457651284326367e-10
2.277239319646634	-0.4223884880296964	0.6957949063089637
39.18204912419189	5.216126088698145	8.348467545778409e-19
24.138772612669	-2.453479121053215	0.16369085673360068
35.487987635553296	-4.024314245399054	0.8881035013540661
2.286094055833087	-2.528060793299968	0.9886111404465968
17.282979520879877	5.152354806885196	2.5919335607587417e-7
5.813931456168642	0.9538665850945076	0.1109975007239046
13.322582309469599	1.8243770518712452	7.329136428759305e-6
18.922516870363467	2.2420135649432833	1.087520024133922e-8
23.27466123956905	3.030525714763046	1.5528430597965683e-10
27.375144063900713	0.6310850385598812	1.9264571103732724e-12
21.31787739838416	3.63740369385971	1.5645183518840933e-9
19.3228276997257	-5.171135036853796	0.9975948795970225
15.746199363398661	2.361106787529211	1.2052988883623216e-6
23.843803431476616	6.937744349743566	5.614565989830027e-11
29.73137087414668	4.111186814812617	3.226420637620324e-14
26.258524599262323	-5.9231576801658665	0.9991834005990671
17.457039426428118	9.30003286353953	2.0326451707996426e-7
25.784541386802672	-0.8160987185906574	5.685043009113874e-7
