0.8719073366821483	7.14151295674292	0.5185630652218894
15.719971680856379	1.0076052741686397	0.328385758320421
15.9670682555449	5.573726143257689	0.3177119208222997
3.897135217339943	-1.9077749916829365	0.8500166903954159
38.8106269219139	9.676734280894538	0.0014516024752189345
22.891071578220473	0.889571205117246	0.11631456737904214
12.287270178325125	-2.2223013467158648	0.8019241884213895
34.766416794253665	-4.574363645289914	0.9677301790594061
35.248513567542034	-0.1380865263664255	0.005083513991832612
32.341543792052455	7.246739835177657	0.007483201112130838
9.780099175446288	6.1492086323952275	0.6666021328118411
38.85780208863893	-5.626462467766853	0.9964464044780046
17.499492783354743	4.235696746599485	0.2661573624240946
2.6418255614841177	8.662944246004125	0.6354720243637101
37.08126384650898	-3.3254949076613975	0.5430474800592316
1.132667230686066	-5.370747162076269	0.9999836729580254
15.480756434556564	-4.08718093053359	0.9826030940931184
24.562771584472777	0.6100575692001797	0.06968078210792998
0.37750262640747956	-3.931625992077114	0.9999400689478362
14.931690536008428	-2.04285006898335	0.5907224328963302
17.802613779905116	5.333198657401827	0.25775829404140677
25.68429923982867	6.642023094024479	0.044887414011313576
15.084248904781347	8.477718359527243	0.35808430819006726
38.58566036832574	-2.6956999690265864	0.1072853049119955
32.924609678326675	1.6291808294430492	0.006929884907632059
32.3825453836799	-4.157742663843253	0.9292349766692495
32.02823770724493	9.705718091160861	0.007778564667331058
10.567774745337571	-3.28554604284977	0.9718537248949044
24.460523629389815	8.41138720358353	0.07149664952927125
22.907005516517046	2.1124232339741216	0.11551401746379264
1.4386887488244677	-4.066479799225627	0.9995018715113237
36.99636563497563	-1.987113891426036	0.014591785984729015
28.987088329273586	1.2416274325739725	0.013004957312411641
35.61661917269155	6.299376365986797	0.004125130842340771
13.749625874522762	3.9887845594713554	0.43797477299219456
5.130596771926313	-1.083386574454364	0.7387487338404592
5.9267772116345405	6.771985589562998	0.6709187357859423
39.31326509773125	3.085370988357468	0.0011877686850529088
28.23551663370676	-5.53023631587916	0.9977413270155151
37.86005712701366	7.866720795161283	0.0020718845908587313
36.70115504662423	4.748786322849599	0.0030432201424992833
9.284993125941995	3.9067797195214062	0.6757762212973957
1.4062979451150799	-5.334724673646354	0.999974123223832
22.739993204896972	8.29774082427261	0.12062325777833173
30.950183755874818	3.617556556080423	0.008896604291894651
19.34347310092587	5.5362360068018805	0.21815889467886965
21.93015417354374	-3.3542139510568827	0.8224906183771027
21.112546517522627	-2.989445986791667	0.6903301204759903
15.806264444624176	-1.717035728710238	0.471418634106638
11.9402439102747	4.4966367227492885	0.5658884963833077
25.22993515419836	8.996670922380378	0.053739089812128264
8.643357123726426	9.99191883260508	0.6815606957561823
8.889738301650194	1.1300545533515614	0.6801981500742503
3.281897930396763	7.200616965347248	0.6472280868342266
9.838893596328527	-5.80629871841044	0.9999073410139612
20.091179013775207	3.010154675812407	0.19866357014704228
26.179056678818288	2.4797974942850036	0.036669956754785106
34.061231404972936	-0.06456213366585395	0.006385831955292811
36.34734640831741	6.365504781174003	0.003381382460779153
14.600651145921946	-4.283909435624359	0.9909447992709471
37.967299590871036	2.474150504845671	0.0019937549257867415
31.452074528989204	5.891853443406202	0.008343069364181463
12.445910826184909	9.733319797325048	0.530768064105902
7.432342100912718	3.1508995078537296	0.680497243456812
4.814631910321347	3.5514358097521885	0.6628684226256357
10.968932997963279	-2.7087342297318138	0.91920071608604
35.63134112847421	7.117100009053438	0.004109682887792494
36.18611612588115	-0.3652461277695558	0.004250165183088934
16.849082263856975	-1.0745586992297849	0.34930635944099625
30.770290288782093	0.32456838337906113	0.00945928712980372
21.426725688365803	-2.8762791561671275	0.6319672036333619
30.77419057672765	5.970687439464738	0.009114688611302397
35.85680101333915	6.138980325485424	0.003875124322045402
25.84293988523767	4.241109071727173	0.04209175628143302
8.79320759700472	-1.4941986045980524	0.7939879592874114
4.092437657298609	-1.7761231812741727	0.825569746963847
22.475333735721833	-5.3661851985597036	0.9977870500562462
9.355104157555948	6.749247094310681	0.6747535105665733
11.630416378359097	8.01206003765539	0.5859667263605254
20.335890436425796	0.32520546732722266	0.19593898783028968
23.031357524737412	-4.686452807885855	0.9891660362514634
38.12151177840529	5.418091473439052	0.0018850456290537463
11.70626326390518	5.599255561360549	0.5811812176718234
12.567258093760717	1.2958010469937289	0.5221135439754104
3.4781241687828905	-0.5007225173433643	0.6835844318594583
5.93090348522777	9.633461727484967	0.6709477964946435
25.228411452133663	0.767267544287245	0.05408194040021391
28.9581666092452	8.184272446056212	0.013103339667276127
7.3521233583613865	8.701417695332673	0.6801049815700239
24.411596517952077	-0.8871310235515537	0.09340149684232335
6.610108125873285	6.646029321946282	0.6756414709524227
33.35417567990234	8.16554648714987	0.0065088959275734345
27.819717900718015	-3.51202459690108	0.8068828452812583
35.37279290525937	4.200284402632358	0.004382893115513427
29.408541374341564	7.356069608511605	0.011683687420058212
6.920328988689542	-2.726190970973553	0.9401575823458718
8.428182613090822	4.794068451736756	0.6822847728388681
29.92765083235922	-2.1080936388301037	0.05551269245429405
6.78844798380537	1.7393867154918716	0.6768140809674896
24.962433860979722	0.24599573013917997	0.06156744183574421
1.6238936663479084	6.232379068104889	0.5989807533649686
27.744867320240772	3.2764860412163337	0.01951146771713942
32.546617315079466	-0.33978206820102663	0.008553912715052315
12.52564002523395	0.6590282317951885	0.5272713636566418
8.70136888726718	-4.871387075932013	0.9992679756168458
0.43647538799188706	2.2954475910735024	0.4041151410140955
35.46047619070945	-5.684795182097529	0.9973537958716582
22.497076950074465	3.2625997434228786	0.12809795968752422
9.473641394676061	0.1587906084087205	0.6823478992881407
26.27142473245562	1.4898732325064525	0.03529807070787559
31.92281226870195	9.719017450247007	0.007878886525796719
21.61505298934042	-1.2742712758420947	0.21373778315453146
33.6414759884547	-5.554853544653293	0.9967778485634304
26.021628713990165	-4.7270709940039595	0.9880679400571631
6.307095657869155	8.519021716618463	0.673578379665019
34.75522624362748	-3.000534774134074	0.35142853808875313
36.29790683264699	6.514983021038363	0.0034299347792086116
18.47512130296721	-4.557131623696554	0.9898851777153281
17.568079014579453	-4.668373610124032	0.9930750277458045
29.38634717082753	-5.182714242831537	0.9944719449622069
9.076169120407076	-4.466667755962524	0.9981193180249166
24.33823625859214	-3.353367990274979	0.7957988177557251
9.572368742905237	1.0286522878229665	0.6713434084826574
35.71967750139205	-5.441362472519133	0.9953092559057697
18.899068599114603	7.740241442926088	0.22941899751229455
2.6769297920941444	-0.56250326460823	0.675092641875231
36.795714611038505	-5.362279034938304	0.9940729505435043
7.059841982669126	4.501122588810009	0.6784959487827513
33.677503260284695	-2.0113889132346543	0.029030424983493074
31.783873735141718	-0.3607380603332935	0.009430007527662496
10.545504831020025	-3.53251502758145	0.9828981344282575
9.324674548389813	-1.925833900577281	0.8421150036492712
22.576932958989172	-5.143335568240989	0.9962871932354624
7.640738967603251	8.408267277267448	0.6813876543332008
2.6658085921379224	7.614283217367628	0.6360153420158874
31.52496399329374	2.647746099024147	0.00826879028940384
35.912783950313965	7.499649186932581	0.0038175369496910782
32.54280385102455	5.1333406274871685	0.007293625204094428
20.37107834261086	-3.916883442382403	0.9489884466431266
37.79563945312156	4.339166494269717	0.0021198127825982726
13.45622136026005	7.377710637525304	0.45820217188942686
21.488324793247273	-1.3674492692524147	0.22592550422130236
20.83759865509124	8.809125552804186	0.1780152231708688
17.927619921024547	3.973401563956326	0.2543967910870921
35.555864134502286	9.718051014358819	0.004189033116477759
31.257831299989633	4.212931476486064	0.008547437068658894
28.674701259923733	2.965898285185565	0.014220066482160239
20.482740904700158	1.333691438503914	0.18801728777824922
36.145597647814434	2.365461389205789	0.003581317572876398
36.01737736315693	8.74017304996008	0.003710735859752269
5.314618027366563	8.470259371238061	0.6665658434613293
30.930692045936507	-2.2749795656966576	0.0755157764453621
39.492090356299165	1.7854472629853166	0.0011040401673520189
21.848017380907386	-4.526843405401264	0.9854754475365918
24.365693896021803	8.30124314761155	0.07390864026224747
30.345862991026962	7.96750758132014	0.009724157473520343
28.04659880904681	9.467165548970009	0.017479934155949867
31.86655119295364	2.3626991309701584	0.00793280118581603
37.754719468523675	4.067209947992017	0.0021506463969248398
23.18210159178995	4.189032452656793	0.10718874025635447
2.4790766730361495	2.7029420235928416	0.6315160777907253
33.524902399236524	0.49699413555647	0.006483076472823019
2.589868961466886	-2.218320126404894	0.9301657277607621
2.050963555724091	6.660938428715216	0.6184359534892596
26.19399700720663	3.624006510335125	0.03644454117417782
3.6611508833670054	-2.9160163345973107	0.9729316421138346
4.992871145489078	-0.19004891482338415	0.6835427975492715
38.238663873642125	2.7472098274669623	0.0018053318029995064
23.59451117538299	-3.903787208792929	0.9358002280999563
32.740197773964226	1.3362469949347453	0.007107808382785217
22.577770285804274	-1.647041987178742	0.21045700744116205
11.607522668917893	1.2716780446687679	0.5874514361788464
11.257584811100656	-4.463015112067787	0.9974785968080222
25.6632896813982	6.0857821061301465	0.0452690916767527
18.02436621315419	4.24636798333708	0.2518291565175532
33.702598772156335	2.1067687567087017	0.006156622610269863
25.099224622441643	8.534995926513952	0.05651647476231526
32.22785133832292	-5.837232458613533	0.9984656321372682
13.999401472545674	-2.4584521134941646	0.7607044405851011
32.44888374274976	1.2316251100708886	0.007385581080747137
4.076555825909607	-1.2129961287353535	0.745879841602125
14.078511659918536	9.054138926285352	0.4162739192212731
37.02700109462865	5.263689325123739	0.0027477281367928215
35.7066102476989	1.8559802275152393	0.004030940429162403
39.09166397379592	4.10816155014404	0.001298828620536714
30.12453147822174	-1.102213397276346	0.015790381808737715
23.1817197924574	7.234325451615073	0.10720019529437114
3.4987749976954814	-1.638975176302166	0.8084209593162013
37.01759583802103	3.4735310149763325	0.0027560271982432186
6.547716288480975	3.483422732610981	0.6752226462614968
13.482447729446616	-4.495362098165252	0.995838088671648
4.0031783429221575	3.7765984256086007	0.6558976513932808
5.025980877570494	2.102516179113051	0.6644602289394125
38.792316662533025	3.658300976066048	0.0014620277645923947
32.752548773878615	8.209547948330338	0.007094771453836661
6.019877496420654	5.370516072069037	0.6715738134276182
15.922057744789763	3.5866370067121114	0.319546171444196
17.776888262896893	-1.6967582799777219	0.38331898041534096
25.58577003612559	-1.9647451792849644	0.12802263761614807
4.7989123584915125	-0.3489526306257993	0.6883722781315639
