38.92714797178642	-1.8382657132747706	-1.8098257056797888e-6
9.272757736686456	8.604604995170979	0.8762015254829438
8.07093793132436	-1.211869412171545	0.9312158778663965
18.797156584998298	7.69734794717159	0.021514405152875466
0.7779630844459822	-4.135297074067152	0.9998820472457902
7.065139024062303	3.4268419297158133	0.9583323813591699
15.037046256752996	-1.6142768273948551	0.198047012467986
20.398027995221554	4.96492886349963	0.008162693347419241
8.497192590867083	5.174084338437565	0.9155452567505475
16.73075388534147	1.6528702489731195	0.07569252058995508
19.34702254364525	-3.2525525142775713	0.8116251831603671
26.479764631644723	1.7352340686999295	0.0005702318186626934
8.265063446527538	-2.6612515938352246	0.9479044095738132
20.647857732329577	9.139224151057899	0.0070813458459999526
10.059476346130682	-5.635623282265792	0.999789434804776
4.145702487065984	-5.906687213174674	0.9999974248318139
29.288428056259956	0.7817879241377188	0.00014997952981196764
14.521954254262502	-0.6596087207997758	0.2411462775223602
39.49857369308557	2.6185294800269254	3.462737373108816e-7
10.72264159689904	4.437183765413611	0.7510215967046089
23.571057181943843	-1.0657699367031732	0.001814565846250704
31.04740312708308	-1.6504682066586085	5.024557867496375e-5
28.91122068089881	4.980038575073905	0.00018198015101934359
29.386911217110008	3.66120213744874	0.0001425029227677834
38.374692002541764	-1.3519801783141858	6.999651902005087e-7
28.317602691666785	2.36361327826768	0.0002446811774539828
19.37908429788815	-0.18098427961595398	0.015008490195280133
2.8241212591312252	5.347520593502088	0.9803881521562728
0.9570213266682239	-4.76753222605676	0.9999639878596293
39.46414507478489	1.7274299176039332	3.5372601364809103e-7
36.88432009268985	0.9197259002467941	1.7540182097585622e-6
32.95814329184731	-2.629606091530052	0.10849625011482478
1.4654990803567212	7.217026456254542	0.9471230918673555
27.632608199057216	7.748768970033515	0.0003397278229567873
33.66756243702864	8.772201587245606	1.2634137981609016e-5
32.698596811747365	6.940980593385731	2.2478372903387833e-5
22.54924138208689	-2.648040326544793	0.3591595053412025
24.51225268879242	-5.655735856275779	0.9986792494309841
17.62122469530266	7.429439506432848	0.044505367177022324
0.9046944105168421	1.8130890068887027	0.9258494690575276
35.186124545233056	3.8664139133574	5.0178239079993905e-6
25.870038319910538	7.838084986969291	0.0007370327417390094
30.58342398245474	6.6667199122544805	7.50801644379867e-5
2.1642419754836846	-0.21906598459237614	0.9669813810774629
5.367519032296818	-0.27765646356537665	0.9868572158094644
39.684469346805024	0.9035320027127121	3.084382323542898e-7
14.92388408652833	3.8562440631495196	0.19966533161822642
9.543149649094328	4.274084119789704	0.8583278913008466
38.39019737139551	-3.4456541073751286	0.5934500521844677
17.713822791571427	-2.9873924010547093	0.7265119357687255
25.292362053570212	4.223333156530803	0.0009307306506388664
32.28348221533131	-0.0025028561375606273	2.8656676315762387e-5
15.268048383212466	4.205235194018508	0.16837734301454976
17.821469581715103	-3.1057295368127047	0.7793856404107126
11.955974040853665	7.198714872195742	0.59203050283793
14.051100942416001	0.9454719509162341	0.29627062539917626
25.863942475600552	-2.129072711306801	0.03178654351765665
24.28158874314569	9.858275555322068	0.0013786279018902891
4.60713435715546	4.679287094041447	0.992295548220326
8.719700993625123	-1.3980458524219568	0.9058727269394805
18.204843466386283	9.506670588540656	0.03108453193125857
30.352660130056783	0.3630278470635009	8.518414330524255e-5
14.840104956426348	-4.018529256029444	0.9776687786833195
11.246406734006575	8.73324497750774	0.6883676731299149
35.5504818851634	-0.5732241164504295	4.009434313757683e-6
8.511200636618378	0.10597757942642083	0.9149693789473852
9.002237769039457	3.1327046476387803	0.891801651173841
14.541235764165828	-3.8945245595790077	0.9716438371050399
4.101438767423814	-2.2258066898484046	0.9941088591156432
34.18469709329539	-2.1445393277107794	0.0024449595779901883
3.0640460869512087	-1.802877832323782	0.9848980702276896
38.39262440797668	-3.9458182906986448	0.8467427778524541
31.868614422795243	5.9870952054246125	3.6426912802200525e-5
33.47024793300298	4.698519060015165	1.4220924206739879e-5
39.125079007501796	-2.2434977407641004	0.00033428939187875344
27.801595228541693	2.0982406997922283	0.00031374155078676253
4.1644299156547255	0.7474928012668425	0.9927189202424169
18.45138265918534	5.106174664166906	0.026675690532386335
15.397378518661087	4.54149959800878	0.1576229651717723
19.88812383216832	-0.47609115310885564	0.011016736941888042
10.624266555885301	-4.792589144057786	0.9982757716303651
37.77498385318543	5.520482486889559	1.0079956275275777e-6
1.3605208511790432	4.956412788244986	0.9433304470254971
4.554722236807873	3.106857395742985	0.9924571474303444
22.615915453024524	-2.933029742044038	0.5704463745670598
34.60512278382111	0.4986257905919089	7.1616583751018446e-6
16.521965453417657	-4.406105355506613	0.9886968171960373
7.089594306299404	5.099079784075725	0.9577825120885711
28.984538871945265	4.62671421623466	0.0001753214109093621
3.26957764925975	9.948395369968068	0.9867688075778177
29.610709032989334	9.58038102091675	0.00012674964605536735
14.069344919388945	-1.6045877854075243	0.3027874357753691
6.852322789685873	-4.620559503101703	0.9995342246985004
12.34881383147462	-0.9908995218719028	0.535104124599124
36.45431192327963	-0.970355554457548	2.2912324514838983e-6
20.86722057525412	-1.359921976122246	0.0062456280074787394
20.203770855420736	-0.038537214818155974	0.009137305834774997
16.10212231432663	1.6211416923372983	0.10815619388980452
13.553344240932855	-1.5341026944337326	0.36543571601322233
5.152449318738652	7.319333285681301	0.9889507639519703
26.17721013794525	-0.6227061476963414	0.000648584431534348
13.122273186148755	2.5691580451672653	0.42186157989068046
25.44256137742629	7.075309596452627	0.0008766516150821371
19.67343926429167	6.300471692586003	0.012539795968714438
27.939295484024417	0.37530073970505384	0.0002938430144405224
25.481172341215295	-2.5521144011270422	0.21390458495637313
17.623367104441538	9.147066732588897	0.04444731792929805
28.061913410691577	8.436672575132214	0.0002770480174725911
18.471933811895504	4.52993263342611	0.02633713949847831
1.6178688478827568	6.416842466066694	0.9522408048908405
20.962940564214705	-4.506699337953629	0.9862932384639719
27.544416423242506	8.876740349597918	0.00035400339387692015
19.50724876994596	-0.9776329312064451	0.01387494458459666
37.02597864677973	-2.1196669609325056	0.0003611469123140206
0.8206849722019192	3.6225601511234906	0.9226925413185972
19.824066766511454	-4.7625090298780695	0.9930993449654208
29.11342035473567	3.396236016975516	0.0001641406750636557
21.107204036950453	9.435038643356416	0.0055091153705895905
13.50915597561797	6.416501078819973	0.36734497883288014
37.33330789267939	4.586889649008906	1.3266941730288312e-6
14.470385375735189	-2.8950925080422625	0.7752636707491471
10.177250737699868	4.502400952687358	0.8066829028615892
5.9028324055046575	-2.628137173825074	0.9874400930942097
21.07159528599497	-1.8515433341111347	0.01853662427021645
33.037954636626225	-2.386022641064036	0.027431531709970796
2.233255406335188	1.6193678363260986	0.9685661070738777
16.028215942742015	7.7297581224376515	0.1126543249562665
28.86335175488107	1.938876288519646	0.0001864480827831827
31.580901478338518	-3.9936126229344193	0.9044947138618871
30.124635379082026	1.9155282224860635	9.638525392287998e-5
30.68743210278082	-0.9145286358426468	7.090090263013345e-5
9.630995289929613	-3.4305883098305614	0.9739132575589823
31.49515689904332	8.089322604639364	4.509528349133134e-5
5.5159008672945085	4.31978067545209	0.9851802610531506
15.330567898407141	7.664497171901905	0.16311057018121883
35.43420626426633	2.1274598848265143	4.307503489308488e-6
37.56768688451623	2.111494964717883	1.146658133149965e-6
5.170612114534135	5.348786346584246	0.9887899612470477
35.446014521617855	-4.582058910401724	0.9676822834305959
10.894320866619779	-1.305118773149152	0.7314324533283649
28.397803968554193	7.945164765555212	0.00023523222206710774
13.33086275006198	9.515313950990796	0.3921572035055536
15.751651046764495	8.19253107922638	0.13088459453532728
28.64495540927414	-3.4393287818960356	0.7483763798634299
14.570197785816715	4.014560072746937	0.2358873407567876
25.07403966129343	4.058213264146211	0.0010144345710500638
7.768915634409056	0.48235389185610344	0.9405206070450794
37.147745210194735	-1.917485270384672	-3.794710408415597e-6
23.78642485279082	7.693498013874743	0.0016683911233853431
23.34779330408771	5.977914059154381	0.0019814414689500407
5.289490756608097	-1.8515676288871408	0.9877999064869379
32.335427715429574	-0.8406151468835219	2.7803245612186762e-5
34.43990450775757	8.106105131201385	7.919796705082191e-6
23.260513297850977	8.923407501818346	0.002051587472814974
17.043645584747722	5.465504785903951	0.06299186530000739
5.257036371370516	9.636064310562857	0.987983906882754
26.34778731205804	8.008555734725261	0.0006033861252978754
14.326133816434893	4.128619191474897	0.26324976498948177
5.659619389348598	8.497910983829172	0.9833852174556863
14.040433032073265	0.4473258691331221	0.29759626364075276
6.262393483680727	4.964223244641552	0.9742108321778139
11.460952220103106	5.284227029002983	0.6604331439298802
22.71314164646393	-1.9282160082005557	0.018301312299536632
5.51563611908115	0.011726852253303832	0.9851834217570211
3.2890664519013493	5.001305294282048	0.9869959199351511
10.861177942746105	-5.7751484883767255	0.9998079086656223
5.4322330937768575	8.012435251991755	0.9861484500241537
19.20992163305422	0.02780367615595125	0.016657178648391203
5.622739461219227	3.796599325666918	0.9838613975074654
39.24210580704202	-4.911328388442799	0.9812930485078987
21.756178365579935	1.8573992347220702	0.0039617216065164105
10.148156701634997	4.4218814852094415	0.8093599891060752
22.484794042512096	-3.5207553621031114	0.86067719564076
38.62888197017254	-0.3296045049619387	5.929017732073411e-7
38.015770774258996	-5.137638988842191	0.9895283926422941
36.68083126508929	0.9400291407319088	1.9905870900787745e-6
34.054443943785934	-5.827938870262804	0.9982782098002562
16.69591900303674	3.999680245010895	0.07723870782186254
13.4971051089802	3.827866208984144	0.369002640925447
32.19712563876354	5.569731426588357	3.013151051946602e-5
5.950395478592538	5.969243263336276	0.9792746924857083
34.468140529591615	8.941348544138709	7.784881972930631e-6
34.72349893572705	7.040506117622488	6.662483657949136e-6
25.22431887258802	6.050506648385552	0.0009561497018262477
18.58586232427608	2.226073868703633	0.024535801772520432
8.55042054390253	9.488231921019514	0.9133341149110227
6.649126718958887	9.058139940650653	0.967067858296514
25.203589167664887	5.058352135216355	0.0009640116715308038
14.083741238343837	-1.3132695955748304	0.29228558354881745
8.466467679853139	-3.4490383685383375	0.9843143718769092
9.149830954934165	-2.7268687924907162	0.9282522437854229
33.25272272762807	9.948232178958436	1.619238769994917e-5
17.842775002244707	4.28571458346271	0.03886531184805083
28.54880983001478	-5.04109180893623	0.9926432323592524
27.629825065951906	5.223384601319454	0.00034017071811986413
38.9334675075603	7.6004294859219215	4.908167811946732e-7
26.40198706831288	8.11777225640805	0.000589582822111398
18.531915177036577	8.200775998005772	0.025373036401239436
21.360443463661102	6.6690681734607296	0.004826479654678343
20.586678904341944	6.874781050867114	0.007329608017085404
