18.136451236733684	6.536462632618651	4.787530313489119e-57
3.834356102034835	3.9739138355572656	-3.938185740680629e-24
23.987452865147393	6.150797856678043	-1.6885019572459932e-57
16.643742203220434	-3.6515233399626847	0.9485946843785323
22.86611373361695	-3.6750465489993527	0.8988001158924054
0.9490313366760403	-2.698370881882772	0.9974079834476534
13.904924173248792	8.015815744478193	-7.767663342816825e-65
0.3530006214362099	4.0400469796254335	-3.529531867164467e-21
8.43817778665662	2.3293609608086125	5.72042797894582e-18
23.140104323871714	-5.782192424843615	0.9991235319521664
31.538159073622328	-0.9637788372921303	2.5034656713974324e-6
9.601651592859804	-5.198870761735778	0.9994203366398557
28.845776642813533	6.946244445588853	-8.472754521520023e-66
23.42903971372133	9.641632687117676	-7.044727634943209e-84
34.58972290791937	3.8267798708965053	6.265428229668876e-44
4.000351176967255	-4.947852702330453	0.9998946901010618
9.949068819166898	-1.409331375172565	0.24805882737393567
20.446773403484283	-4.3083142668971455	0.9800589877714844
1.5851372769340784	6.164459116537037	-7.823603501557914e-40
0.4414463806557374	1.6054952544961356	-0.0006392417121386985
11.881900363148368	-5.85846824305429	0.9998085099925377
21.985978764685612	-0.18285446901514568	8.110502765697797e-7
21.892758185951266	-1.2514613945815256	0.003653977527793131
33.38053522478812	4.46911864912537	-2.5217562339364024e-48
36.34196736000103	-3.101093740849402	0.37685829255698877
19.037607559211576	6.54969202528185	4.670113898054195e-59
29.068919377371508	4.846342679421431	-1.0586825004043369e-50
8.962033843364928	-1.0341945436946496	0.2028241962307998
3.5736961065336295	-4.464665924176412	0.9997170523859333
13.828538560803375	4.717283878127503	-3.300869834854307e-39
7.225743272079744	-1.5280953186419453	0.5925570553307329
36.09030099142379	5.210105453856853	7.249709942618362e-55
12.855781613622868	-4.0965636713422295	0.9878252885051266
33.30417995121675	5.92865707204894	1.6536195405404633e-59
25.193688790927744	-5.759719739523309	0.9989215796502936
14.085869936955488	3.8222243159331555	1.8013205689619113e-33
9.441326790917694	0.5084654426298094	2.6937114036703955e-5
9.481737226615536	-2.4176809329119404	0.7662689036302998
31.427335884931473	0.8033919080091856	1.5532890543088962e-19
19.121529388921	4.495388336288821	-3.4447977332328616e-42
0.6575725098858564	-3.0741910196264755	0.9994373635613856
17.498421422442473	-0.43880188958854305	0.00017743552491547937
25.132728505437626	8.904827865304428	-4.942526859101345e-80
4.240518510136145	1.9708729170912562	8.285674602731052e-10
18.788856510086287	-1.2537363158116808	0.013318963940069376
38.35636704753787	-5.836693439346336	0.9978656752395093
4.094005426856258	0.9242644165068334	5.064123830673929e-5
5.606400305917206	3.1944418246867414	2.2220275535728744e-20
36.81154375530478	0.7000673019226387	6.429339916450904e-21
18.818734767448586	2.5967356766520044	-7.169858922174061e-28
36.17608496779067	-4.288109954519943	0.9352284442659958
15.37172430056448	-0.08772593473930357	5.1860032558872504e-5
17.3867472238645	4.780993384109024	7.791344502700605e-43
13.536888439986047	3.5701434455715564	2.4277863470611965e-30
27.510376524596754	4.679813330116078	-7.790915813170324e-48
15.385700439304086	3.5252778182405873	6.121242212043243e-32
26.875120268452694	2.9954033411576386	-2.7902520564890847e-34
12.439060329069207	0.39108198552963813	3.0338275386049084e-6
23.475838235568283	-2.0429254171256126	0.08636278272762545
3.633888765225201	8.65768289614486	-1.410608504986509e-60
19.388288494065577	1.6595344106682859	-6.365664665534943e-21
21.73874196128373	-2.78247329623348	0.5298335133364106
14.58645240740431	7.792844819654535	-1.6753712914850122e-63
12.01433852310214	4.446984962974364	2.1413228632265345e-36
8.42366232939368	1.963889464781003	1.0505508089828079e-14
32.11146905015444	-3.4433649448531334	0.6988323338481679
11.905452472578483	-0.8019914420048568	0.031214233977434183
18.307836178030424	1.4467660524360255	-1.348305770066848e-19
27.981639366926213	-1.0057149259983316	2.2078769917704306e-5
22.8981068328968	3.202375335789073	1.2907788605318168e-34
3.6937278633764645	8.94444476599509	-2.4145299194971178e-62
22.526406064373216	8.511204794048162	8.721651715201857e-75
11.572496019720141	-3.2570095989803285	0.9321523930876269
18.820670457076396	5.971963956223648	1.5540036889104197e-53
9.970115515245148	-4.750206225617717	0.9982234698327522
11.295838166617164	7.867661797669264	-3.866786842536896e-61
32.09404325556672	8.076689546316219	-1.4260927834084553e-75
28.753189356067853	-3.348234141096368	0.7069307064945882
10.05823497371221	4.96476613222201	1.7407870246321257e-37
15.217308045751377	1.7163692251402995	2.9908352104653275e-18
6.42367376689721	8.738259115348843	3.496862264942225e-63
36.022312325853854	0.023054952204441648	2.332774460293204e-14
20.69995937489601	-1.1537398666411125	0.0034036662579748408
14.334512721404138	0.4457444883678505	3.9979281742463855e-8
28.981838916030576	9.626028942085046	-7.076585041924206e-86
26.15165960148667	7.869913958834054	1.0471183474394536e-71
0.9374517803061362	8.419942608289096	-4.989548857143945e-59
37.408315752980236	8.897918971251896	-9.694325013484237e-84
24.953247569188854	3.6794212146381344	8.736282130362696e-39
36.81230502502615	-2.6739022070709435	0.09256306874092082
36.102729962710576	-4.080616843635369	0.8982870715441945
33.041884136146926	3.2250701627432754	9.723645618742933e-39
0.4759819202802051	3.898633834474829	-5.485238520292317e-20
22.505132228939235	-0.8522539294829024	0.0001344966332881898
38.80399021473884	-1.5555678822709016	4.909985346518431e-5
0.4369852192657735	-3.634957815981089	0.9999286179819012
9.596709741044824	-4.2238064614995245	0.9945741288496798
3.994179192227228	3.4161648487762655	-4.791624826431967e-21
4.921999691765381	-0.6701544743717083	0.4866076544300393
13.61733142936578	-4.2243119310491775	0.990169916259134
30.914111028504756	-3.7705430957629904	0.8531327937245349
36.86314431305506	5.045754512988061	2.1736775243521422e-54
32.8399092440886	8.389078871721479	-4.947861139712556e-78
25.25974586707642	5.292278893127682	-2.2496801329896736e-52
7.9429849709094205	7.9934446657486475	-2.7887603809103137e-59
18.915052123305333	6.920374397107823	8.36876245102806e-61
19.592575016473745	5.453558499620845	1.528399192511935e-50
29.245518563355724	-4.334975677303817	0.9618354907270217
0.6800359811260281	-0.7476850445932026	0.8821619411126755
37.06380087054414	3.3781291069329473	6.786221035020884e-41
17.459642615489987	1.1435920332763327	-7.357021273981548e-17
14.123563467586564	5.629718237204969	5.846518686587565e-47
9.91167678060206	5.909349277199794	-5.985127795791327e-45
23.738929822998987	9.95711563307561	0.0
3.4890012406134416	-0.13611217018120847	0.25975274934550974
9.382677771297672	0.4429365350833514	8.743334076505738e-5
34.75061257588081	1.0295783855085663	-8.795899987973802e-23
22.534648186017787	-1.582906677753959	0.01828779015953722
34.47543400537294	8.83371551068315	1.622838413859607e-82
32.008660640708754	-3.748300525417937	0.835454094984489
2.172013135096395	8.924883131960296	6.7336231098404545e-62
16.550119354832763	4.21894022632566	5.936762085767476e-39
33.28968214397657	2.084085439508531	-9.168115235544282e-30
29.66802517626188	-4.084696847476547	0.9313137040517762
21.990871566605744	0.42424262622627396	2.6093884844277523e-13
32.13558055372165	5.819482437391438	2.5303548759823594e-58
22.527580912353294	-1.6812949703207494	0.028793537359168755
5.947224206824518	-5.1139066998348195	0.9998398002231558
17.495981278161384	-1.9449856966589891	0.2183772581364547
6.439696459676382	-4.346072821375282	0.9988006695878364
4.04409784664699	-1.18656504335212	0.7452316717113241
17.878397655368797	-2.928450010446637	0.7417335072059847
22.692760359176514	1.0618006648501357	-5.659549393722947e-18
37.83958038313839	0.851667655940382	-2.714304832064204e-22
16.851515983618388	7.816398965544277	-2.3021596041484096e-65
13.451169058212434	8.319147547914774	-1.015718682113191e-67
6.689893474124299	-2.573303020149943	0.9348424970157854
21.114317226922243	7.412155693307808	2.7324884039017273e-66
20.1099645172702	6.318239796693858	-2.0323577488957157e-57
12.853786864721194	8.274849889593916	-4.653405894137462e-66
37.58766838357622	1.7306952081486529	-1.7216900445344619e-29
3.756040472401074	6.680133744240129	-8.711974433786838e-45
28.799746594449935	-4.094095829018578	0.9368398739234665
36.73016633487795	8.819879986235257	1.2574934472479371e-82
8.361518824265437	-5.625034373300929	0.9998514707749472
7.410543996695177	-1.1494147971392685	0.4012949241667848
19.689336200698268	8.520476713592899	1.0980703326491012e-73
27.498469995562985	1.6733902442601227	-5.952958253503526e-25
26.766695431461898	0.17832532419143377	8.007674685222171e-12
15.310949870574754	-2.653741524708847	0.692077820727718
5.866291542421126	8.99027317747482	-6.403173791813049e-65
5.235417373014895	1.396254675205519	-6.836190300112757e-8
3.7566509363289575	5.9003752153070135	-1.153286427084314e-39
14.456187792759374	-1.6843213208562968	0.1699849968527677
19.93694224666414	9.574927621660702	-9.117112389796052e-84
17.67511719104686	-4.965586901175625	0.9969336503496814
22.19948803873071	6.108730050522571	2.866685163543823e-56
6.714377101808831	0.3140345906959112	0.00720926486059237
15.529461498817707	8.793383440202037	9.332224343037958e-72
19.846247690890998	-1.6766595829967166	0.06416222510198227
9.753357665253008	-3.739140757719456	0.9830657038436961
20.692001197954227	-2.210718826036988	0.22771957726748235
13.070976445578925	4.150543952390299	-4.4797824999972065e-35
22.496576755679364	7.643515025693969	-1.236873246183641e-68
22.627570669694034	-2.012613680464737	0.09406812333527106
14.606035594649805	2.2977365473127094	-1.6504241513478821e-21
30.1291116347932	-0.635959059812155	1.951312013604134e-7
20.97039385034717	-4.936159966534031	0.9949616006112114
2.3300135864824654	1.2213789260639363	-0.00021668602868083728
36.190402865335344	4.047178761939216	-5.621743566006635e-46
36.56403127715406	0.8531116146422963	-6.411138392482316e-22
25.074003525830637	0.7876813470099471	2.860230244390247e-17
28.930836185734652	-3.595335643511543	0.8157781831684126
28.161474600568624	7.153753497968939	1.7243949978795692e-67
11.689905814387195	7.79244787214016	-8.507701623073427e-61
34.69879763438834	0.691545021599488	8.22050240541457e-20
31.894939257508938	-2.886450503524726	0.31580258457188476
13.879078929412593	-4.758179109393836	0.9970236380142223
30.822760613270706	7.154069490333454	1.616980199780752e-68
32.994287723376125	-3.77477307608687	0.8351135958481362
5.667622766171816	0.4021874385287436	0.010484157511001868
29.431575171583976	5.399830006484846	-1.129743618320593e-53
24.99687722267058	4.480702411206131	-5.213646773341581e-45
34.35856641097809	-5.4847010774004925	0.9961399428465355
28.331710098688283	5.492143285604289	5.377575439878149e-54
31.814987558758045	-5.4760496740771085	0.9966206707531612
14.814239621256174	2.1384248062969	-5.239713600446876e-20
16.165107756842758	5.41001067097943	2.291142119783095e-46
22.969063253454944	-1.8821051111985767	0.05605650546554221
20.13855441555715	6.8411107288234945	1.083207604349246e-61
10.573315288332848	8.14974343945098	-1.131344698238953e-62
22.65937613371163	-5.8613262117930205	0.9992973738817431
21.605397731623583	1.5810757287252422	3.1922434626579385e-21
15.778771862443033	0.48066715348817013	1.5180016858933301e-9
33.0311816888444	0.26966626076263545	-7.269480487149627e-16
29.234716697429562	1.906836157229991	2.760553146393999e-27
13.369303969255999	8.83092595383119	7.245257459533939e-71
3.1592494650036556	3.7082534474871363	1.1719368903296179e-21
39.06732493469404	2.355306375966011	-1.0650992076424984e-33
23.82182531247055	-4.097426993143655	0.9566944694556268
