0.5118955317314398	-2.409368617591433	0.9984928985206121
34.577525511518424	-1.4635130482534358	1.0609686182010561e-5
28.43995418111035	3.5165675615377836	-3.108922603112847e-39
29.76372915607871	9.123221063575041	-1.644326530431846e-82
37.909610652266856	-0.8614930872347717	5.276558865308523e-8
4.038658517029151	1.1620753845992162	-2.770494224809822e-6
25.77146310378441	9.22719261455306	-4.082579215594423e-82
8.32796333738227	6.722432860902796	1.0166516443227086e-48
29.42916510925839	6.331725453590078	5.879473570175901e-61
9.391313138414985	4.784993065938675	-2.9117423778228787e-34
33.69172417514266	7.597263522621311	3.099843502370325e-71
5.371413009468161	2.486094290661283	1.7928798257716155e-13
16.91010073276505	5.224602760132546	2.2116016787446444e-45
14.097911391030125	8.125839277661902	-7.465243948745848e-65
2.9271440401425335	2.394073515838823	-3.4453835634715777e-10
29.254283383750977	4.015086482803863	-1.6823719865986598e-43
26.66077142182555	1.9834668715784716	-5.925841664186623e-29
6.217005893226542	6.773711907134514	1.0572031014934804e-46
1.101431406545684	-5.6344827000390865	0.9999908183772516
38.42427131905074	1.7271251283174625	5.917798623697745e-28
10.743259894494845	1.0171531359592958	2.2746088228686814e-11
3.040197038560089	-3.4275626890478588	0.9857318658928669
6.853911332031758	0.35693027837401736	6.211975234851775e-5
20.550134727324945	4.263984073515443	1.1585103116688724e-40
17.779095181816846	7.257924019613286	-1.256800373679406e-62
21.266113714930615	4.752223357998318	4.2253465187040474e-46
16.56701014506106	7.870290950140543	2.3283750270633555e-66
23.61557740574868	4.954540962078287	2.1197408959661835e-48
39.499122316257775	6.989298206283108	1.4180194394493588e-66
11.020734222516742	-4.371488331125182	0.9956545898776625
10.072414493056684	-1.7570310633325796	0.583329534792656
13.098298082533914	1.9951992531985407	-6.302243885949739e-17
30.849478084602513	3.4668736762762506	9.521358539763056e-40
32.005494174041104	0.1971004674995882	-7.5547392832956e-15
13.872080936194228	5.94763660223245	-5.508167134175345e-48
17.967288504988414	-3.6786214521770795	0.9353501531564673
36.29606828881355	-0.21325803178008407	-3.9254433430173785e-12
27.5945386481543	-5.365507084190181	0.9967125967154488
14.94363288013525	5.306247992788801	-8.510086122208515e-44
3.6344957812415415	8.190852056640859	-3.773100809874707e-55
26.777458460477494	5.319856911416592	-1.681780482660943e-52
19.451489264325264	-0.13351873653529722	2.0407319522072993e-7
7.257997546738873	-4.808497241149601	0.9995119693079484
26.307618431933992	4.16071811372694	1.36772477293502e-43
10.554032184161136	2.9595160563464216	-1.1054605904363897e-21
16.640418721594365	-5.431121079673948	0.9989166280912958
37.908663330334925	7.668185292269774	-7.208378199156048e-72
36.76833830225448	-2.332721068992088	0.004388502089059974
19.897809322746387	-1.335049511224188	0.00709944554152731
25.73818070406793	0.8382870712760724	6.250385093518614e-19
23.59471208130368	7.38405674297422	3.9118668910821403e-67
25.967352095152606	-5.291255867610062	0.9965378527712314
18.583234578303443	6.781013615377706	2.473193027563824e-58
9.131278768310537	3.6554604600983343	3.8801858866844446e-26
39.14402824889891	8.160707335644958	1.250131563778861e-76
26.625446083767084	-5.607276330491899	0.9982412488700779
26.366753833762996	-2.688368972178017	0.2826707332436869
10.939315690599477	7.385074626194335	7.612469692210822e-58
9.270688456092685	8.223175498630946	9.488593575765817e-61
38.18550322943868	0.5449303200010114	1.223581441543714e-19
31.438143651615885	-3.731078032559095	0.8340195686141255
4.1931385041402764	-5.0095763809314455	0.9994506002825434
15.981898666355919	2.4017609335302037	1.3494167120021934e-22
34.353808175837806	5.9181550377232774	1.1846178409020169e-58
7.798639692234837	4.097356983054901	-2.630968472521084e-29
35.088375353705665	8.81626365219155	1.3071907816516128e-80
30.93249431109567	1.393580626640972	-8.101258089484913e-24
22.06942309533153	8.263675234727256	-6.765518938542897e-73
12.087532501195419	-4.027738743531655	0.9860988775259274
5.172652528583765	-1.84526218694044	0.6788711535533717
11.020800488622612	-5.340542047661783	0.999530915067681
24.51726918066883	9.495644946418459	6.870570319626307e-84
29.360109682822966	9.58715696059859	5.476434688962629e-86
15.223481687545123	-1.5846066180057736	0.17867111637789426
31.85461038542157	-5.338335421417632	0.9953610338779896
0.991838453708663	0.21974338049464137	0.03051821419328603
7.034512590083984	5.895593959973535	-3.5385715639851815e-42
20.25180031188661	1.4401507941173612	-1.6517127908046096e-21
13.168563440741481	4.140692116282294	2.1579655105375595e-33
36.37625619419059	3.8638948340445456	-6.47044875602034e-43
23.80034642492971	4.7320605588935045	-5.986273138111561e-47
7.627570070988295	-5.628195444953516	0.9999322422000981
30.02691557585899	8.472794953291665	-8.819317823097732e-78
1.8212876161357283	-0.4201923862791297	0.13554086655553768
8.800289329841577	2.853945934081082	5.162785974137558e-19
26.717811541597047	-2.827857036380209	0.37885688417582414
10.566528223431751	7.522109748168338	-2.865266300160207e-56
17.820382708472795	0.7409319500927509	-1.73804813086143e-14
21.55965385935027	8.832318091613846	-3.369795051967763e-78
2.943267884752283	-2.8596641324200807	0.9529860702386077
29.14626330599313	4.657981726761328	4.8025491245744026e-48
18.935137287499238	-1.3645086209353803	0.01904961721027258
10.335809268179364	4.7763184766396005	-4.439822825257247e-36
14.527704917126222	-5.534529411935116	0.9992934446037569
10.23814894121626	8.457965414344857	1.1090258642729872e-64
7.593164729988829	1.8115440198935886	5.551337220122616e-11
29.033174064468426	5.026702458665815	-5.375300886507893e-51
21.301399255968512	-3.8209274172085355	0.9354849132046672
39.57191066382293	-5.689169244535234	0.9968015700219198
39.469794550108126	4.319756180074696	7.988042943278345e-47
28.56697623491207	9.125300622609192	-3.5786607455934044e-82
19.026995472317903	-1.578456418669166	0.032021927918099324
15.81865795496139	1.9648336374730846	-2.363219306481019e-19
17.800505710501564	4.60546687233713	-7.238454034501502e-42
29.65702083991323	-4.095668334122298	0.9322056802020544
8.450124840433908	-3.8580046993576946	0.9959265037159121
0.8870223418613626	8.35063312228741	8.69626154952318e-55
18.0741013654655	-1.2035046523333914	0.02543751365434506
5.3630586376811245	3.7404162312698865	-2.310065313524697e-23
20.634444225360685	-2.194885057361862	0.12732443380731612
21.378758729663947	-5.788571143798341	0.99926989461385
9.848127913127213	2.725574087723807	2.965510785499612e-19
9.403228509821425	-3.5279831059153075	0.9869583462904805
39.23114400761849	6.127289763171145	8.163542683902666e-61
27.049284780860237	-5.7091562211260225	0.9985651232503746
0.6986727134189225	-0.30980574677313477	0.5729058213355043
29.03673850309199	1.6890220616638185	-9.287418423267951e-26
33.29075012438517	-3.6621403845545366	0.7875577244580482
5.361268135523304	7.462865213067854	-1.1197727670329003e-52
21.480067458945047	5.134466611359429	1.460717397534339e-48
15.986151586914527	-4.624587783079072	0.9934319327375541
34.05023159111794	-1.2565801664993188	5.579699396772474e-6
18.807683732560356	-2.547819416954974	0.4340610707607395
31.036346256547315	5.627354997060859	-1.5757970738856233e-56
9.168216847529978	-1.6045740013663448	0.6598935309825121
38.549323769843	-3.8157572331796175	0.7977309283632538
7.685115787137183	-0.28240878183352613	0.09655019935706335
23.663196555184577	-4.4876585708226795	0.9819703608746654
21.289542498841623	0.12559565185426358	-6.745886997012725e-11
8.980923125833247	-1.8368547704179221	0.761541852779117
37.24298094770679	-2.939026429135007	0.21489662892682768
32.30087692305277	6.656109249652227	2.704837642453199e-65
24.57432758732366	7.663678605261092	1.2689756418404034e-69
37.35151124211642	-3.687777068367911	0.7525286933909714
11.900575024231767	-1.3257457696605588	0.20243711638364606
21.72046130346985	5.195969868653572	7.66819236485547e-49
34.8591403712095	6.489194602818159	-3.343737081621933e-63
33.211279808643404	2.0063268587982908	3.848855736132396e-29
1.1055436065513504	-5.5593690390343635	0.9999889764741796
34.79267066155776	-2.396697801261679	0.014977947559551532
33.66506357590777	-5.548761404201025	0.9968038894694828
29.72606888385908	-0.3646491082984493	1.837434342077741e-8
17.483234974163395	8.270004720719514	1.926885117454694e-68
30.480847496951142	2.0919090421720146	1.5214216246244563e-28
21.096537907636105	6.724425202710275	-2.1418840023198378e-60
25.69637582463988	0.0030093155480912515	1.0383848438862041e-11
31.72311762058096	8.227692019549725	1.532496623678267e-77
24.45156288181896	8.468240414102887	-3.629544869531053e-76
14.677826192809476	-0.04961890724935891	5.4102683528866135e-5
22.308284706869575	1.8107702361884517	4.032228024686406e-24
39.11105438996009	7.613819227540514	1.939395098580588e-71
8.70963541559096	-3.486518657930757	0.9897691529962488
27.443725251167255	-2.714470905398226	0.27382956230349403
30.086267899082873	-5.342078853529417	0.9958938929928907
34.12360953777101	-4.669585458084079	0.9754193219055887
23.658191673128606	3.1834257293951627	1.4319973616351111e-35
17.115617915943137	8.020402920827024	7.273649985689619e-67
14.239301276826913	6.335315678974325	-7.877821097774936e-51
20.904723861091664	-1.7898229971411919	0.017323229714019645
8.78410780498263	-1.7726855645191808	0.7610309061565117
28.665851196547408	1.5687405557349017	-4.524387777684017e-24
25.115652853780418	-3.039818601947564	0.5790419144815371
6.248420491368044	-5.577073463420776	0.99988289132541
9.661099085176552	1.4774883963547296	2.8620721441590945e-12
19.386332784237517	6.346340389099929	-6.346794949841376e-56
3.4255919123892533	-2.794598883250833	0.9342506477582625
5.973817468029776	5.814614295360375	-6.143334037509544e-40
29.832186659701126	0.9137641421267961	1.8005078411196744e-19
16.8287447314804	3.1508025701478193	-1.2032464933940803e-28
22.67924793524533	-2.847517464717706	0.5097324462724745
10.461947653802634	-4.057720652124335	0.9930949288791577
10.848076113433597	1.016775745071433	9.794073307899101e-12
18.657262382713967	2.196559598341656	-1.0367648168333221e-22
9.055300526327079	0.06160461992111266	0.0032041095594915704
16.852804075632765	6.151836682955524	-1.0342650400809615e-51
0.6036151755376932	9.157262414129237	-1.138251797634847e-59
38.53700043900195	8.16476517065102	3.4907021624698265e-76
21.635277162627226	-4.82607014401448	0.9931524494057227
39.14354539320402	-0.5808881212491457	8.701818772713086e-10
19.521513612079758	3.4874255862853634	-3.632566003713026e-35
35.99411417029524	-3.293274395591478	0.5233041233688503
37.36342424036264	-5.033421603672794	0.9871579202582753
11.166490821126562	8.791421473803199	-1.2980664243659302e-66
7.486424619687079	5.177861103323263	-1.5670188954973373e-35
21.30259487216058	4.720444393066565	-6.747330232187206e-45
31.79749551488449	0.8066320471310728	-1.95682653919777e-19
16.80404331022289	2.5871282367792734	2.0309469489792227e-25
21.153703601413167	-5.722265861657618	0.9991688579490503
18.451369582751436	-4.214405820404329	0.9796982520824157
14.870926392254628	-5.47226296368939	0.9991526946142071
25.24229669352182	-1.5757995787212415	0.0018698044246710718
24.919450353315945	-4.96281565391253	0.993225541863644
12.237532932498802	-3.410574844906769	0.9426398094470879
27.88116985433163	7.242923194136864	1.253505360243461e-67
5.388507845449244	9.147917655357398	-5.479819218911956e-65
23.317956723256984	-0.5011993011480858	8.673865691186572e-6
5.729801439159046	-0.8204789733931062	0.24450028268286503
13.978139223775935	0.5479905179766398	-4.787626671375183e-11
33.16947027252122	8.992980066988691	-4.36272184803955e-82
14.362200689612065	-4.142195946589284	0.9831607117245307
