17.011428256513025	1.034537518167614	0.013920468935641401
23.5916464288114	3.064656472748011	1.1171010428856548e-13
7.282717968960076	4.142511476036061	1.8528924566471022e-12
23.552772929511644	0.7712404704904383	0.0007402724654263883
8.025190382636383	2.2989396607188475	0.06711239619789243
37.96582863245918	5.369991445262173	-1.652530408511669e-36
2.3815070450255638	6.379091581003573	4.0727584828624465e-27
33.326198571400155	8.20309399418024	3.2637759967674893e-56
19.42975769254162	-5.899519598291169	0.9995286052804678
19.04121016264501	-0.6518452370943244	0.028637602230994205
0.96141684490156	9.86226965593614	1.8911951422452594e-55
38.49776281071286	1.0557512372270956	4.454741460082753e-8
37.52736207511582	5.044167561376323	3.2687628361653885e-34
34.30392827215247	6.352585876582223	4.913772822644499e-45
8.60499817520937	0.009085588925081822	0.4012889721271144
0.9443547168733558	-2.6552921212053775	0.9850699773641804
5.482001050671979	9.546043049805375	9.830711551344066e-54
28.685501300876442	2.31270943127549	6.724238726712319e-9
30.991638374342887	2.5241046754120973	2.6595246521015916e-11
36.60920077738225	-1.9714617100302352	8.770532079492354e-5
31.58004721829293	8.608900718389377	1.0482921493673397e-59
38.87322982220687	-4.333443832001192	0.9323359822503928
11.467798468094854	-0.34601784858866935	0.278763131912357
38.602844782572895	-4.949770014063565	0.9834063127837898
26.266736086557295	6.235598420831522	4.7170018734937216e-39
3.60208837118132	6.314138061024957	5.6892283072052615e-27
28.14533081895066	-5.973023099883298	0.9991533654016452
8.455421477657504	6.489561984096634	-1.2888296454322383e-31
30.897044489662964	1.0228585336536522	6.406947374832349e-6
18.67239034852688	3.4740419135556024	-3.247814117135266e-15
0.5811290942663396	-3.11578895183049	0.9970778531182178
3.2473512430193603	5.765998078946682	1.2908954587404563e-22
8.53943334090446	-1.7926154183145453	0.7040854927178417
5.759272536979207	6.654886689269784	9.659312328596477e-33
3.0745727972523564	3.762426366175026	3.292516742294673e-6
39.39368229332421	-5.88915209723821	0.9979980536089417
31.593688077329855	2.167560032588444	6.5554801814417305e-9
14.611217289643317	-5.052599812071392	0.9982353712538257
9.882878650674009	4.727465458875788	1.6197800942374607e-18
34.0563782176674	0.5199108312419227	2.1267154206565466e-6
29.617152995017868	8.877555051092799	-3.1054523432928364e-60
4.842894706042394	9.424468768147374	-3.69526478201345e-52
4.968708095264917	6.558481755634638	2.9579418565346543e-31
4.5580165269338115	7.802828925523517	-2.5595764755044287e-39
25.7637798804308	-4.854730369277904	0.9907348316332636
8.763374759792013	3.701996937931728	1.2893250678012934e-9
24.037313432757283	8.34385101292024	1.7503974481846834e-54
22.126168175560856	-2.82574041907346	0.5238783184346588
32.898126342899175	2.8918947328895186	4.327462619879757e-16
12.090927403453035	-3.7211412608665526	0.9795339467806865
13.10529825622109	-2.1444232670384498	0.582040890710456
29.430485175261005	-5.066978438235095	0.9925774974649771
8.090479547960744	9.083818850772138	-1.5752710453677126e-51
10.262947946139299	3.3040914693975356	7.554332571840556e-8
24.25895181395039	-2.1875173686144063	0.08056511785217917
18.448664794094654	1.0677457937100243	0.007861593496076848
33.05315004112892	7.3409133194174	-3.8372830898452334e-50
22.078125616728556	1.1046755593115076	0.0008889072102130776
20.69974149053086	9.312197217819284	-2.5504383637583677e-60
19.858094884673065	7.741151709695094	2.6430676179110315e-48
38.12277042451505	9.173815837744112	-1.5517622008433859e-65
9.016782097271372	-1.1964078545256456	0.5051192180170673
38.63133726201055	-0.9357904941897619	1.0475973102508583e-6
14.824551208966446	9.01455167031258	-2.6268203933534206e-55
9.331735161821438	2.657520747466192	0.004649073374956233
17.68180408794748	-4.307676792553652	0.9852720315874305
10.612923238205358	-2.7505445108672273	0.8746258084603339
6.157699064464633	9.757625243236227	5.054905040954721e-56
22.199772772084604	5.206697058928423	1.2177969357431307e-29
32.9002789750229	1.0960945377454276	1.5040784372028495e-6
39.03667133344093	-4.828215962373974	0.9776208888525094
18.906904961181635	-2.2271871655317454	0.2802102065743302
6.531975045788756	-5.254152035904447	0.999899773448419
36.03178233598486	3.557929555457118	-4.610979953597473e-22
26.489493261628244	-5.519958516706968	0.9978730817587769
34.868733630654766	1.6647462947715628	4.3308791486656074e-8
1.685266130385569	-5.956858998459655	0.9999912225675373
36.635946337065825	-0.33661507479540376	1.3584612874900717e-6
36.15216437651542	4.960895617694749	-1.649494008125086e-32
35.57865616968152	-5.079264004553835	0.9894980115541931
31.082713807723884	9.457813678134544	-2.6380731101399575e-65
12.152862118194674	-0.29983163062524376	0.25457697665789497
5.806823497641659	6.561821163823007	-1.096753204834929e-31
19.72290294753026	5.974203096567063	-1.2229745347580926e-34
19.42229095954092	-0.46760820366196043	0.020299279368754954
10.311693690796229	1.801855359488842	0.049844082730614775
7.565588286203713	-0.7284267019476669	0.7048122803633808
23.165277466852036	0.031666145024674464	0.001988632108653633
37.17711105557895	6.611781362998009	-2.213965120934519e-45
4.965708315362649	1.4194177076546843	0.1661628630164397
6.4641151349770585	0.18947003416037234	0.570754003180402
18.225066422473105	8.394066117312992	-1.672495141470519e-52
36.124112881148356	7.803846053758122	-3.818989855950032e-54
6.6741802949247	0.30719141676249073	0.6116459495114575
26.42867156855074	2.82155498664606	2.1729547986544227e-13
15.210806753866347	-3.523168688398531	0.939308067367511
11.598036938067391	4.280608148797633	-3.9625230127513085e-18
6.75134855695546	-5.4042056431355405	0.9999415556955444
10.02679552365003	-1.6122009858619908	0.5344802402011313
22.464026321344136	5.15332416019041	6.302725471280722e-30
12.503881299866448	-3.9073315837117732	0.9848605805959662
24.001085393791513	2.0966873878635592	2.636883792450204e-6
23.89724949111338	4.931030902604887	-9.965606018278392e-29
11.1194121480458	-3.3549722377073863	0.9619609589848513
21.74590420628064	2.6570583634466534	1.469634537203002e-9
26.880205487723146	8.800786363125646	1.3502495201300043e-58
12.167300028316832	-4.375856508938389	0.9952567010600278
5.295946348569061	-2.506940398228931	0.8883429542296342
12.41675668796573	-3.4732247915703365	0.9613283248050839
9.542330873282731	0.7428087795773948	0.24672052320636512
9.158755998642501	3.7691282439878098	-6.929237205777875e-11
10.62078464768731	1.932001995573252	0.026860862924598154
26.877245019387374	4.981438405792316	-9.892223825783304e-30
23.79066394343541	5.819915531350116	3.8546813158121134e-35
11.534001692808378	9.039013049331851	-1.2453811945471233e-53
21.555628090438393	-0.15075568892884483	0.004993093939138706
11.194873599874311	4.264996432287068	2.904158445599428e-16
5.07354289110804	7.387816081462146	8.46103272151354e-37
16.2087725243456	3.469109531491485	-2.5729523629031247e-14
0.8935375446633119	-4.729127252465052	0.9998778117779371
17.826698755396354	-0.029002005447859247	0.02979355726691796
31.731403266324	1.9142753922378812	7.09180617545378e-8
8.848001698846042	-2.8288046847247372	0.9221181933916062
21.29499526408997	3.3114458742668162	-1.2067562308307532e-14
1.0824293218559848	3.1403472174440594	0.0004409812495198765
2.9441006075509635	-2.051507961091305	0.9825000255733732
35.6952271121868	1.7933394658263566	1.0364213460928218e-8
0.5948417395272204	6.076762117045359	-9.956451703402115e-26
5.792518749856019	-3.635737845069775	0.9920175372473343
2.0515835943262912	1.2588145928188545	0.532384701469981
38.17435714588151	6.819995948795626	9.994922060595303e-48
20.404289211109692	-0.6168329408763213	0.01355315376503789
27.707482114760698	-0.6959590635741737	0.00035696889236185025
25.699295133862	-5.547104964130531	0.9981195086153494
0.4473611079179458	-4.695753986312397	0.9999495016210607
19.033193482642734	-1.8903713785357272	0.14703752184861515
15.766276148008208	4.065585969143433	-2.2206816628895093e-18
37.22252524097206	-1.1828407302577926	3.95628694305245e-6
9.327801509294092	-2.0025783134020703	0.680716302164734
32.952332003960976	7.719134367759992	9.6576770477021e-53
24.453227640734752	7.16571579702439	-6.266857722718786e-46
15.26138207204657	1.0197927761820118	0.029627839222958384
16.216413743569802	-5.934524272226575	0.9997141233437624
16.86586292372472	-1.5014508735392624	0.13837551808804302
17.566429025367242	-0.676695946301006	0.05190217519727718
31.986590989455973	7.868399105801343	1.4827993676257634e-53
9.444166902900985	3.1280437257986033	2.5984155467501832e-5
10.068152618746494	-2.55681385343137	0.8285061803022855
3.829179787101662	-3.6620165889268375	0.9954560285391293
3.3480878358001696	7.593106009776143	9.414200217712827e-37
16.002176070146934	1.8801392578084464	0.0018169519030967697
19.933576920091337	7.576475310430665	6.615845005997607e-47
31.991994347635394	9.889565636979023	0.0
5.707485404916679	2.4815221795870936	0.018957388693865006
6.385668132285907	4.096414594408596	-3.439270822496378e-13
12.979746831705098	2.8948305899397617	1.9913419592602905e-7
25.78653063216343	6.433575762834499	-3.261015247760301e-41
6.758698542801398	9.924514575599995	0.0
31.873643816410464	-0.2871060062689832	2.1002970692647945e-5
25.782510444546325	5.546711208234257	-1.6067460619831006e-33
12.224587727975344	-0.7735900229720443	0.30589155030922627
35.58784320367182	3.5417051913342252	3.568778593346413e-22
39.07503354138584	-1.2367464888218205	1.5920744043404103e-6
32.572461754765804	-0.954743808465107	3.4662146144655705e-5
27.629572647553292	-2.277589572578604	0.04935154667577738
23.464303107439168	-5.008777741775557	0.9945993303812254
14.02189646121437	6.733454123698795	-8.512866288850712e-39
14.098203150659035	4.74148754409179	1.070871302572331e-22
13.001320424977703	4.508869260897816	3.8499103396079186e-20
15.676508082429063	9.568042991228532	-7.92158018446319e-62
19.092548309072235	5.087224033644086	-2.0987377368312684e-27
16.10446830461532	6.600194856231575	-1.0873501284475497e-37
39.62946628174614	9.671342742160759	2.0316387235649194e-70
20.18940090351157	3.6800888446592595	5.298989101949765e-17
16.973939162464298	2.0494376012942706	0.00035957511466305444
35.19933398495934	-4.732196087354707	0.9772890995932793
35.26561030124767	9.322743449627884	-1.8819372759142529e-65
1.48966405757967	-1.6675912298881652	0.8746588907285957
16.191821795186208	6.067455679738888	6.742809249528554e-34
2.3446492515302624	-5.7716986566685335	0.9999953116404875
23.21103067629007	-0.3386699997540923	0.0027421150589606053
18.466530689784147	5.125623361917544	-1.5109452621382294e-27
9.219942931738833	5.750708486822486	5.1811058869199625e-28
34.25160216988389	1.1196818476954533	5.950677075025596e-7
24.903457102523074	4.603953327650297	7.118669872914559e-26
7.2943582251322	7.5618510383551225	1.38227562598886e-38
18.588289372441785	8.787165567412025	1.2901122818249675e-55
12.898363343065983	6.589878904908202	-2.6647111334731856e-37
34.18678888191016	-3.581054190982341	0.7377626331325106
7.995310783400899	1.2999180848587972	0.3369412417375809
31.277129658642107	0.9477301236972782	5.9210676741442965e-6
15.875148174430617	-0.3998771623004078	0.06699449142068277
15.157568977496446	6.30495969900239	-8.196214968488925e-35
4.167807043242899	2.55610032505513	0.011383045104256875
3.713018711429404	1.627670347758217	0.15620557657060205
9.000331010760693	5.717821508072074	-2.083016975903092e-25
2.735617323590683	-3.2857911601590395	0.9991870310898083
38.226582865557305	-3.137909509806601	0.3523395398108414
12.068963936820024	9.887216730769692	0.0
28.129619572563886	-4.79272413543244	0.9872804054952891
