36.14148637437327	1.2473207910706243	0.006142811337400352
38.816878786387086	-5.718773080055778	0.9971304386836621
16.415113669019885	0.2524916464871243	0.49402203795162686
9.034410520153239	3.2014052211247446	0.8330214851052166
13.017164398150205	4.9821409865411805	0.6395338168737905
7.82769561536942	9.396871294698833	0.8392745893841995
22.133228794447888	9.70310888366266	0.21896323657949512
38.91418699940094	0.6340764542625674	0.002664038540968505
20.043720534453602	0.3668804549753357	0.34070454598249655
21.227830537983465	6.7621094381097535	0.2711310878900661
29.445586123708416	5.307593329414916	0.043795873789985666
17.99176221500839	-1.2436052305637482	0.4504934595202885
8.198717811413932	9.587826885127116	0.8394902827112996
35.93661907783808	2.9603865262351654	0.006558900977563385
10.344440646342186	5.100174649361556	0.7947947455511816
11.07046476867614	6.183533191940471	0.758419050699307
28.371812444721932	5.915581068724592	0.054102079631717634
24.375325607308756	-1.337965345179457	0.13148292730373817
12.211836156009698	-1.1614427182834781	0.6965758425426806
31.15054491535698	-2.4893433684123796	0.17998049127397653
17.195416659527613	-0.11858354711480246	0.46832875383764483
5.9672485575819785	5.5891385733663395	0.8311204188195835
6.82259170105392	2.387959166720627	0.834474238887898
2.267047456008042	-1.1167078804491908	0.8786661087469648
30.015528767440692	7.635395679559451	0.038679204713049656
31.68576368735847	-1.5149697135433868	0.030404077304178732
26.57234349680917	5.972026736310026	0.07526464226196802
39.53098606125552	7.352519650157127	0.0022312878764150735
6.581741891457286	5.170874601023666	0.8332085913563498
29.541520085192104	0.1923337988483702	0.04291950923425065
24.474733955448592	4.1998886022110575	0.11895494249648325
25.22996214788061	2.191498943810384	0.09938503319545355
3.3090638698766344	4.0350624608299075	0.8561259747480546
1.473995386254631	4.0146393463066925	0.8605571336614176
32.36291354906321	9.708131313164788	0.020763764785081018
11.579348496022176	1.0292536531442362	0.7284816051451953
3.9693488184600882	-1.801634570848531	0.8875488500829417
18.38811339312422	-3.4152419770203952	0.8920836838799046
18.32603834640195	-1.1829166520880179	0.43508058688080326
26.4205666474966	-1.5669961711306613	0.09089216969983484
15.186982719581946	2.620803274554552	0.5358344246523422
13.778995486716923	-2.374795592979508	0.7443843645558621
4.584533623730473	-1.971120027785421	0.8922745906877864
27.899309016938794	1.9743580119057391	0.059010448112236186
7.7903055556907885	-1.1652893135202333	0.8444195327512509
8.505536116456726	-0.8591107422603397	0.8399044105122371
1.3715501193597956	-5.227893545806719	0.9999837748132732
5.365316974198877	5.405824170599583	0.8316643137985628
35.0403838424987	1.0833569595839219	0.008779544698455594
27.428523851318673	8.925918539945545	0.06426022491630061
6.074974286698986	1.560937470209355	0.8313251970954578
4.725752503107942	-5.3089774792621505	0.9998601112921578
38.05368019787611	-0.6205147574278236	0.0034365221634298196
23.84371986396501	6.163159580461306	0.1397965736868238
14.068313192086483	3.94151984964123	0.5831157283690506
36.728332785235956	-0.1346822124202447	0.005106927674572264
27.666729628230687	6.355659565159687	0.0615506766329665
3.806357947942424	-0.8102633555690808	0.8491402992532165
28.019697973740847	-5.736301748843156	0.9985670142870774
17.21544676343889	2.338007823852479	0.46763564342127467
8.444143806815879	4.3343167509357325	0.8387389556844611
2.6605977115485886	1.4078974405404274	0.8658130166926805
35.6514120654173	5.474570082350539	0.007191120877660525
7.806255499223703	5.313853804552613	0.8392220385648212
34.31860832700649	-5.65793383707193	0.9974221983252818
32.67059368357957	5.838203865794814	0.018907720570041156
17.716045035379487	1.0062937253674171	0.449864045944716
21.036157259617255	1.7437497392047625	0.28253956634770266
11.784203267188976	-2.23725780749664	0.8166884659834903
13.827111065425923	8.814239824731578	0.5950211236888197
34.590965935971944	2.013072541259156	0.010179917985572523
33.54530340347432	5.902181144654083	0.014337713381371244
4.864666345091792	2.3751065210564537	0.8345923059905018
10.603851083524585	7.7378185682690965	0.782864685594731
11.910349912587028	-3.7842319599882597	0.9846925279668325
34.109192356642644	2.673100624093099	0.01192951676316587
0.9661941726180752	8.26378065149581	0.827915653052621
16.551419014066845	-1.5569505264266663	0.5158482503812986
35.52131922754826	-3.8571520629607807	0.8426884117371156
3.908895285969561	-3.2013062349859105	0.9881533239602877
22.531795407095647	1.3695970900596137	0.19775710713907013
23.3327449813632	8.338175570906731	0.16002320770401132
15.64176631660416	-1.0621459681855363	0.5253205285505238
38.73166754467111	-4.899036248908747	0.9813134148176843
14.492598298716516	-4.736548413197346	0.9964422725964115
7.427644254669425	4.326642420409295	0.8377789374184622
26.968797544291085	-4.526162129348647	0.9789694192232207
6.214933262092412	8.011249922725437	0.8317063735786052
13.300962735597697	8.300981286747737	0.6231862587264919
35.723811961139035	0.35240887719085734	0.007024641210496221
3.769268064201071	5.3219504591452935	0.8484762701197226
31.692604153047707	0.9776599129982646	0.02524367519102282
34.63971130908792	-1.3140634676749698	0.01120354834201929
26.29119347627027	3.0259194408127357	0.07946802092750038
33.02077866471356	-2.3905048258620685	0.10503992238932139
24.247765905647487	2.6986546560830806	0.1259438130034275
20.188841582100867	4.697768792506663	0.3324368771625109
1.6484673349338912	-0.8772641419243801	0.8723431206572699
38.5507357319382	-1.1315244897290615	0.003149029225344919
39.40927541380179	0.26783412450491895	0.0023107557052822534
14.866192167982414	-5.793092364093841	0.9996609765722818
25.344037961252592	-2.104299394070644	0.18944583368053586
0.9310873702349739	6.097960605523699	0.8239497694163558
30.87096927057808	-0.6854131920899338	0.031658466241227805
34.161153407870145	3.099456353971778	0.011727655557727838
21.831971866870806	9.210816948619863	0.2358377905297632
36.784515967406264	-0.05953770092151167	0.005018470145948587
29.629322018041265	8.125201356054443	0.04212119970149773
18.17433729779363	3.1067662418778	0.4321100091373254
32.222507716109156	-2.3248058288951086	0.1035766437767457
8.298394935279411	-3.3474742664262465	0.9825810355505548
15.07781954500454	4.897873413045154	0.5399420463345933
11.727793315788485	-0.008371082326910084	0.7193404758194192
17.432836706454953	1.7864498027520792	0.4600923949083635
30.26209847973601	2.9808327653942843	0.036540270706168554
35.20993009176997	-0.6953172230077858	0.008361226546919254
33.24361036752701	-4.6204106523198565	0.9740149272654032
17.350014043417858	-0.6289459856783441	0.46363221828614837
22.254394473139353	9.578562681627087	0.21236906955477186
33.08579462681368	8.619573594406516	0.016608615718095954
33.249918989055494	-0.9110723114433004	0.016107806424428144
11.810633193765588	1.1879922669086938	0.7141812968198076
15.906426962345781	1.5299590297388104	0.5106545234836196
24.22439349748818	8.302552832838666	0.1266950691843758
37.946582586259304	7.409488847586571	0.0035312989120784323
28.339453088212224	9.253838180350725	0.054429095693428534
33.909368596481535	9.771805208512628	0.012736778716816948
13.940868093607785	-4.684710371031597	0.9964557968881363
32.31033593439337	-1.9463314990720697	0.03941703490427527
32.54255286036001	8.829127693081123	0.01966447252519815
20.320966956520465	-2.363750538016939	0.5154582151533368
23.621411584077322	-2.0114523446953196	0.23331046381284817
0.8022607366181518	-1.3942871511927333	0.9596795798566841
8.803897255271353	-5.651155746191204	0.9998981741189609
16.56775022890848	9.116779404401205	0.48907349174006803
35.521424957836416	0.6147475379212928	0.007501213508620832
2.398666941007687	2.130750619102402	0.868350398140364
36.22188003454165	1.8844596435786425	0.005987677347977848
9.036250577863523	1.3342772208876958	0.8329936749836205
30.837045661218546	1.8183808542125046	0.031751373320816366
16.196800045400046	9.570843892673034	0.5011049774389541
5.10999446906291	-1.304679030912249	0.842165328975571
32.117292420908115	1.253084233199413	0.022337156869879807
24.419106184711993	-0.41770390773832844	0.12068973131915169
15.971060267500297	2.3633622509799785	0.5085098371992515
16.010482067681778	2.5266925703975947	0.5072078900808266
24.3474151565662	6.689338522080897	0.12280755651766193
4.704226312505174	1.0041784090520292	0.8360233192193426
16.665894502552728	2.2269037684476274	0.48588536172793595
37.579686323890584	3.463016005074852	0.0039383716189877495
27.29712040259841	6.690410308427667	0.0658095918481126
10.977006610697414	6.975169020825062	0.763587902974152
26.762488240356824	2.998567283702979	0.07261052158129215
33.272399383787814	4.9563240585488195	0.015652080457803506
26.26853931968393	-4.6546946691656625	0.9851677576087587
16.731841927618284	0.03777507752688969	0.4837410103772464
2.0124085478759475	7.0204743966730305	0.8691802748221684
26.377735611823816	4.233677057952418	0.07813575039743036
24.618123857483074	1.0928506695163058	0.11481782413397072
14.741623526501854	-1.323573573791835	0.5669635199600773
22.074752902702386	9.174489712162494	0.22218792512748003
21.68600138764175	-1.8057743315631303	0.29845643714996745
32.69433026605768	6.430615544502931	0.018769895409447346
12.478179989127735	2.058785528923753	0.6722827164076617
34.68778217930992	6.390526463143132	0.009860154778354368
16.083167870089845	-3.7083256817529673	0.9535840584692435
4.055735806600756	-3.0087489000077525	0.9811350310506939
32.0413611934153	8.343443673986796	0.022839789503662437
37.07573288458493	4.646734852594344	0.004587560557712584
39.08825982387489	-1.7342882385645009	0.0038144151624924134
6.175112724041373	2.8030113163657386	0.8315855081165474
25.07203865577417	-3.249416938883245	0.7413272632143093
25.918542740940023	2.742258940892434	0.08564847047064275
19.544578054880308	1.9429191028789	0.36805661065890166
15.085875926872859	-0.7907822728909117	0.5413020311625123
24.32321658979936	7.909997062621722	0.12355928631388167
7.331595390946453	-2.8908916097198993	0.9599239887337372
15.306584353932966	2.9001785132236844	0.5314355879419624
8.910527389957503	-1.2753528403159304	0.8423125027218876
23.579903042920275	-3.434718447370118	0.8369564481523497
19.431031495384666	-5.67976840168393	0.9992232140059708
35.689864484906785	-1.2933589778126784	0.007901953924225068
3.7147526890927156	-0.28557078786767853	0.8493373134645748
14.828200495048149	0.34188898764008435	0.5497028184127246
37.58861704306817	1.9724902903335977	0.0039278531119793444
19.290786869651566	8.165156840147167	0.3812074845357881
28.46345091276804	1.7896394236543962	0.05318220330956524
15.598558811536144	7.0513732276334835	0.5210896344819836
0.6489569990197073	-2.1108798552678714	0.9938875928350909
9.041580477649243	-2.8832010132281862	0.9559463627908303
14.144968955075255	4.152239289358992	0.5794681218055026
25.96693645970059	-1.2194544324745848	0.08968946678702253
19.449633413796388	-4.8819817932330825	0.9951445141299714
8.56577196748072	9.083554381561859	0.8380443783467484
14.814065639760768	-1.3814996001053377	0.5665688706249045
39.40926477424554	-1.9185554547035188	0.0043778013984950405
13.948107546652144	4.597886491168724	0.5889680478046732
28.48371523457174	2.9000163212906234	0.05297997645072117
25.15446168595319	9.241466928779147	0.10110885476052837
2.0375678294478976	3.216986461886467	0.8692638492064871
