15.907125542294308	0.5739524558049158	7.541405461074708e-13
20.03868407795473	0.811323907942402	2.713864910036285e-17
29.338237499733225	5.959053229133337	1.8554012757358987e-40
34.59094136592676	-2.3255351814367504	0.0008956319349452349
1.6563678747384416	4.93189455624765	-2.632506088556431e-13
35.207233919796735	6.160331553206138	2.466214035119817e-41
29.01294988847403	1.7169153870242333	-3.2292205099611436e-18
2.562466851012935	-4.226939757480913	0.9999907442089537
38.58828177221782	0.10951573679048643	-4.159612569987161e-18
0.9064744868296831	-1.27883211000543	0.7896535783973234
10.277151629598832	-2.14365041882804	0.4204948607440273
7.367502022393037	-3.560472615649509	0.9880323022074915
34.98952374745228	-2.004476128275053	-8.564816271857053e-5
24.016603039912898	9.940140706076047	0.0
10.779373794825878	2.7869509056630335	9.624435090345147e-10
7.001799558493987	8.86819234296702	1.2866707413261862e-46
0.8554294736712319	1.7628186252987543	0.07721136607317904
11.609010223846116	3.1028962271869194	-1.5910034418696877e-11
2.0577015408886683	3.8756205528200116	0.0016817489266698167
29.35812872710643	7.8941266150974325	-2.043394616749355e-54
34.15086668305018	4.237135829634221	6.112260005062671e-27
36.45804500132277	6.9064697114800495	6.566870194505338e-47
22.342822571472688	-1.732966162960528	-0.00040584629549979034
33.5278891563167	2.784763832756468	3.1661860642408114e-19
32.46604472144953	-2.3920150919929455	0.011886411503766986
5.946916277586723	4.899044489878548	2.1824878593543264e-16
20.48018065521388	-3.1924180331641434	0.7674763021403496
25.269092002073247	6.0546387066717635	-3.667102052199217e-41
38.296257365708456	3.3133502174308376	2.491642419099752e-21
19.754372193207722	8.64456272961234	3.554223890751417e-57
11.056802990997362	5.155231102700736	1.6559172293687032e-22
13.20441049277449	0.9421282406216775	1.818635764699136e-10
36.85147490706658	-3.588710630527686	0.7050946738790043
2.364609386884372	-4.758365123247469	1.0000010891101947
26.444723630848316	-3.5843629981802216	0.8346743826391353
28.536825612119927	-1.9281773998624612	-0.0003988326337599247
37.80190512429399	-0.7507562946105022	1.748613073025084e-14
37.181428133459185	6.875812856577749	5.439293335912326e-47
26.228076163251814	6.624896132564528	1.1564383826150012e-44
8.514079768481619	9.730025323207133	4.396499523877738e-55
19.536012826205116	6.626631831823879	6.917966779173799e-41
34.57532088195993	-5.523916944266782	0.9964311821562634
27.72928165745799	-1.5712083048005123	2.121557357401656e-6
39.21869340932111	-2.727681011039376	0.05368943749497993
3.128576423997504	-1.5082034160685698	0.8239028753088835
28.9239837681161	-2.976206059414954	0.4173575142189208
0.664879808668698	6.056815556434559	6.430738047258035e-22
9.819567672056904	-2.7940108079714854	0.8213536110996311
38.805288437003426	3.365301459425835	9.20915040268465e-21
18.02302955089401	-4.543451739735962	0.9909481295854251
36.10340435928113	-4.022474303972011	0.8837183763600844
26.066614738083047	9.521575255789188	-2.7875468234357768e-67
18.907354368491898	-3.1626943933074774	0.7854441301908457
24.56134741501282	1.7567423813577054	-5.5044678838485e-18
7.6412066489975725	4.470569694074062	1.801583369399295e-14
21.171665552889948	8.297697836654207	-1.1701282119327916e-55
7.829477502090595	2.0734768825593832	5.4141595960787285e-6
31.321885699619838	3.445462745000132	6.281857964099161e-21
0.8937621244138476	6.620845671656861	-2.9489478620732967e-26
26.28876192899829	9.063965636957418	-2.1852440592746203e-64
22.188767391229234	-1.5429834668319327	-1.8635827500375965e-5
35.26975235721131	-3.1864572423114588	0.446472754308821
33.1184723968982	-0.36329873787289735	1.2640828140684092e-17
8.768560391203978	2.9571042821475864	6.497300955826262e-10
2.8916432411715265	-5.6262127231901555	0.9999919747310982
32.16564578151326	6.121923966682711	-2.546163737110836e-41
10.841493933211533	0.2635900346193356	5.955785093906875e-8
25.763764975657207	-3.262060429871614	0.6982291502376876
30.185017336312818	7.388883676317912	6.432665533961628e-51
2.3601896341481874	-5.738756800280147	1.0000001015831843
4.387249772814056	4.825217137288401	3.8214757854916923e-13
11.51042669368383	3.460106668355813	2.7023202566148798e-11
36.804240071526564	3.981502953458193	-1.6230893787187194e-24
20.041866145810197	2.2998659065958016	-1.3628978472400648e-17
36.60759604028719	-5.658036579945058	0.997060637025396
24.974100893153643	6.087946521063806	-1.5045375543415985e-40
10.75986635834304	4.474944793677052	1.0295517856135898e-17
15.85071315577465	0.6343986912350612	8.144419551308869e-13
0.4194871898166712	1.5663020475942258	0.11966100591212182
29.26838631159557	4.387971352947654	1.774796201468493e-28
24.4187206858178	3.998082497292213	-3.32918631138616e-24
15.658793809690733	5.817026055879243	-2.9594256960184257e-31
19.918014132024414	-5.379960784186309	0.9983607485064466
21.751861217397213	-1.1386410254225332	-4.097111436853174e-7
21.61287908202175	1.104106630670712	3.35993295606058e-19
30.177744883358894	-0.4648149640537511	4.7719223530719545e-15
13.439827980170678	4.495255890049897	-4.6753484613601294e-21
22.04616368137869	8.549317622362425	2.63433425342929e-58
17.2969589407976	9.528981828294523	1.6919681452882098e-61
22.45385243233255	3.457405706586229	1.8449055187668577e-20
38.40970651001439	8.808590586388181	-1.514041536824465e-61
26.0762925068471	4.00990197440048	-7.461581096378316e-25
14.617451809010856	7.850588227831443	1.4704263845441871e-46
11.268954955611548	-1.261165856052365	0.0022493584795040206
7.467396883897357	-4.068019540288985	0.9961238907450101
34.210671785141756	-5.3137732421437605	0.9943380166895368
3.15971148332763	9.88656420848375	0.0
15.950797246894986	-2.2100869915894332	0.2307441105004046
10.543985139879032	4.041118382986829	-3.8067267591356355e-12
37.397972347604174	5.901155136189811	-4.2931730179969695e-40
12.641421140721496	-4.684430738365016	0.9969098654573995
36.792483549054616	-1.862595397700252	5.191576556331938e-6
4.6007435450273	6.451497441958001	2.951630994069956e-26
17.90117933557823	-4.5955096398586335	0.9920901691567853
19.035638600230552	5.611928923218093	1.062017105557423e-33
38.81946892834706	-0.4870078195979701	2.3676407861258198e-17
21.364596517795697	-3.939662529841298	0.9496337991207764
28.48422996782586	9.228067167933288	-6.186646719786429e-65
34.036825520810396	-1.7884200025067845	1.2552215148754355e-5
22.679194763669237	-4.51856081604315	0.9847001736987513
30.516900082694605	2.675058950619702	-1.011712655736585e-18
10.47284324441323	4.184500224616301	-2.2377601307608614e-13
39.645170824518786	5.339724841006049	-1.977685053837579e-35
30.71632630281904	-4.479773569691531	0.9692899200029418
14.811359094554229	4.135051547600414	5.684261432120218e-17
13.522643386962073	8.458928953858178	-4.164985700005822e-51
7.825873441458919	-3.5926062042589546	0.986221610846143
2.966138573785899	-3.932108789297777	0.9994498993658489
16.843519774937416	-2.357275055593691	0.3136432542787819
38.082590706975665	0.6619205155391157	-2.182189039165766e-18
21.18601601508328	8.788696153637975	7.235679803321947e-59
0.7173593795773985	-3.315925119919566	0.9981226951486538
28.78653197836644	9.848779556551426	-5.883371932304561e-69
24.662539378448113	-5.733045579532124	0.9988816505253013
32.59999464203237	4.573567501750494	-4.381673790726923e-29
26.171967585307033	-5.740843365194424	0.9987629540823523
19.867691992982067	0.16508409025064985	5.771050464076716e-16
19.513818265605654	3.179049817598937	-4.662180259268065e-18
25.643126617895852	-2.838309378227633	0.39157068056214367
1.9376979770151077	8.780726324760398	1.4074970277705126e-41
1.6414139592816903	-0.8192333124352018	0.6477617631350115
18.399564414023803	8.383866012724253	4.800704863213485e-54
11.325865502397146	6.936578235841667	-9.317350920689559e-36
34.05154281338176	2.463078620935498	-9.602008751266369e-19
31.392715917263185	1.3157288538487801	1.4290913639602538e-18
13.266215587022637	-1.5408240409635017	0.013455246788189514
25.007438243881744	5.156396386895704	-6.450698880891823e-34
2.393613957031738	1.4296895589056522	0.6496103208785531
4.187289660535697	9.444111224227719	1.4544342292739413e-49
7.270635782440982	-1.1269032690641811	0.07631537659016303
8.483296067144996	8.084170344581173	-1.3713883139511685e-42
17.754655451719753	5.483446052297619	7.460822343494536e-31
35.98151538160713	1.545301785341243	2.6657271970637064e-18
8.390196100493085	-5.591531225275707	0.9998035721267523
20.017772396656245	8.266687819848043	-7.699429629899383e-54
17.00375442916598	1.8922508347486318	1.2560995566290585e-14
33.516078098641955	-4.5365904413181095	0.9679125981218126
33.8014383283803	4.891264009734115	-1.7977625118918995e-31
23.225597935159552	-3.254521186775916	0.7437930295477291
18.03456810772803	9.886033639337787	0.0
6.1916370869691235	2.4605845796230774	7.15292119321861e-5
30.13439318218438	-4.4180562473143805	0.9659930679708263
24.101548358656117	2.9620163715618233	-2.251879669783377e-19
31.36902831020762	-1.785093655749174	2.2337520696392456e-5
13.406444031812935	9.107547033014681	-6.811886828505059e-55
5.968515522934383	5.31972379239973	2.30951241518017e-19
18.58212754020287	-3.817420849104792	0.949521217530772
5.371928198614576	-2.235855139718442	0.674373851490561
17.591373504955772	1.240314011001324	1.4359215081657755e-16
20.28734796048662	2.7663963204448336	8.174660178668e-19
27.339529764070196	0.6741889286046465	1.2692379997143372e-19
11.90422120100785	-2.0737767786963115	0.3533170344709623
37.55878771355063	2.760919651764926	6.900202802340225e-19
8.188022805243168	-5.168530637070779	0.9995386853178998
14.034156492516958	2.8816483566040265	-7.84825804938453e-14
37.90666323384303	0.8779584407557923	-5.349822564032474e-18
17.096945657993633	7.713428787891992	-1.203031987559771e-47
8.394221054970739	9.6790288934249	-8.695376041024841e-55
18.542716065286225	2.287639815498343	-1.492180411783216e-16
31.05096868529326	4.7594302229911545	5.392863498027984e-31
6.120559457683112	7.124079703362833	1.2187549019377043e-32
10.49215968488379	7.921463655231479	-1.1110739874237216e-42
16.332871055565064	6.268687621067306	-1.784017730184653e-35
14.70441860303365	2.0406157286816686	3.9219626105168904e-13
15.905907089454848	0.4622928128358339	9.735662414551198e-13
16.1481067841915	-3.9742730513951123	0.9733778476844495
24.908443294262934	8.696884185103166	1.3864898647172832e-60
7.987987893307249	0.11065068501005726	3.0921964383833124e-5
8.841186583602248	0.6652373457102296	2.612620570236036e-6
8.690833385323916	-5.325562251271741	0.9995751380156209
35.52131669829898	2.325170625323967	-4.2740910978100533e-19
9.653066266818007	-1.9181391817789581	0.26397356470285166
36.594748198034665	-2.1111555231829957	-0.00019343129152110433
19.10529916778329	0.9457870943078834	4.2824859335101897e-16
11.24352872460515	5.23220503685747	-3.436929285591971e-23
2.044832047326263	5.642462643306313	8.512142759450911e-18
2.8469612944012175	2.9453702334982683	0.06604463348050481
36.51644301558964	-2.885996565346419	0.17660526067126897
24.228238370023206	4.550352726161357	-3.3005988143496287e-29
10.379683980840738	-1.4015108846793325	0.012813931936887244
3.366716328312047	-0.8296420592346934	0.34286962218048794
28.694335672938426	2.1860065535845568	-9.13979855484329e-19
5.754405304600082	9.369171427576513	-8.597391144911826e-50
27.708392304082622	9.083741010507296	-1.2662022982358217e-63
29.990189473315713	9.056599431964996	5.3554433914484717e-64
33.323968216374965	-5.548360428388813	0.9968663553208549
20.0305008518724	-2.3012416309120862	0.14663483588196602
20.903706484771043	5.371564847925802	2.3993680999600424e-33
27.705731522293526	-4.113137353803538	0.9428047193151843
32.44697776532666	-0.3713358526907129	2.1322907474942907e-17
