28.22565009026219	-2.3528193686733143	0.3080832059207321
4.884782454053197	-0.20558259536458756	0.8617615247415853
1.0308053841931515	8.90103326833405	0.914048167360444
18.092701458607923	6.628676408119022	0.5225372380912959
20.496397929359812	-5.6786501501793545	0.9991938367221385
35.45590414708243	-4.58689261609835	0.9683222038350104
36.492853041024915	3.710778278531153	0.031224923151256162
7.437127635785608	1.0177595307570577	0.7983140148883392
36.51327792716722	0.12383609668758488	0.03110601124555123
12.275883308123138	-0.23027170001149422	0.677063636918774
24.750329366260207	3.1388404877211826	0.26356161819203683
29.716197179341574	3.5694672633228137	0.12098443922982371
26.05107588853494	5.50849479511483	0.2276051566983895
34.05874487599649	7.3657237972745495	0.05393594219746641
35.08243571573702	4.493180379370074	0.04186029393384601
32.533671233562686	-5.300436176280321	0.9947101477151371
38.43898096170592	1.0737404431597106	0.020982224125863567
1.3635025633728834	3.593484584295556	0.9256362420983046
39.33173826985376	-1.8714259297299325	0.025713733482048796
11.68206519551222	6.525322576847191	0.6774870701724734
11.37851793733452	-1.5787477737506812	0.7061766693311996
1.8506506074800697	9.510789887312358	0.9298024382475567
16.079196621646297	4.611051246992247	0.6018567297270674
20.277184295942323	4.780692555849905	0.45111993455096144
26.114151569190735	1.03906060687161	0.22602843804953096
26.053979498105864	8.980029230139149	0.22753259373867654
18.93617734223068	-0.037009557058416576	0.4954414470376264
9.813639918586528	-0.15177489856946735	0.8228076119234359
2.6895550226561924	-4.176952395984978	0.9993640773936595
21.826059241579046	2.0213532519059463	0.39173307741525837
22.306704867762484	-5.687214789301196	0.9989801350234834
16.046579169639184	5.95505398006299	0.6035787397939386
10.659200854173084	5.106570423215034	0.7338521582134047
31.964452891848435	8.831363629933511	0.0838559808525119
21.326454145211734	0.7498262753195597	0.41165332704709084
39.15306845066848	4.987839128276015	0.017523481283311954
9.813660065776357	2.1570059630888956	0.8228041397293974
2.59180651295539	-1.7702071600184173	0.9605824597190179
19.594042420520232	5.064899604258001	0.47467779930005394
33.66595340399442	-4.27607147922768	0.9424298850666781
28.12569795684592	-1.3279835752896219	0.17724315113269054
24.958863932732882	1.2347684454955807	0.25692153026585146
10.39646326672851	5.222428062073545	0.7595231243771785
25.16027356211152	0.8502607354997664	0.25094415352211075
16.38720737784533	-5.182431483782471	0.9983097839148404
11.243099520843185	-3.336957556635719	0.9514542356228551
31.772740249772472	1.1066624171577857	0.08646857933994329
8.38035477420811	-1.8507913512851975	0.9010845860078309
37.38017423880948	5.59363850356363	0.026403482773739488
19.60053160918237	-0.26143157116676896	0.47447092972159827
30.08713733650743	8.72389106468557	0.11281888806611164
21.127842883102698	-2.9059873776356095	0.726082150818048
10.424553642915741	8.650654391456836	0.756627085252476
1.513284146501296	-4.339258237473356	0.9996727574148685
19.987619250889644	4.5938061417825224	0.46139333972132385
18.511212212959506	-5.747911947083626	0.9994462747930599
39.24395633740941	7.890228586714782	0.01710813995236171
3.8335203795468695	-1.2012458012799723	0.9555612597750173
15.94557420947825	-4.139903945915529	0.9838507332013137
22.936336911057335	0.21843810400158326	0.3419438067848743
13.8781140032388	-1.4081364418631406	0.718683937455464
15.048624341259503	6.873740186223012	0.6630148018174173
11.183493349668275	8.417181697052857	0.6954005010628911
15.764569293278427	-3.1457736652225563	0.8885711275522438
2.6397506835603592	0.9222985079454631	0.9509263594232228
33.41190420514052	1.2327734885176476	0.06311546592334542
35.181161950680824	3.8003908007035214	0.04090590487900037
14.703728318181644	-4.129377567045308	0.9887494647250689
22.119284769193072	-2.185101851188236	0.4899353230020917
34.89278519325358	2.7668019268453303	0.0437996455707767
15.580702406228948	1.9589142706006992	0.6303394370753502
27.313504811907315	-4.703380968650917	0.9854384191352059
3.6425457712831486	8.20722353129218	0.9589424800301249
17.59087274490754	-1.2675864664591234	0.5481633531118121
38.83524026208829	-0.48193208626353545	0.01903257235394752
11.298170807439456	-1.0387320150149613	0.6922840430404696
30.321705674648673	6.434993063046987	0.10827503413680857
28.813343537266828	1.198138015160378	0.1460563516976171
23.19576460723412	4.759781111108355	0.3293887394239016
8.569084609061056	5.7288262936700125	0.8844399621259268
13.581752720809945	-1.5684376550760497	0.7254677120421502
31.801392163559807	-3.4867275316679525	0.7430861476597151
6.341359940721697	8.157183964259692	0.7329056982688382
26.174962400532394	8.751681652854137	0.2245063687634774
4.861026476234272	8.78267987068989	0.8648678740521523
17.195946817460587	3.9281921399936746	0.5538458023048543
19.69101694786148	9.28247523550154	0.471485274199545
13.324377696064357	-2.0336344569540348	0.7624877787736168
5.8905211189946565	5.675147629289807	0.7475429114673123
33.615376141920265	5.808768498674496	0.060157011009911124
25.397437761286408	6.289489358967135	0.2443494458179339
29.923284623159304	-1.3310019405258693	0.12360772168365529
1.4014142049378884	-5.5604542763514235	0.9999822548164495
9.587148709094352	4.360357917967397	0.8454173464575349
7.944592891334775	3.3347993537619818	0.8465835631484456
38.787292579225074	0.2456610869319924	0.019258779031994744
11.717858445120825	5.664817052711344	0.6768796134346674
35.66227492168354	-2.0157240399039367	0.062102126633992984
9.055130726973376	0.5201899124805465	0.8817976613887314
9.251210647761917	5.502661775939048	0.8719046356069047
21.49651826407649	-5.12491292120499	0.9966272634930279
7.7737893223765715	-4.476756949591284	0.9985440894415317
22.32821499138431	-5.763120127234101	0.9991417739307976
3.5578980198169043	3.0331598564346383	0.9602154220792385
11.34902716576603	-2.993245557393699	0.9072181442134163
11.936795406257783	-2.0765941302019986	0.7426459629542851
12.540684380691443	-1.2494413026857156	0.6887997327359587
21.340203854501755	8.752785136862897	0.4111183314691679
19.47429879816212	2.0136748618615847	0.4785539391204957
28.720023445519924	5.8296046941021125	0.1489862451416361
25.477780107993695	-4.777298832433447	0.9897111416793787
8.596740805097738	8.226742575424675	0.8851141950075375
28.56660110733105	1.0402428632443375	0.15388501003296998
4.927533082776834	5.215918396016303	0.8561255052549837
36.47578897603901	3.0149405601680943	0.031324882744105546
25.930873567825234	-3.600709153189287	0.862970316442588
15.767390519024763	5.09079536458129	0.6191930530533726
10.152901846842163	6.514609651318031	0.7857284669237702
26.350652356636935	8.442425972810153	0.2200825759797961
4.24680458436967	-4.5229519940118035	0.9995614199652603
4.491590374296799	5.968114246290302	0.9083828740953317
13.15149474763634	5.034683390550793	0.6979087427586391
29.31584165633577	-4.265079336988602	0.9557558056115988
19.720079673890965	-2.725778415340045	0.7189765612491885
25.132190033201447	5.693882844191235	0.2517548184141945
15.202142583945967	6.654385374416487	0.6536784397955229
1.9507698989216897	-1.0328778992661185	0.9361889482012112
34.79069273699338	5.309915052839493	0.0449018908608837
14.439415136145321	-5.072266311948624	0.9987654028705655
26.99543316141273	8.48301133155907	0.20299148094642058
31.518297583709337	0.24837549969043948	0.08993264772096492
6.285300603240825	-1.4989825305518796	0.7500382015173888
8.2972552628128	3.459373513237084	0.8727773732558931
39.07681310236364	1.7889400842928591	0.01787724997400776
2.9693275670988024	5.825933096413463	0.9572767852855305
20.829122221038883	7.831585446967155	0.43068117003958584
3.0892234441045026	-0.35987321980057807	0.9592900380353966
29.723898079575243	8.041855310771284	0.12080178826261966
22.740900197475153	-0.1387632367218412	0.3512772579389309
5.235783784101728	1.8149317317705744	0.8151182303582819
37.96856000798513	4.848866999679553	0.023371172223442913
20.31423957974275	-1.3803722346117286	0.464557771104876
38.589070713760094	-4.559164491385932	0.9598816402339146
7.981225824883228	9.726449370291858	0.8497327050787175
12.721431917510252	3.2446511884537337	0.6864833280952712
1.2883221840180847	-5.154764333146536	0.9999602860113288
0.8939004286106146	-2.636373806462048	0.9935591538527277
12.891611800701229	9.074708667424547	0.6910393702029707
27.018722054774585	-1.9830945860233609	0.26892879441878564
38.19224510606986	-1.872758683407156	0.033702383732414874
15.113148047939982	-1.657063400003823	0.6854689477678269
33.65054203424557	6.564278192410738	0.059650431439179225
14.068068621064711	7.025448611976254	0.7043915706101089
36.26002941077382	8.182984126260676	0.0326287630287153
1.8999046984789123	-4.9914160864749455	0.9999064786332316
20.513046213293507	-5.221570911345738	0.9976902812773512
31.299695883061926	-1.612921102998012	0.10913999806813054
9.713354112716198	-3.489793394721735	0.9845523930017859
12.58415765074222	-4.038271462713464	0.9877535445336185
29.339480574094154	4.421585100454466	0.13061079049097304
37.262518594255766	7.548579253475106	0.027017273082251554
1.6071120809421016	-0.672448426131167	0.9269431269094981
7.9470903039871335	2.9658924398940147	0.8468007203473114
15.025112506728162	1.5281508743357985	0.6644153630761411
19.058622789591343	-3.4326544842373234	0.9046132103024864
22.076421359696145	3.40851937160323	0.3812537613108914
15.123287524176458	-1.7199603813048707	0.6895863586687524
16.28198034338903	-2.134168401586056	0.6715129944495928
26.883180923616344	4.493673265099774	0.20609789677271598
21.614894917694702	9.212083118913393	0.40028679724238236
38.365395398153574	6.737541282563079	0.021352353565671146
37.122479310340694	-0.42416748928818926	0.027758000625580634
32.46776747628644	7.672719537299841	0.07685575186291037
17.776914659686557	-3.164125852211553	0.8560859699411528
36.016493850436405	0.4167452980773909	0.03420900534651688
1.923147087034768	-1.525442408051136	0.9423985750412639
35.76659596316337	8.475186582590059	0.03598158193560698
31.612712249426714	1.3417630880753215	0.08864528816621915
6.405077081669879	5.744195665299127	0.733174751371372
37.61263978435882	-2.990517049112002	0.32044196157272875
11.555852957634597	2.741237464532844	0.6803267302149092
24.711319501780338	8.439433102671094	0.26486150621659094
34.3946479270314	8.170906454450268	0.04956066801888276
18.94544408246102	2.990465856866326	0.49515194917649996
16.68215737663878	1.5969593978766063	0.5736608967250554
1.2749448318524073	3.7590708959011643	0.9250660254524677
38.345734773968886	8.644985398055649	0.021451517290597723
13.179697991507487	4.636144283737714	0.698600392655206
5.08365175717141	5.035978772806045	0.8352541118790178
16.84107404600414	5.088490661107805	0.5672384013983387
38.99547561271378	0.62233851788808	0.018259551934395886
15.15055304555971	9.69101807649368	0.6568458761210085
34.021086748601995	-3.1037795813865525	0.4769975139058819
38.70170733728653	-4.813726006843655	0.9772850089728559
31.0657705931157	4.391677979593879	0.09625784560647378
15.706898415504826	6.6340469620306095	0.6227568087602471
4.299270817034481	2.8567045244510414	0.9263226799213528
27.198532328460413	7.729982976136805	0.1972020520784254
38.639910682402885	2.193070222765149	0.01998129890482125
32.17438986182118	9.570847980299396	0.08096890054239127
