12.819284166749442	9.560028584611937	0.2059713702569364
21.529788346576446	7.753973068539546	0.025694203009136954
0.6546361794095019	7.131396879419892	0.5898085723161706
25.22676978067693	9.442807960809747	0.008230884734843283
27.633164638503672	5.221231377918107	0.00432684634806982
12.314236013259691	-4.5638714846190105	0.9938155987972604
20.173577254304664	5.6702662254979295	0.039589719014632395
6.224848547908572	9.868825843888343	0.34776198472016867
26.203226855941864	-3.5847125615333884	0.8466616125035489
33.521646051791095	0.6847716515025368	0.000632492026731124
29.87295773336697	5.148204778900544	0.0020039135851151
10.01629734421737	-3.0036889372024884	0.9693302611713224
11.664014234820739	3.5955036027557306	0.2201982743868902
29.88900965587672	-2.4416195206618045	0.1222204819671149
23.71712341843273	1.101750042226442	0.020194302117548624
2.5874589256475184	-3.076691183037072	0.9789187166709358
21.153169131748626	-4.433742284854336	0.9845282080920289
9.860369784397106	-4.087751869813271	0.9975217937586853
11.98231292910858	2.880116541642451	0.20455867886400406
8.219923803379068	0.9253935108430884	0.39544301556284933
33.21248377223955	9.99576214283729	0.0006706569304269237
1.547864166986645	6.877488229887776	0.6480901755347919
11.215312198882975	-1.7520401694159613	0.4771298213354756
33.597604608646805	7.880469375967495	0.0006138369404920951
8.823662640376588	5.8515202034636005	0.5465498804788874
36.66521562728315	-2.3983211647229474	0.026126632603181453
31.650478115734376	5.039710262798023	0.0008171248309772081
27.43347019525728	7.180200504674145	0.004379492879315923
12.682635974287367	-2.9352151434472713	0.80490008733326
29.06469882804087	6.791524001812181	0.003140095174303472
14.770741884890876	-4.860399166147877	0.9980020240419684
4.459284093187705	-1.3011037281228681	0.9673089031691819
16.698668758287926	5.704806248193037	0.11093611906291032
35.45515350173665	4.2135256935485295	0.0002471267571595201
10.478588817901437	-3.1363893528402222	0.9557519751646987
5.57794794604613	2.75213221838926	0.5226333805764588
39.62730608810614	-1.239765122864391	0.00024377259446112297
9.506167113295607	6.272830348095052	0.6734498736479377
2.4948594415202523	2.489977928601384	0.6272348729050949
10.102064012883437	0.9419529832411939	0.5537796288300256
20.998952143493305	-1.8174319692411913	0.12901125089376955
26.701599366595058	8.46018825991649	0.004624361588349512
26.4642845943816	-5.845813894219386	0.9990187425521851
25.867924974100863	-0.47437365348334204	0.007504719189615971
17.13466683207333	-5.3503467196223955	0.9984203940784312
22.050296789931554	8.055627007846308	0.024005889908632998
19.067795355873866	4.400827535295685	0.08525714996326539
21.66107094092633	4.381823766506212	0.025176532089209787
2.317884785583838	9.805449413477856	0.6238006968833162
18.71565967612557	7.3932251263276	0.09539545118469367
19.98375363855277	6.565142807767147	0.044672141199862715
5.435417983891371	6.667978677652691	0.5812970473698645
22.080567236703647	5.512402162672085	0.023936076556778065
27.327442678745694	-5.877713908476331	0.9989801160456492
20.80154952805521	9.52782119162493	0.03019162906515898
22.14190081824451	4.112134969429977	0.02380339977260641
11.696937897839783	9.002619913548662	0.21806612439481737
11.001533918732912	-3.2966585888309314	0.9441033569307871
17.12911125385355	7.449742674463968	0.10257073898093653
23.7937951498577	2.5908091427508886	0.019729845086758197
33.291092976203785	0.033168367988160696	0.00073975128586373
22.46231959229315	3.3377681608374665	0.023274113976398354
22.74829367024335	3.673541356973308	0.022925694649339762
30.34311859445289	5.818502394499317	0.0014795657641394043
9.10949958301756	1.0355840282661966	0.6200642959526537
30.886993489499652	-5.308218815264791	0.995444605544738
8.309636480843624	-1.5960869339904438	0.6299538339898347
20.520564291780364	4.833328021803354	0.033293952217433385
27.12862616761879	2.555820230790861	0.0044566101397599
31.178951082896226	-2.6434719904157706	0.18098433876685047
19.152761176017613	4.8812867105200315	0.08167852078735105
36.47104293669797	3.21630854438901	0.0001471687517113162
21.443937723824774	-3.693444814046682	0.9143337380344236
35.8372462358577	-2.40922741470923	0.03377522797038307
28.65865092201537	8.226942147493233	0.00365927211413319
32.11550767961694	7.781564275930238	0.0007583934072653346
18.471053424227588	7.106411326270873	0.09866597264134354
5.288005931196455	5.963289656704708	0.6488786812275604
27.141018607741657	5.750178107406729	0.0044531631519808745
25.694101972538746	-1.4722211547299668	0.020848737371759147
26.706053663137528	-1.7689559030498483	0.028869164325183463
1.1080003861229117	9.315692845929636	0.676500438619628
32.98062982274245	2.3719638106492535	0.0006955007644417466
31.533677352180632	-0.13695889221467716	0.0009942179096686513
11.583786170375197	-2.89868454794715	0.8256713529710473
36.47974231069839	5.192630024660103	0.00014667227906250242
27.371023288484643	6.7074798909899584	0.004394750820672234
15.657511082297782	-3.7722314964748094	0.9679625894600379
13.309232485231135	-1.0720771479292637	0.30154489884265456
32.42712096973202	-3.3566852807923127	0.640418091647511
7.051156703510782	0.021700634209887326	0.3019974995781082
16.235794897858554	5.728024121787644	0.12702834949744538
29.902262944264674	-1.083799637618048	0.004479045085980209
17.371836340792473	3.2745172906235194	0.10024782884888732
22.807115009592284	6.31084522840213	0.022855193843394475
20.159362071197165	-5.974591209641863	0.999632217604907
26.19139760035627	8.275555310562483	0.005079577763977242
23.624684294733463	-0.037575740645213074	0.02264637451213031
18.067724511641668	-0.7448309498902077	0.1273099952545776
2.293781785173934	3.231481310734262	0.6235966016810142
11.271491452059472	-2.1137725961083156	0.5814015095027774
19.148809915470878	5.888451432485509	0.08185376518157415
19.133515956105168	7.166377224547389	0.08252456950054654
32.42085810026941	7.971330699221781	0.0007363077648716108
6.8007233784938625	3.7474540822536486	0.29535682522559775
1.9371658554546594	2.559135103354377	0.6269318187920659
4.219948121535835	7.4338720498374276	0.9003737848461942
17.825204239777086	-3.0350697260929653	0.7440677168568824
23.189363481528563	-2.143916275995636	0.1637953444855828
14.109757870132912	-1.5566822515951912	0.4242501155001548
21.351466207223083	9.527163398446312	0.026511927511879467
22.537364608239667	7.829288750608688	0.02317755062005459
7.880641362970869	3.603703764272611	0.34219978631861303
26.064741084394353	8.595262494995797	0.005275027826760546
30.091692780819628	3.3188122625762517	0.0017407741958325096
39.45229590981696	8.799675920161661	6.855120829496879e-5
8.682310221370656	-3.976691599617208	0.9942320219724038
30.920747267880024	1.6297515704138288	0.0010596831260940426
17.328327103105362	8.789315727654138	0.10055381462968381
3.4995457619844776	-5.460168204151113	0.9999320684303825
22.431074471538842	-4.621853586495735	0.9870050823944665
34.176462700134955	2.20316876678978	0.0004974001785542157
12.013211816219759	2.3159958619336685	0.2035943092169182
11.59619586684045	-1.7694821721498428	0.4189685387293403
29.209740868989762	2.924624380862822	0.0029341052703046686
20.71447583593701	-4.576332411166494	0.9899278562605204
33.38348385266615	8.381559698912646	0.0006480080361122078
19.76104416350168	-1.7540592330161644	0.17801305607279477
30.838342924337255	3.5265209018063004	0.0011052533280777451
38.0687218398959	-2.6173120097319043	0.0630071961583244
37.234480627659195	7.512725488368794	0.00011888425686547814
15.437019278824012	-1.8321456844903636	0.42205667864629814
18.40941148438902	-0.7288016931659982	0.1261235416944511
33.11313790541938	2.3994140518175726	0.0006820724946948283
39.37673710252794	9.825213597996767	7.08701150482616e-5
4.379297762113333	5.452863324211535	0.9185355426934781
0.8379612206175152	1.0051502863519808	0.6486584582201601
19.37070756471518	6.870897949388182	0.0711389371729608
30.468873522224587	5.265622212248614	0.001367311264738872
15.994418557799374	-4.15986522713075	0.9840403652529766
7.666781926186862	-2.6556318297510444	0.8362230416321746
25.29537957167743	9.825553967031906	0.00783905131350088
31.64680375518909	5.141182384627548	0.0008177953805591244
12.59461635153135	3.6640838288776028	0.20049458469653833
37.33626347146642	5.117253199872273	0.00011674199044117497
36.93186927529449	-1.5339264525200385	0.0008312174210300138
24.358783012753115	8.216533930884822	0.01523958670047248
14.798095630210156	-1.2871993154019776	0.34350249628458174
22.607976368274787	-4.128403101352442	0.9596567544947702
13.732472036109984	8.8608281489427	0.24544034201248
28.49445344686014	1.5100681992950822	0.0038322516817799646
31.7115433855917	5.461545408927703	0.0008065596441502239
11.5815928107305	3.8502724000353457	0.22609770024738274
1.5807997865094185	-4.908416716345197	0.9997780776561127
29.511944006236455	9.72458313657783	0.00249620153180534
13.658673194582098	4.10526395123078	0.24274307270536732
12.75616288136522	0.42921466561445065	0.2062874889468225
10.964884254183168	2.391502625098372	0.3040703605694258
9.229389841128818	2.621469418011536	0.6442954659733915
38.7630648393178	-1.8846040000793227	0.0018964561654347656
1.304669892990022	7.532886993245549	0.6690934729382442
35.68894031671201	-0.8243206897282604	0.00042639068663113597
31.08265493057468	-5.386903621210669	0.996137151295287
16.71914343302865	5.3278873698482965	0.11040229915585442
16.911780090242132	-1.56966484264208	0.2115353807693489
28.48461820905442	2.6983789541428056	0.0038417438991296547
2.268362176411989	9.1732248045886	0.6234431890534198
14.463128845930706	-3.0695234891299563	0.8996615803429795
33.07795093372269	4.002169363808774	0.0006858314300591618
34.01078840068259	0.5292013952943613	0.0005439618451786965
18.018670419214153	9.279420203024646	0.0995542942583979
29.439515279556286	-0.791662407662324	0.004391947290458463
25.01472479411089	-2.8286661522216345	0.49077043564184547
8.417282588272435	7.33077643055841	0.4373137345202466
38.147580554775494	1.0972954226872194	0.0001028327524792728
38.22450535605105	-5.862742620539263	0.9979819300894709
30.031398493752647	-1.056951809858809	0.004018900935301081
6.425325223259869	-2.4958353824143558	0.8080452861463089
33.42652752783278	9.98105448735527	0.0006416634406960689
28.70083458331973	-1.9278210471205401	0.03466507397419172
15.057435602800187	9.26268723726281	0.19684690022576806
20.55789883702566	9.097611642099578	0.03279913523599246
16.263043266602704	-2.393458742091635	0.5305625961321849
15.43068202324911	9.473172596580579	0.17297647298197708
16.889861730378975	-4.434839023311579	0.987868746390599
26.58625208621865	8.553888828036223	0.004694526980036916
38.52253751204957	2.805549810148957	9.489796418842648e-5
21.223577671393922	-2.36580170397235	0.3210578547181515
5.225923314138531	-3.393461807926011	0.9925589239155966
28.42308711174932	-1.2795199320551145	0.010473964926227994
32.35234420589928	3.200019322440383	0.000740792973811049
38.52081681051068	5.1204551492494215	9.493881415124191e-5
8.063073934434753	-0.7350891945136855	0.43157105257813905
12.727296632227597	1.859201924632405	0.20332785615551294
20.433060117450147	-2.052286020673394	0.23048340702327547
23.6714817143096	-2.020792214219119	0.12709655953207316
32.346720617801	9.841490234480494	0.0007411685772833637
33.7589806416933	-1.2082616651504932	0.001732682003344903
26.49655359945708	1.6053199930413005	0.004759356869204344
30.759656743667684	4.236067558502507	0.0011529952482719635
