36.374930215199285	9.14696619786986	0.08357221981414033
31.051121851554395	1.7326991337046689	0.1191872531570553
27.326858064259337	5.6923114524016825	0.14230708418305446
32.770126692599085	9.312225605557662	0.11129324423346497
28.578858501174206	-1.6232457921911614	0.21137358331041725
37.50794007396689	4.083605861345324	0.07270157312935187
21.610678402000215	8.507127392696422	0.37261545305981714
27.73705975553583	-2.6837456946609795	0.5062575956890232
35.194901145334654	-0.20495367383985652	0.09503149506217437
35.577781231947775	2.7848129983156067	0.09083400351868312
14.924049471207958	1.206383767527491	0.7465588280883279
21.09496930491373	0.7619726015390551	0.4045681187336831
28.71171084881447	5.847466628006332	0.12921623281155276
30.58071826710099	-1.1750460660013218	0.15301007442028725
33.59060974852718	3.336978767483968	0.1063062494134556
7.146410972875691	7.161055206881805	0.926810260717442
6.377119358963238	-0.9768136026156213	0.9288540250119107
1.5801348249216787	8.356620711738884	0.8607661002459385
21.726648334214406	6.09474429504839	0.3654948951493516
26.793042060029443	7.407165911894159	0.15063239840964063
25.6614447838817	-5.598951434476369	0.9982653941496236
37.06639849884831	2.184842791839884	0.07698607366918907
4.803274808190044	7.659189438957723	0.9098053541628583
39.46757167986509	1.1991142144530489	0.05378645877357446
11.445035193642703	4.546716632031773	0.8791019270242673
36.72836355445882	6.517512124515237	0.08023048473852057
12.450121807671017	-4.955491217353414	0.9986488306543948
7.366892721077654	9.310207435802749	0.92727908473154
7.857359260000014	9.846187295568686	0.9274109754361234
32.041778884517555	7.81580215593859	0.11501392215591441
13.271436489747826	4.857885893349573	0.8178686880924952
7.050652097118515	-4.258195853527463	0.9979229343780418
15.078707610142411	3.249730521369802	0.7393423395016271
5.423014491555165	6.556103785445112	0.9160515691436903
9.10691746374197	0.05593446460252949	0.9212796710427835
15.692408915046165	5.497883370442954	0.7099751583157429
32.32237228025009	9.313311549743807	0.11365519356731081
12.82916156704441	6.875549355872428	0.8346915209192681
28.259542276072498	5.3227901353665565	0.13243208445254928
30.189536863060916	-5.264235873324649	0.9953008215620324
9.64365664817858	-3.594385503793662	0.9890805297678165
23.75366962227497	-1.0533535697738934	0.28113465878331917
17.492923036775274	3.112097970123017	0.6175784525109361
37.422985249105594	-1.6331956551788185	0.13376157280188675
18.33711292330336	-1.7362039146698756	0.6652123917518229
27.760005446760573	-1.5083136160882855	0.20466233343126045
10.169158533535336	-4.202136574897516	0.996112549656821
8.568844877242313	5.176081667232127	0.9251182099155922
36.4313925813666	6.041204693242625	0.08304249797723232
31.87124324093154	3.89934866927719	0.11579709673128864
19.91952152051018	-4.191639766256801	0.9722144947761285
22.355241277904298	-2.171560083642701	0.5239865282562072
28.738031205197675	1.432704500949841	0.12905249094086194
9.11056519216056	-0.07593346831768777	0.9213562378915615
31.705115532746873	-5.510165528135916	0.9970733210882572
15.317590077702322	6.261750549338952	0.7280460972256838
35.21371237396446	9.80016593200396	0.09398452761862412
13.933042579091563	7.115928335790535	0.7907481725061424
9.702973815646928	8.071064421324936	0.9144624348770795
4.76195624066603	-4.729973261619625	0.9994561894293962
1.8837668628350326	-1.963392069286101	0.9460997212825232
4.527673850372877	-1.6979317208466007	0.9288076089297658
9.705869142861626	-4.460067597802025	0.9979859162908313
13.66205229261796	-4.193366135137621	0.9903679398111954
39.40801257036227	1.8337960380748175	0.054345341951480663
15.643028972435326	7.207017274748296	0.7123794460095356
31.305760461141038	0.596104097452324	0.1181922923985481
14.145307101675444	-3.924781798313205	0.9817727965273423
14.064907328096211	6.386447674236907	0.7850946719533887
14.947814818031484	-5.011204544033397	0.9978373476394193
4.856077735430715	5.54162509701384	0.9103753238337493
1.3850261016711045	7.0222671828372505	0.8553784247269818
28.316361400711354	1.645069544937293	0.13198201954989863
10.535091667885643	4.165086091794764	0.9005370304160232
11.390560852472165	3.5847320877353717	0.8805661575021138
0.4982767952316576	-2.0833085693916846	0.9944297293646863
33.72675283108752	-4.077797419899994	0.9183145373138676
34.40410196300734	1.2405107225325782	0.10051469123440872
5.068192476863832	-3.5830961946162105	0.9930282088550411
36.24443297115103	6.66539109988639	0.08478976674306617
4.592089226135441	-0.1296303394746321	0.907719409262364
7.945661870432933	1.3634545136177305	0.9272927000915115
28.1430913634054	8.934993677360017	0.1334010836387665
18.388675643487936	-4.512222736096247	0.9883069501783198
0.31827423673188354	-5.003394427436621	0.9999972568228129
24.397784435342285	0.8049801800216834	0.22196934903803606
29.560343679760305	1.4950395080922387	0.12486025240809583
11.047703339755982	9.172693204885656	0.8892574604464704
26.485149065396357	6.763162474197429	0.1565268695195633
12.488621698394331	-0.4393962839453991	0.8492669944921842
12.292338161249168	3.1769028395081325	0.8534922400261106
27.42905180491059	4.87168203835415	0.14096063582679197
18.99329424777437	3.0306920552567007	0.5330407319624179
0.39545070345533034	9.153298190980662	0.7192539502455038
16.94059138593689	8.70836202384723	0.6469161517499096
35.885133434324864	4.601773254041882	0.08808722735708108
7.864882954008275	-3.6161460206203575	0.9918462300665091
10.652358398680196	-3.3805109554815775	0.9815134989203759
2.167889341108067	1.2585358004165812	0.8736791531242547
9.53121835558206	3.743476148827815	0.9166741765166183
21.947602278971157	1.6962924181446795	0.35202941363683227
36.297531014493586	-1.2698032222325946	0.11606744887256816
30.766554636930472	0.7966038191139706	0.12025771195511266
24.144559447170632	-0.7945054943551533	0.24781372819216507
32.06193662211328	-4.4108643772721905	0.963909036725709
33.44428307895303	3.3027650368639865	0.10725931470855646
18.55647512584323	4.160976282749097	0.5583990547780114
26.236087898065293	-1.0738448717028763	0.19033820728005846
28.998850811858457	1.4146584210458002	0.1275458064578053
3.276004418428705	6.280881043261585	0.8908370536701903
36.9388012583787	-2.3364001795655334	0.2699664259700659
17.652135850019963	1.3639246157292906	0.6089489646619244
27.81728952599183	-5.8052846320661295	0.9988028341255465
17.77159285312309	4.918219100930859	0.6024220742928948
37.458301450115805	7.031798040751893	0.07318501170872778
34.697917033159364	-1.815197362137443	0.19411597848657855
36.620028430475934	-3.8532099297855833	0.8481473299368812
9.191790558046668	2.370674133379854	0.9204020229800325
20.416587842159302	7.720956162189728	0.4467840223234688
22.23342214994677	5.606474981762988	0.3348599535828291
5.89881174681117	0.20565125652649563	0.9201258021704749
36.306074932229365	0.8448670992346479	0.08421586272740653
23.033069326410658	-0.42635277426531104	0.2931184247754535
5.441870854173192	-5.886712637365886	0.99995710348994
23.68547221182287	4.425382387535796	0.25484265709267223
7.516362828288585	-5.2865271733230905	0.999783677442405
38.609308563925026	-3.1059980586286464	0.5074663526584412
25.355022643270594	-1.5092380432596038	0.2585042548176269
39.11878845221294	0.4461858754420067	0.057083074770950495
26.519935617903485	8.419098882154833	0.1558176049752422
3.5011538563247875	0.19335708487198033	0.8939378761931083
21.90037592617093	-2.5009589455742205	0.632072772391935
33.433085006732085	-4.712941572202411	0.979926561324536
27.24009258261259	-4.705430934918164	0.9856173841603808
12.623174427319938	8.593139121930585	0.8421256601025562
36.63444640475814	7.537557893268957	0.08112417368186796
15.962057646846029	8.220222743975166	0.696723298481364
11.76700782979045	7.17234826558753	0.8699885791919522
37.61399487197768	5.418937515583304	0.07166772240446093
28.36522278756359	7.637553217215578	0.1316063695164566
10.947303851077855	1.555991948664877	0.8916294425541513
3.126335639899028	6.744764353039155	0.8887282371484255
11.187690822293636	7.786195090070697	0.8858187517235929
34.315733940991734	2.0858881280072836	0.10118312908495407
3.3446020847426725	2.7931560993315454	0.8917889937170107
34.85268955133897	-2.70857150573139	0.42469121704222645
17.370936956156964	5.844282336617807	0.6241371450560108
30.591135723005603	2.5043262523179255	0.12090405901350262
12.54445769729366	7.8989203172371845	0.8448954557630388
1.525917648332298	-3.299331015873575	0.9972633270794422
27.823881651833386	8.962573980803938	0.1364107040201542
21.484674265374288	-3.3489237716218003	0.8497296443104092
11.770798451985568	-4.66978704535671	0.9978616844549497
17.457375535896034	9.648909818460394	0.6194944185493647
9.820781763816832	-3.5184969247619975	0.987257682466004
32.50914477817118	8.699414913112323	0.11269967530144163
26.997975843266122	4.300796709487727	0.14716688161610475
21.9533792487168	-5.869191170321994	0.9992416966593297
15.531416519609298	1.7350160176076095	0.7177876958663028
18.90666154387408	-0.9536063966533703	0.5609184396025897
38.81942096299029	-1.98336475577611	0.15687235640997535
12.01390552771529	-3.595060009351796	0.9810531017638543
6.251071818149505	0.8432713632345745	0.9226276416331773
12.838224300300817	3.4942673055976403	0.8343583857482267
38.830276153940126	-0.14831079123375268	0.06028361819220965
12.371157347623203	7.808018383197824	0.8508503703564481
34.144704801837015	9.475760166780189	0.10245030720093111
16.96497845702109	-1.9068045182339404	0.7507810507047243
18.07148670887244	8.262646301803276	0.5858360167539007
29.941186229687045	1.5859097675188156	0.12331969903423055
22.869424354175425	5.34942279602453	0.29805573847693323
23.19187776129517	0.22228751402323965	0.2804131177830877
12.40050333738539	0.3838897146536606	0.8498617303375606
23.913533659436652	-2.5168034620540674	0.5482989349974939
23.25099766812928	4.4869580470227515	0.27719724237858506
3.0342334993809756	7.074828103052811	0.8874101232402581
33.737005079772786	8.893017839093107	0.10532520045885288
7.511728069420639	-0.9365686300208207	0.9324085191831486
2.00303810824809	-0.17719494365677058	0.8722043292820277
29.154967698004494	8.599886398765511	0.126732537003506
6.595053084607245	4.352844218161199	0.9246373195566554
17.838489298039345	7.691800998382771	0.5987472103190179
39.51960858657951	5.527393085292038	0.05329953235782315
2.2703555550137855	4.819938670593777	0.8755594840010188
36.2300938823842	8.794320680189497	0.08492294949501927
37.12662238901718	7.054164244036345	0.07640423565722006
7.673010559897445	-2.317311647287795	0.9626537728923197
15.277435190500466	3.120158007473851	0.7299572649904129
10.371956914672642	-4.389141311988016	0.9972543863734941
5.496290484457625	8.859036234569398	0.9167214808571829
38.31270134289621	-2.4470867249741417	0.27382371442966325
17.8314782531445	9.172153888388276	0.5991330221562805
35.5633148266012	4.716357770297236	0.09096141968929834
28.02943759750362	8.505955738135679	0.13441073659654124
9.859207730261685	-1.4831612360763806	0.930137497191476
35.622927950028746	2.563552294781452	0.0904352417981055
27.98985188330103	8.246335323912543	0.13477800063928294
13.167823777860624	5.642934880446463	0.8219104441160645
24.504219646418502	-1.149454239546042	0.253752325674038
18.408798792790627	-0.260508454742153	0.5687448796441266
