13.942499010294279	1.6848009890525155	0.048392197795258565
1.272122397644603	-1.893232325941769	0.9604148292162072
22.445137644408277	-2.9132801511438533	0.5514082496244126
1.3682339391926597	-4.093187326563937	0.9997097450163542
37.3074148022056	1.6793502218738805	2.177350233291927e-9
34.34143872448502	9.32618261351424	2.098203605062506e-8
32.11515868371315	0.665808410348518	1.1205785218953614e-7
13.208897432306644	9.746684223545355	0.07398701342133515
12.03748777504051	5.769978988522734	0.1353836237459128
28.072707859382728	-4.1676194199696965	0.9480022179762826
25.43986303167952	8.359766496758246	1.101643580219087e-5
34.15610383237797	4.15914167571834	2.412543201778977e-8
12.47054730665939	0.16605993224218274	0.1147016837887454
1.4767041413042439	7.5662240143792285	0.5232072586339801
10.019660984147357	1.5280460245336513	0.3003099635150987
35.9057368052813	-4.663665913404378	0.9724287047667994
6.096838925218287	9.158830904749696	0.6704112538138234
21.382130682276014	5.78394289632582	0.00018911409711530787
34.762269366661094	-5.211956920784932	0.9926100697142531
30.429494306353092	4.195834517101739	3.704976547733692e-7
31.796370286407445	8.654978643482847	1.3854256075330488e-7
4.475250049802339	8.13770646169434	0.7665219253054593
25.74927205263623	-5.756574094382238	0.9988416699819948
27.212906819787587	9.207771118597979	3.3981901527422124e-6
8.014028329048347	-3.961496970465916	0.9951374274045093
20.224488635443027	2.1344642775583296	0.0004684007475266085
7.959539126737643	2.5125457038524743	0.49676483197848115
36.53874495204406	-4.442884060426753	0.953014714119954
8.366995859145046	8.571470858500517	0.4582908075432407
29.76999476640944	4.375772413597655	5.902857100685552e-7
11.557211476526891	-5.833218044273149	0.9998056600314682
34.48412587885767	-1.851796423674804	-2.503940304211581e-6
0.6864252735944063	5.3037966358201505	0.40634846081401405
30.949832298046953	0.36391662347505616	2.7180293840580745e-7
15.162381430529834	-2.0492089597535	0.21351649195245753
21.777986840764925	-2.527589116428949	0.2685203523896455
15.309636218542673	-1.8659220523040219	0.12605596785965315
22.152911397085774	2.6058391650080246	0.00010595561249179526
38.55430017116125	2.873357629288858	8.282096192065368e-10
12.030011672450655	-2.3164691072601045	0.5927544525401419
10.507518836614736	-0.09414017347400438	0.2724161539287125
29.884200856512578	-5.860610712833415	0.9987702217352461
6.8743729671342795	2.275046409133717	0.598969006494249
31.02501941636728	-2.6311464093941677	0.11977737934180546
28.424656820012643	4.046462215719121	1.498313065303516e-6
24.12710931970502	-2.719475022008142	0.34899226344799894
32.27077060961997	-3.6349028369398706	0.7868803445341784
27.49208745438343	-0.1701309006473224	3.485706393736544e-6
20.055445787713595	7.8720912262564795	0.000536061600859004
39.51146296138475	5.949713743611008	3.938698260891336e-10
23.298469492586882	0.28945495788769726	4.9548990690418475e-5
0.9376865101501088	4.470653577712701	0.43955895160872555
29.181401686503307	-3.2494555502123674	0.6245439378867527
13.63351845228498	2.7601808330004154	0.05810281744297748
30.826490052344226	3.2850660733051456	2.7911545472053975e-7
25.5388823166733	-2.6701569522648896	0.26932617595992037
18.388268905869392	9.595122718543765	0.002041674241050378
36.483045014367775	4.116408533577534	4.109236247230435e-9
27.851905913235903	6.51957263959153	2.2112744290983653e-6
0.8527811440826961	-5.401585146830703	0.9999922011467445
16.227006376504022	4.988318429256022	0.010614799865625012
18.219171438942734	5.68828963294631	0.0023344879863127044
22.853294595592146	1.0030462297339184	6.396136494113046e-5
21.23711578993576	-5.210658205914125	0.9972235269606291
22.726515564149146	-5.86418829019515	0.9992950632651942
37.329930992845824	2.5905155835921363	2.1397700907297687e-9
33.56641225733437	9.15948556936906	3.7531618775966955e-8
23.129725913908942	-3.7201611527616834	0.9037819680686496
2.9935942714884565	-1.84944459195669	0.9359631235872722
13.750587737730092	8.948201436098257	0.05425032594194856
14.777980047961567	6.49410634669896	0.028697567794408123
39.4591838832827	0.5193670041854901	4.2968546724151305e-10
12.007821805628483	-1.5855200482937981	0.2868420086983602
11.998070833891425	-0.3437713782190688	0.15729361758727717
5.345882124325493	6.5962118203279	0.7294596662478859
12.836293328519092	6.3676063560256715	0.09058851800495617
4.7005951622101625	6.177266278197758	0.7613969302407456
28.960730076954725	-3.8926133008186454	0.8986381468339403
3.4137945136346373	6.388515367546049	0.7405658676855339
17.146135618120297	-5.790233564183719	0.9995122090655373
20.29561119789033	2.417585544650807	0.00044261688131569344
21.27177456879799	-1.1165165159077421	0.0004661025914565404
13.650922223390944	-0.03971094198505476	0.062680594299015
36.76809450793969	-5.371696310600907	0.9942719152804812
21.141332844952068	7.421349844370093	0.00022765011590701874
26.221122322373642	4.64121717021216	6.571438348511248e-6
17.795204567407907	-1.6535194624973961	0.01671592810473362
38.6994631357963	5.587519864521461	7.396094201552753e-10
33.298516455036655	7.40719764904985	4.5827242091944336e-8
19.961511367265594	-2.995339627293191	0.6735939979693567
16.35918808536521	-1.7038875095657513	0.04726360706467932
32.95929551808058	-0.8746782271623541	1.304141661371659e-7
14.191274559755401	4.085129228624822	0.041593147560113404
13.745764324711544	8.66646890765299	0.05440479125790754
19.35927495079373	0.4792361401199532	0.000964072437263791
0.8748860655159769	7.74044196244316	0.43064212423212805
33.04656487223112	9.836085752710522	5.5261310461902995e-8
18.033415522755746	7.286076811937647	0.0027030871990415635
32.28869780227025	8.848070848341523	9.667391827745144e-8
29.325940169033494	2.2134233085255435	8.049342394542257e-7
38.41053779343503	-1.8635434360118985	6.733387188647572e-7
20.872722504586108	8.824438897221086	0.00028059982951584775
35.85779954094538	2.717563368539972	6.635549524967777e-9
24.50234380801942	3.1598204941273202	2.053933433226115e-5
12.191494309641254	-2.6441231161371803	0.7441926388055757
0.7025701279035924	8.841505724820346	0.4082598517488117
24.363015577566134	1.4644170684611382	2.2550668021640926e-5
31.242826346074338	4.6945608698418795	2.0692579094349405e-7
8.533008766357511	-5.763158538059139	0.9999043011393078
39.07970080521464	-1.0012759710963994	1.7179983979948143e-9
8.16511382849788	8.69274522553136	0.47737993457294076
29.67160240999556	8.512554742732494	6.324399608853568e-7
8.017220248411006	2.725063170298098	0.4913296025710877
18.720230165903818	-4.2435115573336635	0.979976123294418
7.815456504255216	0.6124515255182654	0.5129641085453309
21.077601970028084	-1.8108131244897407	0.0055456854742751294
30.88392018043738	-2.5465522088372587	0.07984445039121839
11.111162418004364	-1.6048022713410415	0.3823284589042997
26.38180916572513	8.965667553896322	5.908057547660381e-6
28.407778262091988	9.625963698165442	1.5156835482322376e-6
2.2203460333904514	8.200513844039879	0.6245081044769598
17.837806980148056	-1.310064486432685	0.007526656548360406
9.546066688747722	8.43673316925826	0.34544285840238115
23.445432864073414	-0.34392052873528023	5.463590920822543e-5
11.776984701543322	-1.1365457529594938	0.22682788247000965
15.403344349465359	6.017988918135554	0.018926634221602946
37.88114068774518	9.649391631785786	1.3968283560957583e-9
2.2571396703026423	-4.991759763158244	0.9999449316360525
34.61082605607332	-0.7790477229091834	3.5352614707830185e-8
32.31269388547075	2.718066252057424	9.498530310804112e-8
25.442079278272185	-3.64148227459485	0.8637939500169438
31.251110483511976	2.0493198069973104	2.0569263266748288e-7
36.76424481093152	2.089066275931703	3.30998752470494e-9
3.8208043721267084	0.7847481859273344	0.7613204385603282
25.531090918935853	8.005741630087119	1.0371076561580475e-5
9.489274929858798	-3.9288416965014683	0.99101071587696
25.632021597688507	3.7402587178898727	9.70138220307732e-6
27.883692829199738	9.531171217281008	2.1642399273773867e-6
29.539729246817682	4.430286626330453	6.935126449517603e-7
31.13728096679801	-0.22366950865544943	2.9075965582939434e-7
1.458865378378985	1.1975809542938105	0.5205078350708977
0.5413345077994987	8.263470041532107	0.3908962327579384
13.503330230889063	-3.1448091539442853	0.8780981669508787
38.63734328905704	3.4696693453894376	7.763040670456603e-10
16.921364409286944	6.455488366249915	0.006365126665891301
21.854684239085586	3.740574510135323	0.00013221519218108954
3.8263423437886237	8.040590627251975	0.7606006836175048
0.44681584137370645	-3.4239182216794486	0.9997274332198843
5.655987137385108	4.747428183529195	0.7071082569317911
21.86282828215202	1.0800412400584687	0.00013157371204312299
30.210154808263308	6.228209102893068	4.3285222323274976e-7
25.97702754767283	5.236127084340554	7.72365119691287e-6
2.053324805443148	-5.043325043783215	0.9999535510770416
38.168552035697566	-1.5897407225319888	5.6124032826460294e-8
4.39950272159075	6.060130184750598	0.7674460076417047
23.21822367006386	8.168430158665991	4.9332222994649555e-5
12.763850950374989	2.6266335895790203	0.09412398241390742
13.016384769530925	1.4014244722772968	0.0822418293413389
13.620440303133673	6.272389763421932	0.05854676703878369
24.761550615131213	4.033571865554398	1.7276627350207497e-5
16.68240471026541	2.0491163334429263	0.0076076410351389465
39.032210426247126	-4.577955262961623	0.9605532910332485
17.99583017637199	-4.901812942831677	0.9958784107973901
3.0609708052926425	1.1093544743961736	0.7143627037937144
5.6492740245876165	-3.859791863684645	0.998188895224539
19.738377675004127	3.336646721934688	0.0006913522978648138
0.394986672858914	4.2217158882999435	0.37895541972198865
32.43816555928808	-3.1984937219599825	0.5198579757231709
6.325836774557997	6.626790896427924	0.6499138491630982
6.884043015253482	-4.037956730166258	0.997606347744372
8.320436635833799	-5.697224962716243	0.9998975111458301
25.002011029134735	4.061084269963091	1.4722534540628069e-5
11.466241288074109	5.525701867581077	0.17530988776138962
23.014069312322903	7.9016968154036125	5.694034733062203e-5
1.617015774603618	-3.1377909075897517	0.9969091311646606
10.993939834578876	4.806922033276987	0.21291931908071804
9.602955421028119	-3.164069709717202	0.94932783513706
25.739610998431974	4.829396561718516	9.035498421853451e-6
14.720759867248999	6.683421037747518	0.029780610444080646
8.130322801255868	5.402306431088922	0.4806636453504609
38.735362963715595	7.825983113604792	7.192036692860465e-10
21.587706285921467	5.173795044031468	0.00016170614807257166
13.930763214971629	-0.6662813394199141	0.06407427080933137
31.70170666171213	1.3321434203203744	1.4845141604460612e-7
15.942212091242606	-1.1287891788258637	0.0236681554464106
38.82962704650572	7.1132939884808355	6.682962275908166e-10
21.831117611131525	5.610097126726956	0.00013457113165801153
23.25262165353752	7.683144831095037	4.816173222808464e-5
29.50932472680919	-4.468029393489767	0.9708412001777136
20.409071482339098	-3.949260455568865	0.9542116140539751
14.550794463814828	4.5573832755852575	0.03320889688970638
10.91846425867532	4.396625493624553	0.21927047212595926
3.4004434251542426	-3.67030243617714	0.9987158131785177
13.077050653222114	7.3881545739403	0.07956503947060183
29.69102078165893	5.255590768484	6.238978042174241e-7
26.259014732683557	-0.3736518053684197	8.643906256046075e-6
16.1094034601269	5.638088379768449	0.011551383223310492
8.605597581416127	0.850006499670922	0.436419837081422
36.46424518436414	4.225310852266466	4.168961528724419e-9
24.04620885161322	2.1575328974636214	2.7923800954882995e-5
