32.75760569292456	-1.090522536140444	7.265473606147538e-6
4.505766806453514	9.974472408907486	0.0
38.37715502442438	4.764366565531816	1.1483673621591286e-52
8.51606542863806	7.026293983769325	1.1551678576856698e-57
31.848133803206917	-1.1274598696265237	1.5594808764877057e-5
1.7572584907587903	-2.7618017406078685	0.9733129950069594
36.313885564638916	0.44918096353024595	9.261833241799409e-19
8.337819499185887	9.43122740522554	-1.2132510559285696e-75
19.24130099705174	5.472316508983823	-4.338584715198414e-52
11.463877021177858	-1.3738687512153511	0.35487420422868626
36.38807066062873	3.1715080453190545	8.599806055210421e-40
22.69670684940789	4.6054407132893616	-2.5456638651996967e-46
26.778700706469476	8.174537111756663	-3.6946918442007187e-75
3.7580978193963936	-1.8293608653815774	0.918452616627865
13.663309030174227	3.1276220770575893	-4.248049180960788e-32
15.383674932523899	-4.991602586598237	0.9977899736838269
12.166505360495982	2.3538749420504246	1.34884805607334e-25
26.747234004968764	0.4444066472836816	8.345363032568113e-16
15.286050813809013	2.1875196592853694	6.342154597771616e-26
34.54403493714655	6.1391277818066925	3.2092177817937225e-62
2.6180508344919198	1.9640189836942827	-7.495342877317818e-13
10.983252972333528	-0.7980439477793162	0.11839660589923004
10.533548185586374	-4.507993685532172	0.9982236541579615
36.066643863883975	-1.1807893056422394	3.0097325697141865e-6
36.215134899542434	9.90236618865109	0.0
12.139049021315659	9.723949875355888	-2.2156346934047667e-81
15.34746118924947	5.561154359887787	-4.312721960644428e-52
32.756479123312346	-5.580449907981416	0.997192766308374
21.20193510158976	9.155303587994123	6.945071307526266e-81
18.475475096281475	4.477515267743758	1.540571751634976e-44
6.4606202867192675	8.213396857198301	2.6913921353821108e-64
26.918711261285036	-5.660949816430346	0.9984232041659712
24.013704842914812	0.13066307002619837	3.341079409351885e-12
35.41408760874262	9.80787670281334	6.088264669706532e-91
10.87949378958967	-3.6669500866090505	0.9863519771014108
15.457766841441362	0.16231129544899048	-2.6505963538612353e-9
34.98289049164114	8.514991915544169	-4.1229882210533635e-80
11.815262102620345	4.241457476519477	3.163758730876386e-39
18.57751611331897	0.6688815914635864	-1.6503624088539875e-15
25.69589563164552	6.464055177594526	1.3235765236700344e-61
15.607934765481712	6.395724523603294	-3.428824777601628e-59
17.628825293182782	8.339964922983459	-1.4327649558621954e-74
26.14533289878855	7.679012852223998	4.264013399674935e-71
21.04017427597453	9.76970770634885	2.7041090736791484e-85
13.065849170917865	8.164740827376852	-2.5055589932071553e-70
5.741927082706678	-2.3399279249305263	0.8803512598738551
16.01290027862712	0.8586770791623781	-8.258274153534131e-17
33.91597333607052	7.302986096166046	-1.8675898319391016e-70
5.9994921884240275	6.856542109370567	4.188723521379267e-55
34.71558563133487	8.858083190534392	7.983838985634248e-83
14.19578171935985	8.486301520516568	-1.0297013673990397e-73
17.711363598860675	-0.18774854215385695	5.355631448467994e-7
22.904741131922794	-3.0636116502147743	0.6479169538935825
0.7441482704510805	9.474938993472309	1.8239970722223456e-68
2.244312234169299	4.553686313838602	3.7785036453265793e-33
30.567063501199634	5.765874908199072	-7.30527824642545e-58
4.396148324720495	-5.1788214943086075	0.999937604446075
33.09110576679244	-4.862438917823486	0.9851245309124882
23.928604374004415	-2.1797356072760454	0.08225812397760432
35.479050853373316	2.941632646757041	-1.3872792467428878e-38
13.162365658795801	7.428057531560835	-2.081132340236903e-64
10.433423568504962	-3.3365410687069854	0.9758811584971464
33.54888202023956	1.2261713825318576	3.1229506478116207e-24
23.13368896745967	1.5766072026987032	-3.794963170062033e-23
38.901475746736345	7.110842339138104	-5.994569885453043e-71
30.91113933047005	-3.451098107059522	0.7179446632298089
4.167390792850439	-5.446220895872468	0.9999715298970036
1.8021642506520414	-1.1439320029387918	0.43072289307597367
23.593852711530776	-4.5324770008485	0.9835443235622253
30.574509949627558	-1.4126180468869478	0.00016674952633281308
27.15760412072509	-4.61782629695694	0.9824540633734736
4.41038395062868	9.193865651945949	6.495777674686562e-70
10.538580497858453	-3.4627398111302057	0.9810415083417275
11.673535881156841	9.00001227338619	5.156022900401542e-75
4.68727104896928	4.501455025591451	1.2387340643455875e-36
34.395685026065124	-2.6214933292472953	0.07406485810616056
8.541336451915182	-0.418019007263851	0.02963574796976501
15.905780997084214	-2.9142918129725253	0.7758301943114
7.231690696010186	4.472095858072329	-7.781811977467841e-37
28.092077266338194	-2.209382440895503	0.024982828823388016
11.37457228447396	3.4214471703730744	-1.092906916402253e-34
14.929758917265026	-5.793851016119811	0.9996784081874195
23.636902033669678	4.8881762829560955	-1.0737967021170826e-48
12.978640419412367	4.049756478475233	2.322054392577556e-38
36.07301008328894	7.485141988372035	1.3238998142299695e-72
23.923648109837757	-3.511535462731045	0.8393951372104825
34.5761442123837	-4.648561638288488	0.9735460604590433
38.54657607271578	6.542659035440803	-2.2288019714631562e-66
5.159314000793137	5.66695293907987	-8.679201828410046e-44
9.42270623135667	6.2407402668442415	-6.0303639442300306e-52
4.580388565937419	3.0444872530416536	-8.821642794434403e-24
26.35686147587624	5.3023078359492075	-2.0131470310907933e-53
20.069386909189888	-3.0455173054315594	0.7084380212268139
36.41062230654432	0.4792521935132239	-2.743864390188795e-20
16.249625272405225	-5.887032191967872	0.9996724425562199
10.606674695233972	3.3061381242553907	4.197224054297187e-30
21.588868498633527	-1.3508465691368556	0.016245143021433307
34.665546094263924	3.6736666737148678	-6.694993704485583e-43
24.96404236161433	-3.142260225647881	0.6489372986316958
13.922628989277404	-0.6647323268633283	0.013119921447909813
10.591103752461693	6.11573117781789	-7.247267194894047e-52
18.366670392101437	-4.966160208960389	0.9962610212347124
38.04352200675305	-0.5485921000853953	-7.278188462824389e-11
12.806437889682858	6.787138508904681	-3.1354317247372577e-60
30.93131838519784	-2.122967240954555	0.005411658007428002
37.91144142131635	-2.8998590468427583	0.176519555216621
22.71049423962222	3.368582805343028	-8.45953182495963e-37
24.485950897644756	-4.375108355322304	0.9748369187361848
12.69115213684892	-3.531850014244174	0.9656907085969632
29.212836020262472	5.368399911527126	1.7916277251234454e-54
31.850849392156768	1.0127474820610871	-2.1893629488604016e-23
20.374266219077008	9.357269188383954	1.545864130523124e-82
2.740413917333795	1.4770015964647136	1.0942567073800445e-9
13.090395594810117	9.724539746146824	-8.5678629691444e-82
9.512135662237258	1.9735449573607475	1.6818391155384778e-19
39.58988381702524	5.8999325837932215	-2.4780980169003355e-62
17.585925426342584	2.7217661790237226	1.9938393392002552e-31
11.892020571692015	1.7375524396975255	2.813345510460309e-19
0.5926915780243847	-3.631227292543981	0.9993084817121
13.589098821348408	-2.5629352511837418	0.725752715112954
2.6542189257111066	2.398823802265035	-5.100123160476308e-16
28.84849315447942	6.465120646210551	1.4983516643029645e-62
9.035099554744491	-5.33383874692016	0.9997861791256765
22.316772870070636	-2.4045121524089375	0.22644175136644623
14.842557401822411	-5.554479972617381	0.99945099740954
15.323229731460692	-1.1572507376935413	0.06954869055802312
21.32640453572798	0.8420885939998275	9.287545363816789e-18
28.41427437902742	-5.540148966640549	0.9976884392530272
11.382611096373068	3.8771897156371864	-1.8846745625047236e-35
6.888064694523794	7.838133652444975	1.3407846595910906e-61
26.84379620275512	2.9717327389134915	3.3300635911323726e-35
4.721402707066034	-4.8951690637513146	0.9998316923273521
25.119587621625342	-0.35966295894169775	1.545380742983205e-8
8.709942526442118	-1.7146655813144704	0.6436821360435157
22.855074596387208	-4.210505481878121	0.9677483817013669
24.14985550984676	-2.5125612819636167	0.22513526200530787
3.420621150755284	4.033999504505875	1.2639642731680432e-30
18.651205897450495	7.537567838374779	5.511047719603623e-68
17.369363438987275	7.117976060080785	-2.007405595753243e-65
18.579913350517856	0.6157927603693736	1.2517207900512596e-14
16.761729139150486	4.051244628524174	1.2579660531426465e-41
4.255462617318439	8.999477707237363	4.401580523662857e-68
24.911296979879832	6.42505440866762	-1.723250951717692e-61
26.248870750512474	0.09273312565575154	4.767379265229043e-13
13.596512565243238	-4.668619082159312	0.9967178816204721
5.616994366176715	2.424709413691856	4.398539228630065e-19
18.446445756287808	-0.7387423037501133	0.0026818590974930705
13.622769171544538	-0.9106005182224806	0.05473438529021294
18.9565771594941	-4.466990774906913	0.9874073258191499
19.660343015912446	-2.3745129821429636	0.3242097932065288
20.105478019690278	7.882591740233311	-1.2651016465078833e-70
31.148780769104842	7.234310657327828	3.7243445079542604e-69
24.313172734110907	9.171765318621045	7.0604700050527e-82
28.199036444654034	4.1885461279738365	8.35080740186054e-45
35.19628784204443	-1.7107800436471052	7.632226456748534e-5
7.671003129329296	9.925344705401034	0.0
12.701803024591971	9.517562447739378	1.845053600668487e-80
38.54886641797278	3.610357984171136	1.7383491938972262e-43
23.691082656976523	-0.6298345523834588	1.5692345720391095e-5
9.843173762991059	4.909028685339747	4.272231396370765e-42
12.962229902592394	-2.2508481053745157	0.6266887461159029
4.191584366415646	-4.998988321802408	0.9999192249304912
9.330760823461588	-1.272451326375787	0.4558781811529528
20.11651569393661	-3.3089726588574635	0.8213130039042276
24.08558593487367	5.105210954972524	1.7293691184536879e-50
31.740980454449417	-0.572906903548775	7.188850590677667e-9
7.871563506940062	1.7563584374071262	3.518695549268777e-16
1.6069907786067277	5.589521086102755	9.74233653164341e-41
26.9247141419679	-4.88387413264641	0.9906017770979157
27.547423436424257	5.029810046460877	-2.328855562714996e-51
32.43768528360667	-5.879072916290468	0.998615405127998
29.653926330045422	-4.0025448852397485	0.917166829358861
15.157319884173898	0.4950242817072166	1.276301216131415e-12
3.746345706261541	8.086019614837324	-1.1806722917706178e-60
16.04563478974137	-4.934100901962719	0.9971682608674015
9.968341976827471	5.46528151607051	2.202716963309013e-46
21.906599045436195	2.413441658546885	3.3734130374914306e-29
28.895630586005684	-1.2441239094123233	0.00016192689437276802
25.125532911569834	8.330746518928947	-7.088727181828328e-76
37.70050848415944	1.1239081115923835	-1.2991406688565657e-24
6.649921995107708	5.539056857874151	1.9698356168078274e-44
16.437114573447158	0.6046860542917436	-2.036727811792045e-14
11.373285269836456	3.9203202511101853	-9.732698855053813e-36
14.95317528017362	-2.096680153563991	0.4244776833925202
7.522345304523705	6.204310335993096	3.2194430056142506e-50
16.23085094709594	8.229676840169292	2.832674873039137e-73
21.175571415266667	5.101402144550903	1.7570968618159017e-49
18.269890051040406	-2.687074462067292	0.568798426923981
16.199712432582672	7.2746255568211105	1.2324082240181023e-65
16.840248636340974	7.797896754199073	3.783005083361724e-70
30.49037169986432	2.949961264112668	8.739669119298894e-37
1.4893617899905705	2.0672390811830237	-7.079383307529257e-13
17.544734711764505	-1.7911489415419037	0.18373823503942352
14.420291183617275	-0.4472267085337851	0.0015192409697705313
7.617285275325965	0.9925620864539777	1.5270659649070246e-11
26.455326732572175	8.792617456662548	-1.391197385540075e-79
23.299989356148703	-1.6763759735122825	0.021962674198046216
16.41993463117275	-3.677268450941561	0.9480724848877209
34.316364891627885	9.880153390540789	0.0
6.982125812912533	9.151261171729441	4.329338270347555e-72
