10.31512303397786	-2.1297438905859263	0.6695862969984011
21.39876375687755	3.955696868209044	0.003103355590089175
4.50861569567147	6.91670789882169	0.38371755892340614
21.85669459633067	3.296096285765012	0.003021351387485359
9.89880537373733	1.3424697127435508	0.4161458308667864
9.482931905384882	2.3023745073214865	0.4872901075835879
11.777818070972708	-1.303543827836526	0.32491139246672235
9.731321806323303	4.862211925067044	0.442975359656158
31.377853856104256	-0.6157304721506147	2.9240380984423698e-5
27.460898949725618	-3.160812978024145	0.6056271136855513
27.688405983121704	0.00799161716089003	0.00021549219681429746
27.066718260165132	3.9633926178316514	0.00029426744152121105
27.713973779288803	-2.088303358449485	0.01247873923744848
31.239970432061337	1.5441727929327644	2.439530115586975e-5
2.1942048308395843	1.702722043201712	0.30819476288230585
25.01778393996674	2.9842355747374167	0.0010333124408025563
26.92434031002172	6.12708754742104	0.00031980360133337596
28.201404141434296	2.9955089665546097	0.0001527074552719743
31.41001715508814	2.8092086227061124	2.2255763667013814e-5
7.896814694140944	9.080088915851261	0.7794606513772218
24.19089325046077	-3.05272395814397	0.6027406881471733
31.330438473385243	-4.795348101743631	0.9844927822259182
3.1929411239594896	8.087757684839714	0.3244217722041742
24.282027806121828	-3.1124395190204996	0.6392792739821227
10.5571789983183	1.243191552284273	0.33284114293818834
17.182781316870663	9.249166040830408	0.04026877822076839
1.4668221684262552	2.468439579669587	0.29334133140550234
22.607826012186976	6.621556328604127	0.0027643955967132615
24.527186380062407	7.367664224249511	0.0013714912781955357
17.52250090371309	-0.6403449739720823	0.03349258747320157
30.309455107282847	2.0453812751560925	4.1931653601747075e-5
16.086947298766034	1.5562280584516692	0.10533701542008062
32.901958949817676	7.380083546897298	1.0745637234644746e-5
36.65977875702685	0.1470802178464954	1.771238527514694e-6
30.9081913884245	5.992291174322126	2.9380785969989037e-5
17.82872384722584	-4.615972298607328	0.9930388782376135
4.144460721977941	2.7548664768683224	0.36049182939848845
23.858452345435587	7.283391979321877	0.001903645363070863
6.1862337190101755	-1.8442110502929427	0.822443725294427
36.27299609163809	-3.7870273686927245	0.807164620658347
24.289527758797465	7.040139218445804	0.0015549831372357705
24.392003246388168	-5.17331372180027	0.995897495798821
7.505852602653416	-2.8675533810588885	0.9852678915457307
33.855780487852996	-3.383297900747891	0.626187596816004
9.312855629859085	4.975154457026235	0.5204268552979562
27.368297264631934	2.5426560361936357	0.0002471156254092519
15.518375665300622	-0.8468336013301485	0.17256932018763774
16.09204975710001	0.747052859947873	0.10503192362537779
17.49700532864357	7.52088185157384	0.028928768263310464
10.094409250521519	0.6459617422363912	0.3881992970381534
31.829757942607742	7.146367891187651	1.7911194488830936e-5
17.891223552982765	4.4866803357655325	0.018855370054331147
3.586003969315156	-0.04644783901047589	0.3454239773129857
35.8886387168296	1.5423912215373843	2.5885979374145275e-6
20.20667463569351	3.744972241631503	0.0034935344697947716
20.069171213662724	1.2977535197786008	0.003611195575891674
32.46739893898696	7.7028199856629715	1.314869046501014e-5
31.642341657768295	-3.413600402864377	0.6850558858913448
32.38178142680201	2.1722671078729103	1.3691361261055941e-5
21.59049903018647	6.385592165799482	0.003072764408909744
30.943057732458616	-1.104424052938814	5.0908835498374134e-5
4.500883146541868	-1.678736360880663	0.6143398952691955
37.03967051604258	2.568048356413959	1.3677370091501683e-6
22.327077783056165	-2.284756374397137	0.12815582067952222
3.3133674653757663	-0.7805894581016997	0.382774925460335
32.403386043705495	3.8242172638059593	1.3551987232774638e-5
15.7731829513638	-0.6777853842254036	0.1462828662602854
22.33451750153807	5.367757354378192	0.0028814669240543075
28.219814325467258	-2.295537717599471	0.03830622992451008
25.20626586093481	-1.4817015842854762	0.00239063855609091
7.348593133971619	5.049131017886875	0.7766956928146538
5.454049636881705	3.035737894027184	0.47933387806216043
34.254230532046925	4.759527082635623	5.7763692261611195e-6
26.902781840563296	5.670636047552826	0.0003238801818720988
3.704462554810158	-3.723505596248822	0.9884517131887486
2.6936335721265303	3.328440989268069	0.3149299099678982
6.34165262236959	6.955368002127896	0.6223071079406826
15.085946805423458	7.262724895012509	0.17110779036425303
2.671262905436561	-1.9293944409618184	0.6703456984277945
31.66570242625759	-1.4361503543345346	5.330670882950804e-5
28.307952152417812	1.3542112628846095	0.0001434545942172732
13.908688909619388	0.5057768774897404	0.20484567190055947
27.337791952033232	0.2705915195272972	0.0002559428968238018
27.630082741115565	5.637345285218105	0.00021256009290200706
5.796088237945559	0.614362083238083	0.5292932856166327
26.131986335092385	0.5175930944432476	0.0005186033652708576
34.76243454309531	4.788321207668831	4.545275466649939e-6
5.593008002365122	5.536069616148749	0.49843487246178736
34.79380530593804	-0.7244445347258246	6.391110879951388e-6
11.085334915479638	9.858532047601503	0.28742196252062896
18.726994452742215	3.724978121274198	0.00798155240886057
31.66839522216791	-0.7631721947134231	2.7326740398763555e-5
5.890466874762169	-5.411213776114135	0.9998614615529152
27.526738491005073	4.322230609134536	0.0002255683663711511
8.603116214388507	8.941980677612861	0.6717328350524403
8.164698939658702	8.058008873612755	0.7500620618473882
7.690734362179848	0.06340110380448927	0.7939105815477442
3.0594970177432073	-2.4983096385415102	0.8570214854497776
33.28120844545364	-3.0150573153481606	0.35588195548161333
23.797494195088827	-4.5704071727046625	0.9844447611171908
1.2001842345557039	9.190487629223734	0.28088826448010173
22.27645764666373	3.264796486348194	0.0029026771630016363
8.499326223615789	-5.358982659288722	0.999909066407966
22.376867833452135	2.605760614676626	0.002865197158820969
3.1301048811340846	-4.011984075738644	0.9944367606790119
25.551682466843612	-5.5389598528643305	0.9980769778804027
29.395861239116826	-2.6394563185187376	0.16646215189300326
25.64956851281936	8.981173359212981	0.000698211782556795
17.83327296606255	8.70021581053271	0.020085663179429777
4.761311874123235	-1.825479728287073	0.6774632354052033
25.54001896611738	-4.2716097554795205	0.9651375500414464
14.779567065451884	1.8414701926119061	0.18441343786707404
32.35735544222343	-3.3091167696427917	0.604893112298595
30.563717179048194	1.539235391341876	3.595150736044525e-5
21.23881794169888	0.5796348593891114	0.003137093712655527
24.775402223862248	8.507761194716764	0.001192465586981188
36.84394590744443	2.152077549059131	1.5316833963030938e-6
34.247428794342966	-3.5950100957087567	0.7436627923545566
10.19344337725713	-1.4529533645459338	0.5006915754924104
24.03166161456737	3.2915400704876365	0.0017623679975406071
24.925768803075005	-3.8254574459479933	0.9098866398301878
18.561884414744732	1.7487409786867776	0.009335976879073442
37.47230133068511	6.0776930468821035	1.058401478344088e-6
26.73433391397165	-0.010651579733940153	0.00037597082361708365
24.480276859820677	7.235649937776282	0.0014069129149459861
3.4528883050733565	1.252259306826213	0.3314250227012317
19.224358186337682	-0.6606885501498603	0.0065562519952714815
25.606984605699775	8.411997789911172	0.0007171657976635988
19.748081944924877	7.633147978955691	0.004022734288939628
35.88855658601223	-0.28633651769919055	2.9994821799325224e-6
19.21402198070914	6.986776831752193	0.005385173077350013
32.59120603041333	-4.753206643800091	0.9814485363966854
23.567515617665116	-4.070505835727406	0.9527497780455111
34.64289110601711	0.3909410271229117	4.877235236196982e-6
3.142354631731486	0.37368517131853096	0.32510378083973096
3.1060324768043257	3.416021276830392	0.32244364881165316
25.852240362899877	1.7180936823850637	0.0006146267286317843
20.496151421147125	-4.322688472853892	0.9811754853565284
11.007316017314947	9.782496258673032	0.293149028690752
11.691169888768563	-3.7252403820965743	0.9704554224979317
11.48743392991124	-1.6565874946615242	0.3895542777221835
24.47983732517601	1.6556361746748163	0.0014072468750432725
18.51180494418869	-1.785564868101675	0.046978547242426
9.61277212685556	-0.11162941462262133	0.47513716956349294
27.322517844166917	1.1830556794134175	0.0002537326711325598
22.785192488236888	6.997369577143196	0.0026727853469982613
23.96587124781139	4.640291437212417	0.0018159993822401673
20.735853939533566	-2.5239615582861674	0.3369206810858419
6.6942300961222365	-0.7077221118885006	0.7325839695819317
17.077167613566406	9.665758889720522	0.044846488491283275
23.030138798604103	7.063886601221824	0.002525880714325545
19.573501817059643	1.0843201157589437	0.004351908502882024
9.262435643758394	-3.8429729742980836	0.9940102052006269
22.062569045482785	2.385153654446169	0.0029701873491261863
12.143404300531806	6.394898570832005	0.234844903577317
20.359183522633995	9.79237798241201	0.0033922325893335384
27.046569274658165	-0.9968004358276481	0.0004544217648072233
18.307494416986074	8.684608923705031	0.012072985663192017
32.120043069087686	6.578077961306812	1.552144972595326e-5
15.587967530390838	4.85779575397464	0.14107941700997262
14.110852202394696	7.255216733231119	0.2013509230402992
24.493750657115818	9.545017551780184	0.0013966937390210326
26.38908755217713	-1.6007901128658926	0.0016699317717730762
38.8262999516564	4.873875649601896	4.57885952968616e-7
27.144117830948495	-0.7270392882128505	0.0003679960547742079
35.24925936694473	-4.24214420491924	0.9312407220660316
6.406803966642022	0.3779598252512937	0.6362750567950455
21.52454073211141	9.323834483466461	0.003083674493932046
12.452803991796834	3.433486040470333	0.22613407475997493
22.297189089583963	-2.4725922609692805	0.23834942858989447
16.252054086169647	-4.939395669402497	0.9969638176732364
39.60834509501514	7.307509713145194	2.817245191199305e-7
15.887376467526146	-4.358123465057428	0.9886214834937658
10.739943152706708	8.731986445718906	0.3152647708239077
1.5708539070849366	6.475628372508943	0.29674355084325293
21.867530973781584	3.7497686652094	0.0030189429503179703
11.098308011690976	1.6644437151925366	0.2864994700504884
13.234454574854393	6.476355228463746	0.21231335308977994
9.363025052750356	0.6357334188777735	0.510873436648015
26.94309491731389	6.271465809403825	0.00031630372035325067
34.31418296411807	-2.1604307675191254	0.0019968428893757544
21.553770594545277	0.9868200005227674	0.0030791867756373016
5.002537945186027	7.987519438058097	0.4265633004321
33.46075738675137	0.5237561530701793	8.372944015519268e-6
39.09039339764747	8.218787899412494	3.8824165274383744e-7
29.2761055775752	3.942682293098157	7.97970628831503e-5
3.483991951714382	-4.240245820711204	0.9965026703038791
12.281957471770916	7.437522788419573	0.2306571637301946
10.260471885307139	9.314774180604916	0.36624383429729956
17.99938982396071	-5.757084151780738	0.9994869724431299
35.66289480028292	-5.082032064863512	0.9894971774477853
14.155528350331341	8.775745178733665	0.20060394914188245
11.854416974181046	-0.9039465739713766	0.2875836672294161
2.960912101490006	3.8258348979429204	0.3194818190098559
31.18658964923728	-0.15264926951919655	2.7431087057361617e-5
20.915955734507644	4.615119089067393	0.0031870195228405384
31.058572148028034	-2.2172559901824407	0.008656734184857205
9.7705710597098	4.780037072262056	0.4364668797067731
38.01466273514213	2.715342504876695	7.59997133133836e-7
1.1637803941310252	-2.6974577851490213	0.9686377440786454
