23.515632848907753	5.819825856625878	0.5171587568600291
22.390710050125186	4.439250401629483	0.516751002036124
20.201364924953154	-0.24419497524965905	0.6024713624065835
16.344367661412626	-1.7077056161455655	0.6387067001709154
12.377865010602951	3.5879344671240023	0.7171962467299943
33.765263675809095	1.9143954547028645	0.3185459710640668
19.32906693320019	-0.34310793574328713	0.6379905148143188
29.76464372302692	1.799358830835546	0.3953801426183292
6.972896357761219	0.8236443641718658	0.8728520573525246
34.79156289482675	3.361161228737778	0.3078666072211054
22.33732322329714	5.671797990707153	0.5172236653960519
4.534308352209429	-5.000388284443314	0.9993394869179945
1.084525930814621	5.025160674541642	0.957249348681694
3.5895412581464337	4.691096946175749	0.8281182078812455
21.800074191589967	1.6596302692785478	0.526220655019952
3.4025757648737547	0.1155601785737499	0.8416543264245636
22.34685719188952	-2.3500199304052405	0.679005203736643
15.31849543698765	9.412013246270389	0.5732568236027402
36.240883694847014	-0.9632375117026708	0.3279920997706719
10.967193372336599	5.952082404180878	0.7014417286920612
21.322113757145623	-4.212434907326898	0.9777886530622413
3.2767093435451056	7.681156634836192	0.8483894888292383
23.201952163900998	7.229865012484709	0.5159601920685384
4.4874934606464745	9.854592504234676	0.7783190365296558
17.053156989433116	1.2981717936842578	0.5722185870904116
32.63383241949581	-0.5413942419422764	0.35741395412704785
3.250071201131023	-2.6701613991333364	0.9523582165588594
11.429171410226218	-2.7631391810664887	0.8877274888324285
28.06520200019982	5.386389744751941	0.40515124074786435
18.72437676046346	-2.0568843194813713	0.740719103334193
0.6789516733465109	-1.4404857253407517	0.9830311861163019
22.33445243386875	0.8314810323138495	0.5173010184537331
12.217372296958802	6.213486546725521	0.7164664873798792
9.414747565151343	6.675646671499649	0.7584293947739346
23.24780437715064	-1.9199182771750252	0.6225829526429054
22.834001136079305	0.2877950336469439	0.5165198902774848
29.301267201164013	-0.004479952689360189	0.40073013785397554
38.817172747176905	2.252993607814176	0.25019772540467644
16.100152978479905	5.601595391352486	0.5561979870201049
13.813165319538706	5.42197368210214	0.6646673096983697
26.16156217273147	1.785167240887814	0.4641702318091885
15.605522705872591	-5.169831564972931	0.9979992552506011
33.78367254884405	0.4750142970927058	0.31883122583344325
13.55804049443231	3.506386979299677	0.6809885159856145
37.38593657565315	5.897414437928525	0.27918117257341574
0.5367663116881811	1.729925415072568	0.8749968710635367
11.615868306289869	6.065253998274391	0.7078261322133792
35.25202760507436	8.905987172254905	0.3047548201094169
23.554362635103157	9.710704652924608	0.5172914639163211
23.875731393868115	3.8883384898359648	0.517913884981846
23.229803228486453	7.4105501531461595	0.5160634361278982
29.24636060354773	-4.515239190002738	0.9771558890643701
24.860858316496458	-1.5272001420772092	0.5770852724089569
30.792896311940403	-2.0206287989934033	0.5114445486217927
1.6486315531223936	0.4070509122864454	0.9367174542921505
36.43976703307316	5.724276900337696	0.2942206641924133
35.24413022722857	4.2517414645770515	0.3048071365028109
26.597873404188668	4.733068542401499	0.44660217711122124
7.555833424904191	3.0469164735485226	0.8883641499604318
7.214392645105945	5.990913871198471	0.8845521087227475
35.44464467833989	3.878833034025826	0.30345180490108525
29.37985896965069	7.173995879880719	0.39645067194315425
36.54707895512678	3.770326250788301	0.2928409456664762
8.083125101403395	-0.9053592374953077	0.8806659732241174
21.264766228847876	-2.3501811024203842	0.7024952832973609
11.211354111578947	-5.3022870547495895	0.9993441139058655
11.536893600015222	8.644885718270878	0.7065616988540694
28.197844793205537	-4.898652485814891	0.9906813131362275
15.792962395267553	-4.809712244374905	0.9953402525528321
16.33383737683193	5.463286804037889	0.5566018637925338
4.911184931575484	4.733248420227408	0.7658337177599701
26.408295505969395	-2.9944793371107323	0.7428226481530333
9.809679695815937	-3.72207835558884	0.980942014386654
13.046421301151625	1.5798156778744694	0.7060781609641996
14.084629562182387	9.233255095685852	0.6460218860531463
34.33240621825086	5.781146839681918	0.31168062229906096
8.84117629168479	9.90524232684091	0.8051776629402837
29.39087186714854	9.432864803297297	0.39642570480188616
36.71040539106814	5.0496847426001	0.29056978749127516
33.47526556096482	1.2773255481065906	0.32328646203935313
4.409837416994781	9.444430987462907	0.7816214937917352
27.389919127289073	6.5344218125218685	0.41960473779380214
2.1514631436504406	-3.6964251881120997	0.9975341398827259
26.714594196295877	0.636469813201435	0.44233286375768005
32.381543182075205	-4.315731308994909	0.9570807110821536
13.342585444158278	-4.0680617866284425	0.9880824736128829
38.77747158073781	6.246003405743393	0.2509686141532251
24.47522058527672	-2.5605420283707154	0.7077408569343191
1.12595529915733	-3.8115514926730256	0.9996852083097373
13.721605038961533	7.82121606107663	0.6707181447218664
38.45725583454417	-3.6414484980786312	0.7798145420629625
32.31712887715747	3.2248197017919153	0.35026830021878236
20.217439307566767	1.2210064150723703	0.5940079367246798
31.972284897964823	4.369463204231774	0.3595881064927603
23.59676103815285	2.0788820013228513	0.5174267534253487
14.69166222188371	-3.343719768014063	0.919350488455297
24.747695645377632	-5.229061501442288	0.9971834231466183
26.253368059369137	2.9531654921045885	0.4604271309698062
33.95080201784976	-3.9100216068378	0.8897536338611628
18.48396094739071	9.710690891981427	0.6272784709906747
24.10663390736652	-5.848394565033557	0.9993513870603006
4.19177385245358	3.1118081063094554	0.7922077771877215
11.547006277377339	4.437935513952608	0.7067193727835971
6.030673051206527	3.1337979862215786	0.7970417526506386
3.3947725979830077	7.629467581223915	0.8407229328755192
35.85389779763842	-5.270380087018049	0.9936541779811893
37.298689803532	3.2668488623660252	0.2808133013366417
38.33944809997552	7.8051887777475315	0.2597953221983212
31.794800262677857	2.9155407893428222	0.3643030544085426
9.120799272172201	5.906883101210184	0.7812867432151962
26.514097228916714	-5.207654529865692	0.9961568041770263
0.9172958913291068	2.633383440031949	0.9496192395884185
32.2696020285631	4.259354438884127	0.3515499858636998
6.645730190946064	6.843114797265457	0.8485011993093906
6.712633266569525	-0.7273419054655328	0.8650286317737864
8.03237159010166	-1.1058220441589892	0.8881986383507432
27.067598589609823	4.142288326982014	0.42946942734070476
19.94520080865638	-3.692832284314033	0.9515550002724739
19.680920113322777	6.881539587806925	0.618270127054065
17.363055449226902	-0.09516067168683051	0.5891098883544614
6.289917567782269	2.0437270987510825	0.8178629870556685
39.393422467541605	8.307994295985592	0.23979015536963613
31.348701867224392	-1.6332630399077264	0.45709863549836266
34.44941998719839	6.114033062116375	0.31059507294829075
1.4244828456348286	7.130799800275705	0.9475271783143707
35.49737743646768	-5.483901121394613	0.9961686572635784
38.784816634086376	1.531063894855107	0.2508255613344099
20.70530878807132	4.457045659689609	0.5689688406922542
36.13912625304222	6.9832044792602534	0.2976364924217296
36.10349680728924	-3.4538494093607017	0.7484888652553797
33.489875785012586	5.732271399787388	0.3230256019740421
34.598290372097495	4.594821145857683	0.30933639096020416
8.772742696204848	-1.2399904671294841	0.8398666039450025
37.0202380677699	6.80456180686352	0.2857211677537548
38.25897063750935	-0.2385582801618682	0.26859884184760646
7.84846803389189	4.182443519401636	0.8802675127567626
4.981243109052105	-5.1943732771856865	0.9995697561791581
22.899114712629142	3.447772390875887	0.5151706663543197
32.39413145470683	7.456250644339907	0.3482021365088162
8.810159434541553	7.313632511723915	0.8078962997346498
9.556150587057214	7.639291803606437	0.748536056468339
32.53798804100082	9.182496398732242	0.34439404267369933
11.120700140442175	-0.3557453921264564	0.7103881129707563
19.50440348741354	2.5490343023626583	0.6242073416195537
23.354998210805697	-4.051572576997035	0.9638015075082139
29.508651797970206	-3.9666993521642926	0.9267869381948641
5.643625173002537	-4.1942019941679565	0.996318751531983
23.132252294807955	-4.25994800760555	0.9768644708270754
28.687410944821416	-5.10607442298585	0.9940481711624896
3.3470280869248157	-1.275316661092674	0.8692530162920504
11.226987229247912	9.695639893843559	0.7026539598674322
10.690607735998487	-1.5792864141326461	0.7625136556118582
38.96889645681488	9.241952140846518	0.2473078639995546
24.7451600274623	-5.1473197743764665	0.996605908054601
30.384420821944097	7.1736221388662695	0.3913215600836787
36.33423826065889	5.379153331459522	0.2954930176808397
30.630900255475503	-3.103921905240714	0.718871404559313
3.839030140959548	0.7244327756722377	0.8124815843542122
21.07974650489783	1.6507825770478242	0.5511660614021531
27.127182184103415	4.630102353323771	0.42751111863229396
21.162979158550755	-4.671558450745813	0.992194133779338
25.270557187756047	2.3856715193246547	0.4973779602358807
20.496572628502324	9.118483557836035	0.5796519065565703
7.744262620364718	-3.668768970461617	0.9940409190823188
11.763200480241624	8.563797389007961	0.7102979842732879
35.85860153035935	0.3852568981006179	0.3011525469401224
17.43499426478542	1.6321533441016989	0.5870771629530959
22.904901770892078	4.804795695119665	0.5151773823721452
31.061013510146548	-5.060164003705344	0.9927156680304458
8.101502375138258	3.562741251587232	0.8659778619744307
14.56055734572749	6.980552765928042	0.613660292014357
38.7504044150188	0.1673038884941942	0.2534947640587271
17.537547146759884	-3.308173971399045	0.9036759155539571
36.25032032166615	8.166129465531265	0.29644731975922195
34.96588785411507	2.327427440574093	0.30665229821361417
15.065527760069807	0.5790682970251932	0.5848287509017333
20.49043593282711	-4.647529287596999	0.9928699027636873
30.95085529966049	-1.1033864343837685	0.42446559901749287
9.945089205971906	-5.3736333687636435	0.9995090283182473
22.631977782500876	-2.0395675233388744	0.635941088932441
20.210422505880572	3.6042629590843944	0.5943622372328227
35.062686537336916	8.188260519366356	0.30600479243341483
21.616975890717534	0.506277538272613	0.5316460402222218
20.778646957912784	9.789276833794814	0.565303797448541
20.94358775471412	8.553815780082923	0.5573462049759463
29.518173555213703	-2.252750854381544	0.5528113575382411
32.38448292066171	-1.506487760039109	0.4182667764361794
37.710404312788135	9.710706859969852	0.2728104048381623
20.310666032342205	-2.995036938174593	0.8437243941312792
38.131967484728	-1.8459189070052293	0.3620027051148137
37.79736791449305	-1.7974091417944749	0.3645599610970962
1.60036072141615	1.1537974856880808	0.9381728189591738
0.8707852980459863	1.8076990789420897	0.9452463092384348
22.168790830882344	6.5367208313847165	0.5191879919571321
4.938679289098849	-1.1412566928530339	0.7952486997873879
6.43983618410205	-1.2012066278667568	0.8566969036779282
36.383392100008116	4.684823489711983	0.2949105717089351
19.977078650212082	-0.09603952850279285	0.6107879157524496
22.695237595427653	2.453142664242163	0.5152427640244887
1.70444691723327	6.2126507174835375	0.9333682839274308
