18.26830901968799	1.7315613756597426	2.8632935561525738e-18
33.84986216572114	2.211255787125829	-3.095680015171771e-24
2.1238362842129135	-4.895360851918058	0.9999521203531873
25.090522988324995	4.85275468765048	2.699797413181554e-44
23.215219376172136	5.500051346588984	-3.963980600599177e-48
1.8723249760450638	8.947797376022972	-3.514175087947296e-55
15.097970591018425	8.109344670737725	-1.6367471130666607e-60
24.55338610114275	1.8489979989449772	2.8622540117326125e-22
23.343399089122684	9.76681483693089	1.4516193937701713e-81
35.41241718695787	-5.646931828197454	0.9971765938138063
9.019913768760729	8.315482623936227	1.1188978330020938e-57
37.005748009190846	-5.362190605559318	0.9940699889951509
5.61542289597761	7.658653834539917	1.5312689378199332e-48
12.678997019883806	-0.44838031628249375	3.9927490302209446e-10
20.4322918325713	6.240625682962431	-1.0139241919664205e-51
39.314513134871525	6.607339073697188	-2.9580199448122787e-57
34.99250368110115	4.3903411117496205	-1.098176438099176e-41
16.175332299660663	-2.3799093590521387	0.34178079862947514
11.209212831755144	-4.209824802210585	0.9925697363308307
4.136940247858206	9.121011341591306	-8.844010586139051e-59
0.5722139910610549	3.7900316173959467	-1.7175185887455577e-15
39.006468170198254	8.782541539716878	4.4610102235483455e-74
14.229177949778794	9.342583749180672	2.0679742997955135e-69
25.529756452110167	-5.943627562551942	0.9992581022683541
34.26279086993109	-0.061462967276263214	-1.5574308004783284e-19
27.06467379278483	-1.1901425413220874	1.723023071476337e-8
19.321564185138985	0.21892329022365686	-1.4828637253228326e-18
36.37803667606966	2.505976796996361	1.1549159971703545e-26
30.12180423325742	-0.6313445678835397	1.3329293922396512e-13
33.20310402779232	8.060222787431211	1.1502760980496774e-69
13.866280536544393	-3.719738825661599	0.9638090585539127
27.207279971564375	3.5202723649761687	9.254092272287254e-34
38.87384234078261	0.8721409290498148	-4.838839961774916e-20
32.09318106828116	4.894916552129462	4.2621891745633977e-44
5.06167446128504	0.6188413550514866	2.5010659552943222e-5
0.5305711551697931	-4.676122805051211	0.9999985831280405
1.5992834288877427	9.162601975166808	3.9858733725229654e-57
5.756700524420872	7.342669066144051	1.0701951798742422e-46
8.17224488990675	9.726719587232308	-9.780280277147047e-67
27.443020551466304	-1.1200087671813002	9.056206997590137e-9
19.38038397217717	-4.492021849929371	0.9880261219009222
25.45568083374298	-1.2198343047592388	-8.966038609695391e-8
32.479985364888186	1.6469100423732268	-2.6269267673853634e-21
23.9891191229035	6.697183121330637	1.2277791547777964e-57
39.044810654296356	-5.974927165192279	0.9983861422685012
36.03462534503513	9.534203588090906	5.955496424082156e-80
18.31486730469695	7.725363990939059	-5.1816072675099325e-61
20.79845138158327	-2.2755719569392934	0.10403887455072391
33.64492289325734	-0.6323471542153776	-6.897121167562444e-15
5.54328564172067	-3.680597265882895	0.9898211633017907
13.041295817778261	4.3917183843231715	-3.1134726050066603e-32
9.107087347845642	4.398219919489842	-6.384689563498958e-28
16.305016122661506	-5.618415041721274	0.999359240432491
28.115321394488404	-1.36583557457835	-2.896123804252518e-7
25.62333723244984	-5.425292842693937	0.9975370353261944
27.01279080682541	8.412739047569959	-6.355975631746802e-71
3.8973980947531146	7.194219597700949	-2.1857513941309192e-43
21.346457917258792	7.916968703691079	6.575765364884993e-65
24.680135523197215	0.10383112593630806	9.24159538098283e-19
32.755480693214714	7.857671542156366	-2.8846101023811008e-70
16.393023577095917	5.583407960892201	-7.926415650038821e-43
3.689404646454695	-0.1470527757136555	-0.0003758992450526129
13.653716753681984	-1.2218573439397833	-1.4246599352220913e-5
21.848981803077912	2.0833455458166217	3.9628928458260085e-22
24.033186594301615	1.3644733347406675	-1.1335830458857386e-20
20.724583819076805	2.5890106220819042	-4.090002381037338e-23
6.559559437721622	6.29331972522016	-1.3199043359657118e-40
11.942154315357403	4.639922091452323	2.322044516966782e-31
17.225506394399133	-2.3464482597861913	0.27007631080155803
7.168533625547838	4.080901813093318	7.146136539551293e-24
25.16411545798649	-0.9752349239816525	1.2621481873164446e-9
10.452457768076307	-0.10277562186556288	3.6635556110450143e-10
35.059758125025795	-0.9847924226324825	-2.324658711473271e-12
28.927559503133747	-1.6482246445642623	1.477729655708356e-5
8.512712138547968	9.041694317275155	-3.574334997322031e-62
10.164331106795947	-4.892381662311804	0.9987420324244856
13.113444490118937	-2.4944873823403952	0.5816654478254525
0.751752834622363	5.992250927446522	3.7103627086171522e-31
28.06447117031761	-3.7245087381911404	0.8621256904344202
33.96170089240802	7.630230800885764	1.066778548025977e-65
31.978432586178627	9.81197030945921	1.2668981037984367e-82
3.0101924284950368	1.718147633878532	0.000285017362280592
7.923382708471632	8.567868762934616	7.463739301405322e-58
33.867320814461316	-0.2385753681045788	7.831429739390747e-18
30.05273833696948	3.6149562307464045	-2.814957669102198e-34
39.16423538014678	2.782315956687981	5.468733831523208e-28
11.42932366105195	-3.650678339159109	0.9721864539844641
9.979364622366166	-0.21447365850519517	-1.6555902439767788e-8
4.587313011270635	7.679174181897613	4.836455235615765e-48
33.80510035783559	4.210558380268283	-7.551981402516881e-39
21.581851028886792	4.894437915148357	-7.461571491324073e-43
32.04251008726671	-1.3011457676465454	1.3382971796421291e-8
32.02363996198863	8.147730599220411	-2.344969124506205e-69
3.169673045534494	9.713803426914788	-6.813499660097802e-62
15.251725075768752	0.05635856400279238	-1.1044902310995207e-14
38.563365567599085	-0.1580218574115957	3.3068731547358054e-19
8.125998557936256	3.5046084989610584	-3.1914345198075046e-19
37.10045861415514	-3.297820472090109	0.4999557591613009
37.08007787149768	8.419276758901972	-4.135853640228314e-71
6.597751358801941	-4.036111638378669	0.9944999910793698
9.19483413161651	3.736590795770379	3.931740704582503e-22
22.013540794912593	7.630039559085574	-6.932304400561868e-64
13.043617343259717	6.713948657248054	-4.0370553348983356e-48
5.68464300896706	7.562940636111106	-2.5469682088830553e-48
29.626619004022356	5.481969109651676	1.436308973184608e-48
36.88971777591929	-0.15449507006810492	1.533119711388756e-19
26.988273967559138	0.750189144768008	5.828461487561652e-20
28.093387975206173	5.283771624777362	-1.9261629068773446e-47
17.178134460704527	-0.917087215617455	-2.6513518737989567e-7
9.26158719158411	-4.489540579345867	0.9972965864906136
30.28874123312283	0.3907251831209759	8.020532920294849e-20
31.941116299715613	9.803779743138481	-4.011578292373577e-82
25.905151555889915	3.915315428125334	-1.6504552034232983e-36
17.097489025780103	-0.044896528169399375	-3.748535252462662e-15
3.378601392525388	1.9820247699955864	1.9233485132471254e-5
9.146930300475692	4.048009241304785	1.7440946378535104e-24
31.403216483089764	-4.723751844165932	0.9815450788387144
24.47359205410513	6.842060383210164	2.0162514893628683e-59
27.765588071997914	2.267634419422981	-3.1999652918818965e-25
36.446885339283405	4.0920072372773735	2.8351232675512585e-39
35.095021171495	7.0899627649495915	-2.2522043195087032e-61
3.4004333913418106	7.500513851257265	7.73458921066988e-46
31.325857145388852	-2.823667700757838	0.22985092260558254
19.721492789351448	-4.414497227723363	0.9851945787832593
11.155401895954324	0.6118182271096639	5.986038756789698e-11
9.997291570537723	4.577257524363137	8.271377268771248e-29
23.708904730305544	-0.21921742540591538	1.128240593066459e-15
11.878090476661844	6.18461362195896	3.605618803006403e-43
38.57540347260781	4.492361313728045	-4.5401575119567717e-41
36.50617238375746	-0.5671861042633441	8.539625159623224e-18
27.193989324899626	8.316223565369226	1.0395177288938226e-70
23.614724109102248	-4.197809532380884	0.9652678665994877
10.165956109493091	5.9003711552678695	3.8904505002194116e-40
26.64148415075091	8.199044980330733	2.597516516974599e-69
26.451667986152923	5.097603624380588	-1.5795219614388728e-45
24.622098262684556	8.757996061571585	-1.5225477825245887e-74
22.005329329531378	-4.55822115533212	0.986712315008094
6.643829749219643	6.398656608288414	-4.571512619181601e-40
20.988816588857762	3.6837554950457694	1.4225592441160525e-32
22.113015339434373	-5.600883348668473	0.9987760034040307
39.23305779401204	-0.6838327269497668	-1.8827422240225515e-15
39.114488188530025	-2.9975407018377744	0.21298247293951075
23.990467796324875	-3.3754112631820963	0.7851146130959199
27.299181233130835	8.937488444502893	2.974998330451938e-75
8.985310835784066	7.627753247722664	4.3210961947356174e-52
5.590778532886772	3.3024971999849217	4.172340522272318e-16
14.53244968880553	1.6102711958320235	8.941625803056356e-15
36.07587711957031	-4.955836825221327	0.9856960009473797
29.488963342745805	-2.9254851873576353	0.3573680415094146
12.900445835111706	-1.7224778342237599	0.05066516275666915
0.8881905646577214	8.592718967620556	3.9381454569943426e-52
19.49114485386896	-3.6537001181854727	0.9195418636376365
33.264440248466606	2.5693278207131165	-2.243430577937611e-28
19.653475849582804	2.657453368246122	-3.1330896685671505e-23
0.8779177261103147	-0.5694758327693119	0.9563227921775531
2.3849533025600116	4.205421941716258	-5.161258005891814e-19
14.817037589428114	7.110800385427835	2.380667422872249e-53
16.183475164339193	6.8895699647760456	-3.0126380338965604e-52
20.227338280562147	1.9801840228038365	-1.0835384150411035e-20
39.259632807870595	7.638229383090108	-3.2803794108513143e-66
38.77234437519054	4.747150616765108	4.920130102262834e-44
29.83020898027308	0.9488833494473727	1.1815380961894881e-20
6.824956716553589	8.630899946277314	-3.186861588496167e-57
18.355917064171166	7.599940414220685	-5.961961423558499e-60
9.633977481945035	-3.330344069115265	0.9593596585787384
24.811927538805193	-5.6453248447051685	0.9986076837476995
37.193502944145166	-1.5467936209599191	-7.449497933810126e-9
10.08809505419644	0.7796621611181465	4.786707892732528e-10
28.575250381247113	5.699310638203009	-3.577768665278564e-50
22.351098910632718	2.590394776993339	1.053630594442763e-24
37.577724199564315	4.637080710684918	-1.450578799158633e-42
8.137431102800914	8.258657243610791	1.8176249654215232e-55
36.70726939351792	-2.3038252671376718	-0.001156298189243958
10.490934177610292	8.390876077476731	1.1510393638284514e-58
5.14785742933392	4.208422286307091	-1.3346740972052363e-21
9.585257419697877	6.912953251635974	1.543884851704977e-46
34.52962151538644	5.7498318346945805	-2.9799441293429444e-52
31.62234115875912	-2.7848569162072376	0.19423515894637883
13.460864221095719	-2.1489991935706136	0.2859884816991036
14.57721719253102	6.034344226165322	1.4526555455640357e-44
11.98111076533805	6.120339386003321	-7.756399173068354e-43
6.659379975760257	-5.758034831067835	0.9998944177726498
1.3691758591011727	-0.7498242440005249	0.8765178928377689
35.75413968618708	7.790885692036682	-2.115665740115564e-66
22.48608467623902	-4.243348111588363	0.9715657282801656
17.486864392673773	4.7657089494581335	-2.010408924548098e-37
39.130127840741544	-2.1935180468238062	-0.0003768680402382969
15.231176480029113	-2.268883454663426	0.29241705414573926
21.506934150671366	7.862554992524338	1.0305191313087083e-65
30.708904140391706	-5.925247562212725	0.9988804478220413
27.335824986329396	8.1886535097098	2.770451958515228e-69
38.19742970892993	-5.895594172609837	0.9981461092827426
11.181536055740771	-2.1716098045402976	0.4571145584903533
6.912270347055753	2.2318963108928163	6.189527871315846e-9
7.655815179186989	1.6016674492923197	-1.788764763509909e-8
33.32840944446898	2.6844356491100534	-3.9555981506748756e-27
3.904695826861237	-1.6779013006924046	0.6176611707657876
14.261432195628721	-5.974266505711331	0.9997825275175218
17.57023229031655	-1.4579190961777062	-0.00016791290894848282
32.31814022473324	5.044131928463861	6.767971733723161e-46
