22.807989440489283	6.134077653280318	-4.0549830709322847e-42
10.206762983681688	5.565752104537255	-3.131713509120068e-32
37.81445632168311	-1.9623729915773005	0.0009364440677317368
21.326205802423154	-0.32703055752601706	0.00935597110231419
8.652971491102043	4.302972657704576	6.6083412116839294e-21
5.274674726712857	5.82947650021994	5.597065634708015e-35
31.65214289057322	-2.064426832062244	0.012221781263695797
24.409336910846886	-0.09929624154423777	0.004425804978488588
35.579324767004984	2.6082103660386338	1.5578481695658532e-18
7.041500277275069	-2.462445804992349	0.9501989344171109
26.569708429542818	1.0259145594479904	0.00010499467865942147
1.7285553611522781	8.87623005958318	-4.464485824037102e-56
21.369068979026252	-5.500419251808296	0.998612419763144
3.1589653571875966	1.5953702152659712	0.04482197336433212
23.48166756066491	-3.283134594378417	0.7647711141235232
31.261735249021505	-1.8979880514350072	0.0051832542996402275
4.860508276870785	-4.37822136736254	0.99822522167702
24.985042450598815	6.0271763969505745	-3.3866138036250124e-41
13.875330172393289	6.686395084058834	1.3119967371635747e-41
26.43307745822691	-5.083098611137171	0.9942542051892229
20.290761881170248	3.079812915753619	1.6177862534423666e-17
11.753577354564387	2.7489298328681286	2.0766322817676397e-11
29.628903534708442	-1.1641532503731966	0.0008936355827344385
31.410455224546496	0.13023826839450514	0.00010055836601828936
10.24816622992599	9.672818101677148	5.1043640152401074e-64
15.888123894164435	0.8959651104726749	0.04690810965756151
18.630894718624848	4.625033297463528	2.0365285946533775e-30
16.562850494417653	9.584922085642258	-2.0536953017876045e-65
24.699668076829102	0.9676461172455699	0.0004354162151537512
17.535963932392345	1.896253303220126	1.7975157844566287e-6
19.590545091450497	9.074358097926941	1.3804173118986443e-63
16.06656927441669	8.452240513409436	-1.4411044606068436e-56
18.255579925761758	9.983899390088704	0.0
7.981874190445025	1.7901599365529357	0.051563759625370055
3.5314492678744123	5.6495808024614895	1.0212997795374603e-32
7.521588948385798	0.3164971173416866	0.647302233564965
36.38132502258094	-0.03844549166466571	1.604408800663782e-5
17.793629988162003	2.461087776744302	1.05577906348378e-11
16.903188798189362	-1.6105934152425032	0.20566765500883263
21.16764595048574	2.1826625495539194	1.0713596046537073e-10
13.896820170679067	-3.2503893186107398	0.8907378174628849
19.481747784634077	8.797402983715104	4.205300053506262e-61
5.6756926217575145	6.934405975954242	-3.7894652408340903e-41
24.198426383158505	6.02664171896479	-6.80473888261866e-41
32.94513950881475	7.352911234238221	-4.405843702760315e-54
37.686172918963884	-0.7541182148024799	1.9824404749510345e-5
16.676789592500665	-3.743034003728992	0.9547487298709652
6.206657164107087	-3.0486083615561608	0.9765613438940365
35.75355938451833	8.528094083120694	5.40646987203932e-64
15.386754158554417	-0.5392070788895342	0.1953419717011587
36.76727915656876	1.358575216581757	1.663488083786922e-8
17.33495176377571	6.6153866805479655	-5.214201731824705e-43
9.388048131270496	-3.7763180605477285	0.9914509531873109
26.527473044468856	3.083727183274	3.9445047190137443e-19
34.06951193575145	-4.051030593697796	0.9027463179119546
20.161523123248024	-0.16143181646198634	0.00998486846632958
4.6243248669651775	-5.456443804269668	0.9998484000152233
37.3592613886761	-3.383722370641955	0.5734108997680138
35.85593073174959	-0.09261226842204806	2.216837737263344e-5
8.41218752973021	-3.9650861276071563	0.9968167926824493
17.288425338113786	-2.4640651885462947	0.5303323386362523
3.0685808456367965	5.796167332992491	7.609013939583034e-33
30.69531028221317	7.045444957636796	-3.201920300792486e-51
6.2655791028716825	-1.4752362819447242	0.8212045540116659
38.19978466209337	9.686529722575694	1.8998139036589753e-73
31.830000184456413	2.2760919959305603	-3.339717124390436e-15
21.381085913409606	5.7390188684692784	-2.381440942696276e-38
8.370274650531451	8.294291319121033	-2.4371178843055782e-51
8.744514914313857	8.881773126860056	-3.504483745859431e-56
15.689547752944291	-0.12124673996067159	0.14822463496380034
12.954770165410926	-5.036673819655814	0.9981721312640921
8.995249583693289	8.884816762249198	-1.7025468439747105e-56
5.380791951313075	2.413443947227032	3.364523661081411e-6
33.63081281809212	0.5462753482428688	1.890205405440165e-5
2.3758768285919536	7.480208476219971	-9.118944693046064e-46
21.566226355123526	4.35857093315955	-1.4273092764459108e-27
29.78008036101026	1.405378184347823	5.338932429174708e-7
24.13331118860482	-4.867111852520788	0.9920403945516112
17.074759393356533	6.46750583194471	-8.212421934165999e-42
30.024960687794092	8.360040110028466	9.2562697865453e-62
35.417854566468876	2.060062087063603	-2.919550005734385e-14
23.49360028358783	0.4907950761840105	0.0028395361105862165
26.316829262884163	3.0025788010101824	-2.0692067039889327e-18
0.8580692203094271	-2.2080996966246556	0.983103081453865
21.64882461980497	4.830208970765039	-2.950273694138047e-31
26.4539471374436	8.500928765148124	1.3361488280991394e-60
17.0069086003719	6.298103885825627	-2.505906218102763e-40
7.4431236940772765	-0.4679277543780085	0.7475925256237135
6.048870923223763	9.569011388499014	-3.7296972731231827e-62
24.95639004316405	2.4466832214860776	3.154998596819246e-14
8.86969206689007	-4.072335694450212	0.9967807479868654
9.555456603975186	9.329453455155122	-3.294241411567834e-60
23.67278387075617	-1.2268204539909568	0.014954654037305953
18.399573514395037	0.6808710597701655	0.009939347673514278
38.594405990451655	4.493779177291657	-1.0911248185671845e-33
11.39245104745824	3.292859305240448	-3.4517123276915187e-15
29.591815856085056	-2.892737048476807	0.38272476906491476
14.307225470527085	7.796887252587425	-3.3854978582554236e-50
16.546204658736027	9.584001082781075	-2.0532053534096072e-65
27.966198482853194	-5.84912002865315	0.9989065543337511
3.5829175509051456	-3.484326747386193	0.9879022038778493
38.589623931462384	4.874285151645921	1.0993591584495122e-36
2.074262608605815	7.760584998137444	8.3295580991636e-50
38.52447025731483	5.756604814386124	5.668807858185183e-44
31.00115584361539	-0.6280470776582856	0.00027040797166538424
30.6247337731031	-2.3043832132966013	0.05173408096843067
24.01450654193552	4.700565182798867	3.160747873126796e-31
25.117369329916777	5.469727431053272	4.611842446289105e-37
19.02157573930618	-0.42717848260756597	0.020939864318665805
35.90181424141218	8.384799423098773	-8.710774534866399e-63
7.521770096015829	2.0963427100107968	0.006636480040839052
2.3169249938617127	0.8218258806684382	0.3518384738644358
37.24682914347513	-0.9589806697719077	3.172714313572073e-5
36.273176902867675	4.671265977376192	-1.8926764816393777e-34
32.328067027674315	2.6168422888314	1.1220817780684198e-17
16.641633730904857	7.689885490481689	-4.7530529268467224e-51
4.67513298907102	5.359657446118456	-3.87606299023853e-30
12.405215142909473	7.389919380395378	-3.3215030143906036e-47
11.227318416267774	9.856273965812312	4.330796776729262e-65
7.769024246492205	3.971877235890924	2.6630230489268688e-17
7.644548105334089	7.962057320647919	-6.465404312297344e-48
21.294345084617404	-4.750854218618853	0.9923194088705877
18.918223287072898	-5.166767918937413	0.9978265482216466
30.912675952835748	-5.281225240724405	0.995069401119951
32.787895442245684	5.126922624416546	-7.363882245112099e-37
38.12619712967825	-1.6140613786325861	9.913046732641989e-5
34.20064835578689	-3.6772485982234002	0.7858831924360632
4.139464833108656	8.226941755934966	6.913427855367968e-52
18.9331999342365	-3.287057143660883	0.8568955283475341
29.93376441414495	-5.197105146275552	0.994408737955244
27.932350557133358	-0.4638737619754316	0.0010207587461676495
28.79444844944317	4.336912973394334	-8.20758019736346e-30
21.623191734794315	1.5183972381441997	1.847972028829678e-5
4.242661236924858	8.452637256592796	-8.64556569467425e-54
5.857611489784997	-2.9470527377726015	0.9684044388812986
13.839632443325332	-2.7532791218052974	0.7379762978129119
15.94886946004721	-3.2190344608485457	0.8698290446114613
14.252761117410582	5.891183989358034	-2.7471765036020488e-36
23.887266150772604	8.21904673911695	1.156778388492089e-57
32.15270744549181	-3.379442713389661	0.6635015254330893
22.769390705623426	5.086168223501975	-3.013344635948809e-33
27.88514716579616	-4.063855914566501	0.9364866755388319
26.44645804305158	4.904745004442439	3.753297660452889e-33
16.0966402347401	-3.638657363483107	0.944837939828397
10.423296303998782	3.4912309007229823	3.054140295949575e-17
39.21039405426531	6.1701664949521415	-6.53514082309204e-47
2.120698866674018	-1.144630256393647	0.7047917225469305
35.86799918204579	-3.4781828410436457	0.6603088253720252
28.31245764550255	-3.0047740974834305	0.49971785266311713
9.389864374434683	4.882109562837776	5.945455320838166e-26
22.7522218440033	6.469679367425362	-6.303920720859715e-44
7.114927919777784	-0.05171520886200476	0.6969520521290712
38.659129815478444	-4.171111303671228	0.9047309929825702
19.063539975647625	0.5162255821835959	0.00798048950442948
23.289823044268488	2.945409171909093	-2.0918348736215827e-18
30.962059771654726	6.602201498134537	-1.6637366209497413e-47
26.250602584456285	6.545518620580403	4.622677569461848e-46
17.37415517818264	-3.075789417574615	0.8143431338701929
18.53110951258943	-0.9992076878574103	0.04388243983814083
12.891665486513597	1.5902734550994353	0.005608098684766804
27.505183314182585	8.816254485127583	2.0006937009051708e-63
15.959678262766747	-3.3541121945534726	0.9004431305038048
29.224934366192723	3.338050850037469	-1.0304970940879008e-22
9.351727809358325	0.8093034295982431	0.3038093996625068
10.685009836656775	-5.766295616725634	0.9998225563861558
32.98746299790677	-1.4342325457678413	0.0004322099332366944
9.3100191857633	-4.543869855202342	0.9985679424324239
13.01616709125863	-3.7446979691045517	0.9653589251436113
20.22861172181846	6.494535253155153	-1.6392368688419696e-44
17.418847206344267	2.892558478789727	2.6329702304168994e-15
25.334538142731002	-3.240023517050748	0.7107768598250788
30.567168556148	3.1285115834844355	-2.581993404511461e-21
32.90372961456117	-1.2563242601704818	0.0003043804051834835
8.142035727614573	-4.619178730912765	0.9993624236825728
10.84539533935348	-1.3229943651018239	0.4626318028704813
8.943701265543696	-0.9793012317899414	0.6730966866867175
5.651673651513151	-3.611994531516327	0.991389457645092
18.11648874774854	4.216295810187901	-2.8253810032171575e-25
35.76686074675525	5.642701109657667	4.70430289306364e-42
26.551536174343305	-5.478183355348056	0.9976624510398191
22.143437058119776	6.261942988564774	-8.059695611772107e-43
22.743862232703815	-4.949517121765593	0.9942227556052382
14.027503514633448	0.48632409239309027	0.143995759684002
21.166209046427017	4.850789338292342	4.6926438051505116e-32
1.8354233551930106	-1.5694540586133208	0.8162469699375858
9.18050076414281	5.744755680735805	-5.3630608316661506e-33
1.730153074339946	-5.824188069186084	0.9999816290047093
21.26403772308221	2.6168088158755367	2.3272277748818643e-14
22.210461079709127	7.613164357050735	1.5114757921145752e-52
4.525326577298286	4.830908328089597	-1.1849245147000897e-25
21.203755416211692	9.88933325699559	0.0
33.7377029529147	8.74297683995581	-6.992183751756445e-65
33.31881178532783	9.720814690900234	3.6175261407447266e-72
10.48061782881923	-5.062542597426702	0.9991823182501058
14.42436581461029	-5.152952491685632	0.9983452214443662
23.454176951007664	8.194344355050289	3.372860485618988e-57
33.19631648002157	4.042522265388337	-8.859243290323297e-29
4.3040797155172665	-2.6643408653604137	0.9334264051033875
23.69700802693155	0.5072961441477126	0.00259504703260225
25.83206225883771	6.757540536774904	-3.4487464306419397e-47
