29.987876896092157	6.864279925302371	0.03445631264418432
35.256941174821876	-1.2035688460957648	0.012046108697294099
16.145178825085345	-3.516608035328753	0.929445638204059
16.448014944736034	-2.9422316850121106	0.8002162988282827
13.361411621568987	5.109955633571104	0.7172955446451231
7.990759459130086	-1.3146109267870898	0.8671260221716022
17.74217041898036	3.569583514556623	0.520056308613818
1.6495947317665065	1.1537851870287312	0.7550703168781356
11.695852395877575	3.073674551630546	0.8290482541655195
21.897340601967766	6.663233638690615	0.3191538466895549
4.643742455138431	4.027176275681484	0.7624940103157244
20.542171312005667	-4.090730398119581	0.9652463872643137
26.803063857130326	9.55626466957562	0.06659491905525734
35.2803755805482	-5.554842873606422	0.9965312878575185
15.756628924544012	2.0254905071033296	0.5828143918670972
14.119905446755391	8.676211731118377	0.6671996938876484
6.162750069599573	7.633737565252023	0.8031657769245292
9.351956129210832	2.4775840867618744	0.8934843258737687
10.168360096793956	-5.628786128306647	0.9998986726172362
34.86838021374095	5.7217789392542056	0.013242810891089779
16.886463067020713	-2.1500696223678	0.5999932960962109
37.47624068372441	-2.2457120502067074	0.02302664669388111
14.238103583323408	-2.405198593545043	0.7609069126386752
16.84418691637302	9.786295228766564	0.5452352380943833
4.344572707788641	-1.0181311193466165	0.7572594049864221
3.069942929520723	-1.0458418090474773	0.7452493571027192
36.47680951889126	-3.333034151890452	0.5589617404071385
39.27713604606194	3.064551535324526	0.003944068970409709
27.69202136167743	0.3143325972422826	0.0525055330541453
23.886344324348443	-3.2214704476628935	0.7410108139867962
11.690210606999099	7.849801200489747	0.829377569155836
27.87529784596667	4.3740499985120405	0.05030982785344699
32.689620786544964	1.2468323803363894	0.0219018410533724
38.57973011524186	5.974447389612271	0.004793198653262443
7.214985890469374	7.069650049694001	0.8395106034115151
24.443031612708186	-2.724373803446838	0.455564613974554
14.612199171962374	-4.856018711678095	0.9973663862036629
38.157150034087955	7.022964408253321	0.005393258351446015
34.80494799423852	5.779537854324186	0.013460027752319921
14.075582779215605	1.0394435819889196	0.6699744208840939
36.88027698688814	0.14718570344278348	0.0076958228202939445
5.939095016711107	4.157367789793229	0.7960270482416444
12.755601222937273	8.390244891719409	0.7595601844196123
14.326263224054811	6.563665476827319	0.6545874529836772
2.0235053953207944	0.11909464403815662	0.750760282930325
30.67082781296839	6.901620108443192	0.031072790834702088
27.14438044107753	-2.0361811837921344	0.08750826663933749
16.873523804192494	4.795926666177211	0.5443643296653558
32.25498906017396	0.3470062941388772	0.023825699109532562
37.240963540928206	-0.8130324982815793	0.006963208000330792
33.05737575762777	7.7009318846855646	0.020305530226953576
19.88580708675322	7.605049796829578	0.4444670856325872
37.99253924858099	-5.172125442969442	0.9903349700100941
7.011009623321145	9.778984190607575	0.8323096043945956
35.20244089008645	-0.039567289758574375	0.012141160704919614
18.90177662925783	4.790152592513266	0.4850337160382773
20.836565368206617	-5.330693902904422	0.9978638474326722
8.29219466028036	-3.8812087876725734	0.9937354163800058
15.069335037840123	-3.8559791031629658	0.9720766276882085
38.644312558655045	-3.9452951912985395	0.8460746858540099
5.182322002745866	8.316281913291668	0.7746185318237743
13.106732094162318	-4.2189057355919015	0.9929514210340251
17.901684226779977	-2.4088419694715633	0.6150844338846903
19.319584435297642	9.391481200844567	0.4694261467579061
16.643057165806855	4.679268358275301	0.5513617581121805
39.49613007201193	1.8957763567156913	0.0037092169512374104
29.618378132360235	7.351092290052229	0.03646319251840025
21.16051358961578	-2.520701389693688	0.5223214823269072
3.38928897317925	3.912852822243817	0.7461795935747103
18.475634692621593	-1.3089488040328305	0.5009156160156848
17.657103626038978	5.447532684956782	0.5223873529657188
10.622704132594627	6.585115112491957	0.8782012819773802
0.32940935493201295	-0.3628731010160582	0.8881164517523297
34.31629514262097	-4.872907206695299	0.9843433346119375
25.098570000731314	-5.205814364151506	0.9961261615556198
11.993139865716108	-3.5596383278170567	0.9805260988534781
11.70555783421412	4.345490616294551	0.8284803301675574
7.790338554541617	4.260125326428021	0.8592099476380685
12.186483990046305	6.488151636456074	0.7984060139987466
30.48688686065244	2.4415943744542616	0.03195543509935624
24.04913187123227	-2.800938076098399	0.5151651979206087
13.432967472480154	-2.036633252370539	0.7544752735160525
39.46236715061032	-0.37427293660756433	0.003744554665262772
27.86087362805524	3.02035287006043	0.050475448183403784
39.18486583106826	-0.13818452632028233	0.004047303397232907
6.816599852486291	0.6567413025728754	0.8254536942013531
30.35590919452707	1.2524126882041848	0.03259490175152542
35.950691715001476	6.876334915047206	0.00993743164306488
29.525868282282403	1.8201789993826925	0.03699427059745949
9.418330185844995	5.618035891994149	0.893843120013911
34.990118935207896	9.392057394625594	0.01283305281022509
25.1653189775169	7.413755230485334	0.11493517863435092
21.860066426829878	-1.4861062654382575	0.327129352701746
0.787570827168131	-4.552260050732457	0.9999284219744817
3.833846445966363	8.68314537125674	0.7499204117925113
6.233012281537747	3.01809188375902	0.8054700719212738
30.83939801875442	4.839653493987154	0.030276745319982222
4.193283478380446	9.077124273986694	0.7546202766072871
30.41022614255438	6.752482903034231	0.03232849347616724
1.3830210012136561	-1.4280622410281847	0.8221005210613764
27.74249591797316	7.307907556416188	0.051880561506717944
36.141164015800925	-5.859663573085989	0.9981943100093098
9.626423752396853	4.5321767949604705	0.8941988323349305
20.519190390754925	4.4652072766845805	0.4107712237710685
24.48644054824786	7.612744450131913	0.14641359393180667
1.4049401862526971	-2.575587157596873	0.9756990914731357
31.552981486874756	9.64218756994827	0.02698845590086974
19.4050631958348	5.952673988474423	0.46595498665735197
17.305442409833482	9.788206382761091	0.5320404894707867
24.5574244617295	-2.1365431264879806	0.2030844172885857
9.034701303292081	7.195782345011411	0.8902445320860667
12.550309416316376	-1.2921685265323557	0.7756452861039032
5.917834578087875	-3.7005342286583875	0.9855757080546194
0.9810061919435459	5.065867266878206	0.756163365066015
11.432997536029115	5.333085318972861	0.8437045168865269
25.81541006330051	9.525853068305572	0.09147941635719846
13.059774334200823	1.1154842535975185	0.7382730608718211
12.254588820685616	-5.901222723657414	0.9998911656694631
13.023736803722624	1.1999630906940961	0.7407949479040628
25.535115626213404	-5.986896411791694	0.9993357916011565
15.91600130074265	0.14947805692210814	0.5765199806170697
28.49131526429161	2.907230573548741	0.04421860849101668
13.019516700220903	9.290175838965737	0.7410903651167028
36.83982251012864	2.9978995402706907	0.0077825917506663825
38.39449611620068	9.817339810452234	0.005047616385061221
1.8363531356481353	1.4117963122124983	0.7526455688651076
4.77038785071567	1.8669857866574642	0.7650885457026437
32.622030623764836	-4.764950119283117	0.981915672271816
30.078509938179316	-0.17316907826480588	0.03398746610416231
28.3186174221105	0.3586343604989999	0.0457508742399936
22.70892871041381	-2.304308243666453	0.3643119884358459
13.876005646408682	-1.6136740226843287	0.6932218518577431
29.189334195717336	-0.7321873761905131	0.03905548532266614
5.799853597385594	3.1271417364334066	0.7917514421419862
7.924155883434347	4.4686399184942776	0.8635137079216891
22.91025104101305	-3.380782568005591	0.8195304815957662
35.48408614199791	7.536835156286312	0.011268622239991437
34.27817281510753	-1.3412915374917382	0.01560821607389836
19.32056717285293	7.637038637906514	0.4693868038910697
39.582432817427126	8.76201562800117	0.00362039919530366
37.424862422626	8.71003901562687	0.006614734793489376
5.228728675824254	9.453622709395061	0.7757923672559571
19.46411277125251	5.385935576792074	0.4634980920145056
20.935419506267632	-0.5867036648789714	0.3853861694274092
12.80470730072568	6.222821108908233	0.7561291794538272
24.35978200815884	6.850573350398001	0.15309903580776038
10.606991112856841	1.6003843414091747	0.8786878245581033
16.95207653100464	1.8496092454437694	0.5420574580091393
1.1897365303290472	-4.54069092923093	0.9998058475090295
36.58702527418187	7.683906512264745	0.00834637643786102
8.174417737465518	5.687860860973094	0.8711079217635227
10.824570547065216	-3.795046900614121	0.9923527237203531
14.138775159990606	6.761524013007147	0.6660253084781207
34.753131132631935	1.8728529439486366	0.013639341247659538
34.76918849873321	-3.974347633548785	0.8810546487186155
3.019004120847229	7.6086556912575745	0.7449034667173714
10.548835485270471	8.129872663002445	0.8804243936805135
2.180915980629391	2.887339465553735	0.748480025731305
33.82909870827955	-4.45367241965911	0.9606603485098519
3.8803099839278965	4.871919860634868	0.7504459304904968
16.219170711982294	-3.0462458181677547	0.8341304741134081
35.38196486666551	2.7426095628621834	0.011578951395665468
35.58375142970207	-2.1361745336735822	0.02519337708867392
25.599496068842168	1.7718601301687347	0.09858084621149447
6.745004252197403	8.064992394083383	0.8229420635891359
35.81070101286298	8.513113616584487	0.010321923939632044
33.015295144043925	1.9710089122502605	0.020486373402607276
3.244058233744407	2.366639607283851	0.745477937259651
22.802911488044987	1.3333289003619448	0.25305544091493065
15.694201572802292	7.30050732568677	0.5853667617834898
35.39606273118034	4.267110664109502	0.011535702809870164
16.767687098129084	1.3880811400879711	0.5475321370066019
3.034058171775448	3.2139438517341024	0.7449224348887272
5.473586814683062	-4.975016535941995	0.9991765774263914
18.479957448337835	3.950536528699402	0.49884505995622735
12.631559277394867	8.035818632346507	0.7681955630490309
5.320579146755654	7.79307349326788	0.7781730774705622
37.59478846830585	3.763141557437482	0.006308919692956716
7.910237463211031	6.636662901084236	0.8630730561072288
13.45147243953067	6.266386093241223	0.7111091523729458
29.69763188919471	6.4298178605234995	0.03601824795132285
6.950454232761083	-4.9806527895323445	0.9992974075464135
36.10867113978812	2.2816470496915553	0.009518730880916837
1.665004854200534	0.3008065468549308	0.7552026309210429
20.71055598611112	8.703739837507847	0.39939872116330305
16.894359954188758	0.23664478848323967	0.5437493554332934
15.524807221104963	6.721632090592475	0.5925460234319245
34.1273487263413	9.996019882504475	0.01593196481013233
17.359160952872678	-2.512017015187416	0.6545609783711465
31.613228650482043	-2.5596111509238	0.15382451330987534
34.075908348922496	-0.8720634268744725	0.016134821042216155
31.465939861396464	-1.482987623723032	0.02828911072115155
7.213800004591409	1.1069363686862683	0.8394688379735361
38.257708432323525	-2.8618569040920896	0.1870041331857849
32.260411686957596	5.552256423325053	0.023801480849254115
39.59567248865943	2.5091009085351494	0.003606953521034221
17.844331199362756	-0.36774556677138115	0.5172451909706851
7.128109741068885	-1.6392956033552846	0.8446771977412965
1.8395108538671723	-5.477922731258751	0.9999416150442442
34.778446202079415	-5.861341962676665	0.998333851425931
