31.587038703798353	2.3957498518340135	3.1129897903926504e-5
3.6725099159077828	-0.8359295133180353	0.7665544722630594
1.0220414546878187	-0.5725224073548993	0.633940800072885
14.038935557039958	2.0309146439316184	0.1279261584817874
17.153846562186438	-1.2929146838694479	0.057423825825384224
26.734359238755946	7.131116603992096	0.0003903443302050574
1.3151033368041196	-3.203493701732981	0.9970156425701939
38.95007938544711	4.44763906076159	7.261963881897536e-7
37.450069291774604	9.64114524140909	1.2625881355283275e-6
25.56628481632737	2.81737317786002	0.0006042153309388353
34.501805410497646	3.2169649024267493	4.90382278951943e-6
12.370438583987292	-3.5974124934220093	0.960458857771232
16.351681883864035	-4.197340606335176	0.9817360991439255
15.633950904064738	2.0463923547833236	0.059228414872822294
3.16268847670266	8.913272496429476	0.6096035528122664
17.89362106205619	-5.801783069941262	0.9994802508654773
37.359367312793196	9.721853749979305	1.3060756588460477e-6
1.9132129527267412	5.089959461093514	0.5193815716602851
28.368039990736616	-4.999939054120203	0.9918921334382452
19.27413725741504	-0.761845343334441	0.008132273317881336
4.5415353832809275	-1.4530502552642481	0.8630813329328647
27.13523895538541	5.0245322199734765	0.0003299800343196049
38.49157372283674	5.843035297656186	8.614212846700992e-7
32.799874936544185	9.86703946947333	1.4133640826593076e-5
24.527079495315444	6.901082997448841	0.0008154714632720757
37.08625399244706	7.791952396147385	1.4483120727171046e-6
21.999287595865784	4.072893011781623	0.0011556350746295273
17.331571419522962	7.00611265068166	0.019265395958159418
36.60810503982061	5.801352370397122	1.7486632449077954e-6
20.483391051551795	-1.371621512394901	0.007399528316205538
25.772688397612423	-1.1446264183866628	0.002082848090288403
26.89539190458873	3.28872523268074	0.00036530186992891477
7.078658580231983	-5.015785878878308	0.9997463191925883
27.8514130757601	6.2244190746989165	0.0002394136415847522
34.311528731884486	-3.2032076971778416	0.4930701223300628
11.495954922043616	-1.1802888235377544	0.4417691342284228
39.386796059382206	-1.1838386315119607	4.7402081507313554e-6
16.707953714985216	6.433542203012497	0.029975562946419905
37.97273864362695	-4.23871870740563	0.9207157291556198
31.223337421050903	9.644437809224769	3.844698289172484e-5
15.89359201138767	9.542676722415608	0.05013726331199165
8.349368885571652	-1.1041368641320055	0.7060154355903244
17.0305217898054	5.546972429454559	0.023974051427383024
20.17364216161841	-2.448249102320789	0.3280290275938074
27.384380261858972	5.735293748908122	0.00029599365173025666
38.22297105656942	1.5887699595684648	1.058352084311429e-6
8.663607414804734	8.286961745294647	0.5054854078521304
22.965265458036853	6.579854526258099	0.0010677276686968352
8.468385955840377	3.1451120922114235	0.5234187676940388
24.05034422895408	-5.02965397554077	0.9947577115449986
11.098320723236574	-4.981858789094103	0.9987314142876809
17.024272990088793	6.127343734657783	0.024080619518632336
21.950144820081672	7.912375332724405	0.0011604664642827058
3.381240797602684	-3.8222941924806833	0.9979533537281993
15.133218776466478	3.3849775467256453	0.07616886264976255
25.726936395326526	-3.5244384611570307	0.8280602320080459
13.106391639587835	-5.6245682616049315	0.999537421417554
8.234218284104122	6.077006445722462	0.5448368205378777
13.34074709287234	9.74572940244326	0.16430699404360632
1.5671675566021674	7.034251596782196	0.49189274437141073
16.217048365265416	3.16312625033164	0.04122679444534762
39.135911162323396	-4.822403710071743	0.9772858969856317
9.339941559943412	0.7976562004863919	0.47342481693257576
39.03964952225889	0.0602242156612931	1.4024672121873342e-6
33.76865822184799	9.699246986021274	7.623682638156512e-6
15.474595328666076	7.396752871102519	0.0635871116105451
10.30465449558757	1.6760725365977702	0.37398785092298337
19.151838166316548	0.03680446576723462	0.006192518561634623
9.7689893923989	9.895073668205018	0.4088828549310477
15.443163376582573	5.669870317994077	0.06468407239136552
33.96649407580453	4.964667642961119	6.746841447629205e-6
14.052079443434115	-2.7488634237323417	0.7285099802597391
18.27739974045032	2.412350716295757	0.009204792263124368
11.5892709496126	-4.828898270011928	0.9979381604689188
17.338007704455777	7.282249536338302	0.019173515977722298
23.694211921266994	0.6775946039476377	0.0012143904449319837
13.35541837600764	-3.803244017533924	0.9693389823084756
13.818819086461682	3.736224184961996	0.1375952067936124
25.843811944204173	6.7560829603094845	0.0005480774933751911
23.70811557510454	2.664711426349891	0.0009709088043348997
11.91513295822188	4.5582102494383765	0.25292225863739576
19.39743429221632	3.123780274511981	0.0035426681858336923
5.024572783685934	7.814258031147315	0.7001050558665869
10.640290703168677	-4.602886574254365	0.9973684606666272
27.37516553326902	0.2107925282105878	0.00044600335213760997
13.369359516616528	1.3189806663340367	0.17096772643975208
34.26866742044792	9.342791565453563	5.621023988954783e-6
16.541443361314734	3.209481268444728	0.033496649039633924
6.850877296998124	-1.1060386744412831	0.8052934572213089
0.7826162821438498	-0.9617579707549897	0.8263436998877257
21.40594128142511	1.7260758619672032	0.0013044973090773195
16.697741749959814	-2.8885199909768122	0.70665913118286
21.136623285344907	2.0041529883647247	0.00135050649999833
4.691132339156479	0.7664840430401494	0.717194781278417
36.47610265188712	9.458362143716332	1.8460355576589318e-6
34.00243591774334	5.690362113477434	6.600161433680618e-6
31.702466702676347	9.300668540965422	2.8534575233575e-5
1.309482663124958	8.11023867056285	0.4681857391917597
2.97609213605355	-0.3021068708733097	0.6794246364447756
36.38146395559003	7.203631911026454	1.920457870589788e-6
8.108997458753333	-4.77798142332267	0.9993293463525648
34.0064921548261	8.845038652111914	6.583837667703034e-6
25.429397209121035	-2.6428178930462707	0.32802373941889795
25.495934017973163	-4.965860181498247	0.9930581568255549
22.197974629772805	-4.119072711945707	0.9651254300134186
11.828224233881725	4.430761911773281	0.2586571670026189
35.05129426990201	9.633391747143483	3.6113354469897594e-6
17.082954458002888	8.4751991049813	0.02309438336589522
31.271942184319766	9.373975534740719	3.7314370251185473e-5
11.817109456771139	-1.9898198369878681	0.5914300303426434
35.69902279950212	-5.971598656880261	0.9986453824925431
35.063987942429144	-4.682562539372638	0.9748915920054138
0.7636092575969498	0.01661892671795684	0.5191088730502189
2.1150027912793723	6.589722874759195	0.5341852151161527
3.6174094837170143	7.552989329634666	0.6393562994376844
1.2088327821079186	-2.102158067871928	0.9691221404875554
33.63883313151711	-3.1397983671332916	0.4581778264047357
37.502956033466425	-0.7885674699556589	4.985950811843285e-6
34.72097800260746	9.2411116757687	4.327143528696929e-6
26.649898974861056	1.5585689950518073	0.00043599473236697586
29.55549928927274	2.6449494450844906	0.00010181315933907338
0.515974878415594	1.6682667593668583	0.3827587366417874
4.858250162474822	7.98397770897504	0.6964640774099524
1.6083785234960744	-1.9247611840596566	0.9348657549700876
27.289896890424572	1.006730161613774	0.0003656811246068919
33.181309992627924	5.420747953300813	1.1057060702491908e-5
14.560013754445	7.098983302241898	0.10053123013199
2.056918591331545	-4.297267880167157	0.9995452066881536
25.882056924572673	2.716627258600086	0.0005428085992136833
39.19315754219509	4.066629854185589	6.6218934579823e-7
27.854053734283646	-5.134678147995119	0.9942688212500521
7.5057757669869565	7.07005029112792	0.6089016050234382
3.5428544857707434	9.84190477508977	0.634685508080709
18.42550550882797	-3.4176968565977113	0.8809052745345533
16.826755853361643	-2.1317300471090146	0.24449884738719996
30.838736482502465	-5.995066382963808	0.9990286889289814
39.0060022925041	6.334514828476085	7.110321081336229e-7
30.39034320269531	-5.813673945773303	0.9985662572063045
9.534662669033585	1.3756013185269662	0.44148819418958996
22.757579954362633	-5.897852582083715	0.9993712260085706
8.557986027001778	-5.169550597065758	0.999669910548074
10.19486362345007	-0.9804867449474646	0.5262369150682408
30.018297609982444	-0.5459193854435931	0.00018863721570092863
31.90812282151187	2.75759375122934	2.51549313174671e-5
25.583303873020704	-4.930650642654864	0.9924160123345531
38.42136555252436	-1.3635057445961625	9.642891198343938e-6
19.21750334460563	-4.525554514203197	0.989245496951587
31.874771416671063	9.498786269515497	2.559011222922757e-5
29.161835806986048	-0.13394697510054243	0.00022673567321670435
10.7587419623742	-0.8285898257803197	0.459906981953187
24.061593505474132	5.364808099571336	0.000905318030403839
19.167248421165173	2.463213296815516	0.004324580042039567
11.937408851543749	-0.7977716175199578	0.3606488705902673
11.165620928378658	-1.1635447362316942	0.4674705007296019
4.94651724890627	-2.97786560726235	0.9858075974286066
10.201992983332529	-5.015337754104554	0.9991145155117079
31.842867370595258	7.763004500007755	2.6112864594615377e-5
17.067902848399566	0.6621716733378982	0.027404148423670754
23.177138866809603	-4.893678987630839	0.993417968044808
29.518415514514196	-3.7048730798476583	0.8433185568998591
23.486971628946943	5.905976431471201	0.001000910063016798
16.25044866481621	-3.2034542972349165	0.8434332394418452
1.238977926793096	-3.522718453893237	0.9986924612985709
0.7395855945632487	-0.35841497193269056	0.6168808939730218
11.319696961397081	9.327072578138583	0.29296445067846383
20.76510437965963	8.854058377655416	0.0014750158815195005
15.569761819900906	9.652047480007589	0.06034120482952842
25.373347518158482	3.8612616109282207	0.0006417589529998142
12.027623935646758	0.7157542246764059	0.26918975231336445
21.195253661975592	-4.5518473336281	0.9880638669960101
3.663722798443473	4.65570169050401	0.6422086448223857
1.9447481000857834	-3.681883675538195	0.9982578275674715
4.368349296744469	7.451574389998276	0.6795262665204604
17.295944968073925	0.22355045786878947	0.025559866358129544
2.868110721693646	-4.934836184484666	0.9998550085694947
30.423557633328514	9.9868010089523	6.207070888987804e-5
21.765368588933544	9.847190740417894	0.0011812189274588252
7.824588071005403	8.64530563518198	0.5816799072748965
30.078701079640105	-4.999696958275665	0.9908853173284071
23.05825230040949	1.26808080179382	0.0011772465559745093
25.561646898268986	1.3608023257749444	0.0006668529102147233
38.99904885233472	2.0343801282037735	7.469118986086548e-7
5.92537490410629	-1.0083927714471415	0.8247213180975304
25.67001374014178	-5.987164938288492	0.9993255514948084
35.7418740281447	5.231959493680188	2.553191027769216e-6
30.695567615150885	-4.130972179690282	0.9324602690377025
37.38115749884023	1.7803009126234386	1.3962196490217788e-6
31.084433304045216	-2.9669157125517884	0.3850316847133631
39.679245426539374	0.8508052909792845	7.440772567988036e-7
20.42013127857224	9.061673119301801	0.0017280587843156443
39.39578252062084	-1.901276650960849	0.00021825959243619965
25.266787384132343	-3.912111922633425	0.9268284004109176
38.432416111682286	9.267918692446726	8.803897928461382e-7
14.894702124643779	-1.4392342006686274	0.19788637366545953
17.29314737697263	4.326658305284344	0.019821330258074546
10.515786994789046	1.070003745481591	0.36889107209774324
24.660351363512934	-5.713747547582628	0.9988466335285946
19.366847861810648	0.816859674832239	0.004258667551208612
16.210680757575567	7.424707191753377	0.041382428110731485
26.5921548269074	-2.289755218383764	0.11176925209429107
