13.866979000390936	4.293137868465296	3.6377028129702636e-5
12.33936224502183	1.0227813549126612	0.5409700510647425
18.061815279922488	5.725590337997565	-4.530299491404527e-14
30.091208621190855	8.653190449469967	1.480291290672942e-42
23.863234817690433	3.8739868416927017	0.0005665474074315983
1.4174693158145417	-4.026208267842231	0.9960246039980594
11.23513061308337	-5.8409029106725505	0.9998950980046158
31.20694430765515	-1.9109688916618897	0.26548996619956017
16.56326716104375	0.0738012841789839	0.5054922704136636
35.28636868757834	-1.6351198795811026	0.2034788863708473
36.86631839380073	5.328977006772801	3.4634315388976423e-17
3.304027100166418	7.471307827828424	-2.5689158017316294e-17
38.69366077656491	9.141764929795366	-4.070646735543097e-48
39.44056463374059	4.6418621113209415	-6.34272164496833e-13
12.492754039783232	-1.2577070082743003	0.665031875540518
19.726812835096776	-0.6844491201983427	0.6156550348564521
5.683926268053062	9.129701253433906	9.601451814685796e-32
32.13185705945797	-0.5921729807943308	0.17019923982539265
24.6685492079397	9.342017310976523	-8.503607018900168e-45
20.216295215047335	-2.2402995943449415	0.7229305346181515
22.1479629989752	0.9139614951000024	0.3150033487870172
11.309934021839286	7.531920934738473	1.9438260533334207e-24
6.195683520599027	3.8130590050861617	0.014483446627351694
38.72382078287601	9.66552677952752	8.298933064697065e-52
16.793485434032142	7.972342366366581	-7.679547533950359e-32
10.817864939704625	4.176666790366006	0.000834952721314639
32.65998262799142	-2.6035852628127305	0.3641188141830233
22.0258210381344	0.36467084270443806	0.34492756366726984
28.132755042728505	6.176008637788868	-6.16882647232809e-23
32.59459415362092	7.359868517715368	-2.2050518494949312e-32
31.442700067570865	1.4205264856194635	0.11789611377595433
10.842133190195495	4.0116359858558575	0.0024626513239747135
32.778620139786746	-3.7955439266834414	0.8502154143562383
3.261741841661549	7.157891866622482	4.2698615291720745e-16
17.333975899915377	6.407688107437009	1.278130074708524e-19
35.59474031336906	-1.3738498224617857	0.18103691812204717
9.033611063522333	-2.062719020133402	0.6691803267448527
16.352155307859785	-3.406103012582152	0.9255961084880501
35.82014777178374	8.244811977618223	-1.1016854575828298e-39
4.5248057979040475	-1.5502935152918074	0.9317766281810874
30.741707226694043	3.0354021740456307	0.011907015091460941
1.9132778899900045	9.765112068633613	-5.581670173617195e-36
33.52967594760958	-0.9593972735833614	0.17850284829932506
19.76839624232579	5.466959420463462	1.8830739358534136e-12
16.76318788062049	1.5556113943521819	0.4470420538412155
30.842415567120998	7.546685512600835	-5.18094968872745e-34
34.42738052845903	-2.9876898614952747	0.47189466397184154
16.297919531776948	4.398305420695557	0.00021072830734241888
21.223030315628208	5.621459157514682	3.631052427325334e-14
2.1575301848229396	7.576041287655983	7.550580084569348e-20
8.668538340930981	-1.905125364386068	0.6019343347767158
29.43187706037041	6.476241220805742	-1.8598713255636673e-25
37.608163865626814	0.5408532838182474	0.07401732698767363
31.994151459623684	-1.4465376694580385	0.2153471276625984
10.277355763457429	2.6366830953258447	0.3369301432890762
26.97998006560426	-4.955811357652427	0.992515452875884
33.91759780849252	-2.7845538349700227	0.4022002752863568
30.167630472387202	6.906741842690703	-1.23781780939409e-28
11.754698845483814	-4.705640861976738	0.9981949080192561
38.669651052646884	8.157006967383015	-3.207298608096111e-40
31.118068724653078	5.423051422562185	-2.0980172351047543e-17
9.761888517945936	-3.354811754470406	0.9496803056150317
36.095487124550445	-1.1517209025658808	0.15866455972209145
37.691497910462274	3.3680060701003	0.0006933274203001785
19.2456014235622	4.166652765163512	0.006187990621991062
12.411572531209744	0.9464246486698098	0.5336978814289008
27.882265428117034	6.235471763914578	1.8387535261852192e-23
10.310293147773073	9.819393585962729	2.3887049055888755e-42
21.637635567900254	1.3964094061823413	0.3293799399814528
27.82835397580857	-5.905067191117174	0.9990791322966152
18.89674396388244	-4.3616875467155385	0.9945811665213202
36.484535004251065	7.636633223260397	-5.244077921682427e-36
1.2407520996688297	8.5384619489477	-1.0352451391914852e-28
26.27994545969678	2.211930804774882	0.1188822026552838
38.525000036013665	3.7536858703083364	1.4753157645717318e-5
23.299343223158306	-5.05830683826199	0.995440286706274
12.454209407993906	-1.7249754635850199	0.7223900820795942
29.59793553063251	4.356619323387516	1.1587894645904903e-8
28.377605628926712	4.205007776916382	2.506550625854359e-7
13.303270003781753	9.334213652375466	-4.083279362928234e-40
36.10151929855318	-5.859830811080915	0.9981975682062563
1.466125905536688	9.446311621029837	6.682216586924831e-35
11.444492699000456	-4.758272613826298	0.9986508651316516
13.384039684229576	-5.264731197031029	0.9986912334830874
31.78560210726009	2.15873303008868	0.07434298441615335
29.515354890864433	-3.929447728860122	0.9069530146579962
6.184631163973799	-5.618472653999161	0.9995082841516072
14.718097732146735	1.3137954820804083	0.33558013539346565
29.3988397648396	-5.496033844199086	0.9972427807433477
25.08762616265257	-0.588528982392484	0.27473545612259376
7.3656854564486265	1.7505692111815936	0.2719575335555108
22.307362744430822	-2.776718420926697	0.6783805403214067
10.636809609448658	-0.23393809274151245	0.7273553085885285
13.796423109332688	-2.9960423486138694	0.8359962124758222
28.173854247738575	9.891319811893798	0.0
24.682643120303027	-5.270545534555211	0.996884659025815
2.084043142362572	-1.8788292236600022	0.8010711066547963
7.459730190024169	-5.942963369960378	0.9996573395592796
30.006883776605427	-5.763065635803471	0.9984258717917873
15.343296209560092	-5.907047419714738	0.9996224214557451
15.157684630666616	3.9006689185112915	0.003839761799681595
6.208654162241238	-4.632999106109164	0.9952344277500466
12.682758278409164	0.4605408216443987	0.5172568693394535
20.328643571063793	4.043331053330567	0.007322250139950762
2.794934398967665	-1.9718724478835217	0.9263180158514294
26.46689178001311	4.7106588447792515	2.491223292807442e-10
10.548713853463727	6.522432557540988	4.083033210689523e-16
8.1101483629715	9.659446857772842	-2.1131537358393425e-38
33.69692092390227	5.613724023906958	3.224182286770899e-19
20.932481817335855	8.195333746640571	1.5837009532651572e-33
6.773662388445406	0.7048931553321598	0.37473629737095393
28.90264750352048	5.858101641108258	-1.3697043619564065e-20
25.803710385227323	7.917998822669174	6.784511435380443e-35
20.994773346904253	-2.1551620295249077	0.6317089712338936
22.029107470650906	6.240139869859902	2.6360376380688e-19
13.466043013990568	1.969675160469727	0.3005969467030872
10.192675020576944	8.545087279545148	6.330922066988851e-32
38.095339782422705	-1.2826037025514658	0.09855107340997199
28.674987815269695	-0.6280970016355703	0.23260503398885973
8.009468289004024	3.425345680714994	0.011510300448267959
31.82347796021905	-3.8910976580606125	0.8820047320065584
10.842083478403792	-3.995259853420187	0.9929546100763287
28.417823296658767	5.061825984373867	-8.465117793245829e-15
28.4559661538778	-3.395800505851586	0.7673796187234381
4.817418445724921	-4.984808247882922	0.9995311960496315
37.03370647441814	4.998882299728729	3.540203083498682e-15
14.545745549401673	3.645631126154612	0.007216811105221816
34.90696343281111	6.3912585940969215	7.457260610535983e-25
26.724911113551734	6.698714019785957	3.5526320509866844e-26
36.048833517357586	7.093974122467294	-6.138745773728737e-31
32.44918895749446	1.7630495270299065	0.09686656795244007
18.963933838055034	-1.445026414606529	0.7344090573726291
13.727354626854844	6.116942736891398	-4.01397420443107e-15
34.702386363268225	2.1972222235699217	0.06392538732365892
0.40737514443781064	7.850651689151871	-1.9267125489367808e-22
30.064110517908226	7.482399960370291	-2.9665344329433708e-33
28.917189214545836	9.423814988247141	6.223708983289577e-48
16.65806325340119	-3.5374656598434466	0.9477963845246096
32.17693771320743	-5.4321669645180375	0.9961139408696902
2.770279143177272	-1.2411786719832225	0.8790946494294377
22.224382717632658	-3.389116163187982	0.8623892044076104
29.33101140582558	8.984765562751054	-1.0182141677097551e-44
5.0733662140298605	-2.330655362739062	0.8951377812312218
7.395871992576075	-3.780444919366108	0.9548492409192683
12.712797015729807	-0.2096873377092905	0.5500437959888987
21.0390905263296	-0.07544547021856651	0.4449023490939518
16.03178028618583	6.695675329652154	1.4287265098277844e-22
23.989400528204595	7.656146318224042	-2.08499810097889e-31
20.432952731289756	0.7624062489910752	0.47098157830630666
26.577150808612632	0.3347570631787615	0.22482321907179453
17.421185438768777	2.795762850925559	0.27861775587597654
30.732682453532025	-5.658191451948721	0.9978829449740751
32.713448609993506	3.06191301286861	0.009111403422315954
21.94557419690977	5.367821448546957	-1.5320526472824306e-12
29.716463410226435	-5.954423418879218	0.9990108685255069
10.683249436984008	-1.4154437365811425	0.8054102507427905
38.66192924354897	9.22800218955786	1.3933844540566586e-47
7.512601104258437	-3.889090747128707	0.9638722054731423
28.480825835365387	4.875122780636945	8.653559913256481e-13
35.62189497377175	2.905317775167383	0.013633167923883907
26.01541377091299	9.115207106106194	3.668818568241191e-44
2.406669075897402	7.435367269473176	-6.881597835318326e-18
13.451249585043618	0.05029197289536924	0.44691486680513964
31.143985727794497	-5.066319362345835	0.9915467760051124
27.704654113317275	-4.852002322088191	0.9898315469137247
36.97736977131132	6.0766423745248925	9.901194618380456e-23
27.675140640148825	8.842361106909108	-4.4719806921169885e-44
12.378700132864298	3.9904186806245505	0.0006494714213787692
28.121725717705193	1.8364305314296931	0.14150114893021198
35.237380437726	-3.5567575563079448	0.738930377394944
21.63510277121999	-4.832017587536598	0.9944136001959241
25.040056709992864	-5.166946238568189	0.9959709994676061
38.18571949592766	8.300138447145729	-8.718966686502348e-41
28.024308088755767	0.9100764736615794	0.1893152290898909
1.5530005790520633	-3.2930213737369414	0.9782490300601266
8.637413607076175	5.188160864155398	-6.69687265394429e-6
18.68431689281656	-5.5213492109485465	0.9996307636897932
34.638622602835525	4.451712987686708	7.496764764829382e-10
7.956119464630963	-2.2210565587224345	0.6197816103601321
1.5734213562601849	-3.321510277978426	0.9794681544730107
33.15750940894175	-3.5029403507323646	0.7392522495851046
16.50345307761844	-5.702168843487801	0.9995489239826357
38.82204815951199	2.36027308340741	0.015292756201097702
17.0448597199755	-1.0693259952571026	0.6247747275258002
2.0315112989270063	5.710972221620642	8.65163069267605e-5
26.515016415764546	-1.63313091023762	0.3372641027080137
34.39233552745651	9.972323984799301	0.0
19.100726138318368	4.771293041826677	2.880394386003749e-6
32.922713905687644	2.941222220424942	0.014092462186086363
39.26390454791468	-3.2756264228211496	0.49931541548183744
32.44179555688069	3.4331734237815663	0.001149053992897664
24.3172964172004	0.9230833719103604	0.22339577335149421
20.521953023307884	2.4251540964748575	0.29473036912948486
19.085485540231307	3.0922847607376625	0.23115775086422158
36.52242411436173	8.135023865247275	-2.07495554831263e-38
30.412271827746665	9.223256243997117	8.000716413236751e-47
31.184940677605546	2.83356626913867	0.022476126164247233
14.619095854320799	-5.344907688400918	0.9985846889875395
37.79355290853302	4.020833828198011	1.1373108791801413e-6
27.190804572291235	0.5821166916065934	0.21026989036869467
