12.40906908899289	8.073261910150409	-1.1017970346251223e-43
36.680509161846935	-3.3637911790875616	0.5711849251385617
12.608738305791482	6.3138594469365295	-8.852918183589231e-30
22.734442618059045	5.059555952153623	-3.672365764476639e-24
30.500190419002077	8.253487413138958	-6.057324087111223e-51
1.4310487192838788	-3.0581091442453356	0.9939605979446667
2.6869271783637028	-1.66312710187273	0.7895936975819191
8.204185996806226	9.502690225547077	-5.131523081544269e-53
29.530867407203104	0.8897938177114018	0.0024128087091779275
17.718315716864556	-0.39692938119344845	0.24857405597787616
2.3591447754176507	6.403300225582811	1.1997370587547733e-29
25.73025791312939	-0.538717259231067	0.02029603000801073
33.54055192184468	1.7161230970029635	0.00019665506510300627
14.827834572437183	5.709666631218033	-8.881234788442769e-26
11.933317502578682	6.001822984860915	-3.776647693128392e-27
39.06044707273895	3.4985179598743787	5.1301140802818345e-17
3.2434363168334825	7.732392448820871	8.124324035447704e-40
35.7857352487155	0.9248982463621029	0.00033117313727058117
16.212037416101264	5.46093392151046	1.1758482383397099e-24
35.4447847117935	4.204437720257417	-6.304278348320658e-21
36.1534338375412	1.019134284746471	0.00027163079216383976
3.187705152892542	2.4244604066429307	0.11487987039681494
39.27214024192841	5.0906775809168305	-9.557910771952039e-29
35.260259428001284	4.277856734536931	1.685560030745417e-21
4.042093770665506	-0.4784100519438237	0.6366709612191044
37.59605206913528	8.885919220012402	-1.453456836111358e-57
33.064124033232524	8.447607546038633	-3.505560340718526e-53
30.116323102822665	-3.1879492612663167	0.5772444663718281
18.587686592301523	-1.4056126855276698	0.28933257249542327
35.09537359219916	9.447708075375376	-1.0630699396049508e-61
9.594705516620111	2.7748002236184615	0.028698417559983987
1.6493898765841914	8.730126053421111	-1.1215588348765832e-47
9.857956996757718	1.9270541762947744	0.33655098755100493
39.54026404700106	0.09726611913597694	0.0001533663553451441
18.29276503882713	-1.7517144736004386	0.35287102212602206
22.70881293524095	-2.3052771223522015	0.24605759820476103
33.96387561098715	4.762319328520288	-2.564652659183726e-25
9.497216728273322	-5.236907426831063	0.9996922590978047
0.9011283102085478	0.6807583492072986	0.3817327105762171
3.416192444873413	3.134443450150089	0.0007493193718602657
7.600111509016567	-0.859326938663024	0.7479948406892083
0.8589926782899099	6.231486446655824	2.9021847871110666e-29
2.9292079820890127	7.921158977325595	2.73970372185079e-41
21.36073168625789	3.399189555767528	2.0173552074271448e-10
5.927386636710536	2.5943876648232624	0.10119347360056587
3.658269545125151	6.908018739728256	-4.437198472669725e-33
16.588501196402518	4.080891219270217	-2.5271558823510654e-14
37.047804751439415	2.305023927542207	1.43982055348977e-6
22.308991291709635	2.971987885043749	3.7306709848671233e-7
9.9053236709931	8.206739697491848	3.820333929712222e-43
29.007847510758367	1.1122303942394893	0.0025137207780913705
2.6628757763748814	7.60703064107126	8.910068134780728e-39
25.463115067104155	-5.546401240995804	0.9981448194941941
39.16693658369128	-0.09084837407241508	0.00019359328752317407
7.054750229348546	6.532698910748575	9.34274657431218e-30
8.058599216308766	8.41619823616317	-5.880652763003865e-44
17.52193988349797	3.8810257553697465	-1.1539463269417712e-12
33.48904879752887	3.1306541142935274	-1.0887201534373572e-12
25.335760006407774	0.2183970466632683	0.018281705145919137
20.956990812404875	-0.8867462825223615	0.13629216957825205
36.53294999576422	4.196835831746641	-3.8033710780519076e-21
20.771863804314595	7.219086318981601	-2.3513754755381126e-39
5.9353861573992335	-2.3996428577741398	0.9157055461101863
14.61968594704306	2.589767818608733	0.011594036039853848
36.76949675169748	5.338159418516984	2.1460506573768314e-30
1.2238458567161168	8.87108396401559	-4.578046635213741e-49
13.206530830800379	-4.595426795796628	0.9963744391227466
24.93812212017857	-2.0283001316608598	0.0834212017744281
28.524420882150054	0.11813516668997437	0.00498280952740186
23.782833137764378	5.923642788277919	8.335378782150875e-31
28.43073354034246	7.889115455072922	3.1404481210984554e-47
23.060993802836748	2.6362154417206334	8.092219982640512e-5
11.722634650249493	8.899683575510565	-6.780165743513413e-50
26.476979365764823	7.623220828239603	8.801849736216954e-45
13.58620495117425	-1.9442753481187243	0.6304897931717631
23.357736833678523	-5.245632837217064	0.9968334481180735
8.312539591801446	-4.324391245340589	0.9980573277387239
20.831376328309567	6.177821154834318	-1.224509829797356e-31
24.852215791598255	-0.3052659406480007	0.0268557878329178
1.2926946415868215	-0.8742494978052004	0.6404961990082496
15.872699295119139	2.844592973553615	0.0006759351981862344
16.754921528266287	5.81792654350606	1.6139927605269643e-27
2.5230470503247293	-1.4506042424303072	0.7370441185980249
39.2003998637231	-3.0371529674649533	0.2730367010707854
37.4345955608991	0.6665104296756521	0.00023081023696672637
24.890995860439183	5.843662103060494	-1.273762444048535e-30
10.085945617432243	9.068738570707948	2.1602664942636013e-50
22.36873875638991	1.098970885409738	0.042946951683199834
37.33041800177506	4.312231526259319	1.4331449616926023e-22
1.9804476428998476	7.767414104376236	-7.022998668587699e-41
6.694086808200021	1.911248498064678	0.4249102606911751
16.02913842914448	-0.7616998222124582	0.34803634273012835
18.795301008278653	2.0846064712415426	0.0338206575232234
37.50430896904792	7.582183873623926	1.9438702163997806e-47
31.858497651325912	0.35214139442163805	0.0014809774566441364
31.81357244436432	-0.7720593599813697	0.0025467477700952795
33.66433122101112	0.3771453771523845	0.0008678124049996393
15.832352168661425	-2.233725591952343	0.588283695338388
16.675987545462746	-4.87620352652408	0.9962866974444178
5.534112960624308	-3.843438763280801	0.9953804599700833
32.445391278065095	-1.7235406420828152	0.004879511317365334
15.499448987052705	0.0833832249679407	0.313688241908641
9.963501646687245	6.9041028843320635	-3.718181677981671e-33
4.974856591188004	5.784130685885808	3.8015167547576385e-24
27.83915577473483	-2.052661006380843	0.033863645166610785
39.67251917011813	-1.192919834123746	0.0003502629979872141
18.474440678216883	-2.2450410041115934	0.45699114958542475
33.04117634797121	-2.959866558432207	0.3377969537542414
35.749359512826445	6.892076366663856	-1.1427361918707224e-41
16.220825449878532	8.815246103633443	4.723076453872866e-50
37.12376107635961	8.402657001843002	-1.5068076727277388e-53
35.314226893084935	-2.4733508774251103	0.047122473861480114
33.46362337643922	3.9845731912987965	8.840167528301094e-19
38.780981519341374	7.200299377250738	-9.224291156196647e-45
31.509672563115537	0.1065078561511772	0.001827113718104101
32.21798488640823	-5.195815048056659	0.9934405283452397
26.77874397851639	-4.665112561447595	0.984634219526644
2.2522808713613203	7.19696243809314	-9.633876910399468e-36
15.567579016184455	5.562815577152746	-5.254061088760927e-25
16.810067079755903	-2.928837744646671	0.7771497532304331
35.35600834097299	1.2169565075276303	0.0002869192105621681
36.947882705365394	-3.1290629496208204	0.3873236168151398
39.51595454965892	4.824674836021112	-7.495770086381122e-27
34.40786120972046	9.741249965839653	3.1822107248271263e-64
5.902023935012988	-1.5334508016940784	0.7977070265107576
2.452230697032571	5.933771294671621	2.639478023807426e-26
3.4676818994971708	0.40207016513615024	0.5539644264919303
25.031346106499775	-0.15907136850795212	0.02366738359925335
4.300684295765018	1.4799361385597223	0.4740270474188982
24.50777278452074	-0.8644933277195932	0.038659148062366464
29.330436443935206	5.490669602415432	3.971904915703479e-29
15.719222607804497	3.3542909642870917	6.533354795535777e-8
31.482948205682064	5.586771733566394	-4.791327919799259e-31
23.22033609296986	-3.322889141946346	0.7827560704651639
33.047352210576186	-4.14682651129389	0.9257708893535036
20.82517897225554	1.3100984026938889	0.06474441925249047
32.8782149087009	2.478854502562962	1.47714170825862e-6
15.060270801220465	9.937506080294657	0.0
28.60835252658929	-3.6342916984765203	0.8314650959801354
12.50016648324416	-3.3510394701737045	0.9531017087026458
23.899348237399327	3.4148918661169656	6.352232656450433e-12
7.475698359160954	-2.935050094142003	0.9650154445746165
13.986952927002992	9.965878391104214	0.0
25.606494248336634	4.332118584027171	-1.6042506952063097e-19
2.3510209966490745	9.87260081854329	0.0
37.44765336156902	4.822934225164612	-2.8481247186861246e-26
10.107353242581725	6.868398770827795	-1.785296650724052e-33
30.869797580766935	8.561213207092862	-2.621093400163543e-53
18.94046164472149	5.256779303671143	-8.651149123526965e-24
25.94785510429082	7.66358714221812	-9.581742877263594e-45
14.769413011458282	8.274997460784938	-1.4303799875580368e-45
17.995354412021268	6.288479751606268	-2.8061317164442237e-31
22.597447667637013	1.7005188939136193	0.02022942481406179
20.847133682063596	6.928021944223097	-3.21974028549355e-37
35.08549355602682	-3.4898736063001525	0.6791872676548789
16.895278657401505	-2.5279844123507083	0.6312466544838055
15.313251632746272	2.5504467293608677	0.012117911219836698
14.783906763417008	7.77868886265332	-6.252653954034064e-42
31.855193450808894	3.4957483211389615	2.9037123695956555e-15
34.53995977785091	5.743098072770346	-4.804977903722327e-33
27.542756885369062	9.496577493411648	-1.3741295784013648e-59
8.380804534558363	7.603239759224916	7.368616963245236e-38
15.47895569465111	2.0203099416230135	0.09661931303141834
8.82441321892259	6.415046728227214	4.3042751386816707e-29
10.226993406029843	7.305975435268058	2.025153266455851e-36
32.00181603033637	0.5139659209181922	0.0013148895018338434
34.610510098254245	-1.7220311214976043	0.0028561938912413784
2.486760668975872	0.18175811381579088	0.523051955916986
0.4294882188536967	4.965546955299525	-5.516799559403184e-20
31.563552359113313	-4.172910544943273	0.9359725117690437
28.21635923346869	7.883524593973979	3.6714472605834307e-47
27.580303347662745	8.689619879481585	-3.50588158373213e-53
6.597666038818654	5.519851750367064	3.4385261620150763e-22
6.958770889988927	2.5719114293140617	0.12082240712392096
7.76620066917176	4.579693480220138	1.4356406922908377e-14
33.14112155052265	-4.6813772818824315	0.9775011994838453
1.6492166266419779	7.30308185094729	9.454073558827724e-37
18.960663263247902	3.6413491174732737	-2.0884960083683136e-12
22.31233548400136	-4.030373693975042	0.953879739047042
10.26629745539392	1.9490797926805463	0.30488548288444905
29.970646988057034	-0.7165657608500009	0.004273889578894002
28.047641561861845	1.3830856474585502	0.002835530364733312
7.333002108138585	-2.321315247975434	0.9071669115983128
7.771906168045501	-3.0561391284605683	0.9715345740616302
30.375622094975427	0.13341251590446035	0.0025667539949024054
26.969199948103697	6.673069888109975	1.5119800896866113e-37
17.581854109829045	-0.6165013622258488	0.2683937521823881
5.190521896551711	0.4617903600308857	0.6179590288151634
34.83353305171535	0.7191158047525334	0.0005120485626366998
17.928089698618518	4.4342129305948195	2.172852716101884e-17
8.436091766876059	3.488745553645611	7.919340949499016e-6
23.402344664391624	8.69087076940636	-1.0161002740979226e-51
26.257918124483698	8.853768817639947	-3.6905160917846545e-54
25.330781516574785	9.620337701384159	-2.3843668581814177e-59
23.996722130883047	-2.2222893186623107	0.1587463749258636
14.567687313667728	-5.12113797326273	0.9985321546901889
5.914440720167338	7.5160798948869125	-4.013643440776878e-37
19.69859755566452	3.4284890874904477	-1.49096516311796e-10
32.01452612894724	4.538534618802354	-3.831231763925324e-23
2.5764890433309153	5.017623999288862	3.1708715857184514e-19
