31.601093664812108	-2.3175041900236835	0.16602564788999868
21.555543622898526	-4.541910078077343	0.9855392120028758
31.24705638228275	0.2673561392737476	3.5460938255000274e-5
12.822681915560683	2.5975920206522574	1.895343255313549e-43
0.5357717924129035	0.6671918886936048	0.015996468625325642
16.43352812057671	3.768711210054441	-3.48982920760936e-120
5.425867091299539	0.0019249192636081602	0.18846749485326578
19.29514663088842	3.503867803967747	-1.1411970105880589e-109
23.84627401253309	-0.4124194327455193	0.012526451498097732
12.795501262972149	9.376773272806918	0.0
30.66328318514074	6.485901981530194	2.2629963485310837e-306
23.436053549559514	-4.463809739692181	0.9809089770187083
34.49513491125639	7.037874486151342	0.0
18.60262862035666	-0.6648201820622113	0.10429283177133725
17.25916541854905	2.3651115338111026	-1.4179057528722652e-37
33.933644288938744	-4.729278207042732	0.9781030696973628
30.519077264319392	8.170108042446795	0.0
12.079352620406231	8.26740609345428	0.0
3.1932412694519448	-2.9097579412820345	0.8429393145452728
28.791544080404147	4.4128620492469	-6.516505821280504e-178
23.44718153243607	0.8111155223851192	3.1057646094392194e-6
31.027077931615324	-4.949577591882903	0.9898113670071775
26.341715031761606	1.5698163049121128	7.733284915848912e-20
29.97053243423671	-2.2874233218511755	0.18203635461067502
9.091780649369614	5.987953967365886	2.150546968316114e-245
29.64419684860698	-1.757326549820423	0.06251480706679545
14.549560410993104	3.712908308643513	-6.254726597337114e-115
8.337528682927621	-3.450128232407547	0.9736999150792376
15.98031435300206	7.486017182327881	0.0
33.29863557318597	2.2857581333955856	-2.5680538571673723e-57
1.4375756652829847	5.287094553081381	-1.5743252633184275e-208
15.499998526117567	2.5514513573666093	-1.857953125540073e-44
27.733540202544777	-5.394872336031224	0.9967291884578763
13.331751420313626	9.353123700157507	0.0
11.416952274627008	8.021852079657837	0.0
1.5648856211805706	1.2034083261784687	1.8133489204966423e-5
0.6920723152583929	4.893143255077884	9.840474805918897e-184
7.954646371470983	4.1803995423085745	-1.3489973201974392e-133
36.964316287066644	7.450066496192612	0.0
18.790296651526162	-2.140852413169277	0.501032016491675
27.431394312834243	0.2986585697224733	5.668704146043479e-5
27.36894181119595	9.626921954934733	0.0
30.995529270633636	-0.4383006916248462	0.0017347578194375156
23.792926590877553	2.0849478978546934	-2.409756903817969e-38
30.940591014242646	-0.008127785140967347	0.0002596050828256314
20.01771943287226	1.4406881347829206	7.844487303746073e-12
13.003509937922662	-0.6090144476455635	0.3261016151475757
30.240013499267395	-5.964355840268322	0.9990217020647806
37.962302201329464	2.486282168295215	-9.452616178039839e-73
31.882969958808534	6.15400293322265	-1.6644043367791888e-287
31.565130610195677	8.370296480521805	0.0
3.8292836455274224	-5.049416968103657	0.9976916178485775
30.374619120044613	3.443321265841199	-4.5891217260363697e-120
35.76923802574308	3.8384729471078955	6.909482529108657e-154
1.5810812422545335	-5.295684672270362	0.9993919703049817
13.378205580223126	6.174381675533073	-1.5151326451298946e-263
31.900950064230912	8.297383490031073	0.0
33.2374335851462	-0.8844772753710295	0.0023683271116356017
6.775015723549755	5.533975141225898	-4.508762050166477e-214
23.342639426198865	-5.172715523576169	0.9961891676711714
1.5993721619926422	9.041758441554684	0.0
31.20779594568001	-0.8197920427683201	0.00531050488987093
14.0501384858535	2.9192949105943207	6.740822116979166e-66
26.245363303413132	9.952305289814987	0.0
36.17826119507663	-4.220298843370429	0.9253419572361692
12.287571308444505	7.097135256839163	-2.8642754e-317
9.979329286253888	-2.93992602345196	0.884122649558098
20.14386866369666	7.883518301537617	0.0
36.19284032415208	9.370147102381143	0.0
25.58717427415549	2.718252386659394	1.1949779727130274e-69
37.04780929385482	-1.3911650083158449	0.005864109502932072
0.8939703241327923	6.469948740285421	7.44807038761966e-280
21.477414743441116	8.347773570239053	0.0
35.468687805955845	-0.5624829785552379	0.0004977687066643514
24.71146910831295	7.533632002959877	0.0
1.153010433296926	-0.7866708477408828	0.37703686792810787
25.871285645910092	9.605837929905334	0.0
20.68594007021092	8.640943540009161	0.0
34.90325246851578	-0.4063749676600068	0.00027015872598867407
18.26483552057484	-4.949663298629503	0.9966548898885232
27.489008703782773	-3.8331759894508934	0.8957623265318355
27.548184822839485	-2.4368507869836975	0.2699009349397795
4.017011818426002	2.44476004316148	-1.1969164744708492e-30
24.60206627730151	8.763517301450023	0.0
30.337830055290205	-4.793143723005386	0.9856584530638043
1.4405274440409244	2.0461322117462224	-1.2586156910923848e-20
10.511871512406254	-1.1390106723341127	0.46572362078401447
15.489620018234884	5.150170967383282	3.4703754750996817e-203
4.9877920542412575	7.7866222907348615	0.0
16.154342461265475	-5.190065151274428	0.9979232441777812
16.17610003682157	2.550126195322054	6.85399074791244e-46
23.60593858798928	1.0354498142294162	3.9558785387932234e-8
31.99002348014944	2.475748327209697	1.2397778001055972e-63
11.744882140155187	1.757598740649854	3.727029549128545e-13
8.2274301245781	-1.2966428339909228	0.6570376833259204
13.706441207857829	0.0049881813511305495	0.10528923658998436
8.471498083592783	4.73676715544649	3.175832215721807e-170
25.25898528663245	8.236844982620035	0.0
37.92751513222511	-5.640857177897896	0.9968434826351877
10.800906023294147	3.7951607085370362	3.5349438223425795e-114
5.139547777110014	6.75915571711089	1.0264365961663047e-292
1.1381992613566376	2.033432080993723	2.6410866097366554e-20
1.8884772417215583	2.4638476209859483	8.747125399983011e-35
12.863491127356282	0.7716390233434289	0.009450102470363507
33.65076222205162	0.45133269109206964	5.9936940037085e-7
31.3633242822522	5.243812326257654	8.008403384216118e-232
9.690836488740871	4.01203761361754	-3.5076374818568934e-125
9.924591833306469	4.537288808197054	-7.342047540546426e-158
27.740131467482673	7.26701817831524	0.0
6.118084260342206	8.804718752300307	0.0
11.840444919784975	-1.7382895512846588	0.6566632683163883
29.32721785567292	-0.4012019621547189	0.0018724241477256524
23.95281301239407	-2.25412967403922	0.33528662009453203
33.651067759529205	7.976339675081583	0.0
3.651288139405705	2.3751247987816946	3.7696556488252727e-28
20.94671167074003	-0.3866274207459135	0.018765513241385146
15.970804061406454	9.119260182749823	0.0
6.292884416785802	8.460947029632816	0.0
36.592932482293456	3.3142793006081703	-1.4594777656038682e-122
33.35676717112534	7.179547756864704	0.0
21.846310127151106	7.05656928702366	0.0
15.715689022848222	3.9985093131590546	-5.451856349563023e-133
38.34249933992249	-4.639286315901604	0.9680822781548108
2.930978477268991	1.3526278661161228	2.3570278756640953e-7
7.114521376948425	4.980714097788923	-1.3017138651940663e-180
10.905568893116119	1.9946577469659594	-1.0720656610981574e-16
19.891104993284937	7.934396517352621	0.0
9.696032900765395	-2.9030907503058963	0.8804885810753149
29.180729735545803	2.1933717973007987	-5.941081450467228e-48
6.931063948574397	5.26296366897455	-3.815337591939941e-198
36.34927819103375	-2.1809762593749227	0.05986880255983695
12.342421885229514	2.4729361668633913	-1.9069313954320294e-35
1.4090753502469326	-2.8977701318634814	0.9064483489497185
13.466284798300222	-2.7853821233945766	0.8629686850814121
32.44736696975089	7.014674914237162	0.0
1.9017738543636051	0.9258900961618401	0.000976684931326541
33.354069861486366	6.192639490097502	-1.4062495746406967e-292
17.4052765332504	8.746720441022049	0.0
15.444032424762307	0.7609352988441245	0.0002715852769071066
33.68847964503078	4.328432467377837	-1.1114749947536923e-178
17.5355944504747	6.527724483017305	6.625009840873609e-291
20.110330474666423	5.000486467197867	-1.925626056052083e-201
18.471858091886897	8.824869785175014	0.0
4.246334993209188	5.874799964371519	2.265059818911974e-239
15.82987136143003	2.5557238982083383	1.1576426507950369e-45
7.154827032751718	9.533429661099625	0.0
16.064359077856267	0.4758052892517668	0.002805838754357275
18.912847907529024	-1.8332160626068124	0.3855459795911219
23.808577922403316	-4.472122746799016	0.9813701832969981
2.2726283470530158	0.20018096888464854	0.08336225937995576
16.680378223546256	2.4665657425535557	1.614334114228422e-41
31.41897948576066	3.9899603889124364	1.7340178268605633e-155
37.34467357273012	9.774732228225592	0.0
8.567749130555834	-5.117527243632264	0.9992114232260287
21.594877907166797	2.011578152851957	3.15975227300212e-32
13.846814161752327	5.257718542699362	-2.1401368841511954e-207
9.789295622668813	0.20513733081009633	0.08693363036913024
31.795971354552083	-3.602186968705592	0.802549466054807
22.25372361312364	-4.495786317411632	0.9826819185087413
25.377783938538613	-4.8237730635673834	0.9912344619877647
17.878751013195618	-2.6042733815260704	0.6833312688846269
27.582048846928338	6.709079034961004	-1.006581201e-314
21.667228793026332	1.8790808008648234	-2.3098056883817645e-29
4.909707134469707	8.077256443378669	0.0
4.504470024543174	-5.431575454128961	0.9992213997627315
15.578001329646524	-4.5220955074715015	0.9911148051148205
15.735600646765482	6.067000520937473	-4.589185058101837e-259
9.800872877069281	7.465146802014935	0.0
21.14484975804367	2.300950068318439	-1.7392989146860265e-40
12.395515409980955	-5.008752261456166	0.9988807577613951
30.339192006273468	9.78242187135686	0.0
28.986217762702644	2.2641253793574734	4.058098329485084e-51
19.919241325420234	-5.6612130313241416	0.999207990835446
39.18677250080072	7.985645250027261	0.0
13.005171417937278	8.688810463044135	0.0
29.409695355346287	4.802601070308622	-1.505307654704825e-203
19.254735926562887	6.129450522366341	6.015390779543016e-268
39.454098344712676	6.120884768481925	1.6382378378924524e-296
27.004286044849714	0.7544830180997302	4.319498242544287e-7
11.384087779345057	-4.928155302867289	0.9983200426439557
19.834753771854594	-0.3747307846129999	0.038282228136882084
17.603471902828094	1.669838209696671	4.6194296095232444e-17
9.884696841710392	8.47039501073823	0.0
26.216083089633386	-0.8779888938204614	0.018957457598538483
3.290196262305206	3.7961010002199345	1.683480220129652e-114
5.184050654558926	9.67684359924641	0.0
2.8493995122336164	0.06733244988005538	0.11142927931128176
6.577961397427929	7.756151177567453	0.0
8.484855203097785	7.170952791726258	2.584006e-317
34.16226949361395	-0.7922253593493203	0.0012947644912058688
15.90738294431913	4.561773786149338	1.6137627420629319e-167
38.58698657823006	3.875449894909682	-3.419609144546272e-160
11.799943046768606	0.9140628261066652	0.0026563695413868126
7.791420718532925	-5.313405959527724	0.9997758813855273
8.650058138795364	7.22240182701081	1.565e-320
25.095185087476132	-1.126157011158746	0.05082429307905235
38.10635059548155	-2.8062878617704214	0.2302108818897594
7.817196503732442	-5.8955233084594525	0.9999391646900433
35.51311357567202	-5.6163874668505365	0.9968624732358616
30.897536869026684	3.8993426868118917	8.797679339114099e-150
38.25817230899654	2.9985834262254265	-3.801318841395288e-105
12.58274952467422	1.4666446563473414	2.0366160544799664e-7
16.859652231811054	6.274807868629534	4.976211884310035e-274
12.633286964882673	4.695895374329172	-4.5870799044703434e-172
30.139287732694818	-4.6727859902312545	0.9811824386145538
26.110386085182792	1.5436898095418776	1.028143879830499e-18
26.150710005840292	3.4054799973791035	4.50499928720846e-112
9.010600961191024	0.5575662680067452	0.02905254102337685
37.39614892874158	-2.5170689262956287	0.12766753462749916
7.010200742970346	7.047497060879191	5.788690638158437e-306
9.653142019228635	-3.4360126804800366	0.9503141767702031
11.73319999621099	-5.09694087402292	0.9989644047612432
32.846234280748206	2.633908449574829	1.135443734894225e-74
13.249471703684893	9.435134578284565	0.0
11.339118950748935	-1.6950100482824126	0.6306548069511271
28.086565410280187	-3.2068165356190867	0.6543582808822301
34.2685719573976	4.078772654177158	-6.362200411663811e-165
34.09387451602051	6.287674522067935	2.440544536480398e-299
19.143406425220785	6.09633258354263	-1.8899028321785647e-265
35.39366250852351	-5.376466790558162	0.9945736284189339
13.988397527460162	3.3012959944978455	2.2004665403301032e-88
28.026789106264925	7.597385936583809	0.0
36.710098808680286	0.274662931989333	2.510839358013292e-6
4.343672139445378	8.350562750832378	0.0
18.148443571290986	4.175334245945564	4.2621017332292534e-149
7.180996923140065	4.223516405331075	-2.503004373271504e-135
20.731480896841404	-3.701196684573695	0.9223085503215978
14.829100997637896	0.6244778640477797	0.0015443231265457858
37.59065845664888	3.380091147060803	2.128532621082804e-126
29.767063482564588	-4.20442343185595	0.9465786174812969
16.87275423432957	0.7118020911303482	0.0004095415910955505
27.27967616022271	-5.76944752344745	0.998693614211986
12.429585024259012	9.008992856944634	0.0
30.958380443172004	7.491636838022103	0.0
3.689200770483384	-3.045530521730079	0.8708096816052806
22.24428587081337	5.505740767591803	2.77417326344767e-234
35.36482201146641	4.146619578817848	3.684286621165384e-172
33.035735008891386	5.149587948833457	9.234324486817175e-229
9.155786044488684	8.335676396897377	0.0
12.623186789159181	6.46396695600523	1.8489684492549376e-279
31.603625981226898	-5.187799025535945	0.9939059275191565
2.1049327927008874	-0.6722191077294717	0.3271943226169321
1.9053470365662555	-1.3064590989920042	0.4841969500981899
30.574635871850646	-1.4535264471135356	0.029518677542520536
29.921281768245397	-5.975371760467304	0.9990475078253871
37.68377687793927	5.163949124310474	2.9052718648600216e-235
25.614392282325976	4.515244138467356	5.90986979772011e-179
2.041897518283325	-0.5520098231399189	0.29705354074313767
3.8592355787336157	5.344075828456784	1.0248200601474234e-208
25.749318082585	1.8939239707912492	-9.275288279514926e-35
22.079852405376204	6.315704680260698	1.340363262184198e-283
38.370658116930635	4.458363607893986	-2.224059785967909e-194
23.978267114677408	-5.170060932137659	0.9962025877900729
38.64309518810959	2.871128132326241	2.0864194208239508e-98
9.44943368558953	7.2065937459194025	3.032e-320
39.541206629249444	-1.979348452977252	0.015063893815454947
6.29295075315126	8.977384699659979	0.0
25.39691118559236	6.257103467139732	1.8193298701275984e-287
1.0417168223360755	1.2429178567355805	1.7588628187805608e-5
21.26485719684681	-4.019304596991777	0.9559761390916816
17.486041274643178	-5.8004343668100695	0.9995040942582399
25.136661566415423	6.896752536272757	5.0e-324
32.01754995676486	8.106511947770777	0.0
31.08300783137412	0.09964560831304681	0.0001280733267510517
21.055773937792846	5.703383157486176	-1.368325229495853e-245
10.082972406826453	2.1243200593883174	-1.2287475178111937e-18
27.458155092338362	6.15570066941444	1.0628093460375609e-281
3.892291371477664	6.644513355098724	-1.77820031162413e-286
16.73188505498713	-3.375932864826858	0.8925570576737059
34.803467219576554	-1.7045244138324378	0.01748241829104608
19.684168964723966	7.571994515361187	0.0
10.420374178936306	5.814059844621607	-8.769003137046937e-236
3.236350299506793	-3.408707636068751	0.9235681040465802
31.125983453255696	-2.0754990988671302	0.10943147066407372
11.140188133102386	2.4055613293591627	1.497696973283376e-30
2.773174360876256	3.2380885711684435	-2.4514276001489857e-82
39.38567246490186	5.247481614149983	-1.433931008271417e-243
28.125297338730714	8.978647026232732	0.0
0.6966186261291103	6.3378969604418	5.285342786517906e-272
21.477779279753207	8.111717304850643	0.0
8.213525914511862	-1.4714456984721274	0.6976433047825944
17.734442944603547	4.30867664155851	-6.730504492677546e-155
19.17598143101145	2.084557646242885	1.6508999932455626e-30
35.9540751013154	-1.5908834309008775	0.011937251470375554
16.500834245157364	9.45282896750619	0.0
11.849696365695568	7.097775723723338	6.2644594e-317
8.793443393109294	5.9607692791971445	-1.5149118641781742e-243
5.720254626909796	5.6779463355817406	-7.549080800010588e-226
9.409572197007028	-1.495591127005639	0.5844153758187651
31.0139406654299	-5.386156904037989	0.9962513721020027
31.518050337064434	-5.669977080841914	0.9979965517395828
35.13044295861077	-0.8765454854997259	0.0015205458288573975
30.23936687614584	-4.021998713834954	0.9205934883885754
29.481602417331647	4.162359106467299	1.4017687337782365e-164
21.926811792355128	6.807708710275225	-2.462249636e-314
2.1997082326185597	2.549185490775873	1.7062305499923522e-41
9.548990878934926	1.451758903945155	1.896198921719477e-7
10.06123674299697	-3.630185904973441	0.9645322233605623
38.67888200582819	3.579562159946235	3.9879840795027696e-141
0.8189125535032826	-0.9838374944845221	0.40321409685145854
19.597410212911182	-0.570475040923057	0.06556766737454339
27.238702533631567	8.404014014437273	0.0
33.66938230972474	-3.048169435082748	0.4477886182211327
36.943711459669316	7.635260022682928	0.0
10.065551734159953	0.8553556655937697	0.0028240518923185703
20.47024375619949	6.161683094338503	-1.637691127701355e-271
21.190355147246475	-5.543082615792343	0.9986199456877413
1.007747398208469	-0.12488829542427382	0.19887779715786583
17.79989468764663	9.318616526543067	0.0
16.92847975944583	-5.54144728866083	0.9990683643129542
23.615476740633525	0.488159035382818	0.00013662113420542343
36.78618340676211	0.36124578039698463	9.876905217537324e-7
11.51194790431355	2.1047064928243806	-3.478873332176109e-20
33.21318216238231	6.847807149244176	0.0
8.209902525343605	-0.4627596089587023	0.43272482679498064
16.86001657332143	4.7512174105675165	-2.5559863567903984e-182
22.17963880146999	3.4190556036898485	-1.2788855923540386e-107
11.92386872678509	2.9238151240328207	4.775098513619982e-64
4.165876696261123	1.7481958263242703	-1.7651164464469328e-11
20.904729589161146	3.7857865013770855	6.183659922493742e-128
16.623639535550854	8.497265248629727	0.0
30.86120270763313	-5.4268845071681255	0.9966024942979226
7.370987631627993	-0.6434538227259523	0.7145163428424545
18.515717470181077	-5.734708257743517	0.9994483262315987
27.26604052079783	7.057992907039054	0.0
12.83743234955644	-2.6996178008065925	0.8715200444830221
15.406081318097224	8.917446868876088	0.0
19.50409443642463	6.3126689483521155	1.0435199925947141e-279
4.303427198778707	0.6357416018567967	0.010328618615031947
38.49370190749274	-4.682247295889276	0.970694316381098
15.425443825734277	6.176675484841617	-4.812629971764696e-266
21.88029959256837	-2.087960768998471	0.2909878945062942
19.801591918158913	3.7096849359566164	-6.753492313449686e-123
26.013386098806336	-1.9515802971655987	0.16831447643589872
2.5307451921001545	0.9512570211171969	0.0005094861381687727
10.385238609774841	7.575238088342687	0.0
10.521111532739038	-2.7150837579416134	0.8467400359349597
36.97042765352635	5.134459922796051	-2.817103864380015e-233
6.9872951814891735	-1.1043789586672723	0.8575685916301895
2.3169225330239853	3.2769603555026166	5.472240978695769e-84
30.60155403949417	-5.121468834664608	0.9931966922923635
8.240856496640937	-3.8221467267457	0.988934767025653
37.66173057271445	5.95027742274732	1.1640487717269848e-284
28.10912946794185	3.4818450631975644	5.160649694860804e-120
38.05403358174651	9.657100043026873	0.0
28.04008532674614	8.568093592910031	0.0
27.07397596799733	0.4917752899139245	1.229810583210144e-5
7.0095458177147005	1.5665053104037554	0.00010408905509566985
25.813904860469137	-1.8513490300523294	0.15040663342285826
22.695670684547828	2.324632495671459	-7.613379755722562e-44
19.163881917084144	8.793380877297466	0.0
16.203653332314108	-0.8728306505009726	0.15328735708302588
13.750321595195311	3.9588105132949423	4.972464135611515e-128
32.01553049146312	-4.260074522392994	0.9487247121242598
10.35291060461934	-2.4422006392802054	0.7904905032677764
9.854415819489917	-5.429715863623112	0.9993582324884945
9.682652667248119	-2.940912325949842	0.8868395600906871
24.77666238747341	4.521373740281646	4.7370050560394944e-178
1.335702031022864	-5.880085631299146	0.9998806470541334
36.57696053669864	9.503938584444949	0.0
16.971657348784866	-2.0868541313842393	0.4923326348207322
28.936607234619323	4.569444799889027	-5.331956521373738e-187
2.9621748923707165	6.380669392245139	-1.1032732445579231e-271
24.83440003920895	0.2823377997807235	0.0005710322152926416
3.4485598895201646	-4.355412190644312	0.9885773106052962
38.78009067029192	8.887387373187387	0.0
0.4690249827070628	7.469189358650166	0.0
23.8348209643559	-2.3264311664756967	0.36558388870919417
14.900346925982396	-2.9538403619038114	0.8234740702942442
34.447041817916734	4.132097359891084	4.317191023746511e-169
15.422985830116474	7.3249800912383165	0.0
29.49273616099821	-2.578834847126931	0.3006966477031599
30.55482896471168	-1.5658376591154592	0.038308309534798794
27.63319642681704	6.869415329100036	0.0
5.559331081690582	6.4733190559388305	1.3375235839053566e-273
31.036570689447135	0.11143870847696036	0.00012072777586012553
25.586047108117263	-5.016410612331185	0.9942324554397485
28.47020019476391	3.9571776883165484	-7.97451064403561e-149
33.62291720813656	-4.841742004973042	0.9835228793401771
37.30676630387677	6.114783775916113	1.012952992795959e-292
3.797302131885053	-0.37977660754944154	0.23829127105097123
37.22120880546069	4.296687131671202	-9.09988761745176e-183
31.551359786859038	9.583908686352373	0.0
2.1577597610569077	-2.553184271206405	0.7845522167381652
9.864514493346988	7.946362442060295	0.0
22.46739000079006	4.317074697892501	4.1583379570757666e-162
7.9879665885986295	8.059379468770736	0.0
31.954136726019957	8.398204815882622	0.0
13.947546287828438	-4.820262844695268	0.9973788890470636
24.43395462606807	0.9658992301451335	1.9221672091205302e-7
27.26194468284595	-4.368300404705053	0.9681716769596832
15.607883660570652	-2.76332285595576	0.7414688586131031
33.243959160163406	5.9639386529493805	9.932689649684759e-279
29.31292402609415	-0.7036426914586968	0.004953571790092233
24.968286965070575	3.905149908894966	-2.2148973519774147e-141
34.75720518150817	3.5066705203654926	5.335944681777953e-131
20.037903034577006	0.3709849921938506	0.002018659412183726
31.526640279205644	-5.871026592533827	0.9987374266627672
22.089093552375406	-4.158553393803906	0.9637907578230269
21.49385346224198	3.8906084944519357	2.3495682588931433e-135
29.920137181877294	2.451688141608688	-1.4386355670641797e-59
23.473639292844304	0.8763530325259801	1.0896247607853532e-6
9.221645249249955	-2.2429783008838875	0.7661382227855175
35.77117080765651	-0.49702775187103754	0.00037700149441786507
4.838329538833769	1.973443521598572	-1.2414905176945327e-13
35.26394400324033	7.637435687792799	0.0
7.8836065443101875	-3.0464124420271546	0.9642067540015553
33.515768980701665	-1.6039476544027167	0.016516293728666833
34.642880492727144	0.5143835720174579	1.8179637466252085e-7
37.53283409701648	6.283883022345126	-2.263983979643655e-304
18.95543063058001	-2.742369254578275	0.718807785955519
2.507478962614315	1.4379415911788556	2.0620583336360664e-8
11.782379336459192	3.6604983956111674	-1.8608034230850307e-107
29.035670061139104	9.810107003418555	0.0
32.05312370897082	1.820785251982496	4.930094564316e-38
6.232946296965575	5.850522783707884	6.952122561178307e-235
37.89650105087132	-5.526209778317682	0.9959001520964024
28.282413844862102	8.912250353013192	0.0
33.826688243688984	-2.1893406965985136	0.07411499275376164
33.607367590253574	6.464680914287371	6.939516243957245e-309
1.4007499771058396	-2.581463561879719	0.8430825509878822
38.15244030028905	-0.44193504173450293	0.0001484873753050297
6.766205309605429	5.874306939643201	2.4155986392550034e-235
7.680893280709196	-4.794580940471679	0.9993695519936
24.961065928790752	6.687050571029939	2.31256143735735e-310
32.958430819168655	-2.832286126987537	0.345154229668524
10.305377491790333	4.597450046570103	-2.4394317485658374e-163
36.411850480790996	9.579383304678831	0.0
17.37561094417524	8.794229297668586	0.0
22.31006057810472	7.355312321558554	0.0
2.019700482219819	-5.073956159326023	0.998536926400831
27.1999544826666	0.4437360420508085	1.7793137953000684e-5
36.953622446611604	9.706047799747747	0.0
13.73777288208161	9.838852509396965	0.0
18.77435351886811	9.88851341595435	0.0
2.1951701904407974	-2.5987438565678467	0.7939140419470263
13.179386582189746	7.79191683967645	0.0
9.825013732711696	0.8620469113848408	0.0027209580875089943
30.29881064230944	-2.983499632522456	0.5115092458739107
6.500360271410023	1.249780228725303	0.0024139352183216974
32.40158367199992	-0.25362945397050396	0.0003875096011668864
7.040793447882745	-4.95898861016682	0.9998201589786734
20.289404390698486	-4.298681545506053	0.9806609197445919
36.45976133185933	6.004508915103578	-1.213415052998327e-285
36.10521984727917	2.649489151365227	1.2317692562038878e-80
12.160078664052868	-2.617434755044062	0.861566387747184
19.781327631291493	6.6778875842462995	1.2950665616585152e-302
33.71492381020329	3.0540548765429243	1.7772770428922283e-101
29.131937453259667	7.647451113848572	0.0
35.97006074988881	1.7178830549665811	1.99735714635751e-38
19.532501590774096	7.461793001715833	0.0
21.58773048967183	7.242989672629832	0.0
31.698124277896877	-4.51402337850821	0.9716156631693751
4.143571916221894	1.4934164256038684	2.3410565332199116e-9
26.435790010111223	6.777207279737862	6.959587e-318
12.1555442080928	-0.39103391206634086	0.2781025391690596
31.186227830491866	-1.7819482490671739	0.056632827898720296
4.037680680961486	8.133479746862147	0.0
31.684175504668463	5.328464418695429	7.577839991712591e-238
29.126348581604418	7.820493051686736	0.0
36.71196534359069	-3.4403077521757943	0.6511008433373261
3.548165253073771	-4.896995283683385	0.9966291283731357
9.128092559105191	-4.935280340045409	0.9983476511021239
18.181467796486107	3.1537883653073067	-3.49534324792133e-86
12.393675991024596	5.499188620350417	1.1550246468393045e-219
17.74546546418038	3.031842598388888	1.0058973254792718e-77
11.948901312348427	9.342226338423217	0.0
3.195212225863666	6.299745997091325	-1.6464706142098073e-266
7.4421251386974845	-0.9237430348900126	0.7552496116145144
29.266405134291954	-1.6696909800351065	0.052158609607020186
4.231344626965339	6.5865661073978	-2.2655192912504475e-283
16.598165635139697	-1.5115785896936558	0.30454754575147397
33.062966237631024	4.258055003731954	-5.223181958689254e-174
34.67969481034509	1.9274310125078813	-1.3966358496782592e-49
38.36671941314451	2.41394406207689	8.331456839900042e-70
31.748678993885434	9.445802316219886	0.0
35.84160062033614	-5.612065395494341	0.9968120422755397
22.606570632037233	-4.294144631871685	0.9722906061821769
6.430945358398917	6.096073978230539	7.158543765730658e-249
37.02109368910485	-5.276952941332926	0.9929956283263026
5.01865852763618	1.2918003199634676	3.484524422095351e-6
0.40700517808342007	-4.149531440913538	0.9993335502832565
10.008055283066916	2.419327196435848	-1.705733724056049e-29
13.450591444814389	0.6014796374897564	0.018828779228629473
1.9047161864910211	7.600834583439646	0.0
9.421697912157141	9.369850070373094	0.0
34.90327497718483	7.760604542517978	0.0
24.58897589604056	-4.947187492348981	0.9936721190677807
27.45584024909206	-2.7868674526758888	0.44535955786222753
39.47653820391099	3.10735379066141	2.848713969392942e-112
39.753147322222645	3.252448301885469	2.6924287730524856e-122
8.844283163100325	9.617632342826145	0.0
18.252087580114132	3.2116190332987777	4.31303960568956e-90
34.50452380530645	-0.7558350191610366	0.0010800654093287465
12.049042344155756	0.37557739257321643	0.06128045611374045
23.610381670979642	9.223783444678205	0.0
15.101671512146472	-5.159483102614669	0.9981352841838025
18.316724228413328	-1.6177422359149283	0.3315649201369721
11.881999265780324	5.553708715411307	-1.1388065375198156e-222
36.18861777648956	5.995641933133836	1.2385932329902208e-285
20.579167881059583	-2.400649839657106	0.48146014703056694
23.38044235491644	9.728175694675933	0.0
1.0957134006102973	3.464195724788805	-1.192669830186066e-97
14.876772086613654	5.250895583043295	4.739767661065354e-208
36.5579096711813	5.468829622161728	-7.902171223329432e-253
9.01189677512596	2.8507192011231126	-1.5724800371575586e-54
8.937368773219635	-5.550681199198422	0.9996319698629497
39.63847169059611	3.1903085804168327	1.035600930270026e-117
21.228962391549423	-4.604299242846519	0.9881008161609792
31.015419905199142	6.098718677191041	-2.2249239778798285e-283
24.681645876612652	9.982764497631898	0.0
6.302781661003516	-3.421548566306413	0.9891519691526969
36.89845299919357	3.2937755319875848	4.8940101929305795e-121
4.114921895158295	-3.294190271611111	0.9160286107435568
23.797597146016685	0.05670057520551808	0.002279218004933528
3.6645760393760134	5.433663917266447	-9.045212784749697e-213
18.959638980496468	-5.237298229426514	0.9982243226947809
4.589001223024928	2.8501342221702117	4.420906984915958e-55
36.14100912263477	3.490506914384614	-3.9717691461141146e-132
11.99099140873536	-1.365103970466052	0.5591740838353884
3.606153416151532	4.291648036722588	-5.84097949988597e-143
9.572044156989556	2.09045690128708	6.236157178820707e-17
0.6270248253116459	7.969490906812148	0.0
38.8529427806425	-1.3716759509573357	0.0027757252018980874
33.195325579337776	6.308286456720651	2.438288284361655e-299
4.311502453601139	-5.581349200344121	0.9994012661106542
7.044945388539947	5.316353007716238	-6.803959915132406e-202
37.05974944555636	-0.7067102044197213	0.0006874145782063874
36.294995628759786	2.6121070029030378	-3.4665100803488157e-78
32.766844994594294	-1.6559295188893266	0.024686035506398304
11.06277558811612	-2.2891973844144076	0.7693121946166351
38.898420471616724	6.873514643618307	0.0
37.84562769465069	3.350500235491438	1.198279924740513e-125
14.13012415383777	9.679018129314919	0.0
25.628679496028504	-2.3436453724696555	0.3274903302672259
31.63451679746403	-0.5409492546154127	0.001919642839224667
28.13133874442978	1.4593892055052926	6.622629322967178e-20
11.294634939786619	-1.280989872790535	0.5168020181408355
16.633891238177434	2.5362719178847932	1.3848559094751333e-45
17.31260786989417	8.796836736663437	0.0
35.94277499105948	3.2503211860833154	-1.8481560512372727e-117
4.4280745887828825	4.672780057104866	2.120475125208094e-165
5.273934468080127	3.3806728333250753	2.755756688928435e-85
7.372053370720885	4.974006365072732	3.234483927234194e-181
14.773028638564114	8.224576578005177	0.0
16.225625703040397	-4.422648708455853	0.988040847465857
19.866103699023256	-5.394603507066993	0.9985556618545219
17.60814449318652	-3.595039523002786	0.932104760796946
10.733299071767712	-5.521134161696654	0.9994975124244062
5.447201839667488	-0.4721783672342035	0.3572695244287636
21.952026448712143	7.822539738154088	0.0
32.084127660350596	1.7197291845809843	2.1563565783153772e-32
28.381405333358973	0.05702725278674947	0.00023443482545910068
36.242545383951025	6.201216970866668	2.3031877634705035e-297
23.38339953512821	6.841532752820367	4.38123e-319
38.519669374679495	3.1454553194691215	-4.090083733041677e-114
12.694506718878895	3.6102309998784214	4.718383840306056e-106
25.793639193011916	6.989672970463946	0.0
1.3869332871197184	9.020608513824289	0.0
3.9432174339502324	-0.9073289961576592	0.38638891761957184
12.312093008323002	-3.400482768236799	0.9617297756409892
23.15627841799222	5.631089586119483	-3.231267989070851e-244
29.76318729499548	3.0316450503218064	4.1185385383217176e-95
3.1424865133796778	3.998223544634161	-6.692695372573902e-126
34.96248153280066	-2.295091017614361	0.08561869867556214
11.83019366100424	-5.896940144158158	0.9998393842394183
6.091890664941961	-2.2719100499291045	0.9003192393853566
37.5563521581163	5.180181833367655	6.926375292086449e-237
1.6232405598595134	-5.59553112252793	0.9996816080492399
8.190058064616483	9.854157664975862	0.0
23.523135520818244	0.3602934249893437	0.0003809051422821803
24.8519654916132	8.426105221283745	0.0
14.91951908892839	-5.081663485471793	0.9978877447069103
21.133711123660554	0.18918629589320446	0.0017550101743130627
15.372513742930385	-1.0250557501495159	0.20776017686855303
10.511164851610156	3.9840534172149553	7.39453053371398e-125
25.523962690621712	-5.10396924510005	0.9953115049998302
25.992462704840325	2.8513579837274996	-7.060170172838993e-78
25.316754100587858	7.727522109619056	0.0
5.767829708531904	0.22633648848117005	0.15119977223284636
2.945185566782964	5.966971283950116	-4.884340791515669e-248
14.477940508855978	7.126217302791471	1.43e-322
29.43698426824286	-3.916743251299735	0.9013210201829815
15.668503488188248	-5.066886811486089	0.997391765077852
25.74017650302228	6.840908401143722	8.15e-322
2.144338173115998	0.24671983912208262	0.07421628348957243
20.706424658350144	-3.6966520392809734	0.9219984235797472
21.77268315158252	-0.5039705967314028	0.01904026981848409
12.875453171784123	5.299803671592905	-9.73816257925908e-209
7.721464516541936	4.3035200139197975	-3.461435534175488e-140
30.533331786662835	-1.9122091539389956	0.0831345944685765
28.015555637346438	3.6241813888723833	-5.770089060978209e-128
32.423025940490795	7.921390892836275	0.0
19.524172860077815	1.533042219368486	2.436003758125784e-13
12.665726657179167	4.742541775709359	-7.552154770003039e-176
26.229648255370005	0.8502478524140571	3.814528695528911e-7
25.218713337119258	-4.998513999939501	0.9941975796989616
28.609229591133634	4.574586121252246	-1.8602785928030665e-187
18.162927190010592	3.7291650517109787	1.5150853418582204e-120
27.644415543704735	-2.4718263626018455	0.28162665243968893
9.622403535119988	-2.1461565257086654	0.7309261298112463
7.97068578258825	-3.1828626140273997	0.969220863944246
33.202158263744835	1.67390713015687	2.27036796685247e-31
38.38334269626961	9.926685458196228	0.0
22.77092895247023	1.7899503624787236	6.567465107378955e-28
14.034692278283995	4.823961736999319	-1.9692333392526512e-181
27.29941009420958	-0.2414785378263069	0.0014805787629536677
24.05252241692451	-5.56758948034998	0.9984765672965824
15.218495531054224	8.671078153558916	0.0
34.9344644672897	2.732216771181868	-1.3345514339985683e-83
23.6584358835021	-3.056657334413689	0.6961562593588212
34.99466308111872	2.824161005045209	3.176578016715152e-90
13.086624118609542	5.539638753272641	-2.816959453812744e-223
21.922219092994748	-2.9196330445112153	0.6485677383798913
4.769040502442915	1.108121126102926	9.129505454480644e-5
34.435851961132435	-4.762841734992339	0.9789046177130871
7.8646676874700105	9.18014591326924	0.0
31.10489056131928	5.647661658382024	2.8381307260493076e-257
24.230079549631757	4.998275682365481	3.9605393032821536e-207
32.39903241961558	5.394990484486364	-2.012840251077099e-242
11.998218236145476	-1.9831874281107886	0.7223296880547224
5.355149603942627	-5.4291165625898685	0.99956668256952
34.216098657826635	3.3804234633735497	1.679176309017902e-122
27.539998477842058	1.382800035873661	7.136624741229258e-17
15.142377189478498	-1.3041019687584523	0.2902969536696336
0.26183106513453636	6.486466353550071	-3.5434261851002453e-281
9.998788489170712	3.316083679417929	-1.939961496617827e-83
17.780464543512	7.84010394759062	0.0
20.855874002756334	1.6694548998596161	1.7031767806274592e-19
12.699050740392	1.4038895753189884	1.1427483530573978e-6
10.054165451653985	3.668838139531722	1.2034012093446977e-104
20.184590919405675	-5.675746425996692	0.9991852505884617
1.5119431711947118	0.17969532059611737	0.10289311336217172
26.149084333403465	1.985339429288011	-1.571039165836095e-38
9.03802071192816	2.124609649492097	-1.3474858443743796e-17
9.87026221284456	8.45286996382169	0.0
10.181080821646134	-1.918778052288289	0.6695582911123222
13.287253376295405	-1.5734661635454366	0.5702219816897677
19.89455622202706	6.424191399524776	7.367491193078873e-287
27.097258688688466	-2.108367599563774	0.1670404935802856
30.7969495004316	-5.08028723627088	0.9924944324422134
7.933741055914326	2.9901478637047987	6.0051044835292865e-61
13.95988450536619	-1.589227901805021	0.49285514940404485
9.387528560675461	-0.15032365073451714	0.20207781123065116
30.683222074678405	4.846744660560596	-7.010085380749205e-207
16.756441542785986	-2.4285341144884747	0.6142910988459711
4.812715299401425	-4.519211341850486	0.9947304082233304
21.461225667487597	-4.92174174048381	0.9939888489418539
5.346573366088521	-5.64170884167288	0.9997319705236004
34.578290677285985	0.989343439958553	5.230917126309879e-12
7.062049537450683	1.7744483191126932	4.985252487735504e-7
21.20040120811525	9.00969425804286	0.0
2.8215735701275357	-1.103919303614557	0.427923040535289
15.735239555319833	-3.8927463596078447	0.9634480640200471
6.363055139657829	-5.285140341972831	0.999846759350465
1.7285532948766908	-3.307011479397964	0.9435434507295071
22.129794188773804	2.8792523463965267	-4.521162109995716e-75
35.9952907872198	-2.6493241170605337	0.1915608573297583
22.86135206111996	-4.791129234320007	0.9908949055073693
23.56062966312863	2.616272074544792	-4.019165292217092e-60
7.740573865956931	3.5650822722056255	-2.5267489751328774e-96
5.926398180833049	-4.404177934223757	0.997705019314595
27.249093946879476	-1.5269936196878255	0.05022195846668071
8.97765784734689	-3.9853202151252987	0.9869387431895772
11.589307389249639	5.0453044837814645	-1.0475863227412277e-192
33.63645741418369	6.977728555539628	0.0
37.43086482258069	5.17452830998149	-4.9933138546555555e-236
2.808369729584186	-4.562954054406486	0.9933184462667107
3.6586434499868905	3.8834213638377904	-4.859274308939972e-119
26.565735440983392	2.145224081335705	2.8708729516426547e-43
8.81175815458743	3.744820864376571	-1.4101209307967838e-107
3.258971715861824	6.639504347538349	7.822133668587e-287
10.95976606707475	-1.4414357376885185	0.5530261235575387
25.109260452529444	-1.7006928130150492	0.13891338926840413
4.652163863304681	7.9538773465777375	0.0
36.740904556477545	-4.655754026191936	0.9713668577057313
20.412406640653682	-0.9963937433773751	0.08735910677297479
33.95426499753809	0.2838980595813929	3.356174592909943e-6
13.014117542100323	0.21821266181720844	0.09357410880442422
34.55852471832161	8.176521904870114	0.0
32.49619871950611	1.6631833025906886	1.153368638648244e-29
26.00779158420052	-3.485746915177625	0.8312255832982538
7.534105961448102	8.722251956210211	0.0
18.821307810128282	3.969157367301783	1.776518724876354e-135
4.493286431094522	8.879469069194485	0.0
9.764122667432511	9.92648223176177	0.0
13.222765460145826	4.2487234609660725	1.2416106353912028e-144
33.8371185319443	-1.4702730555302672	0.010461220484049752
25.458184724156613	-1.2059282159119888	0.05289397878008388
36.30748401216725	8.565567555780742	0.0
18.976784504960428	-2.564578671907185	0.6535125861837058
13.480436087033821	9.098893573617815	0.0
8.135683422825759	-0.10336664584937694	0.31403595220734676
33.83689145175117	5.531424656666871	1.1971435239653857e-252
6.895237891800529	-3.557804496968405	0.9959974437808484
18.082796465886634	8.481756829469813	0.0
15.049708488223976	8.109038093307479	0.0
7.379920157204209	1.4376558168666165	0.00015022099537905412
5.815458137593421	9.992121491129993	0.0
17.116402036254886	-3.10326604961541	0.831978773215861
38.413352210183355	-0.23320566041860147	4.401968395826845e-5
19.173625332049173	1.9918838991626835	2.499353392744951e-28
5.274934173201903	4.604536538062245	8.048288215210527e-160
0.8256935195103998	-5.172736386594973	0.9997478541897846
39.27844842547655	3.3108794995919837	4.008521338253858e-125
8.038320014290127	1.5610531464475201	2.562102697449499e-6
33.52479313499686	7.787866331026411	0.0
22.756487752716016	-1.7349281668232415	0.1688558755467828
17.738395518582887	-0.24003244936575996	0.04818987013464406
37.73308252008472	8.849884842507123	0.0
16.58859512959074	-1.0580157583842542	0.1875387268042404
23.189731373262145	-1.7180978804879068	0.16249823641618938
15.157739782462798	-0.45240844787189616	0.09799854829099228
34.63724905998873	-1.79593332187331	0.022919187317401297
14.260842430804411	-2.522272881380051	0.741582540817015
3.5910411544659073	3.646418575094522	-5.830044491257006e-104
21.922935614310752	-0.35573104810968204	0.01229993600752119
1.1351055783173654	0.9824026929392851	0.000995507813814298
5.489290961320239	-2.2012667883706243	0.812754873762175
12.484037818873965	-0.22207635781877144	0.2276775660396295
21.029626082002437	-1.0363095037335803	0.07186969916170312
35.741029148460676	-3.4071754978154125	0.6364720453975405
18.015567236163168	5.758124114768197	2.373223123544738e-243
8.434556054131384	0.4477390896396152	0.07031358277910064
7.567942142991644	0.4942359313240807	0.17757113057127769
34.30050351356576	0.9825105529422267	7.795581877374565e-12
8.99895555807621	7.67734520352797	0.0
36.8467915134794	4.108732103873152	-1.2470653659006015e-170
0.773732074142709	-5.167909965535891	0.9997747039952128
11.983496453708245	-5.618489383236813	0.9997062809873519
15.597464133185529	6.01228938449708	1.103003343435584e-255
39.069797017866236	-1.664323552994361	0.006406191295844476
18.65090839952538	0.6887532121305213	0.0005747270521324918
5.168791589430864	1.0365832163338702	0.0003545870653926921
4.8737882790878455	-0.2521086328964479	0.22975603816821313
8.883994078636192	1.8739829218500468	2.3258357754686737e-11
10.680857167361204	3.548865223893827	5.901461758619093e-100
13.089229581035804	1.9909281117295947	-8.01078718613683e-20
35.90963864423536	-3.7609611272122088	0.806760988689812
22.618109759836845	-4.836375800957487	0.9918387238251275
14.802437622444737	-5.243393996326841	0.9985967974007808
37.36610346661993	7.236775618651983	0.0
24.90035469307429	7.851029315534738	0.0
25.04898845759554	-1.9049322702769622	0.19352732985378082
25.254138169413306	-2.7925758723405565	0.5559486642446326
29.406863283721897	7.326293241745535	0.0
14.933847253191129	3.5420672026389397	-8.739075043771445e-106
18.95979813966959	5.453949001955596	1.2871536239372438e-226
11.685655770455625	-4.229674075512186	0.9924968489211775
13.020993954010923	9.726239161962173	0.0
18.404902443757763	-3.6184736676397087	0.9370083939017867
8.111045531103438	-1.8077213494618185	0.780095016480874
4.104039871424596	-5.4532807052576935	0.9991396143684664
38.114836938148976	6.451887758752374	1.427354018e-314
7.121106932131861	5.371771737673765	5.869504429504217e-205
12.593449226259208	6.7425942076308125	-3.486073442383554e-297
9.150057487334955	6.878436262952331	-9.930963437683684e-300
28.012139238324202	5.277003911584895	9.647920730330695e-229
30.699907246788335	1.4999454718778082	2.0917386694319304e-21
31.410761252388383	-5.707259989688335	0.998173281438523
21.941661591591142	-3.39684596893807	0.8314250160512618
1.3806573934024855	0.2648339484738038	0.08432347075331212
35.5613524523687	2.550751791383906	-5.734125964691651e-73
30.988377835672708	-0.18034416000632447	0.0006127710406797406
20.588704794449836	3.7397065164045493	-7.412289974688079e-126
25.84800768920325	-5.0268484073250335	0.994187169307503
11.138909319023373	7.749214737078173	0.0
6.662253079520777	-2.944194728680447	0.9841310347687553
15.731805091067354	-1.9503200668067961	0.46120401929558763
37.04612298319174	4.328250655577122	7.865501880256135e-184
15.82417008508979	-1.5519149376618664	0.33142123757150926
36.40347568374795	-1.4356437775750592	0.007403424606059569
6.687170681046413	8.600177777170835	0.0
28.875309228681893	1.4670454949192973	3.433755109520234e-20
14.290042635106222	-0.732945557709229	0.21554514592101365
35.77841607584132	-1.920440967403323	0.030391926709976584
11.606233623440776	-1.6596228653521052	0.6292930748896486
18.15572477243702	0.634773526612527	0.0009364527609373645
23.62788011211699	4.449283367985547	-2.898833524169241e-174
31.89053673856045	7.041502735494337	0.0
9.92200480125755	0.3369629863846768	0.05604042422220888
11.675471693339638	9.625441406830607	0.0
18.165512070864484	3.223203574353736	4.2440223426144463e-91
30.172445661128606	0.6851047741019585	4.551073993065193e-7
30.90783239638433	-1.2374555490895176	0.016743690387283044
3.1951691650188856	-1.8695581469403493	0.6128734614219256
5.2648316678399905	-2.6300842718147344	0.8683109670627808
19.77031973882644	7.712463184533931	0.0
33.38651302163134	0.10451839603053514	2.1755110425378115e-5
11.397566186270849	5.723814923771997	1.0531742342714818e-233
35.29917744059935	6.788991053529685	0.0
1.0920698800888597	-4.144340016850858	0.9955256786772817
24.19978911225708	4.931462550884039	-1.7386125244268783e-204
0.23007226608760434	-5.744909522253593	0.99999455627971
8.08549133263755	-2.879451904077058	0.9405931685508683
20.325871210461713	-5.456302335225249	0.9986047831880561
30.839621282491102	-4.71715815758516	0.982816064732893
29.132846629070187	7.26385770209011	0.0
30.704193697483824	-0.36656668407364634	0.0014381689172607724
36.37012900678002	0.43201166167630944	4.6951509138128856e-7
37.31953521026297	3.444492224296347	2.7496412051371938e-130
8.833174806906333	9.115217992140323	0.0
23.519390350674403	-2.223653125864395	0.32453065338735937
12.142325417265601	5.561942164720499	1.1904248660949085e-223
34.3382372536755	1.9529356144614027	2.867669993769477e-49
20.051265439457964	-3.7004780618052067	0.9331930279810303
29.667686328936167	-5.4083082807385985	0.99649734859377
3.5879709110868823	-1.7200975049610605	0.5825133948722476
4.427892288869561	2.529292667495316	1.6195287806223894e-34
11.94761721421404	0.6371500025453685	0.019805457470586003
34.48020009750469	0.8988380418947415	9.223360015257284e-11
13.471955226778775	9.766695627034988	0.0
23.502781837040686	6.815407021074684	4.3453503e-317
26.349511666731015	-0.4082486873260791	0.004985002186004208
6.223983517502889	-5.2638144099042385	0.9997967241468669
25.659937141794135	6.485651790966109	-6.216305019532358e-299
9.190117801411919	9.865459167028696	0.0
37.097253973923046	0.3047437425399835	1.632295825679509e-6
18.861111332416	-3.818571770099929	0.9574765173925563
24.14386370412051	-3.032886164838711	0.6860366866419194
17.91405678061419	6.101867424507148	1.3238855957605323e-264
13.858016212740639	-0.24814379316232404	0.14876236022020878
4.731887980843082	9.103802859425812	0.0
24.343999258640498	3.173122193245945	1.4619459386468523e-95
34.41460970610913	0.4911659149980956	2.603686724674363e-7
12.697549270771084	-4.700585545924394	0.9977274188089422
36.65399690724549	8.791297133048566	0.0
36.78776298730058	1.9374636615852197	1.0544864539338147e-51
28.69685116048761	9.44619592003231	0.0
4.696371564433555	3.1726557718912645	3.021343331127453e-74
25.9352118177916	4.658267852485562	-5.809469093003877e-188
13.042245045114946	1.7235259604985096	3.913016189825988e-12
1.127980107237567	-4.275588428167939	0.9964821159045026
24.156580350423393	1.441953686635724	4.556851629891513e-15
23.226589956971853	0.49386780069752945	0.00012897502483759124
23.360455622762036	7.365872091529319	0.0
22.211100961312496	-2.8978343310991725	0.632572354264855
14.60825769985752	1.9853779963324776	-8.056681382133405e-23
4.489508295043409	-1.1468497135701305	0.46715994227093277
28.55489545321773	2.100035781852327	-9.592288870373698e-45
17.590302077271883	-4.273128420218548	0.9839644306169107
24.495795306781343	-2.1789521184847906	0.2999093364261525
3.066301931905786	9.341369769358572	0.0
31.88964644412175	4.172877018433493	5.955120579139673e-168
1.1558291433376857	6.55729756952838	-1.4536842705380122e-286
10.70241252931855	6.403108598755622	8.3988597182826e-273
17.494297994511484	6.8889304676943866	-2.595792338237e-312
13.283722394577582	9.111521402858816	0.0
23.16460982772914	-1.8241830314657115	0.19061976289510046
15.003982654340108	0.9487314229873469	3.112309424493842e-5
4.330909618661327	-0.1463186094504927	0.17725916756148188
25.806800559342637	0.5230743631352226	4.565893580139515e-5
7.2332435437583245	4.976388867486996	8.949898273224342e-181
25.95785151173989	-4.6766846503633595	0.986895582898685
11.894369333413257	6.276291174089501	3.939015346425393e-267
27.74447697294779	-5.838577346825819	0.9988187072623512
22.0566743987382	-3.5088649475159563	0.8614684420903357
9.978383648573828	0.9630813736122228	0.000979347818299244
37.96548784756087	-1.926116508308553	0.021796595841944297
8.927058811242487	1.546628585417416	1.0948443515857004e-7
19.467911066178544	4.95642765320331	-5.93698019256941e-197
36.780956217963954	6.805700891760967	0.0
17.68845561263071	4.9746856975531735	1.6785337400545894e-195
27.15548862524089	-1.8276047545181235	0.09641402926701051
13.876495719768702	9.465282562597743	0.0
0.9902766186312348	8.009645050153402	0.0
1.9652495028221588	7.853006460252491	0.0
3.1703069187507342	5.004901835273568	-7.761754839082259e-188
10.532212833219425	6.851295606151798	1.495789595554065e-301
28.529521118260487	4.459343664089065	1.170031275009699e-180
23.470512318362324	-0.6721659435868155	0.024255972939314526
26.93652317289516	7.559051656326112	0.0
11.074170629509666	-3.7263248474904636	0.9739502960696018
5.5288111940409	-3.8972912701257556	0.988491334567106
12.586141057808517	8.586577917754273	0.0
22.085276833035863	4.118163923369131	-2.1849069154140163e-150
13.60430455227105	9.02454581155866	0.0
17.149248314433052	2.56061416577181	-2.886592091906217e-47
24.062172835911422	6.737992434730941	-1.470760181543e-311
17.01104941463929	-0.18358932197771338	0.04185706591664783
22.230450012930277	3.622644916956215	-1.8039341440484693e-120
18.55863541584786	-3.274152786053868	0.8782865339686237
39.22479901525076	-2.0795967919602276	0.0228611535334783
12.091188626430387	-5.998168467679328	0.9998800789780191
34.64810310239455	-4.6455429606940655	0.9721452687712924
16.168503424472256	8.99248600837203	0.0
14.295014410341592	-5.665775847141749	0.9995619048739419
4.013280055489709	6.481172009499431	-2.706915250081124e-276
9.785142528783677	0.8349327679693914	0.0034203216475492872
30.51967036283191	1.7184376100593006	1.325318426366161e-31
31.47954350878372	-5.314013511004738	0.9954741571625801
22.819236456180132	6.486981473425491	7.144015682238218e-295
37.51854333598733	3.302353896207279	-3.723995847105497e-122
18.2798203543188	-5.6766548970865145	0.9993694570991595
32.562599900462715	2.0057310595948437	-2.764654041951048e-48
39.62453327700193	9.002138556652739	0.0
22.54670738242505	1.3492415682888073	6.006993188404403e-13
10.210486787477013	-2.3358593939977155	0.7668234821385815
36.32980407308104	-4.754403303884622	0.9772234323662835
37.257677649880875	0.9664755710422348	7.670784643604548e-12
21.442846476501174	7.289198213518802	0.0
37.45790285925735	0.8315957834954091	2.844108449761232e-10
22.689003509900424	-5.48241798286605	0.9981366734445364
35.455447992069125	5.081950485902951	3.0831811407219995e-228
38.89626490555268	5.910240844864926	-2.1021017394815478e-283
36.75581464243008	-0.46127323334413717	0.0002872793687279553
15.531383882519867	5.959882375071981	3.0760902594340626e-253
18.253713240294374	7.459147578323332	0.0
27.136348798349413	3.261247013405743	1.4383901638153926e-105
17.608949743542066	-1.2924568407117967	0.24053410063405625
11.13159498757508	3.0560293487045698	5.522719281667994e-69
5.322898505914555	4.595091249545085	-2.3410936107854277e-159
1.2355072111764436	6.30273879877997	1.6690895954686043e-269
7.020096237142907	8.485656204851932	0.0
17.43736336865433	-2.19372185378451	0.5327673856324454
33.68860709916665	6.6019896083393945	1.075334e-317
35.497663006716024	6.0870816997525345	-2.3066093531335913e-288
0.5516483740837663	-4.9966334419723175	0.999826642661047
17.249678193462383	-4.94197688392406	0.9963828644092816
19.71495397052422	-5.082708796633764	0.9971410664426561
21.178923034192124	9.15113679225697	0.0
29.63071172660689	-5.525039801405434	0.9973214780928957
23.63381331092084	9.438657750534205	0.0
16.31248989763621	1.246669007908146	3.683532166299547e-8
29.387781616040122	8.056087086781346	0.0
25.005005447248443	9.765783870332456	0.0
16.45094570889391	-5.79425954671979	0.9994752639725657
15.247934578558619	8.199393715555122	0.0
22.749402676961974	8.487141438181261	0.0
33.1290076699704	-4.29983689641395	0.9471961923273869
31.900865811456843	5.293820712539141	4.911183416840916e-236
39.144847668792245	-3.9165382598094	0.8365535720705439
17.107695344381302	-4.634713893957727	0.992652432519816
18.82182341995993	2.542253505999593	-1.69228214176262e-48
3.652926242406144	8.979183940455151	0.0
1.9159550927169835	-5.783526603875188	0.9997338467535704
25.60090750946304	5.535784302394294	-9.902861707975777e-241
0.2878774326402762	1.1947538197865661	4.404405222314025e-5
11.764910278256403	6.603171506452835	-7.205172766745334e-287
37.05145121898511	-3.736668808276008	0.7937115312230193
29.75768738826615	5.891236261486927	3.74443804495903e-269
8.462859011643907	4.350569480410442	5.050349084790907e-145
12.894046346240918	-2.0774588219067667	0.7336805390968728
16.560637546725477	2.3536825824528087	-1.2749832742506064e-36
10.56030101085501	-1.6432317060456327	0.6008911248017429
4.149284457821736	8.956022585309348	0.0
28.356096916816977	6.907969966422375	0.0
34.65539912066903	5.30271216176676	-4.7989656615195856e-241
13.933757746145014	-0.5934789239184965	0.22448142724052988
20.28566064316134	8.477962523890433	0.0
36.274885954300686	8.771007618604006	0.0
25.712426214130026	-5.3875539450118985	0.9975003534626222
35.108219534942656	8.76664354970762	0.0
3.14677627800931	-3.327145490782865	0.912840566991869
34.29775069553427	9.764341784153707	0.0
28.369510135723672	7.2752720937976285	0.0
11.905140349939346	-3.78733444039608	0.9813990052701007
27.662460920124442	-2.724431778597239	0.4038633212423656
38.372894779365446	5.673806037550367	3.761068935077008e-268
21.55269083326501	9.12884154801355	0.0
32.66230229774766	0.8105019096911086	6.659633914174634e-9
37.288233059337195	8.560916773355824	0.0
3.6983941198030688	3.7260148073364228	-1.2316151803636789e-108
28.929863462130335	-1.8695516428615981	0.08158729644566554
24.38464418874169	0.05425236360921559	0.002216562035058206
9.381697159465542	-2.5529572634621154	0.823560369383612
19.234505768314058	8.940976144503054	0.0
24.013370701609144	5.364166824944991	-2.918066971747889e-229
12.095009631793298	3.9374854035771634	3.3066979554851527e-124
19.901446275188242	-0.6747774347945068	0.06685811504716203
14.262141006933522	1.103623948275409	2.2671014480534227e-5
15.98170596316528	-2.069121251842514	0.49490307543659745
34.01586954425775	6.585093564395589	1.423981e-317
16.06515682459554	8.346725399625836	0.0
18.486858687017357	-5.058846563893987	0.997396596390162
36.56458171483328	6.5891941333721284	1.225e-321
34.17643006880806	1.7518025229305714	1.751470144157472e-39
36.5192500199889	-0.6030848466588594	0.000530176339187404
33.82703155430562	9.057402558407563	0.0
28.80518966922461	-1.6320749679769975	0.04901116155065225
14.349346161507205	-2.2627435224262697	0.6543570691585731
32.697626650077915	3.2162290060120995	5.240865379086868e-111
38.94305383436465	2.5577663182821446	-1.5743417287491002e-78
5.682209319041559	-3.762999186135154	0.9870848400411448
9.27458095334513	8.85345354371584	0.0
39.44111295635989	7.296353117536999	0.0
37.51351230215984	-5.191942366924529	0.9913475774191742
12.16756637042683	9.475529990658984	0.0
36.778682713054124	2.577480358010078	2.2556437767232196e-76
26.74117291908008	5.645946552316278	7.270526068162226e-251
33.18714917671479	-4.367665030421161	0.9542618847984274
27.17165178841617	-3.730264382955795	0.876483266123155
33.3820092329495	0.03613292945448876	3.6050710127822284e-5
15.709738343112678	-2.6244724902193113	0.6934593899840127
18.350050872157667	-0.419482244725792	0.06999890722534731
9.95671451917086	7.108337952921225	3.7410463e-316
9.454538404510414	1.6966280195009062	5.114780509795863e-10
28.85299606717905	-5.982636148380113	0.9990790727653371
32.14726905946709	8.739816358259151	0.0
32.60027627726607	-2.390437596883455	0.15695307896515479
