17.522675267423608	6.715622239657282	0.5977971945723307
18.155566321007903	2.2473857823295447	0.6049237817713117
27.02918104491102	3.642945760247457	0.26641264409599275
14.864026237356217	8.014940695159883	0.6555863819458662
32.339816873693856	-5.581985065517724	0.9974135883396827
37.926757224698065	2.136026829367278	0.08462340029568932
36.53088521735417	-3.3145021270994697	0.6105735045889797
13.656091993060016	-5.2183797144206885	0.9991679745064346
17.97532376297784	7.143741370240669	0.6032644741166727
8.189555182932772	-0.9887961174108355	0.8716121132857805
17.5893069796767	0.061858895591168306	0.5986052767344743
31.05189469399445	-1.6959872937215756	0.24378108953626432
30.709706538678727	2.0839353886165313	0.2089288798287933
38.33185019879575	-4.842988366474589	0.9802283672423179
10.734130447480036	-4.7983221639664855	0.9967629630928668
2.8386844631592565	2.1828387323586753	0.650305304319607
9.848326503357892	0.9241963837173159	0.762606765128056
36.602245837993785	7.256652698530825	0.10003584412304102
12.029505331836527	1.822251812784316	0.8070717215363469
6.292210234238623	3.8292497018883616	0.8570910032249774
18.881605717151967	-0.6154514143440863	0.6006387627646176
38.02003914524263	-3.1904519325097738	0.5228408048294245
38.99205134420211	1.6911371037795746	0.0643803022969462
8.903751327802519	5.8628313368050975	0.8026531631875591
13.865660446146364	3.1768281839517982	0.7540617368195935
33.30599387740136	-2.7957010704874357	0.40842962160683016
16.20232622014705	-3.750988210791885	0.9474101324519122
24.885586592531503	-4.091248095812254	0.9585476696115565
20.381560513516735	0.23611588745359668	0.4982046239745763
10.27060427355977	3.5227250892598505	0.7585998687487552
11.394377087459478	3.2751892405088725	0.7811394400805254
37.25027660600184	1.1734668398916526	0.09476277462356474
28.35774262470103	-2.3907703646878886	0.38721178988970467
31.98620389421454	3.4490077077253396	0.17786637869868066
6.441151185009378	8.678286937390524	0.8853377246633748
26.38356763153738	7.33852142976891	0.3054423271172279
24.653006075454915	-2.9312273123205337	0.7085668610053664
21.87657830232209	7.355856980119604	0.4040384839088854
18.787745065717438	9.762954347131938	0.6023957868664416
21.358107196430286	-5.877886076063962	0.9993218275747292
24.866369263115306	-5.944669141010067	0.9993722317668785
24.943416096146912	4.041430115138169	0.37822987670878316
3.0226564243988805	8.476754787731348	0.6510725327691842
24.21491346110923	9.974932709889952	0.3862262901706758
9.833373353232188	6.55342513766432	0.7628889055809296
25.19702035474769	-4.83091002957692	0.9918373370220275
10.399938147015	5.376142766732482	0.7588354341979698
28.7485827917454	5.739611161874226	0.2170570556333691
4.089008388983641	0.7269376376358707	0.6630744680015207
38.819908525416245	4.552246935408171	0.06749877130578774
35.97291498419374	-4.648806000829229	0.9711544948511458
16.995705733986323	0.826050290237454	0.5931555412407249
20.378285774722233	-5.883477223283915	0.999481058655029
26.423542929763116	-1.284893071970835	0.316499834199526
12.512818163113392	7.635242491663465	0.8202742567852037
30.439392230441914	0.4470961299750158	0.21111704845732943
33.62986987564575	-3.0229290361463903	0.4981176176613476
2.8899861727113447	-1.2157563806807659	0.657580823755252
18.529752430529307	-1.6165424177418437	0.6395288737165825
35.24367721561563	3.6245172893502016	0.10352404164452722
34.511509078269256	9.94121739168525	0.10778173962860604
19.142232405135786	8.475737099995698	0.5916475661281894
22.348910403158214	-4.516070330636229	0.982738084542313
23.130628767598314	-4.739576199985141	0.9894442697972672
20.41725739667976	2.964107905353	0.4949772241652021
8.067398820412105	5.883362177247857	0.8849928681014833
6.1767959312578835	-3.87366441102472	0.9901010359364518
7.742623277238142	9.149740999323612	0.9254081273718037
37.04874469034352	6.255131328936919	0.09686618102873024
33.43855328207996	-0.43878265296990193	0.12640132604116802
6.519032177379542	-5.152838473163044	0.9997076988316195
12.868771512184209	6.491593379391169	0.8186965479331402
37.370793536010396	7.651603073879027	0.09329440964709995
32.99524815758466	3.1471432140118836	0.1399455501609715
18.054181179220002	0.9527638554901507	0.6040639971794213
32.96003632703008	2.2025816148119226	0.14115933945525538
13.7011460121397	2.4699002721733336	0.7693671011938717
5.262326885388672	6.654065824484071	0.7144822268565473
24.198220480268002	0.1573802995039948	0.3862473771338843
28.29229951470415	8.035306755764527	0.22308076538523844
29.273400593084798	3.9200082952002937	0.2139284482458229
10.085431838650996	-4.002588975705429	0.9804937125755132
3.2454258868645938	-1.3971645195872817	0.6655820599273838
7.398516848621048	2.5286058371131688	0.9595086311622201
4.505875516323231	3.771924968082164	0.6740038094801574
33.4359715704873	-1.164405868290448	0.13171799514435903
26.20313528884358	7.2022223450448735	0.31722927746259544
15.768735424717052	2.599498572455431	0.6069292319695877
27.46626394685462	1.1905247224098758	0.24612430943614405
35.14593872442501	6.356575173776399	0.10385533131717946
24.4438629327309	8.694283454541878	0.38538759709054915
19.16399981791331	-4.823045282828357	0.9956146021217608
14.545793804169836	9.547823556097566	0.6843807651484225
6.420308460784223	3.3067496843068724	0.8814266199308879
27.525415020384923	1.2269781215652102	0.2438347507186726
36.59535214334381	-2.752175064083481	0.3337112332457017
8.776391081691775	1.2560520117180225	0.8120910460015347
30.340580562638667	7.033211885765791	0.21163849316974792
16.856434142698884	0.2706077733534755	0.5927204218459134
18.325132945157886	3.9980902686869477	0.6057899293653192
16.52340247690985	7.709194028124347	0.5934706026511868
18.08828442341486	9.110376996762692	0.6043768822558533
15.452732574325347	-2.351811727154857	0.7344174949269333
3.3220884251535394	2.712910286229139	0.6529313499930123
17.447692780370517	-3.6343863497356352	0.9388492811603303
31.94457868024555	2.1690285449156192	0.17937931596198414
39.532766487025455	9.345826274717659	0.05602489232195275
5.501681545053813	-1.8879565328597678	0.7801699075108601
18.640842230265065	0.12237884444859048	0.6046044282402919
35.910596060741	0.6407314207405008	0.10212872040613827
3.536411365670063	7.52784071167471	0.6548559574958105
26.76616893969542	3.9984415360440657	0.2813022125917322
21.637963243914665	-5.474186624934003	0.998193960371525
20.768529061362784	-2.0176960924328675	0.5540793844655275
24.14014193971885	-0.9836437476765987	0.3902606703187147
35.122069369286166	-0.25844542725652175	0.10394693452286805
28.37391793223236	-3.8096174880487546	0.8831442524342704
13.852272305443329	4.742145829357664	0.7553523661247579
25.902310054438388	0.38388959804152023	0.33629841407195493
20.353912990666302	-4.243124208988576	0.9786099029162617
10.705789078425832	0.39179564551398016	0.7619830688617157
37.31800851193627	8.798851324749048	0.0939572441901992
26.116714201977974	-3.6530704396079123	0.8859574434474949
9.958049665281324	4.572491285279995	0.7608381460247879
32.046950655884345	9.013552602145882	0.1756246874009041
2.4800412900643716	7.718591215868791	0.6495227709927894
7.391210137101704	2.7997883725570105	0.9599879255349488
18.072502422684618	-0.607518209861432	0.6045201149543662
20.309404798086142	2.4834558139111067	0.5047715759130441
27.695976729313358	-3.0812767377095973	0.649184555498816
5.723271225813618	3.199949475193204	0.7629831264618777
21.21845283404641	2.0056304259318374	0.4335995260270201
35.587046727989744	9.926372113057003	0.10269543946253103
2.512351162064225	-5.807574998572875	0.9993810384228515
22.56034464788207	7.930188658468918	0.38921480446338347
1.4680690833109669	-5.599350844918998	0.9995359370533111
6.215678471246648	3.0031930024695868	0.8426626872733777
37.152504691173945	4.633637815219121	0.09583839780054887
11.556298006509586	6.719001765411381	0.7875400438351066
5.815172707031293	1.8225655855923861	0.7756955846271212
28.064038170715	2.0323618481386276	0.22767142206373167
5.8909633271060615	9.957298480092867	0.787008036221702
6.827260649755458	1.9836532032100855	0.9469344749647531
13.409663360777012	-3.4312245786049864	0.9650375079684579
33.18709957562872	-2.539996565572526	0.3198552934550688
9.640346803569095	2.511091747584576	0.7674423976452824
7.829580326982939	9.700015880406038	0.914727534967879
7.879951630082455	-0.961903104004179	0.9093839661872216
16.632163634844446	1.315375690149967	0.5929265164724119
9.147483333113405	-1.1321909545595723	0.7915772682245759
23.51915886296771	-3.1661077480260325	0.7743486720092002
8.724978917906652	7.716024932986269	0.8162166307347377
4.062575948163576	-4.849650192017954	0.9937681516456247
2.4713364235357385	-0.5066388959905552	0.6495490933626223
21.122431310271224	6.737687506989026	0.43950055796930015
37.597837169677966	-2.617837191549544	0.26896083183822306
0.8137447282808246	-3.268835644030055	0.9688550521430993
37.24024409954816	-4.128691207490363	0.9098025756649978
37.943346079094745	2.483506760140994	0.0843245251056029
7.905595814850012	0.4710307613006641	0.9052264587607505
16.11981503837083	-1.4325787861181816	0.6180485063564652
6.6998446670051	7.684886810379119	0.9297748407332752
25.991485012516456	2.2625614137576058	0.33079250276401106
37.20648638022625	9.328505657723706	0.09525758150409257
20.270768368487555	2.9719061510438713	0.5083040731455745
21.576782056884824	1.6335239306260156	0.415280047123922
34.76420756612412	1.5181052868879625	0.10577830104777566
38.56798725364522	-1.8801832575586097	0.1048149842016933
10.217564696861812	2.1522674471434655	0.7586967762188201
4.944467211445796	5.104799739353474	0.6930418035127943
28.7265255435855	6.239678510154999	0.2172660658870143
33.01739346990469	8.66038703437179	0.13919193284805
1.16722836450421	-2.3699581554706306	0.7809875642878625
24.165423628661777	-0.07948709157671274	0.3862756743388656
0.4005195337320105	-4.3633250492162645	0.9993187273227921
13.47419002405417	-0.25366996229270455	0.7881161807511762
34.1411264253966	6.717136784332688	0.11212434594616509
20.100627662785826	3.8058370589742623	0.5238380483735259
6.388082021860856	0.31750205393639064	0.8753366789424313
18.83740942602911	6.111360505038945	0.6013715800272181
25.187029192442125	8.252559376401344	0.37118196348504734
22.5165755002382	3.6118836370634995	0.3897939528123902
2.457817744174215	-5.64710914809174	0.9991258539733213
36.50342460407144	7.641293654800133	0.10049815331976156
12.28527818613982	5.285085636024604	0.815676614629171
13.73029426249348	3.5845305261061142	0.766748627580037
37.266754993186105	9.309061755979066	0.09457169447803247
10.90644660208041	6.15173807440323	0.765945073175464
12.440851480982591	0.17437100981425857	0.8192176840008213
14.361300576520323	-5.97194719029504	0.9997806162618356
11.085947198739646	0.018814578991733555	0.7706886265704666
19.22031187298872	5.865889506976142	0.5881578014940525
4.790076662974769	8.470929697544914	0.6851877724859594
28.295270822096512	-2.4917175748199405	0.41674630651087996
11.76974690805981	-5.381138620493328	0.9994136532533212
30.438365579517946	4.338382682687364	0.21112211857927074
10.492655354148368	-1.2783705105811443	0.7675265605550382
38.59247483811211	8.671658017914108	0.07183731523056172
9.663888327519583	6.384468172880634	0.7667943145659597
16.584017856242237	0.2430761397682275	0.5931304640416052
15.967055774207823	-5.10753690192761	0.9973084212105761
6.8026206009205685	8.882764102204646	0.9439445272956644
13.962657605377792	-2.146129045822228	0.8086207683744296
1.3401220721995424	9.737194287219054	0.6445504013808572
36.73733580911946	9.283815345002125	0.09927473277389298
9.143880633387559	1.0465720673916472	0.7877389779507549
9.690470689987718	6.2522219639835335	0.7660938767748582
37.00015518737982	-1.019364120674279	0.09952160667977596
20.473953973089113	2.027097529002514	0.48989749746798084
13.58111646775643	-1.9586774173622707	0.8223524289378923
15.140283803176565	-0.41179036280071557	0.6357193506277647
25.28247965151189	1.0345338579120238	0.36771389818080763
27.443073427044304	-1.3744071662414612	0.26422902594207465
37.743247833966386	0.351036554379192	0.08779437417868557
37.82483563368719	4.625572938640087	0.08641707871929527
2.8648316787878247	-2.5315126275439717	0.7640001879692898
27.789436074387446	-2.207024188695037	0.3585900347989599
17.827881926529017	-5.7915826921784195	0.9994994371720158
14.516936025677344	-5.344629183579208	0.9989955486158678
23.324998390758488	5.5792775489629705	0.3849582166318544
21.509383081443087	5.59652230668279	0.41829524970824333
8.978126999030573	8.146790574763266	0.7976414469830513
29.820556429072422	3.654664175875361	0.21293049014269888
23.748902036203024	2.3348916526846963	0.3856679670860512
38.44132634745337	3.857317656594361	0.07479590657274869
6.462477524510375	-4.160303387548524	0.9968794958772796
15.614666081883042	6.7804692481573205	0.6122002414951451
24.13312225917562	7.378009132319331	0.3862864439610674
7.820544020772101	7.3309637468737066	0.9158496024896329
13.026656100503322	-0.049595044151409695	0.8140242954334704
36.313240475254716	4.508217767612024	0.10119861261188048
13.249609259237973	2.1805444030238554	0.8032306718545194
17.786675201314768	-4.946147801944246	0.99650639910449
32.23053989060932	-2.2828253552143636	0.2978533612545643
20.54678013507621	3.6519856538279143	0.48347456351236406
26.732369111277773	4.016338521589105	0.28333663217900634
8.635996368530266	2.0944928422051454	0.8237982246912982
30.39515458449777	1.9531665694799791	0.21136595900623456
21.36554007364378	-4.053273410875157	0.9583707991039743
37.792558559085414	-3.762738690943671	0.8078977431022348
20.258953548461168	1.1491718057665317	0.5093855667254588
6.809551617826346	6.949511749337304	0.9448027314238623
22.436222875282255	3.18577803928531	0.39097486458513037
11.027792644092889	7.466727144551577	0.7690323679143763
33.743601157732996	8.638274219138385	0.11910838987137207
37.12612566895646	3.674201236975616	0.09611030983848591
21.48337807960634	9.280532792694132	0.4195098901304401
17.266616980566702	-4.455162974679602	0.9886238067383538
6.038598088747254	-3.7555219414135195	0.9843614930331899
30.367815984731823	7.46100517706391	0.21150719926060596
10.287435661846702	7.360721311982786	0.7585931692529123
9.358814514013332	-0.2950141546951812	0.7773362057688
20.304600367289332	-2.280507440106607	0.6363189245341823
36.708887487761906	-3.286143107713645	0.5950601142425874
24.161251015010507	3.825259359171138	0.38627645039424063
34.48156987663664	7.999518346293964	0.108066176242547
13.281067088147116	8.855886147914216	0.8013499526535882
24.21775658511941	8.665518007952038	0.38622229330083224
27.830617558234565	-5.612534102676232	0.9979502404572145
13.416327871419622	8.018867436110732	0.7923675756985464
18.118350345990518	-4.468182726977506	0.9901783550626658
3.7617278941726457	-2.4560534869665176	0.7615239837857184
22.825359584243746	-3.458478270362132	0.8514234720343912
5.059784453674136	5.428941767375743	0.6999156383604588
25.813385882296313	4.661542633599947	0.34160349439673804
22.691904661393675	9.570391442620302	0.38772588570082617
1.750625648383338	6.621246773111121	0.6487584278450386
3.1251666352669507	2.3426654239446663	0.6516148887091522
12.655033525310298	-3.1639546261102964	0.9540575313317176
38.082752999528644	-1.7309026568508479	0.1060176347279403
17.298146553250277	3.3623916751198593	0.595348890018536
21.59837337301178	-0.7045672162093943	0.41503789976576905
33.40763951276096	7.6928726014212785	0.12720438006657311
23.31751549151655	9.509574064934643	0.3849576078831025
1.3693981917986018	3.6721376295604955	0.6454286908247535
36.464396998491544	-4.112557565764593	0.9072524352515534
5.21373877327862	5.292021967092442	0.7106675113866524
16.59252118011659	5.535279009327894	0.5930899829469267
21.03932678112186	-1.5254958430139176	0.4752093534435127
24.735889596779803	2.452365642480906	0.38227373594688074
38.16711894239274	5.974054063703633	0.08014502855280718
39.73822560933649	7.884200394262123	0.0535325800294782
9.449746170689119	3.3708805041098664	0.7736941780686974
33.19045081189283	8.846061052282586	0.13355792057287286
18.85333988823089	4.151834606492358	0.6010111534800917
23.358432060953724	-4.09253705272738	0.9564818928155986
33.198766081537535	4.486530188914241	0.13329936603156847
9.729449066816832	4.003916588177674	0.7651264394680384
37.520103423368134	9.546479850086051	0.09125592189846851
15.358554223194913	3.5840899661493033	0.6233867485004206
27.032692341133647	8.440531518159819	0.26622729870725037
5.973504988969798	-4.297166871627095	0.9945755252296877
14.292472954214206	7.666085620692293	0.710409954544522
27.55984982362753	6.631274515606464	0.24255197545073898
32.55779184431919	0.2886076219202529	0.15599182696814792
38.69418036745262	0.7434908639839648	0.06987353667859439
28.086064532816284	-3.9706617822088646	0.9172937127279012
14.91841772252488	2.316225926544405	0.651265319688054
34.335459838424306	7.954860717292792	0.10961455772594933
13.559453758062148	6.212931988249796	0.7814359626024948
27.145632780187267	-0.5073216818308204	0.2605399236399588
7.167934990558098	0.5279834594573138	0.9674715335526722
2.486631159345576	0.1595425512702704	0.6495301123478971
13.884743045981343	7.347125061981782	0.7522109695061349
4.383988111525012	-1.916763014349197	0.7174815651167857
33.148829666437024	5.724060796266507	0.13486934838605208
33.71222590800479	7.495198961201712	0.1197762193532305
36.324774597347044	9.432128723949965	0.10116230291204428
1.974064310951823	2.461759762411308	0.6487718446301001
7.660712025110195	6.525331058263525	0.935040507213603
24.385794989699072	6.115529560745614	0.38571058253858265
19.922924080461442	-2.6422315318607197	0.7379405904797526
20.09757475265165	-0.5824510203164373	0.5243516643815821
26.845897101484343	7.249543275726097	0.27660436630767743
9.257995185187559	2.732959519078314	0.7818860643683546
19.745904287942913	1.3069809369669798	0.5543567111602146
15.883855200003518	2.0138704807122174	0.6036230465926145
36.79963496221944	3.6468940176488083	0.09886881131032328
21.202440694439925	0.6020233861638822	0.43455359050135833
31.06448047334711	7.860584224929351	0.20390923216575355
13.742965217787392	3.112305263034216	0.7655970986481981
29.162861844094497	1.1357853066939683	0.21433801180081355
5.034594032951651	7.9371368353796115	0.6983339388919176
20.41443436913954	-4.877781674164169	0.9947448526826516
7.407196374180146	-3.479174666506715	0.9954545589889288
12.647638614684666	8.715912797236516	0.8210765636275774
3.9271160403641594	4.274650479280233	0.6600765754906374
3.384876768923728	3.325477292523125	0.6534374205641321
33.94227142773677	-4.9950839949299635	0.9878938652967207
0.7423227306058429	1.9330809935267865	0.6213403212270272
12.386210646295732	-2.4722548105129967	0.8957316736866935
39.53372629205804	9.98066262283476	0.056012298995189225
21.812567789409954	7.125104266063708	0.40615804837216735
7.185083628505231	0.9490576892945981	0.9674296093371695
11.40632984465715	6.985257976071541	0.7815946229755854
25.7291215297486	-2.9523630968363967	0.6915425911545572
7.6800249191528165	2.5239439823004055	0.932823279062955
10.113978407612269	7.856391939743254	0.7592151938127618
6.724959350163786	7.090952612621837	0.9334719949683785
27.489044414363967	4.319967742414022	0.24522967178844726
20.81997703902963	9.39639605542552	0.4609005377198699
33.041022116841305	8.889373359582883	0.13839528582490934
17.462912920754118	9.213100930352624	0.5970968794563118
25.541072501231273	5.226810379690928	0.35634094676973666
19.60576490133319	4.178659915528797	0.5649849937269844
32.60051139238267	-1.094802299318701	0.15882071264991787
29.24874271918905	4.190803259975372	0.21401058770741932
36.35654649820783	3.755909566547956	0.10105805850082095
1.476481691366377	9.532940840509038	0.6477070664875199
37.38797322712308	3.0534581886230185	0.09307170323718487
26.61838021093736	4.164445934257007	0.2903639146315798
15.308228947603642	9.775850800342361	0.62598004538412
5.155225387278865	-5.75652958001994	0.9995317066804454
36.228308800219914	-4.186323259464839	0.9205634300914439
36.540875117791515	-1.5004474000458323	0.1149399678743183
33.15363028334574	5.064747306735445	0.1347166331324578
23.22006107603367	1.2352278167732749	0.3850063489205504
21.497421514614974	6.746067194184789	0.4188503497373373
31.729295603407436	1.5998589890116541	0.18680999765352915
21.728820150424845	5.888255916103478	0.40915450413139465
21.697031200355326	5.659630228778074	0.4103605570696814
11.220761360952256	-2.420381896021201	0.8574666389088547
38.99976296500844	-1.9524011526373677	0.09987973947379665
7.719737873534922	-4.47047808681177	0.9989353340719552
33.180735266507156	8.75026418199143	0.13386147835441936
11.921869813022164	5.677515074796641	0.8027911006635131
3.3609562036082528	4.493721863160804	0.6532397439557804
34.74083450086517	8.873080172856351	0.10593603794314738
1.2744765726249618	0.7420301935077056	0.6423423186067361
6.5178491373733705	-0.4186396995461159	0.8994555463743567
38.45722697439168	8.28732024050618	0.07448386764177778
14.98221857846166	4.862703641203844	0.6464452637520629
35.42046483919678	-2.5169601477389136	0.2585024167107833
6.7667537744233055	-0.9826866391761904	0.9401181513473393
29.482357279494973	-1.8496496900802057	0.27134271166274426
30.823086488137005	-1.9957922218031925	0.2869976888255448
27.8405443398461	6.7925334466289975	0.2333988902872093
0.6568832198971188	-0.25618052180324824	0.596292974342786
17.47759153215403	3.721544031048154	0.5972656987037084
9.553154887067858	-5.685392286099269	0.9995845714906978
37.82612584341063	-1.7468557941355982	0.11271339547506667
13.162338445636577	-2.435845001320761	0.8857592539646506
11.713599423904197	5.3174789574082055	0.7940837198148983
20.02981041261955	4.9333509172332874	0.5302154572610566
39.32447207440794	-5.9037531872277285	0.9980790010827391
25.338221102629845	4.498454935445398	0.3655051367497137
25.830241017659556	5.514920733695654	0.34061388665965986
8.155408621886396	3.856474647487687	0.8742529256003057
9.681052131318946	8.81481127632615	0.7663382318847766
11.852131254304732	8.48484049555779	0.7999072831516872
31.073046747614026	2.189853992682643	0.20375291967129186
33.38741529616782	-4.722734572520341	0.9789526466977204
18.580602666739505	-5.726966359599917	0.9994619140989532
32.22328741428139	-2.923397589012165	0.5187022034084388
12.899895571245324	-4.2846771056504025	0.9948093046875893
27.9746106164197	3.6831983916036	0.22980724706392514
12.955759691078654	0.9227952451217654	0.8164377779146046
8.436686998055556	-0.25142258955107266	0.8428492878819778
28.343059662675554	2.6089831912440573	0.22221559978337593
35.78794008926706	6.6015546591037015	0.10234076423785887
7.939284494786792	-1.5771938134376455	0.910339549064054
32.61358515141546	8.02702923700275	0.15385486784743438
30.477707636944093	9.376111940251214	0.2108785201714131
33.169149279977596	6.164661967134563	0.13422553000974413
23.588939460357263	-5.1833990848558855	0.9962299173267765
31.07925392523872	-5.016135684699833	0.991419408038438
28.217774301995718	0.5897787438789521	0.22444964280474192
37.29855231776297	4.208033457375574	0.09419345357464402
5.828458484595636	7.297539161959115	0.7776256146441438
3.4187188201638894	3.7462314313911413	0.6537292120450617
23.09637691310222	0.43933422779293707	0.3852419449255684
2.2950344762565074	-3.425019138688736	0.9085276901481371
31.27632685443371	-2.7447763673175913	0.4792395739467157
37.6944807526745	7.163786920953868	0.08859007063560069
16.10225079638148	6.533030736706479	0.5986914897307649
7.844790952260237	7.251595316489368	0.912834389953649
14.718051857928442	5.590737979893742	0.6680870262157744
31.22899705478204	3.5122922786248303	0.2006144250917682
5.990878453022221	-3.2530068580347447	0.9579857178393434
11.087855110220858	2.662824874924201	0.7707442375455715
13.8422649585338	-5.472493921250322	0.9994839280342558
17.137853210531862	-3.516477858077554	0.921828616022199
23.026858471617803	7.755844543846745	0.3854691745174715
16.321127714937166	3.9952686432161073	0.5953277313523639
9.814600694540976	-0.17516829700013403	0.7632580812610208
26.46531574686187	5.722483730043194	0.30012925509482696
23.457475536667424	8.37097458082955	0.3850596460375879
34.44001573467495	6.273564033697561	0.10847898615601137
20.5521004715179	-3.500254266349046	0.8986422750801379
0.3069232007669581	7.031617865464927	0.28511827554964164
21.32880478195789	-5.403620856227576	0.9979964440927238
27.319190234073723	8.548669688213579	0.2522928981891278
6.5893351358021	-2.5578573008248853	0.9595062849547699
10.754813508386297	2.3644772776499714	0.7628157980169737
9.08508323186864	-5.230331275209217	0.9990304382635594
39.63713637570915	4.853087924945019	0.054706962754457265
3.6733754341912452	-2.153547031387273	0.7253209684962515
9.41501947518569	2.508575355887757	0.7750318864840986
19.218940583134774	-1.4582059813263868	0.6106426702677976
7.2459842798853655	-1.9288437533760323	0.9743633799026625
12.262176997378083	1.13475301172004	0.8150236542017981
3.3715373829746476	1.1036801850966036	0.6533264717894554
17.022229520224837	3.443246198062088	0.5932831691889211
8.996733864215885	-0.19093816439145783	0.7964448086240858
29.589251918633213	-2.5848856866704253	0.4340994412349262
11.066803603778084	7.845232795016166	0.7701311034650525
18.181686934819194	1.6173271159430413	0.605108541922176
8.350765098286788	7.656584544002655	0.8519066045851813
2.6454900218148887	4.95782133233131	0.6497725807731689
12.337404330191253	6.737218402307796	0.8170366862775112
9.27735945902926	4.407420240827204	0.7809673378011277
3.175244421961505	-1.7244032160533926	0.6828164683080369
1.1404490355759191	2.3662097468849908	0.6378179465912908
18.005822315438852	3.7464077512036837	0.6035846768440625
33.23335693373933	2.3929911756713764	0.13223599848156672
10.870722015476662	-1.59490792465121	0.7856792791887429
27.425588701339784	-4.648445647334537	0.9825467251721863
12.895656530315355	8.820613368722874	0.8180801739763516
1.694283360668563	9.609953673086714	0.6488276376465072
4.659983625202598	0.21091589074368855	0.6796041714621969
20.92444497308824	7.400410774598964	0.45303674377751174
12.43210785072757	-3.9788383404730787	0.9895526872647332
10.718092449090344	9.928264448437599	0.7621836079189926
29.234790111443825	-3.0162615827984176	0.5955921846115423
38.50065877664895	5.572799483700955	0.07363135219500208
35.134267556940316	9.248303405870566	0.1038985271261846
7.1192332715274524	4.764676303459517	0.9670593847177852
17.561011791187795	-2.5738205360059574	0.763337957283976
2.2084909667913943	1.9592195210917858	0.6492127961267796
16.318693678560937	4.589662861058169	0.5953577434817362
15.08872269121608	7.782973023835051	0.6390146736000629
20.82351378433003	3.6987806865381394	0.46062604460998585
33.29530040750694	-0.7431447206475639	0.13091197493040266
17.697224625787157	7.174502327526291	0.5999457006934473
39.23675829527871	-4.4262351026531945	0.945307882215867
9.301457595330714	0.4785467257144589	0.779854048878456
3.6875845302310712	9.555532844303652	0.6565838112633223
30.239254174898655	9.912705523335116	0.21205234693189054
27.23580972057147	0.4959978020068867	0.2560910564768555
7.243050254359686	8.981456557602552	0.9665965091789142
22.597835190221712	3.2286828852251226	0.38875169200829
30.550089666583524	9.067521439503764	0.21036811565746033
26.58743580719751	3.60645878297435	0.2923115970737177
14.12005577317901	-0.7960787892456551	0.7293292722514987
13.603834983103646	4.042459020148453	0.7777794601805115
1.7818998067922187	7.967985311220463	0.6487146726534193
11.839169167134855	8.270775544504524	0.7993654574240435
36.58540028758192	-5.0614774945958345	0.9886888279019032
32.92221152213456	7.837877849274275	0.14248214830404718
5.349658103253714	-3.3083030676115897	0.9287624555228177
31.33286042803773	8.985492986293622	0.1982101864966467
29.48727514376937	9.009041838839657	0.21339697668313012
5.663540354034867	-0.21744342374864445	0.7553077558065852
36.016262001727206	-2.0339840362759283	0.1602566379581545
30.06545670006655	6.4905995836138715	0.2125389739795396
14.591728353361614	-3.770536784154949	0.9660031890409406
19.96236738027614	8.047182710240808	0.5361909419394502
2.6480463513509256	5.216486015124708	0.6497778404098112
37.07792979084626	-0.132130552003062	0.09658936521952322
9.683647188402729	1.877328079757099	0.7662704404434166
31.719072340413103	7.666403775471895	0.18714399981786553
39.25633196147826	-4.766999206260145	0.974369016471743
38.350806983464736	7.54658246044405	0.07657419697080775
3.663756987231885	7.02913442524417	0.656288847490657
10.822230705184424	0.2759889534474489	0.7641056555763063
1.8178028786269382	0.7559388950580441	0.6486799229837558
21.230610587446776	-4.850343077423265	0.993058854984876
13.101352584216876	-5.585516869555818	0.9997192502454799
11.207608969048259	6.916451147609326	0.774494639940367
6.510850877208211	-5.346205670977149	0.9998089825913126
13.969372096767932	4.8816488487954715	0.7438454721732903
11.725129957348194	-3.889317682795408	0.9834985742962071
38.27926173716646	2.724037844553301	0.0779736602620014
25.245480430561216	0.9595288105410376	0.369105315582369
3.4716822034068016	5.860944040296523	0.6542144243749463
11.186393207231223	-1.9586516566024166	0.8168568848517912
7.128348652830935	2.818618034069221	0.9671973256049229
32.43412133945705	5.537467089430535	0.16077221098988717
28.45782628987448	2.169655258945472	0.2204530187830618
38.56740252505762	7.164911865626152	0.07232567351286875
17.246421513216713	3.741732015918892	0.5948702681746225
38.862833863990964	2.7941888029506856	0.06670467867198064
14.259209677952716	9.466250013460154	0.7139034485927399
36.11929854401381	6.411143620067552	0.1017145996661137
15.164441125337678	-0.9184222150430905	0.6364850278777897
1.733754955017099	8.81085180186506	0.6487826847695445
25.58020307304132	7.83443568751477	0.35438192181589395
13.887804190728978	-4.8787789802636965	0.9979377516404044
11.277276437019268	4.01903257287816	0.7768666616701287
34.981522391569705	4.682534631193786	0.10454632116879804
18.906885438017373	2.1763629004258647	0.5996874334012182
28.500426317951046	-5.93257466238726	0.9989551896521234
22.5434415407815	-3.389496574265003	0.8347291125990789
21.69351092227826	8.498922062664512	0.4104964919900681
13.500064906234913	1.8376384065811209	0.7861370746978601
20.24921821294805	8.051104779566597	0.5102772665992332
4.467601723786911	4.4440384260804215	0.6727623772429975
3.919822939154022	5.289728783465435	0.6599551756102033
7.3378661800758795	-2.069550567497867	0.9738432576365809
8.10320217356709	9.352274635605664	0.8805872260228034
32.095059168391785	1.2707641016816886	0.17382294300965184
29.18486792249768	8.842755186091434	0.2142480441190438
11.058791507039858	2.62670237985224	0.7699010770133815
19.160254366725077	8.169222807948334	0.5908785513922995
3.4544677085870723	-3.071163529672109	0.8417417009615988
19.148727873167545	-4.091296601385434	0.9777211110224927
32.988099083551035	-0.09169902145424658	0.14019158071060767
8.68893631018146	1.054339612226343	0.819219453267911
7.492860045041989	-3.968864774155225	0.9980274139887753
0.7635277534277563	6.543259062768563	0.624886053716089
4.255820088528391	7.686539386131098	0.6668214858388095
13.755945933669135	9.308622364200819	0.7644096048873472
15.745209028573703	6.0275244953094	0.6076697748582001
33.64282297746802	4.703583234122128	0.12131720791881881
38.538540785370564	5.803855833829569	0.07288941532786063
9.953281292643013	3.6917989856160673	0.7609037297244008
1.2215799795332185	0.996121730694572	0.6404760077969818
25.135579719736633	-3.776243694349649	0.9199770189389271
26.366936856662612	7.207495121300994	0.306527768613098
20.895083325471514	8.817113691450853	0.45519919177665646
29.696722759648985	4.108252039889081	0.21308320611865295
18.289844046790737	9.064842738698097	0.6056800304883888
30.23591151324938	-0.38145053555610176	0.21208511661993815
6.452333207596349	5.327836681182163	0.8874244860620705
8.069900490654508	-2.67462280783462	0.9456470180006334
32.300997816738914	0.09035672683193496	0.16593858165518033
30.436847905052737	1.2767128014281504	0.21113115862762455
23.957136243512352	-0.548535703113469	0.3863067882792411
9.635798407607467	4.704078626772951	0.7675710065613315
17.047871868881906	1.466936596332154	0.5934203177732741
38.092425279907474	-3.5589680564851207	0.7183388511175316
6.387990227012572	9.777657917350236	0.8753191115609897
18.603687009240854	9.261394741845685	0.6049795325656554
8.531654981423218	9.319609363096124	0.8334183973818555
29.69152071112819	-3.239134611633066	0.6894768779957313
13.81328430263331	-4.282360059808557	0.9924373504807193
9.804508988007516	1.607145828714426	0.7634614578475344
31.580867120585474	2.093725545544693	0.19146335227627612
7.1466371706400516	9.406334488176984	0.9673891328966443
37.10787762878959	1.6085172230922673	0.09629457076353128
9.064000511690466	-1.1057309021810937	0.7958396651290081
8.341701873205315	4.443556261222376	0.8528902872198755
1.0375499988413581	-2.9420721579790374	0.9134795632194227
18.677252524651497	-0.4585995935069711	0.6042291571671725
37.53866896703621	1.110254367465508	0.09098605591790539
31.534551331390507	6.595224936203248	0.1928263424359419
25.901873368233126	4.18869941987403	0.3363237726955512
37.705078504353004	7.540389280612487	0.08841889589113261
34.77786093004346	3.1873997558591185	0.10568837658704007
11.768092022748874	9.772253765560844	0.7963785441918856
3.9571889221374486	6.64506490373487	0.6605909473779825
1.334077886497286	1.5426216610200285	0.6443586367598061
30.747016585916956	-2.8680337455506546	0.5355420863459527
25.67699705594505	-0.6027481942093615	0.3495852217752441
33.25264223091468	1.4417880496672986	0.13165225780586934
25.57219695718658	-4.634543539466385	0.986827945824326
23.45913137331843	-4.971883070093195	0.9938491129399054
36.38188608994244	-4.991360477835556	0.9867213559699354
14.759309992479752	3.0021673725169506	0.664424800250924
35.50122379402128	-0.7204226381876246	0.10323535290077074
29.810957862890618	-1.7264265079384735	0.2562523402036477
35.026745740693734	-0.29018165069894053	0.10434141720032018
23.60596813403691	9.38619992560163	0.38532989696043857
15.275109034085574	-0.19787450678273544	0.6277649739022835
14.865920552306068	8.023000792942696	0.6554327162216758
12.820211026784106	-5.338788942706341	0.9995270407267808
4.734870771955079	8.448180049427076	0.6827122915550048
4.031872838755037	-4.019468633389035	0.9628276920917771
1.4871977106318133	2.3200112822863908	0.6478543367954601
29.146276584044404	5.030607778817757	0.21440908934936423
6.318645173506199	-4.33647337261521	0.9971822644578575
12.237484970384758	9.137770011950877	0.8142939974430919
21.495820674556438	1.4765303950883357	0.41892487270941997
35.544262010159464	4.915933054297582	0.1027783882180247
10.491337770158118	2.131355094292015	0.7593987201879843
21.415130020328686	-2.2991350841975766	0.5670130912033919
11.969159690394369	-0.9391445234607971	0.8064543388682889
13.912036468183794	2.2396717151890897	0.7495395503555794
5.864089195536139	4.132153041759917	0.7829135564343278
23.553660874209005	9.332524754109393	0.3852208610729792
17.967147377211997	9.548593726766715	0.6031762468966434
5.248617762722736	3.376366649611384	0.7133836229327669
32.606283044102824	5.796948813345232	0.15413351831727257
36.9376933054048	-5.338495251058006	0.9939879477386308
37.569493538985554	-1.1132563532313569	0.09380029340593812
9.694251419081407	5.0444106515425275	0.765996964466781
31.646101101812775	7.932401414185197	0.18947061921749805
16.84659161651343	2.7238370657935214	0.5927043393243905
35.1572889661568	5.114239773832001	0.1038141121951369
1.657656651911628	0.8992513297894611	0.6488364107363039
24.81341984512647	-5.191604081653274	0.9964668525792659
33.88497578917239	7.339961347405705	0.11631814951554642
12.273051727065377	7.619508096340663	0.8153347367870794
5.892681844649594	-2.338176363201068	0.8655170031593579
23.64991497856759	-5.792352045321117	0.9990705949060542
5.796134486592843	2.9383318654102446	0.7729702733886726
21.922732588210586	8.075699989683368	0.40259856844206887
23.575768056788107	-5.874354458679342	0.9992270773290263
8.937604572674935	-3.7079738473012327	0.9751369101901047
8.298537894273435	3.7586473408339245	0.8576487759816813
11.352353076674271	4.412143891538424	0.7795670434022087
21.782306531441932	8.57073879851183	0.40721103191500324
21.205861894172518	8.321302395389353	0.4343489657550372
8.021134425296768	7.470841371952073	0.890740782827895
0.9094966928847894	1.0712497106202754	0.6348964710542695
8.972804549204014	9.006998667061666	0.7979881301696451
4.584736829397911	-3.8894012860777174	0.9595904261834735
27.554718225849324	-0.2233194191125243	0.24274350693091887
13.293785522394186	1.8331326054106754	0.8005662681265034
37.77285530027388	7.435505591800101	0.08730087752629828
12.608834875135775	4.396327600007172	0.8210135509438047
38.18913362044837	-1.5599128729182432	0.09451171427136436
39.652512758715254	-5.576500076930039	0.9957891903966976
2.223170422673316	6.142822379789802	0.6492358718335242
24.877220771311254	-3.187773712973577	0.7850494517106827
31.163275757583182	-4.808578260776962	0.9862180981942752
35.441570242043724	1.4892133259750509	0.1029962788331145
35.03746621932147	2.600462580053147	0.10429004982810845
27.165319341028546	6.49483882099867	0.25946784053491195
39.599370233538	6.225970852383114	0.055171737999096034
3.1856852705708105	7.7930854441086765	0.6519789792955065
35.34790133513723	-2.1095214937210507	0.17258359943074922
26.04463841708203	1.6308588479813082	0.32744048075066834
14.014532782700972	7.903986754631351	0.7392902081147578
9.300562452724487	-0.6189503630187474	0.7800796828150219
2.074797101448687	-0.9320774357822259	0.6511663972929468
4.142114601767422	-2.412646429904523	0.7637147655704064
18.047113077450437	-2.0864712179193567	0.6910468511292763
9.916333133882116	-2.3146426591838924	0.8324017784452339
39.07269398348498	9.167379192551955	0.06298684855033661
5.589910847381311	0.05691770122250972	0.7464505085285706
37.51161876062585	8.606225991175158	0.0913780441395598
18.723497967495742	3.0125133599920417	0.6035077324507921
10.873071521870413	8.82940243304271	0.765185883356086
16.393671654049147	4.739224682992166	0.5945302942625252
28.549225848397473	9.596298776785556	0.21922905477697524
21.38510041894673	4.388184246312491	0.42436631244058315
15.231585574140935	-2.514558924297912	0.7684650530675271
8.109404021256331	3.3300867694273038	0.8798285316655862
34.15373200281135	3.5510400391699513	0.11194434416559453
27.21075599107616	2.049473092128313	0.2572733565366988
11.32856553334026	-0.7688787471848606	0.779353868675615
4.0448714913930655	2.613806038454971	0.6621989839733464
2.7262302048234703	0.24944402446478264	0.649962102826026
38.213455661821776	8.511924785973068	0.07925236454804423
38.93318642202255	-3.2704771823279586	0.5375796199817794
11.016679058802078	-3.219141693549016	0.9316865119904182
0.4665250230154766	0.09309211433682307	0.4832954267430328
19.758139770695514	4.661702176580675	0.5533826459307902
8.968845759447916	-5.147545333780762	0.9989067820680952
16.791332328517253	-1.4370976396753363	0.613209856201839
3.1188481252856697	-0.07197523714992471	0.651579244437335
14.012993392828948	7.503272475535475	0.7394463998349687
39.70728426793033	-2.543615262303817	0.17352439948115367
35.05882476187207	0.12366777175467547	0.10419870285102169
34.69641882612418	-1.2089115199721086	0.11178153899805345
6.254577727223976	-4.332532562095256	0.9968011944138988
37.796726864103995	4.380652171650635	0.08689736762551785
8.031610973689174	7.084834519470814	0.889434753393767
8.226495469005926	4.337471680501892	0.8658519607468566
18.346776655981987	2.1122787674872328	0.6058374544724102
32.55730572407981	-5.062142374857913	0.9912625241120683
10.89756623441272	-0.19147906578754714	0.7657404476894428
0.5843752478527438	5.9458366268983625	0.5670133852819003
7.670911219954006	4.887839056771771	0.9338743940029754
16.612526275787406	9.57715732281563	0.5930027972179456
35.510722430628604	7.832098762189254	0.10284637370833312
32.62180402856845	-2.615254268442751	0.3749627046024556
21.930755301336685	-4.199620335916215	0.9666818126572341
30.713842920961014	5.173894979101693	0.20888575574681728
31.376652805474112	8.446465317050539	0.1971206546541072
17.114903560595614	-5.202069455477048	0.9978609922218387
20.861881226750242	-2.6370311090246688	0.6760833555260949
34.171375204504734	6.710192506970994	0.11169753164033369
18.282059015867272	7.001100605420206	0.6056502847275004
21.180140277683126	1.802198613370141	0.4359025292824948
22.799559780531506	-0.37628583597843956	0.38679877422396874
33.75533786726612	7.939991156521625	0.1188631520319198
22.334275059659372	8.461467893142984	0.3927014419852803
24.858721586607718	3.627024842685195	0.380084878912569
21.45135416421882	-0.43914168649187246	0.421100166379461
15.199094503632729	6.932059786620972	0.6320957535873729
22.38429428191195	6.3132052063031665	0.3918219557682216
39.16241507912235	-5.777334215485862	0.9974736158015262
12.227157843571149	-5.591972891533818	0.9997038156005266
19.078714705722206	-1.5034298576464131	0.6195896655184158
27.316834740083102	-0.11818764571311746	0.2523981155822008
7.028535408724114	-2.809628157730568	0.9883127792015195
17.88482066613883	4.9105628495042914	0.6022438269218703
31.928679505853065	-3.706957936960414	0.8476717191481652
22.658575400198238	2.1398770654812616	0.38806776211744193
23.156130914842795	2.8180428438230187	0.385101745796604
32.510387307263464	-0.0940447307979504	0.15781904787274145
38.03150812275842	1.656764671249686	0.08270848377737874
15.56335516616212	6.375329780033713	0.6141875980958128
19.04904680410315	0.1893730662061195	0.5952751083845405
38.096742621959116	7.188796296588375	0.08148565714295808
1.1052116846284654	6.460475755709279	0.6368548818559001
12.353182331952128	1.826309503707538	0.8174155770787845
2.7471905326738506	-0.2506753006032696	0.6500270850667403
18.420711538587096	0.058433451820299354	0.6058724340767352
4.292953658588856	5.794836546781735	0.6677589197137851
13.332251163421734	-2.6968064563262324	0.9041131008747348
27.79873974834103	-0.6559131321255371	0.2350058999368205
34.47442292557761	-4.870020530798204	0.9831678880729203
35.73538176988113	-2.866075585819736	0.3839005919336049
13.850221444391023	2.0688880860414756	0.7555491715159537
26.366935633486797	-2.7047470618520286	0.5763716855727173
30.143530061818034	-3.8163240317191303	0.8827453998011211
16.66762694209055	1.5065040492581865	0.592814433342509
8.131246227419293	-2.2984811272445604	0.9189535781949223
2.041827378905305	4.733929662946135	0.6488910216808691
14.188355318524104	-3.3002984519607708	0.9341459895013483
32.33049450113722	5.037563884606175	0.1647950608923195
25.975408107366935	-2.855624184006075	0.6482732295881241
23.28160553981503	7.6392050246485255	0.38496313827364065
8.948760910711616	3.6404786103079196	0.7995767822598785
1.0032643852441991	-3.7264570108848574	0.9833143752042702
18.747396941907002	-5.149359524653434	0.9979781510451837
20.047245413748044	6.953444586443535	0.5286538977951295
39.54235557062574	-5.820671898663619	0.9976227723374534
29.9626969142391	6.035430741094206	0.2127313473243732
36.718525684108066	-4.496371035718205	0.9595937207430574
37.22074990312517	7.858988207805279	0.09509882649992708
29.684411549916266	-0.5609484647505951	0.21325529191206274
17.46099971911829	3.30171287310759	0.5970743354281939
14.59620577364803	9.423515664361993	0.679453346991183
20.249585655879525	0.9502675839162791	0.5102434911457934
34.53160249291497	3.7551052221313093	0.10759634854201156
25.23358936416898	1.4650078596916813	0.36953974778363397
39.073794534291224	2.4765049554055736	0.06296791217963861
15.425044513576152	-3.5200487541516807	0.9276354178688534
15.070741277199197	0.9328292790775876	0.6402156564759786
14.695636839987575	5.7589683062166195	0.6701171094600182
12.512933311593406	-0.6673954717410133	0.8205469444756589
23.394981996533502	9.819282200739465	0.38499149987357595
26.85143607476932	4.287844866512746	0.2762827656158876
15.09089637883611	-1.922845146264958	0.6960678911534058
7.253086758378657	4.632320390521915	0.966347023973105
7.17588670245169	2.329844116078263	0.9674639249984381
18.477799774109155	1.669326084105311	0.6057523925917986
37.5406135066878	2.508638417085347	0.09095738759445492
5.745076709624066	9.803124724297309	0.7658996156951599
21.483012688920443	8.755116203341146	0.4195271638019391
12.163009050295962	4.653890460911391	0.8119106462368009
3.511268272425203	8.032463522937302	0.6546001483417537
20.180331844854607	6.0069426894216065	0.5165809052251567
12.73707207096334	-5.3250771829792924	0.9995120883794592
15.379435959333014	6.070148846330987	0.6223516730434732
26.507023482541687	-5.119239702259954	0.9949075086411838
7.586858798127855	2.2979010448294552	0.9431130858683162
31.958257959059548	2.588549445265798	0.17888436801655916
38.736024811285695	0.3923183666018595	0.0690760463499569
12.24579710401848	7.476415059905609	0.8145432154517128
19.986196898527204	-0.9466761777212938	0.5372065938737586
33.11754962251798	0.1599691952342326	0.13587372505775808
15.928863642305279	8.883260703683032	0.6024674608157384
31.910666123644063	6.75061837463905	0.18059605384583088
34.420552064967836	0.7299164351365235	0.10867952082164942
26.028212003611184	-3.093158513580903	0.7270700843970987
32.386397589116626	0.28054751479989193	0.1626253579471031
16.642122586231885	-0.9025635715715197	0.5951782122200269
33.09881621871303	5.393551329090819	0.13648243057512707
34.6411911076952	1.585367271547991	0.10666866128944154
7.951577075787935	3.772301227910866	0.8994529369660539
22.14645974243052	3.5216987642151487	0.39659906033456854
21.229927838972866	6.427338084875071	0.43292307593376667
10.738512797231202	-0.3229909642570412	0.7625368235906919
20.62586356367055	-2.6096474763865167	0.6842215598871828
28.925556245861365	-3.22564447707634	0.6843086392827374
27.956427774113216	3.106788351089609	0.23026647424105026
25.14227990644562	-4.628401212872028	0.9871442279544179
32.756941092682034	8.93129257854605	0.14846093401426966
37.37728684692514	1.406516011286925	0.09321038255909596
15.014366554222406	1.4412262768530297	0.6441207223688851
2.8126048754657376	6.6484668071694415	0.650217453219212
11.235821566098029	6.967071396675735	0.7754392625119462
14.91236400044354	2.844002037933354	0.6517365691361434
24.663519825453253	-1.2593740584479853	0.39648135911307025
22.48843754707136	9.18036693969685	0.3901907838954462
10.967412491706368	2.391784290254744	0.767432337711845
10.332586022242209	0.24374153555539735	0.7586302960693295
12.86905491071913	-1.0283739993257086	0.8212569897589669
10.702257971388304	8.597628944877709	0.7619262135447127
39.57923853094967	-0.3458536883828529	0.05543010036618044
7.556645446124851	7.1200577413111965	0.9461945333243973
39.12985065548413	-0.6227015953965562	0.0621419443975557
4.870966522420666	-4.996874131866779	0.9967749575218561
12.668167352584597	0.14405539670221046	0.821053118028499
30.80409656069074	5.279952984190228	0.20785404893292642
8.326309865447799	1.2466549405872733	0.8545734787066038
9.724978681439431	3.6578816024057375	0.765233763344782
4.580554537454366	6.664934089565925	0.6765927464551289
9.410398819848542	6.676707909400687	0.7752148899840151
12.372204032926783	3.8839938935220744	0.8178508205687285
36.539637683385756	7.762721917549573	0.10033737692602564
11.433271389995507	-3.2199985053673785	0.9396243062909748
14.379924961718743	6.628938223476229	0.7012645506201532
15.673572104846956	3.0132297233856455	0.6100643625674418
13.638473121108177	-0.9331104647709871	0.7766213326356458
18.935639450290736	-0.4917678525858875	0.5989925565997941
21.61173013853769	4.861440146982364	0.413790878166467
1.330595679411087	-5.617984192832196	0.999624476032802
25.34052159111494	1.3699650031938368	0.36541040239051026
34.32840293685295	-4.529920794547724	0.9642451667535236
14.597758893861922	9.219902524931598	0.6793034969301318
5.045945280627688	-0.38885186122815085	0.6990614062697791
11.956985039625808	4.775512268081364	0.8042152389496394
13.499812694295997	0.8924664187726457	0.7861565332663523
27.314727775995316	4.5504750860370855	0.25249068616286013
10.397685210951886	8.56769178132716	0.7588256719346741
19.943163093557217	4.768186499875085	0.5378705992118725
8.672596318818842	-4.587591560600963	0.9968716907715406
14.428085962957223	7.247343444307582	0.6962803694708811
19.186061431696963	5.2660678978221895	0.5897392220180641
1.0274425762481272	0.30464041572056644	0.6354187071567574
3.299055014041295	1.6237996679011495	0.6527570160774431
23.700890665077758	-1.4259204538103667	0.4085235777225968
14.17259887443632	-5.457353727381477	0.9993541948667259
9.706590011541822	3.820578050647356	0.7656849852551798
21.807528232863444	6.8133544270035955	0.40633110681521756
35.62347314487926	-0.11485994065438732	0.10262811618877614
0.30794424353622696	-2.824358639941341	0.9857112335838746
19.384327662320644	-4.3458912195769415	0.9867307208420186
24.017927326912872	-4.16355133681046	0.9638487048582677
35.80891935250803	-5.874908118370104	0.9982407686929281
3.5214995182211846	-5.412054231298885	0.9981426816622506
39.689581203110336	3.290750982111593	0.05408458368691414
16.137204990536283	7.025444892730647	0.5980538153875461
23.215570119401395	-4.7219563761009375	0.9890458552154573
34.19283544959827	-3.20357737994426	0.5712723801444728
35.90842265312608	5.557292294580815	0.10213277343259262
30.16015975243012	2.7404785367473075	0.21230349232096685
13.051324552789854	1.4279591225336397	0.8130628818728464
37.9029749607316	-4.312672654677758	0.9375209531182256
34.922265966952075	0.14952940791742364	0.10484326772014586
33.55168800929397	-5.445817478503248	0.9958639094981279
32.619507416726634	7.563136100149272	0.15362911082978747
35.51025755820442	9.407846653173095	0.10284733625748614
4.947691895604091	-1.5502011856730284	0.714558148179382
29.18623384335318	7.037499451345848	0.21424260002662324
3.642649627235815	1.1796950612094257	0.6560344431945451
31.654663449507296	-2.3022000332214283	0.3280970884682305
38.003841732718065	-2.1309249632059313	0.14733010415738265
35.80181831751821	-0.1799764473269363	0.10231798496236978
31.24488369750143	4.0105099606526515	0.200262891195667
4.505069601009923	6.371158778226441	0.6739775457891952
31.633468517647007	7.454225257613288	0.18986313727823695
6.915901291908617	2.8521668836254293	0.9561888864930119
16.856330437565205	0.8493288975968944	0.5927197235758772
16.412705730917835	9.98530048329021	0.594345751752256
6.753029597047618	0.8651234035837554	0.937431455882797
27.44780297473724	-3.9002819772271984	0.9116838840446864
34.38368607667803	-3.33631500170533	0.6356351238607133
3.723132145279038	1.5102179904950646	0.657040317660063
39.28765816974183	-2.5995107126487547	0.2020344870567858
28.40111752303593	5.869968307800743	0.22129188903002478
31.029625932888766	5.139586552467115	0.20452622261537182
34.32423051439274	-1.3523143642073876	0.1194101995167713
24.691897548399492	5.766687522594449	0.38292249122461997
5.0793599584473315	7.917698681109567	0.7011774589140601
17.455107505936976	0.4058699259849057	0.5970079450062511
29.677680196154125	4.722868500929188	0.213107984617135
9.911837244185932	8.676751115563924	0.761518894805452
30.469692514706573	-2.322356772710382	0.3580549173979579
10.755070299865455	2.814478257186167	0.7628203553528696
10.894032202158439	2.793533040561911	0.7656577488408869
7.72034168131652	7.819792044023007	0.9280827222602117
39.60752047504145	-3.8639914829128053	0.8158022011884304
30.55429339736792	-1.8243143131542077	0.2651066467206962
7.792964966425577	7.652801494566379	0.9192601554722822
12.88583099434649	1.7734599901082717	0.8183138128143226
9.443828628788085	9.843850528913219	0.7739180252409888
16.739107380569937	9.66725785413383	0.5926810670924691
12.388123066199629	3.7636449988597853	0.818196874873492
8.697825201810844	9.60750802787609	0.8184703733155876
13.364470805528564	-5.2957231120104495	0.9993987232784859
22.81300320854524	-0.08906189740611126	0.38667173343800754
18.101495116302626	5.603296439827815	0.6044919510351295
33.49636293039644	-4.420553147376477	0.9581301918111376
16.42837122830831	2.886216297544479	0.5942009559442812
23.767893345679884	1.8505687242471573	0.3857147698242844
14.159724895724546	-2.377281231587151	0.8180205129303711
17.983534488004608	5.278844326556005	0.6033521542170692
9.414783955406882	7.369177027987831	0.7750414438224612
35.94027864072504	-1.7281009713097362	0.13009871264059056
10.092091925243151	-2.5822745834299887	0.857224118979161
38.68329644641283	-1.7856216638455287	0.09514543018537557
16.057319350160032	-3.3616623791238815	0.897060980343093
17.46458282752817	8.602170961658913	0.5971160614199827
21.250513672753076	4.563850695628684	0.43172460351849146
34.06037006872215	6.712470570684317	0.11333255801206917
35.42768508694288	-3.1085004873304527	0.502783257613746
15.438126660415518	5.454196650057444	0.6195628675187246
7.994553779899417	2.259009898717313	0.8940631722657773
14.707195849285132	-3.629191757952185	0.9529123362422589
11.034347511778664	1.0415290685384058	0.7692133970636241
36.55272011912758	6.675693573153925	0.10027688927389973
23.198657774637145	-3.9280345869099236	0.9383900271919011
10.014694118658419	0.5296866635374045	0.7601296169579049
17.245525776135132	3.09922290628365	0.5948623407699579
21.894580212398267	7.633685848299855	0.40346819474791207
23.66516135966901	-1.4597401030169088	0.41090907067461135
17.77398137836912	1.365151823892809	0.6009007888344362
36.33325799897347	-1.9866461831963242	0.15334665231555014
19.41739925700433	-3.3614329051634613	0.9038288060323878
14.517795207145724	-4.57092788236848	0.9941488963654168
17.625587222976087	0.6671304661911996	0.599052683394277
24.461160312629847	6.394834992490036	0.38527474192947414
13.440545088280144	-1.0939833946764388	0.7943407827648783
21.630820902365226	-4.240138827085513	0.9707364243800207
30.650305856630002	-0.9142060497802724	0.21166396204287613
39.14877247208442	5.070927460244871	0.06171623622537185
20.155697520646505	0.39081914052880506	0.518830743004076
29.99157388457977	-4.2420184644961125	0.9512808312846993
14.142309867581831	-4.5577306853847475	0.9950624495557512
4.797440107872187	3.1098588970085075	0.6855300306927566
0.4048477828683768	5.216105876116057	0.41898369858308804
35.10626523470132	-2.4832608725260847	0.25092151230799
7.629638197539254	-1.979491919898777	0.9529863691051165
38.459111396475436	2.5514415231795127	0.0744465764413968
15.332933448894664	-2.469879530608946	0.757162027814258
36.95582102131143	8.319867864435526	0.09768819369304499
18.89741179902747	2.564578149123431	0.5999345832459891
13.051929019788036	-5.186277580767566	0.999307059352533
14.951145101449713	-3.6114318607301215	0.9464802820421819
6.347215112070691	-4.204270195500445	0.9964230447323321
32.04423685276106	2.590532069083608	0.17572520277837317
24.645831651948885	-0.5699380100663376	0.3837467559426601
15.857289129649772	-3.261368214709023	0.8825684433445568
11.978109261351582	-4.565062584740584	0.9965845565333492
12.845588781232607	2.2346219624950834	0.8191698070022777
22.129675536960153	5.221493497687977	0.3969963577886203
26.969583517181135	8.939583490609618	0.26962584917160776
37.77542068724534	1.1311385725656464	0.08725768659632174
0.6418646973976847	8.584431918457796	0.5933420332749609
0.6891237631715109	1.6612796812771045	0.6090455747704037
3.2936309451766093	-5.812554119348942	0.9992631322630771
36.45878156217754	4.188935795944641	0.10068300699656856
25.902321975835257	8.36163411796544	0.3362972421916515
19.70816964537932	-0.35517589235170277	0.5573357451373688
31.828478827070224	6.107481842908317	0.1834772059089387
24.239339172899616	0.5507563506422102	0.38618731343745616
11.595335859124733	2.4885390895444424	0.7891438536906454
25.653493216677266	-5.010548318293559	0.9943284056494462
2.1881642488219346	9.61768073475077	0.6491785876619349
31.16516647191482	2.7491507601171	0.20196748510579962
13.436483576693202	6.16097218006718	0.790912281141891
4.09212963795674	1.116559151853746	0.6631381725125044
28.953138402494726	8.558756417288304	0.215449348492399
23.762558778951213	-0.21062731910620158	0.3857043665427469
13.023489648007505	7.260846952473859	0.8141428511195944
10.000027597073297	1.9140277292166452	0.7602996540982269
25.450258020556152	4.404854899075168	0.3606559484740722
4.026004720250143	0.3564313797561951	0.6618392283399521
1.4001050171999614	4.375510768499691	0.6462421223983505
26.744337930696638	0.5070503754086637	0.28261461142776495
31.188156207316585	7.269600948746508	0.20149168784470214
17.943751181817237	1.114131983656307	0.602918898758913
19.963660273858842	-5.511312795059808	0.9989181524965507
