3.184078121003166	2.130904854289735	0.543179593293673
39.19601194413572	6.348372233264648	0.014304765137588375
10.682345055446769	7.8047074899588935	0.635141466848913
6.901963926370164	-0.22257003846864265	0.9258957612948812
9.645920970440793	-1.7489641536621932	0.7456099557017531
27.6767677704425	-2.1427760193107908	0.27376143666807096
30.79786930436573	-2.1547576768980257	0.2427075876469708
30.178964117290235	9.387800079596577	0.08086301306058723
23.89882913814759	-3.175768244413568	0.7672628760556884
17.849501257759123	9.112157772933429	0.409293740923064
38.546292017224864	-4.985190397928534	0.9853334079369367
14.105730182016135	-3.201816994560186	0.9202153716930723
16.750598047802924	7.4483658768976255	0.40588530986439286
37.83179442323265	-1.8295421804700673	0.06647598923457554
19.431837382162882	-4.052649731949778	0.9737760331070746
17.081916435458997	-4.971663305714738	0.9964538189971892
14.235402725684809	1.3330052410816045	0.5514012261219894
29.161726791656967	1.1894253585855914	0.08269939716502542
18.99290522724565	8.055520547980976	0.39898886905441266
7.299863129697489	1.4448684244914318	0.9239648757432681
25.45379296770578	1.0184365282891505	0.17522480763059367
3.067376643462643	9.479529258609976	0.5427865576698132
28.34684448131922	-3.508317933440928	0.793734393163339
5.931146626678797	7.878146121862592	0.7132180313749404
12.955531189294781	8.651011768703732	0.6836037313891264
26.05498590449474	0.938104781527354	0.15008928627375712
7.246654303053885	-0.9403280915203069	0.9372756719970236
13.131148497912854	3.160179738311278	0.673665441380197
4.485353570397938	-4.5830732758765755	0.9919221747097626
20.285823416523925	9.767473410447273	0.3039757273153384
36.940750843849465	4.194920456428342	0.027218786762810167
24.257249602550996	8.207078604298609	0.19826529622879677
2.642812504944646	0.48125588461823554	0.5426370611017177
36.56351696518864	4.487156947538669	0.028286664381024694
26.47699286855342	3.785103005362199	0.13145302963200542
32.59998004176533	-3.7315575179696303	0.8398845150326096
16.427581042863444	5.31647819294939	0.40900883569112245
27.174146280095126	9.176204162964105	0.10661841598535357
5.009459514820828	8.128359155790555	0.5919696600857013
25.909122074910407	-3.8669364834444266	0.9253502876719167
3.718858861947894	6.627584758222216	0.5474653716178379
15.096677611325587	4.419229181663237	0.45909719851853337
39.056916376146496	-1.2790102882069299	0.02554256252100729
1.5427812589913983	-4.274076676851987	0.9913917467036203
23.408487900792387	5.650389394249924	0.19943822455207152
9.918371196236576	-2.034137167358235	0.7735801661745043
12.480224156747774	9.190368597104978	0.6926371550772267
29.57678146272957	-1.516864723980536	0.14136277877419084
8.083764297063425	7.784643687645911	0.7960548708249544
12.745720695011062	-3.646121764482867	0.9789507232183995
27.895018066803523	7.073499225015514	0.09169555217270722
25.545222997706816	-3.0540765336000284	0.7097190127950511
7.592434208853858	1.2965549519491582	0.8837847045601753
31.86134261710713	-0.3238070870890368	0.06601376106148868
29.695149342828344	7.282362865596998	0.0817898819075108
16.369507782278387	9.284400890303672	0.40984649993348654
22.25509981636129	0.3086960804928296	0.2079375650845868
33.23407946334518	1.3931958636119681	0.04052528467271695
12.864898575982652	5.027387839238646	0.6873259750218277
24.10611909981187	3.027651685442038	0.1988040824810963
3.989330511187262	3.21507647155331	0.551657431491229
13.49939379472662	0.7357517120336823	0.6425863755777712
39.29184600926841	-3.4156636608151274	0.6003660426462996
38.49486451275656	1.2920930524934064	0.018372554948853457
33.83542846697459	6.786005184404857	0.03471592794390841
3.608450762951892	4.48246287207682	0.5461927056030209
16.19419539160729	3.144881820671028	0.41293424886933644
7.898579046646309	4.159809320456919	0.8285701246746517
30.95789103204255	0.10828561162576023	0.07665439463286199
14.353024031350607	0.5472395290571441	0.5358335236241628
38.09083824834852	0.22723966562471176	0.02111183854997769
7.162464761850074	4.805604100250619	0.9330236714820243
28.526722690038376	-1.744094424700478	0.17557947423955178
17.85416905897423	-3.2570789840023266	0.8844458889841879
20.225812782364688	-5.51522218259754	0.9988306098854268
23.863392989988082	8.017720734401305	0.1991784619491214
33.297987393199854	5.513181871882718	0.039758692698595506
25.197872002201382	-0.15512287133602243	0.18633436777790874
32.02729626370119	-4.773956019591473	0.9840381596674176
19.841120675108527	-3.5420701884960692	0.9186649478845328
2.4958860875426447	9.647664730870492	0.5429607151221075
34.92912876387625	-0.09254799061812591	0.030813959594271717
25.62909476162526	7.9631113062655885	0.16850498542037423
1.9200182003906396	-2.926719046538171	0.8528673259520883
31.350136723596606	-5.531604413780041	0.9973134616020985
0.595446539138445	-1.7737159021042643	0.7254718482269147
16.907063662745955	5.3031433922801945	0.4052279332395968
21.21479933194228	4.639709825768115	0.2391140039940505
5.425617917835135	3.443750618524568	0.631010986920014
13.530514108788239	-1.798318264504971	0.7522739024748605
37.66197055327284	3.570711639444035	0.0237778434782673
14.972914033731119	1.7065569588009737	0.468676458180728
35.515312841854836	-3.945592114186905	0.868521708726139
35.44810735982343	0.6929185769301931	0.029618954769093007
36.59796395181349	-2.5389103045349124	0.21424022224592826
0.9136919175728158	-0.9745205472963541	0.554379307434491
0.6547445084434713	7.204405779360087	0.4987228686798506
15.026257116257998	4.176290074422891	0.4643961262115432
19.69116691650979	2.538782989077937	0.3561275843440721
20.212793564463656	8.740916366984095	0.3104151104248834
4.720363387644161	-3.750729070260938	0.958490090595741
12.313575778883008	3.004522675865754	0.690186039144433
32.74948196917671	0.6157460243359623	0.047472173280746315
15.228701845127825	2.163439323944729	0.4501656895206754
0.20021630371889226	8.241777569415358	0.07402261801104351
1.45962835243833	2.010913617438181	0.5466850181460366
0.6487319701724816	2.4877535936019832	0.4967640426694177
22.757570432024146	-3.4722682323909737	0.8514089767444509
28.646755998004327	1.4816248110257604	0.08465197559372345
12.724630849028896	-0.7946188056682466	0.713378952537558
33.70795464641611	-0.27313642057270116	0.037079597232722306
3.4847748849327687	-5.450120085068324	0.9986000612541354
19.77156874849323	5.023327940250084	0.34945518069721715
1.183916459293914	6.4458931885262984	0.5415887330586409
32.12237217733765	9.7145510097705	0.058606863730092815
0.5448994517456578	3.670933576246963	0.45114878557387034
27.498403274390743	7.685839539403389	0.09864512259939223
11.632145279659722	7.53882844133334	0.6646585534362179
20.77780447990189	-1.8992126147394366	0.4407814463309612
19.409422952059384	2.6275726363759446	0.37712529068313655
0.6678576750296346	7.007842594952347	0.5027641163920156
38.57626483863789	-3.7796464297808505	0.7998290943434672
1.7607792115578504	4.781547710151415	0.5460997580198683
18.376240014221008	3.7286235148589135	0.41091137815514006
4.970035578063102	1.4901188518655957	0.589233707449197
38.728765208274815	9.080813597632627	0.01688993946282453
37.15246352994149	0.7998736134189741	0.026397826233021476
7.487963762109578	7.231334574407331	0.9005966192955444
19.808893718164512	6.388938218676508	0.34627946106670504
20.047899208476476	2.9839257062927977	0.3251801289451614
29.68045203051589	6.561325172972875	0.08181056089608577
31.533592781709622	-4.543341442921633	0.9742290745439757
15.01855810791341	6.528268183302824	0.46499940193994466
8.721127497684577	-3.353105207231298	0.9586673909822415
28.612851823730622	9.734004074947972	0.08484363615871948
28.249059235899832	-1.500890433706786	0.14810282387697432
37.85723957849528	8.789919695292436	0.022577562430940838
3.2439135896824665	-1.3102797874221572	0.6021483490638441
3.9515530644689143	6.700360922079717	0.5509688805802374
18.750250241089883	4.376666932484017	0.4062703111267353
18.375815261762995	-2.5654519253332673	0.7356873773259267
26.259855909828847	6.722206883503258	0.1408939152990574
37.60440762234559	2.408510295982083	0.024114240745497156
39.476116776261456	2.353598216683661	0.013061336931914845
11.926777900116637	4.908361276559393	0.677355323328916
9.627164835262114	5.605224020067439	0.6466066081174393
27.484821820614293	0.34163174170964794	0.09901030214657114
3.160430608917701	-2.4188225877945158	0.7438440869987722
29.616912793198587	-0.5837095364955687	0.08941954706927313
15.677454135119712	8.659774834743711	0.4277731561460907
35.137456301549555	9.783146941618583	0.029952685677725393
3.7387490323392814	8.904907106489702	0.5477196578264085
13.025374170574365	-3.2527600074673373	0.9541278307023198
10.306760609230116	-3.3306363467868003	0.9357397602926275
15.580697359761643	-2.509297845702527	0.7215016608029065
13.30910258297184	-4.5629198258923935	0.9967069138877879
26.918576289700383	9.219426192759105	0.11453562637196221
12.827373846105857	-3.4256160213034192	0.9675460939864134
32.85289134642845	-1.7249551173667825	0.10569240306760232
1.7459603157771533	2.37534623894096	0.5461943972155655
3.6944458367674637	-5.778054826666423	0.9993475912059026
36.454358853093986	5.769921630542687	0.028510879928802125
39.63242604353797	5.582813792696879	0.012474236457760125
18.25943107477184	-3.749369415882878	0.9540991996477824
5.334701691733748	-2.4840210235804143	0.8327483083947785
9.826650875902052	-3.704420789891344	0.9672293902408264
26.68438753792033	-3.904596852422298	0.9216572354743636
13.368170462048528	3.261868578154779	0.6550784353448892
21.585735949213234	-0.5192744758862311	0.23570212394733012
33.953907517498834	8.961203844095259	0.033913051418856054
27.495433455553403	4.536631832684616	0.098708143262834
23.392018252607052	0.4533468321723966	0.19949653409329376
15.592655676746183	9.093105214884275	0.4312025685060821
38.91923581588326	-4.255636185529237	0.9225978356317638
3.490201301247241	-4.715710799314188	0.9925743390156477
36.814235476716405	2.475272141941552	0.027630881970743048
37.08397920035904	2.3406494471867063	0.026681343926870594
34.99564130211033	-0.09282915772850231	0.0306994797849476
0.7557665258592241	6.901453944104539	0.5225890044007929
33.23388536429797	-3.903665263736336	0.8772166896606916
14.286838687696875	-2.7307195624640634	0.8354585878900231
38.6862903820183	0.15941221410148643	0.01722930459545415
29.433032326000088	-5.983749400283205	0.9990578879116053
15.44354167730642	8.42581347643393	0.43808075618532233
24.207082726520493	3.837294694892428	0.19847857391786447
25.747199317558188	0.9600768653198557	0.1636286581535445
22.67191546101491	-3.875913472253078	0.9311653294195693
34.84545560512808	8.292455183824245	0.030433086646497097
13.482799841548195	0.7364671880893816	0.6442455438828705
7.288175332932927	4.215101168025225	0.9250338223491645
25.385441195299496	5.359907680252562	0.1776405581600198
15.272712441717443	-5.117062468768232	0.9977639398493229
4.653779530141718	4.86915551736751	0.5716637137441423
36.90270037747133	-3.453416343623129	0.6717966758075454
30.66114054537666	8.478932221632807	0.07868758811109199
25.52136941413289	8.588806070580969	0.17271733754408303
6.51009636490868	0.04380658752896238	0.8537890858197926
19.832644588070732	-5.0483766568121915	0.9969261782185848
25.43228852678832	-2.940044691707488	0.6701715879362788
38.95441855140479	-2.519481634197156	0.15082917908297766
15.262414455378082	9.39671308666124	0.4480799853625737
30.211649426319052	4.24794228388356	0.08076775791389908
25.640400658784785	8.60662894991276	0.16804899763028047
25.764242480835502	8.393285926571505	0.16290544516023192
18.055875984438845	8.947406626534143	0.41057917053576043
33.70049311008419	-2.4166772800607284	0.20917084678976638
3.779517557929628	-3.5652044363241266	0.9248600076911563
24.839127119052915	0.1022351987610648	0.19275868931818937
23.528668887254806	-5.333648077304712	0.9973397109022901
9.077560840310733	6.242295863108826	0.6767450105706404
26.75074055376399	2.0016114321572616	0.12051952251568719
15.454401533366156	-2.7468859947341038	0.7783695883896162
12.314814741505591	3.0192637347544427	0.6902128128090882
33.19834293355095	7.390515467928751	0.04096959961024532
22.85077203944512	4.032558796288001	0.20133492366514708
13.199602118838385	1.0357328906703813	0.6688699878396588
33.17767293867068	-3.6601411692458825	0.8039056533435747
38.186617393854746	9.353429861030477	0.020417763684091803
36.3523445849082	0.5026922846380728	0.028696723747135305
4.438827972099945	9.032292946216376	0.5632181188728141
38.245551939670065	0.8806697095197222	0.020024143601914075
39.48145639455829	-2.871341351828743	0.2663291775114507
28.56364924434907	3.977237073106515	0.08513874711153432
30.85460880846248	0.47287921161082025	0.0772454828617607
11.457580295090835	-4.4635926456593005	0.9948803489641534
37.50752145413428	2.7507055542529173	0.024660009234112056
31.95257701686851	0.015978019764755658	0.06227507846342669
16.941548428011064	9.046250235620583	0.4051518081139667
17.26071707020387	0.5776108086607437	0.40550895707568096
1.189611760902536	-1.1745979456190732	0.5921188572162508
22.072987377010627	6.648275760423115	0.2110368609940893
25.796134321739643	-0.04424210499917436	0.16303255619259777
18.959399787211787	-5.792030774190312	0.9995225538067478
30.049830311867186	-1.3425461565960752	0.12404476025175419
23.499972650127525	-3.767637125978773	0.9152108800474665
37.342007882136556	2.0182658480184017	0.025524138120330678
8.904321863566349	-1.0725239255543073	0.726040782011382
3.8394706716128586	-3.559637602769616	0.924753518706087
37.97259306403503	-1.569410204243752	0.047356889270243716
4.274599266689205	9.238033503133632	0.5581826643409987
34.55006847163061	4.989419054553494	0.03117933859229312
6.583293780250878	1.596136393394218	0.8702063617605243
0.2307929899434331	-1.821736045360705	0.9280191532251197
18.132522950837576	-0.2253828025411977	0.41597510255142045
25.94685376816682	5.896507259768697	0.1549338453010689
32.41477055345412	9.389769462440182	0.05323605654839992
23.588497441717358	5.291873997881591	0.19930571117716486
27.655107481196293	8.118963981051749	0.0955631568233838
6.368391881176897	-5.632949964554047	0.9998965346031772
30.939604944147213	8.779861525154804	0.07646314876175292
32.29588635918753	3.3206665016545607	0.055401894747361846
37.74239413416453	-0.30611538092352575	0.02438815089019505
18.424202424606737	-0.3730933459754091	0.41951330220907934
39.521132942501765	8.351756148113441	0.012884309329980219
30.830273731137254	-0.3706769448784577	0.0810560336540834
34.283784828427	-1.5370298872966117	0.06455415797669017
30.151129096334362	1.23613393632278	0.08093963350411025
38.91711218660554	4.666828232666187	0.01577697354460056
27.38763073108626	-4.701793812008894	0.9846484096828716
20.152777652093427	-1.5925131800577539	0.4345446754080327
29.791264606345532	-5.00531783019202	0.9911367623712237
16.737990580638705	-0.11064703524312591	0.4089702093451527
7.861828723033121	9.507828878325128	0.8352285727989306
4.792129256191063	-2.1700369749921613	0.7478918118631118
19.31215797266393	2.60327441000198	0.38328225968893676
19.763917042533148	6.120180724631183	0.35010044422033515
32.63396232269401	8.090797792815184	0.04938825052801159
30.711423363647498	6.773191625709927	0.07834511817210696
0.2981654379935503	-1.6915321085058856	0.8480297229340615
0.5476114251764448	-4.898081100072012	0.9996923069226153
26.6807576979014	7.8658412592915425	0.12318401133647552
24.54839424496343	-4.7724404061465435	0.9907322312686633
32.5627070132903	-3.5037371724192248	0.7582089922729986
36.973660495423914	3.7935967626552696	0.027102094948581207
5.8911985049786555	5.639200227765297	0.7050414837739467
16.691750703947733	4.91269595159137	0.40627074078454367
4.578914634048676	3.6006230678176436	0.5684557492820147
33.00216770102294	-5.011529036814277	0.989572109257292
5.572097334760583	6.148437581966569	0.65028478244256
11.530437022778546	4.5651353209830425	0.6602974569522716
2.748353212666008	1.8749463536104294	0.542479931384736
3.061328984484301	-5.586674869367435	0.9990079157394713
35.91169454488408	3.2421964138799986	0.02922934757050314
22.221219630420098	0.37367225425424166	0.2084189634703094
18.725499429201435	-4.197964102163073	0.9823581871024546
13.445211271544062	-0.3377161055844802	0.6542443118194334
28.3278455539264	-3.600528081043244	0.8251486158599499
14.167628383381619	9.179149599966163	0.5605212552525805
28.748014611268403	-3.953562544893593	0.9103676331940141
6.0582511880151	-4.112026702797177	0.9943458762527554
38.11351322695609	2.390911740213145	0.020904998238353876
12.023880048415407	-1.9938909715052162	0.8115515832769618
38.69604700141988	-5.538436878744655	0.995807727826732
34.94544661504946	7.193126810561498	0.03024462523961302
23.778670033235542	7.207253945249374	0.19922875710801022
21.35917675507663	-5.169419234887098	0.9965865985604521
34.984534065631294	6.4259947819913705	0.030178258682190717
21.155202719579652	-4.335095591116964	0.9783762380155888
21.48543788172866	-1.8140830063938935	0.3805672305728358
26.746085939464493	7.804160622397987	0.12069375831022454
17.10336688251459	-4.048253874309083	0.972307922147401
30.72644749975667	-3.177458875857706	0.647411833435247
11.849422464592479	8.821555218420706	0.6740961512654956
25.73052520073016	-0.49042207611892863	0.17337424659346692
14.163283213940701	-3.5268263496024375	0.9539216936080214
33.21918180481389	1.3590167205103718	0.040709161240119154
31.34541589313964	4.440011706927155	0.0717035027919646
19.255028010553225	3.9153286909259535	0.38660529155766465
21.14609312584314	8.311486283876057	0.24256136657586208
31.68586615439891	-2.466682346611133	0.31213408524011726
22.85375451718112	-1.4104893369502634	0.28135350247972035
24.91322255329467	-0.04649660367499919	0.19228913796843652
31.084980245036434	-3.4655868742247087	0.7702666846012938
38.42351491832996	7.806384411248004	0.018840563417431292
16.40407718150322	3.177230665580094	0.40933683755310235
7.336630976260327	4.473369702446028	0.9202771237664481
21.01176312519934	6.736650196594596	0.24993323690184516
32.10595107050457	-2.721284763411859	0.3951357255980642
7.687477718303124	0.9691110977320143	0.8670778783884636
22.698306310904663	6.100887209659948	0.20245767039905696
10.747919553165845	-3.9879079788031717	0.9822008468737122
19.210096636151302	-3.8594868206867936	0.9619595699506102
9.248685232486318	7.103562377097344	0.6651738966646551
19.3483734193391	6.401824486388559	0.3810633544615144
23.27878025274556	-3.245524541628427	0.786484733751044
24.734257258921378	5.117214049511098	0.19378862804577476
22.110371684119105	4.671646948447357	0.21030829699612588
7.15785177864765	5.315191266754553	0.93318457409817
14.558911917160236	4.545581932189364	0.5101073314197708
34.52591313111722	1.761454004570254	0.03125498270379906
4.931953746727738	8.614999923673999	0.5867180114663328
27.622677004547793	1.7331016578497866	0.0961628161290846
19.705039020913098	8.307243949648129	0.354994396859013
37.92246215080979	7.6447123340295455	0.02215985070820085
30.631984396041585	2.711329165068051	0.07887492481335599
23.484466819762304	0.758260951410378	0.19936872534688097
3.0619433440785695	-0.7636218125677559	0.5635350222936013
25.737631584190773	9.742530443599534	0.16403202120805738
26.682979260237886	-2.527964394824984	0.44523068972423124
0.5839296155669871	9.093742838605475	0.4710782176773807
33.966980615700244	9.575140420747886	0.03383051214175606
23.313222128687574	-1.6865219669821379	0.3228957510504203
29.96697777660185	-3.310883751042283	0.7085965882485358
8.703571215570832	2.5848663308040365	0.7103097271520337
35.07637436841467	-1.9650777408036753	0.09851609772200928
34.01934608021216	0.32464542171390676	0.03354914375616695
8.053642006231007	-5.656711860789528	0.9998650618598949
15.157700168952884	8.432068309802027	0.45481277035000894
14.271684660763082	4.840116272197488	0.5465511245005126
24.803007740953642	-3.8455999649282937	0.929326305597578
38.27347299445562	5.166568410572591	0.019837553609936994
25.450220390942377	2.634002565097184	0.17535342568905887
35.53498390995551	1.9889276378568894	0.029543228465939667
27.46160542050825	6.285042762199975	0.09943839789637944
13.795374921432508	-3.382307972337422	0.9498431291961
38.55345753445164	0.7958957300467091	0.017992951350103106
19.83175115040742	4.966369106123981	0.3443131530170198
6.299377913828993	4.721212749691908	0.8000357245278318
16.460898431431396	5.041718620059328	0.4085681253177242
7.135298621434038	2.304400996772337	0.9338252392592266
15.639798594058245	-5.089598718462785	0.997409375651756
23.925102339369236	0.4362360328345538	0.1991700548325271
26.357325487484562	-2.1110724570899393	0.334110480142571
0.6867171754565576	7.101417565818924	0.5080438316353731
26.357748011172685	5.166794845665958	0.1365781811946503
34.65828830617552	8.926568873274594	0.03086933016187782
23.13668367278604	-2.255563080121771	0.45633542264796184
31.96067660740903	2.5450940740573316	0.06158273397118455
24.730373870147588	6.814984142543626	0.19384721466090826
7.801578980472786	1.7063195865356775	0.8462319346316052
8.75204443210396	6.248624331587468	0.705253250002281
9.696965320770605	8.542569488699751	0.6441253576552067
39.537662309006706	5.800681191580672	0.012820903064571624
9.787706477872517	-1.1721547707972029	0.6878732254965233
39.00293717768081	6.091761317322913	0.015299851489774998
6.491420680140274	4.33497755647095	0.8486261284910427
33.34973945520404	-5.947466374313141	0.9987270979435948
29.032226565359426	-5.265355192673933	0.9951138013589601
24.18749057818849	-4.187788543894303	0.9656309359777162
33.8336917969634	9.349636148799025	0.03472845285482709
33.49195937822202	-4.3207603965193755	0.9477737283425184
38.97244870692598	7.403093663054026	0.01546698275779278
11.42617006719699	8.759464221770788	0.6559891275982607
21.817054354159602	0.8669931574311533	0.2169568416769255
17.160813720049713	-4.908072927949611	0.9959314729425124
17.004048092824824	-1.9682324796888402	0.5916696517148242
18.9558894431335	9.608038324290625	0.40035154671382156
21.286976613006225	-3.309337007853724	0.8288628624357994
14.431704770263737	5.218865059851936	0.525694175086466
25.760525663712258	9.89818803806833	0.1630634384541057
34.83366747013166	0.24047606034277536	0.03052662161824026
33.16441200437712	-4.846188862866974	0.9845000234816986
14.446920100718678	-0.4945321967396872	0.5359997383652457
28.453626251593473	3.556090166226401	0.08587633599844256
38.55742517192707	-2.530991779466312	0.16693948072463144
33.70464305500418	-1.6349550811039428	0.07811560942500582
17.720584652048913	2.4508264898972456	0.40833776433766167
3.5233515638679096	0.34677717587596746	0.5454824044956017
19.289469511138464	-2.401919825478682	0.6742461223924373
36.635904583915014	7.339018373856277	0.028118324082496083
30.87108251141737	4.8373669717900825	0.07708659776205727
29.94178187463975	5.170501719689085	0.08140303307949971
9.392943234088161	-0.24455209685348223	0.6612602692827984
3.6017270734568703	-4.278366056592045	0.9806810445944493
16.53245637324746	9.980223953702449	0.4077171831841701
3.993939661749119	8.485174552806658	0.551744239092434
11.01380097944069	0.3024444647901703	0.6420883959245273
11.41921165088764	-5.5847714747137545	0.9995959829143434
25.96653654511113	-1.5495473724852928	0.2441319252187975
19.208624058606386	-0.8644362483564549	0.4228743178511341
22.583351672737525	8.689082026873049	0.20352342892904526
4.479322050098549	6.207771471883394	0.5646358732693162
28.991951399109094	3.4832198533923773	0.08317282233030744
30.51723809818477	0.8598468414186016	0.07953383293455389
31.13185913567103	4.982543545770479	0.0744330083083378
12.45557730442179	5.136418263302367	0.6924311544146654
1.8164551762454944	5.835868225029611	0.5457523348204342
35.86394445301651	-4.653763910134497	0.971508457901444
30.20523037629204	3.791064870838426	0.08078699779551132
34.78077705868347	-5.3889758779049615	0.994787090338559
31.56543355232402	-5.210266042139068	0.9943161136899112
25.58869362902388	9.353017828399146	0.17011369813809402
22.778894373028027	-5.4925906400847	0.9981271045719758
39.03363320766035	5.790090802744039	0.015134304690822427
9.976151279154182	2.6909979538746747	0.636816522839769
38.372336097707006	6.2369490696472525	0.019179160062726318
33.73600207367415	2.7434122207527842	0.035469871772158566
17.98085823184447	4.932370283536269	0.41017102001253786
34.13392559960146	-0.35953541221334717	0.03466225231999482
12.481999352130375	-3.6528938183574624	0.9790348857042384
2.454123488751957	3.291953223528896	0.5430916793165167
21.305487284114825	6.637176232077788	0.2348823226615486
34.46877789404592	-0.6641593330563254	0.035947406980739095
38.00859733001714	1.59161486747281	0.02159877079032731
14.350930759066832	2.2485273920710256	0.5360902003943349
27.11637506037729	8.686393003760504	0.10827893202450274
26.862258104199423	4.047480368425443	0.11647737849910475
9.959128256724194	5.751900252810749	0.637147123695954
14.617962654995607	5.592879319264227	0.5032907886809079
2.4146803443184863	7.850295423843431	0.5432241416893225
16.01660376289691	4.423999039221094	0.4169863961320894
9.818721829285595	-4.391430121236915	0.992269405222087
34.29931791314288	-2.7335637052791846	0.30698054563637733
31.570527390689417	7.369106209838261	0.068327087632991
17.745787474599744	-2.596244107308312	0.7390212497129144
23.232121461853424	5.6398059166871874	0.19973721226675722
22.552247488791696	-0.27602262269173394	0.20868481409639483
32.792264602508126	-1.0522523010580969	0.06289242906420885
8.1267419989034	2.6294821757523152	0.78885077998391
30.476004579054873	-3.5274317476383636	0.7955557351606759
2.5060306614895684	-3.2198857640366967	0.8829110230908228
33.77641886618432	8.213886624294563	0.035154219901364074
20.339639155258006	0.6753631664701665	0.2993024288594417
4.974973081976826	5.955244374247421	0.5895689022162433
34.75980521113373	-1.7701781643402583	0.07904412271671506
29.232609404481416	5.987067838850447	0.0825384328742984
18.61214599777872	5.027821035423756	0.40881067285480305
1.136323521587339	8.137967531814972	0.5404178935362016
30.59216260638287	8.890644851430324	0.07911723795159241
1.1432732411842568	-2.1441720405898224	0.7364035966378308
18.331764026236844	6.918064354846809	0.41104624937349
31.363131137247244	-5.633712136003975	0.9978736343605932
39.697899256416264	5.7500783742595765	0.01225163576753314
18.904611384673487	4.516065575144136	0.4020841495841106
36.59422340227298	-2.573030234722591	0.225617663310828
23.9054571584826	7.631876459604545	0.19914307759427832
1.368874896793156	-1.7520557107905042	0.6514518407481146
9.392966686843835	3.783661967812993	0.6570261068023839
19.261614842343462	-0.02532323424841465	0.3881845013011908
16.955573874271632	-2.2908603639962735	0.6598376481510723
16.719082520602758	-1.8021920624189107	0.5596084913521127
28.44959951917388	-2.0637493818688846	0.23607430663298545
34.11673186247957	-4.50041559911709	0.962589997179346
13.214114224422692	0.6194096854446727	0.6677963095846369
27.045567457332563	6.802580909531368	0.11041642933859004
32.32487974891619	5.94304018567685	0.05487021094610027
7.544538348001055	1.197808605180807	0.8917453185020191
32.22089708719449	-5.947075918724789	0.9988897268779139
9.826729372839573	6.183686812157788	0.6402223766670878
32.43711726088846	4.687074534224138	0.05283383869369884
25.478701711161673	-0.42730917881401353	0.1819338787760111
18.662367844819993	-5.861827776520332	0.9995991401355278
2.85548718333777	6.064874614300944	0.542464248683376
33.52463863786822	-4.466270318157921	0.9619786372026744
37.04852673021675	-3.709528543921465	0.7891299502198641
4.242870884697886	2.072916664307943	0.5573293045083287
14.319432778916221	9.928581444442429	0.5402224455490597
5.6601198274731646	7.019165707150751	0.6635449786713384
1.429916721771711	-3.292297676962928	0.9393286386592964
19.43470027707373	5.806063274165787	0.37542407247337395
5.606167664593209	0.467169226544339	0.6552968610969048
10.176105995820176	-2.7110059003655884	0.860583537704381
12.839129661677811	-5.0636259545173345	0.9990703117418237
12.18123056107265	7.799667132277104	0.6867002770656715
22.39942931777207	4.3143821719573126	0.20566813024861055
3.1758314546846584	-5.101535721849849	0.9969431122483549
24.658001451128847	9.06870347032299	0.19486467693068818
9.575068933642282	-5.446347700444388	0.9993275970020775
34.66375880520925	-4.061063132204104	0.8991550439004913
12.812043797431937	-2.990232750703324	0.9331431905357658
5.652791222161749	9.525998580254104	0.6623900318312668
33.25429001010248	9.71598686221314	0.040278919576488076
3.1188166833537645	1.1870758784941664	0.5429398550593624
32.464276130592204	-2.1032122698510634	0.17821256882342734
29.317401801997416	-1.9508119025818438	0.20544504600687372
4.487049268080205	-4.030105589315241	0.9734601637525301
37.60751224736004	0.25906960468200424	0.024145804524477642
19.853882669601678	-0.026514225628204713	0.3443090873300096
0.4467223408193536	9.45950621792204	0.3836457429429586
18.245110138050826	-5.678465038309913	0.9993807504890863
16.48918169351676	4.434431554275093	0.4082163889262424
29.470039031262075	9.256430371139125	0.08211199648203657
6.7982473248979245	0.04915477294678183	0.9117163204325146
27.315923540161815	8.094630721783282	0.10285517940969391
39.106476149068676	1.629234410146637	0.014752492841162524
36.37710784610285	8.351015861107761	0.028649921481576215
38.045172364811876	-4.182630100311659	0.9156353740612465
9.825658130962267	-0.8430150321526853	0.665405652575397
11.94047862231739	-2.01932416859189	0.8120438716508248
31.09746750808431	9.380178036665612	0.07482661251962726
25.065273643017047	-0.26072725038428146	0.19151994549348098
20.365992238467083	-3.1859594567326113	0.829272268382623
33.88263030847314	3.2421765956293562	0.03438391870490673
27.239095604351068	-5.161290010492934	0.994726912766293
11.394164403052693	-1.4398623711254288	0.7272802717823528
28.743645968053528	4.2441397548676285	0.08415406717853423
5.890801177352396	-4.827312050622616	0.9985490986785301
4.840238185660573	-4.086009008535374	0.9800766115248455
33.726482281706616	8.041341560731258	0.03554597680700053
19.842559897515386	0.007897681870375095	0.3449666736273325
26.227470703445213	6.775004080335368	0.1423372388377479
36.48507974340926	3.374936307257972	0.028451260696217135
28.467387530110084	9.635817641915121	0.08577782623533696
10.609736749914836	2.005569902897218	0.6342750598711374
30.461580114261537	1.0430825295127377	0.0798110042192921
26.14419233939187	-4.922293494465595	0.9924447215045116
5.926482745358788	2.4154064631969057	0.7122488014928955
21.245641712511965	6.100815144284763	0.2376348365388401
32.58743055793642	-5.717621232423522	0.9980364029603632
11.183119396578286	-3.656010470280844	0.9689841194813021
6.556656131329448	-0.8689885554794117	0.8783829052818461
26.890558792467786	-0.488061136324184	0.12273372516687278
10.401736973213842	7.014881492568541	0.6330778238197217
16.90150879577457	2.0518302073133547	0.40524242412097583
1.053143254446306	-5.806593295609915	0.9998672476078915
7.984953821196387	-3.543157628096047	0.9863205473692834
6.357947246605655	4.564425356395713	0.8150634117506784
34.69877446520693	6.968568841039623	0.03076480308758931
30.297592767786636	3.2530248537686255	0.08048693661221233
24.888304114991342	7.4886029562345335	0.19112158558409556
15.700158037574516	1.5786407610608677	0.426909736973796
13.752653478052025	4.8277048324774725	0.6145909411483703
36.117319372237986	-5.454741781489844	0.9953957115262323
13.65267454762202	3.2150764393690174	0.6262230942794363
1.1145877544908667	-2.5840807746728736	0.8488096632673325
5.9877431654953	5.314643134024884	0.7252703742109142
25.86794514517858	4.22915604098684	0.15842244913488815
3.64260980102473	4.521288830151587	0.5465619582916214
38.58421354621358	6.999327699193248	0.01779537029330877
18.282174002412518	4.759507798014578	0.4111163821540702
27.328019820791898	9.539923987338831	0.10255431469430919
25.003682461780787	-4.646103245917828	0.9875490918897742
30.759286107108558	7.998568015679176	0.07799557312429076
32.89492727581671	-5.707059555721891	0.9979095093007677
1.5190203015108739	-3.7568460031605575	0.9739966126694707
12.731543467363093	-5.816256333874769	0.9998360600004035
5.570597576407478	2.8928945431798816	0.6500703912461515
21.763821875559717	-4.297333261065241	0.9738466345049099
39.69904470731122	3.367181100498332	0.012247898714539419
22.267186092885517	5.186166478976048	0.20758369119589634
24.91896620229598	0.6571573820393546	0.19051162437602986
9.24762265817672	1.6859430860898073	0.6652391825554796
7.023280493305523	7.092681606932427	0.9331649137531342
28.76513315350545	-5.076939266785491	0.9925415273625285
23.922118684547737	6.473008357931082	0.19912649352503034
31.623104124105875	5.870659929975307	0.06747455839810174
11.534750719077865	4.507710932828154	0.6604798688788317
7.012046136777768	-0.33216113380782275	0.9344689427750464
9.983899230948868	1.9808673764248432	0.6366705546696301
39.290712756043035	-3.58357923645816	0.6956458600676444
4.893786000382475	-2.985742916636095	0.8768521100050038
8.788508447359773	-2.837070523732841	0.9079332103845194
22.632416071145812	4.815717040315029	0.20304424662177836
20.88364982022512	-2.596790257063173	0.6226175339109524
18.19244760715299	5.2984226229517795	0.41105345328048803
33.20171209389605	2.9406130970553512	0.04092731964164504
15.770294654755606	7.6339614407549234	0.4243801883925721
24.930061288591272	-2.6422083740128173	0.573797739199281
12.562535697913917	0.017070054289526126	0.6941388344585125
6.473246333034745	-2.165689746205441	0.9297975166112533
26.099900667111697	7.893003342095167	0.14806649739242925
37.216187143161186	9.809377597544888	0.026118168548715064
6.434647458730003	8.902865641904103	0.8345634634078586
3.7570010938541016	7.767256953575089	0.5479599829403416
3.5036979296278137	-3.5334775825198292	0.9192197984164113
37.83402525634534	-4.230189102444086	0.9247999779157456
6.5305146818413355	-1.8912642791977632	0.9204088561120763
7.6866311426608505	1.3828501184603574	0.867230381459895
17.3216900837339	5.8526920557466795	0.4057494770367456
37.3048381076928	-0.8438398156441664	0.03179930757363085
12.722538050535542	-0.7814781411734408	0.7127676821358874
36.02542329764236	8.309364483030834	0.029119120274409254
27.897754523697845	-2.125134805324887	0.26236849320151673
17.256477868106767	-3.894826151433019	0.9623470362245531
27.5408455122672	2.4895660770857866	0.09776353690887726
11.850248619523049	-1.2614085783125724	0.7290386696559742
32.241709600788894	5.349281877745028	0.05639930701466598
21.706068389249033	8.127411146526924	0.22008522077409653
28.317162283926326	5.005657471051425	0.08695534613868453
37.88770396942273	9.059249773103247	0.022383324335654285
18.93752634969727	-0.48823077417775096	0.4137263212823808
29.707893025247376	-0.928138155096363	0.10003815039609813
3.3590027546605463	7.83361830918334	0.5440970662862646
5.18695912207115	-5.3985701837628355	0.9991681004419951
30.013130239759487	2.830774774225464	0.08126459397152357
32.81889517348417	1.0911929157820417	0.046360865314230705
8.234930457346639	6.446122409857438	0.7714864345338169
36.629158005847984	2.2616256134783725	0.02813469556423106
27.473725835598703	-5.54070809083089	0.997711014543
1.2929725242123107	8.404010967449658	0.5441796890289264
2.6012162844982973	3.9677156108358105	0.5426881753297315
21.153372046944796	-1.4122291221429322	0.32844670535426757
2.100164581004336	5.263320013746611	0.5444165710179063
38.37846263474032	0.41337537689296866	0.01914857856557222
1.6516200175557856	-4.262956015749406	0.9901754485553169
2.441622255292099	-4.367117600529575	0.9869081477538834
38.38064764940229	-1.0048160895449065	0.026140243153396858
21.221632529230288	1.5442403786488903	0.23878264981745384
22.73293256328723	6.167288185987658	0.2021746627030464
34.33134389099774	6.135255106361868	0.031960556293176026
10.726437393184497	-3.1675833992150757	0.9216682146969707
4.85957131910293	5.799492259440935	0.5822629533807562
20.698348393169372	8.212324317093685	0.27049794026586915
18.16861167148229	-3.1873560735695072	0.8738868879487283
20.82519104329522	8.257147591418061	0.2616163323689486
2.781837660222174	9.692449286782196	0.5424624896461407
34.09648645221167	6.415160015330219	0.03307404339872392
22.873963330578142	3.404272758040314	0.20119125329581394
12.039659077105442	7.847691636210431	0.6818308165719985
26.51108551346572	-4.621672064852369	0.9841022512238403
2.8917909935328225	0.3474316688126997	0.5426009797022202
9.69060798060371	-0.614588016354233	0.6587860891434298
5.603135421742386	7.896017207768718	0.6548100871735218
36.14979234271716	-0.007964675802348609	0.029316754203367903
13.504313601106128	9.133929515680524	0.6420883024751832
14.828617648929113	2.0302284818637197	0.4814481026403737
14.715524110582983	-5.566666277995132	0.9993422245113863
11.205137006015082	-2.745501359226349	0.8805326775265558
28.7887443587676	9.863503897362886	0.08394594235847232
22.15959007599021	6.32928786583436	0.2093969842628199
6.714226692753144	3.6698522559973377	0.8971516841893862
6.588010358935726	9.26937260661644	0.8712634591874369
22.664317043761606	-0.9770672094588981	0.23823849137139905
1.2687208498812876	3.6340121179827527	0.5436373196041824
30.788824683695566	-0.3801059796523809	0.08152645906700008
34.89225427276129	0.31819747685059596	0.03037796628303475
0.5509211284121533	4.562510461487658	0.45446041001722093
28.79750198245204	2.831955117378353	0.08390732583743146
5.305783824360466	-3.7769713756172507	0.9728376436561019
24.838378747001244	5.827728057292454	0.19206068454501854
17.80904670876459	4.23117780080641	0.40899844574290434
10.925485619545926	6.248591959924763	0.6396646467976198
13.925690845790573	9.153239048171141	0.5928558102344009
11.490561302688922	-3.73262870104298	0.9758759931346757
14.12207454945983	2.9974313541787048	0.5666702766539339
19.448953257311885	-3.6130137217407565	0.9348959304873811
31.475226394459543	4.771579318484942	0.06981415775174991
7.534090119013822	6.409865132308539	0.8934285923383466
32.023688005565276	2.4470276415662227	0.06042856161078744
30.69995894443274	-4.670544116420757	0.9811818642564577
16.840038055810982	-1.8584464907393432	0.5699044672062595
31.77372504541442	-0.37446706969036825	0.06814223482865288
32.97500489376883	9.22221916804516	0.04399770990468243
39.74181210278152	-0.006667605284256695	0.01227082257730176
27.786865225959108	-3.558159271301207	0.8198161506447926
8.901358880825795	3.086212840385624	0.6910445139410349
16.28925412763629	0.13935945146167228	0.41188875454818147
20.237859813366374	-4.097565165823486	0.9710739406847945
27.72001416238929	2.4611087547513577	0.09441981650629522
16.5876449286412	7.784854519828837	0.4071476137151997
25.628750343137906	-0.6219061386035456	0.18208776849316538
3.635559007768219	8.483025864317217	0.5464839688805535
38.53959510537185	-1.5433774498154662	0.039089000680477375
38.66204527815877	1.7970793648695569	0.017302985220099414
3.2883578140050265	-2.726947749050101	0.7944649753036906
26.434161609478384	-3.4383825133038144	0.8165564601771487
16.74236540084442	0.9616615153238222	0.40593523225895933
17.750171553275226	-3.7870001978797596	0.9555168390370417
11.874434575823654	7.268321335641819	0.6751621258561488
29.210322359426975	-3.457754471835244	0.7686909507782697
31.087614403308446	-2.3257768066304862	0.2844359621459854
30.721488232449587	-3.7144955616544486	0.8548150767699062
14.501149656390142	5.3183379910560085	0.517046899165417
8.801261715515295	1.7995441650535788	0.7003458977506415
15.740849297990176	-1.3249099201408256	0.5035949327646961
25.94505290042781	4.52959254537199	0.15501403208414877
15.719791443823462	9.088725121204199	0.4261809722637475
13.215102256952978	3.4924760706450044	0.6677164000818849
30.40723188510804	4.817131134297007	0.08005711841640446
35.33173686951446	5.682144245575355	0.02972881261877934
6.657341567475861	-3.7676024829575177	0.9961869604201602
16.2122180802919	5.400984701414199	0.4125770075623097
37.75954619210927	-0.5029881833871599	0.025348721103978365
3.6361451813654764	9.51800943397243	0.5464904163084401
21.65392028481126	9.218926816351985	0.22168720514858278
14.567174785581866	-5.784268729008275	0.9996257486956464
29.804688514652447	-0.6352820597556175	0.09033116474432522
21.39121694143891	-3.9885721108056096	0.9519746305565238
6.01529176053862	7.374089108461742	0.7313275677888604
31.480910701111288	-4.396517101335661	0.9643795882754235
15.521698024362115	-3.424149048572712	0.9112924006556942
21.634763498034083	2.6048474481192088	0.22229767231446548
21.41858041095347	8.255529662876807	0.23008931069933086
11.240370876097074	4.074466506998171	0.6489765065385794
38.78287556043438	4.4699024577879065	0.016561731869005728
25.517185702962976	-0.43504582743958053	0.18065831609374763
8.968429434007316	4.351876272774501	0.6853005833529696
12.295645623959537	1.1541440138628225	0.6897861122860273
5.539511378977403	-4.627983855301469	0.9965182098295567
28.206798880603777	-5.691972651966335	0.9982403549809223
28.552960647866016	-3.0186239529469034	0.5791892894275847
20.349012744598834	-1.666519938064706	0.4297560219291957
21.295446859432154	-0.6389145879339964	0.2524011780276517
33.40945018734838	-4.5087780249612095	0.9658680435874041
9.088131859353522	-5.4070034135659775	0.9993885464527894
0.3793485664092538	2.1503413640374838	0.32079898272701185
14.913315642401274	1.690845866763432	0.4737389741538309
20.496072482444763	2.7831962442502167	0.2861503447476953
35.55898855885826	5.912173003705906	0.029523227460318432
35.45804759505408	-1.2596082827044413	0.04697118127662008
21.72686058024443	-1.3141001102065673	0.28989618888080804
22.709811571083183	1.3515821348219674	0.20236193052353482
27.601003294721952	4.823162458818864	0.09657450153630877
11.103596948967148	8.439372214630385	0.6444902101661445
27.809175583961487	1.8897651378186069	0.0929689905690537
8.975052006815021	-5.032171386854937	0.9986438535511589
6.899199421223686	-5.007644009452047	0.9998503962951796
17.400919513068065	-2.907945199826834	0.8068034535681009
18.45369124427594	4.345032575137399	0.4104952376127372
35.69214086456518	7.279688384674831	0.029415029279433215
32.10516407048825	-3.4556137673478595	0.7498580219913014
19.022357404063666	3.6541723213840775	0.3978360617077831
7.830929377627047	3.8281949605839607	0.8408604499240151
13.544756186538514	9.728392533906337	0.6379351133431488
39.32612281045605	6.371195347528136	0.013697181268911441
18.46528549160095	7.397885717332898	0.4104116012234894
36.96609988710414	7.788445718764944	0.027129231489397804
36.39157407540761	-4.89096597937894	0.9833074767495781
2.694446279459746	3.9149965860490887	0.5425315691852067
38.472034152664044	7.187558253376615	0.01852170343412538
38.73919839687216	-0.2036164301544261	0.017375313096403257
37.68496680092148	5.094176402819244	0.023640999255450965
22.026486844311304	-4.787179765095193	0.9909942466927086
34.70446598597053	1.3901827438484098	0.030750611746767076
39.187827549249384	3.0897566231603832	0.01434465789829988
4.947558473604983	6.314060602812411	0.5877340725336051
3.180521226868038	7.57868894965744	0.5431651750663776
6.20333853068399	3.738792695559411	0.7757034618800978
34.89297931917765	3.433159081891244	0.030340086533072415
3.1161574083194847	-1.4585068439633027	0.6154878365458859
26.10729572233218	-3.856841940725076	0.9214721594942689
17.390064669132656	2.021604760099091	0.40609175228955197
39.00730444435513	2.846966870113267	0.01527616984680163
22.18264199918545	-1.0630214747764306	0.2520531308715071
11.776340729333368	1.436840618967409	0.6709397256198162
0.6580313184838891	7.462315826307197	0.4997651935195258
19.952515826244003	-0.5470417119581015	0.3483613872953537
15.437935527871545	-1.8226829124858703	0.589642671956744
36.4402009115994	7.368231743537699	0.028537524049534142
0.7823772117447694	0.4086790875316595	0.5265111773704612
29.290182261689562	7.529720790797423	0.08242085671263143
31.17728338213147	1.9065792159097334	0.0738932369754825
25.811598887157004	3.715210702802093	0.16087537365220791
33.68012382110657	-2.3199236239003405	0.18324667635808733
0.3179591668259213	1.095803376331883	0.2501433981293415
29.847398610657752	3.365967802675506	0.08156399149191054
38.592702328427556	8.692276769888593	0.01774115849953108
16.030201065167585	7.534090541988405	0.4166405640416011
21.983508838724234	8.783002444830924	0.21291510504412653
14.338423998147967	9.867704199865635	0.5377264366618303
20.403577471042897	-2.0046908561013197	0.49473959569043285
7.074185067136267	5.153065419806353	0.9342890314846205
8.575187929414554	-1.5429860292514732	0.7900573255084639
31.15037356263658	3.1950052359707932	0.07421558490914157
9.3135527825681	5.334671666190328	0.6613375782374974
32.55743668322628	5.75124632463805	0.050704181056138976
9.522341965645474	8.11071235922779	0.6508602891517075
10.013675715662984	-4.77115306298289	0.9966354713500507
25.391579251079634	-0.7602551464452034	0.19752357807017068
6.859942869637839	-0.6988818202798122	0.9258698940992909
6.316394848360665	-1.5618567462651036	0.8622837203793033
19.601639733940438	6.310436249637355	0.36324360854638926
35.15144976765389	1.3142156632381266	0.029934494632803618
3.859351009833636	9.078722749819832	0.5494362668811906
9.26917776891806	5.270113319094204	0.6639305686890102
24.292685022297952	-2.1485952459376527	0.42672532555880865
30.63224268798996	-4.024441713963267	0.9223631116910652
27.21451791228146	-2.826100024553501	0.5355409942388545
32.916253744156506	7.94591570141997	0.04486453517529954
2.7401588461587987	2.9842887375789786	0.5424856734524947
22.53647478808004	5.698807527015777	0.20401646902330633
23.40082528541136	6.460803884604669	0.19944702627062805
22.00886246510212	1.9901342275986167	0.2123630961915441
29.452204443558408	5.13729832335094	0.08213952590200492
2.6033922381179875	7.7984637136372115	0.5426835077472383
35.745823530349526	-4.7405661473432446	0.9765818102546652
26.024177076492546	2.9143042753269555	0.15147427048783907
29.484353799157493	-5.658242388017538	0.9980090734452362
23.529819114089886	9.14335734227856	0.19933641516120926
21.453320840146038	-5.432281459716712	0.9980984635272916
2.2533377056524357	1.1944397769922936	0.5438252340793165
38.31316061034984	9.238390256945742	0.019572761219345314
23.34039572383034	0.6336674728941709	0.1995335011501228
39.646057548260345	4.596195687678499	0.012426747080066025
24.062548018487448	-5.370489193152494	0.9976086212406641
28.896036036231692	2.6950263890958155	0.08350625976449642
18.160111889047098	4.0380150056098465	0.4109783992341607
18.369718587212066	8.566722611481353	0.4109355419003441
12.042911941585908	-5.1945361998633395	0.9992214325805336
4.012191667288276	-4.860070275234321	0.9949520969890017
37.17115151075404	1.0308797307738722	0.026317219638568725
4.8706683719288675	-3.4792138037647824	0.9376102956729684
20.26096207652283	9.429023591630681	0.30615706581860275
7.038933263530752	-5.9457225656764585	0.9999847850791083
22.211345530638248	9.077704893141142	0.20849499985514533
23.997508066027176	6.2012208799594255	0.19902886430342465
15.573908050885022	8.659304098012736	0.4320061007733573
36.428266818252325	-1.5723131438007059	0.05997152193206742
35.44036034707871	-5.4167117778213445	0.995001829123809
35.264566794270536	7.246135390445907	0.029799699506679034
17.731480415667388	6.768768888406097	0.4084198623411117
10.179616120034622	-2.889871376163441	0.8838516025744323
4.920871644727112	2.5853687519012	0.5860083838534079
1.1206753565120775	-4.285032206110248	0.9951311261154797
9.180373672600757	9.033900010092342	0.6695338322111236
27.69661353201879	-5.70065203419292	0.9983662876615755
38.83932027479998	3.4277426856059243	0.016226429106651386
17.780764111708667	-0.7311522895568636	0.43400681979585487
19.345113815906746	0.8508588123527403	0.38126781128658077
34.15663314693329	3.3224960364821285	0.03275877622858793
19.53996932498478	2.921377863800455	0.36792234507205257
27.518469045139014	1.9275109019634584	0.09822398733605722
33.86934719748377	-3.9063597949549873	0.8692652026313867
22.665305752519043	-3.0960957363258004	0.7368777264589326
12.263336806291411	-1.2258710892800835	0.7397161980867372
7.83453022871001	7.023065074158318	0.8402027454789008
12.093043642691363	2.123418750322603	0.6837820506138798
31.359324369986744	-1.355876450550113	0.11200314904920962
11.21287454485586	-5.917758787876814	0.9997976927935687
9.498647512576746	1.9172983182675019	0.6519123646196807
27.65685065934254	-2.3375110349293564	0.32983571252770116
28.382775648934995	-0.5133212532234595	0.09276049810156696
26.035386957203492	-2.9498257759347197	0.6497073894560003
19.758557768733162	-5.121670162714135	0.9974476689705405
12.62239005821559	8.689445268050232	0.692610440153841
18.96667327136072	-5.496027031429964	0.999056674633965
19.504265198451716	8.505364529983535	0.3705383300433313
11.776736782872204	-5.701226156320125	0.9997311046296812
35.46811201196709	-0.5923135778548776	0.03308283396659241
17.792366215199422	2.8491309732061225	0.4088751979612119
10.497595162764513	9.076237574924662	0.6333903065507553
11.174620011140231	6.405005460794534	0.646741592685166
20.099174919158585	-3.9526354841018296	0.9619813506666881
21.611997151105832	6.012368772746992	0.2230398887970526
27.577529162631222	8.475088096579487	0.09703031542250454
11.274518237196517	2.3758343305509477	0.6501906628343513
36.99271138087885	2.46528360764993	0.0270325748998733
38.18408756318797	-5.119518291561594	0.9895085743439418
30.31748555586832	8.851543368236864	0.08041519834224362
30.47940164337382	-3.027967147553568	0.5775663646699207
20.7897579440216	8.863174838583532	0.26402239878529027
10.799906765662854	7.086250752044016	0.6370218101823013
33.849652318958206	6.687182465918948	0.03461418579621445
17.144378265697377	4.507565711625446	0.4051678269780406
35.663236975591	0.4720466849975473	0.029446120660265068
35.902541275144635	5.464504095460523	0.029237737299098305
17.769463997547433	7.73308323986512	0.408704328204711
37.901565496744745	0.7345264876656543	0.022294765302228903
38.65620037805314	-4.753655972662052	0.9749674068350124
39.34276532310355	-1.2263360621175359	0.022343908376594137
0.8381231526733501	3.115538674265167	0.5320973690574763
38.450147174171484	7.758256587983926	0.018665248298299637
35.707257592710064	-4.606801096122734	0.9683766374247744
6.600385099510216	9.11848488035158	0.8740095953375676
13.057975423068827	-2.2202182576885896	0.8362088094310468
21.854779430734826	-0.14363718102307743	0.2188324797005578
35.74875787573968	5.170656725970208	0.029369077039261386
3.69741206167026	8.349021948945332	0.5471999404688493
23.10392608238868	-4.784768905325532	0.9905700362349098
34.92616834991954	-1.0486841548326424	0.04155146678576899
30.281448971329944	6.2028934583386075	0.0805432062803663
9.356237118839953	-3.877215528917276	0.979149712796776
32.91309074396201	0.16662397982901211	0.04507716564993184
38.59704602589685	2.2188236987824475	0.01771345354628386
22.9911064148038	5.343666670629329	0.20056459332538062
6.28022632309628	2.783993096566583	0.7951341002947789
15.326055317463236	1.4726922086429504	0.4443428857725507
33.476798508198065	-1.7962260942130683	0.09757312165424896
22.306905829824693	2.6959272017730633	0.2069734986631641
4.7769473528464905	6.684360290912533	0.5776635610436736
20.375783719941897	4.843852234197389	0.29619690705726076
39.419356499969915	0.4767610799162014	0.013297508538767782
21.762903556314924	-3.775252928735071	0.921122146322766
31.752311542929096	3.566889103383037	0.06529504413296668
18.549139426089173	-0.5686664559049497	0.42596762538617966
17.435606833312754	8.757431140066451	0.4063512815265657
9.818503137155815	9.539898154071757	0.6404432561611866
3.7338786204824963	4.392059587323708	0.5476566908351987
16.538608671816483	9.722823438840862	0.4076499998667098
13.079482769041418	5.761098173892535	0.6769533389995407
21.637651933176244	5.265866260186989	0.22220512945838558
4.719776549912256	6.858836289122216	0.574759001710033
21.95155574303671	5.0562000456927905	0.21363387732013017
30.56159319943567	-4.624650998418847	0.9791443929669574
33.79304844149755	7.384049839748894	0.035028032199622354
38.44119399788336	-3.6389185089824387	0.7427055181015914
7.996379546421965	-0.6268895304373707	0.8208818400733662
11.860076678734254	8.11590165827257	0.6745514033406418
4.242659452169602	-2.494585755471739	0.7747317934529051
36.682162473467095	5.119786188895851	0.02800202637983249
5.995115519771836	-2.4008871372958716	0.8901287600373834
29.682428449507594	-0.6898112578886426	0.09190539020314632
31.649538768847176	9.012307292935365	0.06703799414980391
21.561349507965478	3.973802907347185	0.2247543302513541
21.79161847599935	-3.6559481071825672	0.9000585709473059
4.727372351469547	-1.8958037468770463	0.705143510510543
13.696916110788955	-3.208723933019755	0.9353952380824613
29.285136531057397	-5.057427846884643	0.9921140085846775
9.352703236644949	2.853365880241693	0.6591604412373169
1.9664455887019652	7.207528434940535	0.5449753047570614
26.370481024784883	-0.5324692056753513	0.14523994645887334
4.644996645915155	6.495872299774831	0.571271309236414
4.570903931122614	5.001821658959944	0.5681300646527127
27.245961475009764	1.8271948657821575	0.10465731892583957
1.7493924868181154	2.2272549544558338	0.5461726855728606
17.089456751876604	6.764740326905592	0.40508920064796183
25.481695876676863	-4.863877643878226	0.9921190961500908
3.179551593308016	5.3891365747635405	0.543161266510239
23.016581449445383	8.899839416812291	0.20044942442857375
17.075934913684424	5.705470048141258	0.40507792890434996
13.050036517980917	9.430043789446511	0.6786943238269851
4.872677849774916	2.6859058036277084	0.5830392784060728
23.66324438210856	9.716489571480246	0.19927531883497332
16.550416914100513	4.384717936260557	0.4075236992189032
0.7778798262207163	0.5456808251224814	0.5258779099796388
1.1360608728636674	-3.684685175961352	0.9809905832962371
27.254539123940717	7.489916991443266	0.10443065772649111
2.243827018650446	3.9173504437629987	0.5438618710875095
3.6657618087678747	-0.8027726560748754	0.570124836082595
17.644366232232308	2.145791292471287	0.40776989200525005
1.0274830093941456	0.5145497191334698	0.5380419438135161
4.736205118762374	7.312199527877205	0.5755716113018936
36.67701430671688	7.8851252126590765	0.028015311555319854
15.74271219877195	2.8903818747333645	0.42535098422169376
10.953387314748579	1.259413534534243	0.6403388895669587
17.109946543296687	-4.1444787504104745	0.9774855517384908
22.407661049726432	1.8363013311017333	0.20555963876882097
3.8556477238214293	5.052394677784317	0.5493788922013391
7.570525773839595	-3.3043251420362907	0.9892128517322131
27.24859196100523	-4.676190361285066	0.9840747936553099
16.02290937749803	0.9646389114659861	0.4168259085797103
12.826772548712706	7.904679130254248	0.6886053386961539
26.572404266920618	1.2802200632093275	0.1274924942091477
37.94079209625051	1.0005592292740602	0.022041345055392982
32.1685867510794	5.527961631813998	0.05775128382912868
35.365020638294425	0.45602770995350994	0.029705108178175687
22.737908294488342	-2.828382983301939	0.6429543173691945
22.488159995661064	8.738002037939268	0.20456208932896275
8.676062176857068	9.265908317895423	0.7132806885195805
20.64167548383468	-4.0965839868853955	0.9677343147377179
9.448976075985025	-0.7323650764809884	0.6731955722448554
5.112481152121044	9.85402008998178	0.5998019272123385
24.358559584467034	3.958332673189858	0.19771268978887455
18.34930884374924	4.306190572452362	0.4110015257310592
8.414065019999837	-3.8320424340690877	0.987336365256614
4.399214084256086	2.4499508039260185	0.561901712001214
27.369959085238655	-4.856329055749697	0.9892131250572339
8.996009934553943	1.4530882489789505	0.6830476959988413
31.154166032907156	-5.414767534624204	0.9965169354774659
26.628048662820458	8.135556953860611	0.12525281321524698
13.661549192319535	-3.77228641568853	0.9781127796023333
9.430318908951843	-2.1177347988977893	0.7945394322260029
37.82963077097776	9.775894167900368	0.02275215879803622
0.4740959757064747	9.951865584401379	0.405165852596867
21.47712505946139	2.9864356777710235	0.22780853449053312
26.003800062692754	7.884998975108008	0.15238860106729574
24.246942611352534	0.5239806155136044	0.19832982251570572
24.598227220826836	4.178585458147854	0.19560131198180547
30.73843736066535	-2.2587115889425746	0.27105908421772895
28.822590517909383	9.332616604608944	0.08379904113116797
18.506882526954467	-1.0725957842943536	0.46252270681771873
28.66866528722967	0.07164022566538364	0.08503198618018872
20.110396841345086	-0.23217811639986152	0.32445857434996395
2.628764675502037	5.0677084285823675	0.5426330710985978
20.440259493695486	3.309448171847354	0.2907545711092541
26.149576720234332	8.393662733763708	0.145830165938374
37.748110343206385	4.935120540424123	0.023258761013444613
37.689642938238364	-0.651170831810429	0.027031033954192867
15.257136586928318	0.5978286402975286	0.4484109647118834
38.549711753574776	-5.250198141108051	0.9919879288582032
