27.167925906052137	-2.851468503447638	0.51911520650966
7.649405313259679	5.654857322000314	3.418785229429167e-148
17.45320367310432	3.1986411723823522	1.127819793648389e-25
26.603657995776512	-5.99279813958422	0.9992956787557434
21.395520909428967	3.6876940901565547	-1.8556538750798475e-48
18.225660507282186	4.27593252040818	-8.639705820119105e-79
0.44520994378976086	-0.4314691580253758	0.3584118905957753
36.448697358263765	6.2844446674992085	5.506888837087769e-227
16.395793330637858	2.4959273627900984	3.2815011299100846e-8
17.617687862838256	8.78255139144752	0.0
7.988164177821341	-4.808860139517741	0.9991091002112445
14.67476549992138	1.4529819709926457	0.020399950700833423
16.24746702333456	-1.0267878116048088	0.3083595529897465
19.419155587866335	-1.219642864094542	0.2991236495290238
9.626558385929165	9.52061202585493	0.0
37.99595093448962	1.0674757282358236	5.006079167384325e-5
30.667095235093417	2.5075505418612885	3.353417416366458e-14
3.3528504490233213	-0.5330673678996263	0.41969060501656164
21.050699776334795	0.5474868966652515	0.03014359792052908
18.837615154643366	-2.853630296005157	0.7791119876965127
34.88399998283621	0.8416994549437895	0.0002627341838928453
35.45829158632924	-1.6781823037479313	0.03389522074817163
2.0369061766061094	0.9700446557002955	0.16941610795941628
27.1000967225161	-4.385437117573815	0.9701022626197615
11.38698379366571	1.0810721689878378	0.16936126437222596
9.404234107903315	-1.899714545760805	0.7259594970173012
18.72843151072078	2.7266177606440394	7.069609632506708e-12
17.515817031782905	0.14474452782997815	0.13826149279537425
4.783207017999164	-1.2446998896570634	0.5702828108226394
14.171453003979504	9.717796558903089	0.0
23.756367747950776	-0.4292107728248311	0.06734645820847444
0.36816381575814083	3.070459879711219	7.821498969132356e-16
21.217598894415524	7.498301677837112	9.877805791424857e-280
12.815774927752768	2.984775662950284	2.186569204557691e-12
9.838706041176065	9.592710444031322	0.0
5.303192162171635	-4.718630490908033	0.9971441780148682
8.07185541729401	-0.2706119668820577	0.6312381153773939
27.54110193518671	6.793240351895754	-5.827527117794642e-245
38.09502905894045	0.14286426679169395	0.0009762453766020644
10.524177303452229	-5.506888111431433	0.9994291333787728
28.477229543699725	4.98888916019116	-3.1716281536232272e-136
27.5741196048629	-0.5235276475147117	0.025453052469371566
34.61528196558058	4.576423918873477	1.5971738912485666e-120
0.8747824539805749	8.780053531431498	0.0
14.521540838754849	-2.399957700764677	0.7183404533404014
37.72139640576218	5.134340068679233	-3.2403637773460065e-158
6.874627372479411	4.888785924121908	-3.773699990492318e-101
21.58466089571434	4.727668982324612	-3.692674685214055e-111
10.88785660976899	4.493845485292152	-4.734486015642882e-81
2.4625822359001575	-2.401749840715919	0.7388593317649427
13.578445399861426	0.5246725604054134	0.2728174857596569
4.696721586624135	2.858007872438794	-1.0577006578238577e-8
11.749663167141016	-0.817589076075059	0.5515615078703685
28.65217727570657	7.881334279830696	-1.6218832871e-312
16.777757036081283	3.0287821062150613	-7.623220235630274e-19
1.655345051121638	8.19477883581494	-1.0014622947187293e-307
1.8494036021680014	1.1868692354152515	0.1224432812645577
10.689443906608794	-3.8065205215250515	0.9751690922950733
16.859461600888647	0.3517325975778931	0.1149109689063006
25.182933407924452	-4.709092665197975	0.9889385651188738
22.2595135161944	9.729607985526197	0.0
6.533356700950877	7.597400985110873	-2.713687410246203e-265
27.110785819975657	-1.9612600212217401	0.1813780510801825
25.28197153991041	1.5138557419047096	0.000603823469960826
27.85482844047098	3.6949670239316283	5.328266992668647e-57
22.187720582158782	6.415562890394629	1.4250697073099718e-214
12.663998582347432	1.857118488913894	0.02434454344308766
18.079630379467638	-0.6238999286693598	0.2369932914906558
35.56827949063177	4.361589342511447	6.250202759213057e-108
23.308425945225068	3.8605734997984165	3.5630209002582714e-60
33.8303030385938	9.770364431729668	0.0
24.373901833959643	2.1887840686716444	3.706590604336734e-7
2.182771495325263	5.6879614530732	-5.355711308607473e-156
28.165221562615486	7.978735829118868	-2.374124e-318
18.37349265755697	1.8690434880544018	0.001090418556886703
27.046322566375533	-4.291028853663505	0.9634412594921354
8.682051789841093	1.6455233658567607	0.05756030508409409
35.48839267612754	0.23463546696257254	0.001395162390611132
13.817418593554631	1.9061508319809342	0.010108689486440517
26.73726601678057	-2.310786372240912	0.30556535769872967
7.542185486298131	2.310026368185138	0.008594501156389434
15.608961253579743	7.173861109870941	-1.1706085045685768e-251
12.834892462123348	-1.038252038978058	0.5960831909073547
3.5023203377414625	-3.0833298763472676	0.8638915814209343
6.408625126968229	0.5052541040549308	0.5991799110468752
23.995118527197384	-1.5878522823437535	0.20485098109572583
24.484605352315384	0.987782584926375	0.007294399159814049
30.596653071972987	0.15464566377760036	0.007590287009827241
1.8192836204686895	1.5846526927110283	0.040178286908088875
24.62911324081729	-0.5078102548853991	0.0693765456509665
35.989883337876655	8.006549837962698	0.0
11.661655130684277	0.45893523487542254	0.32601038423457496
26.385985795313587	-4.298967214318246	0.9676817439975123
16.45815845258439	-3.9508644461264772	0.9654666332784889
35.70556803889442	-1.2869744569782426	0.016719876965758385
9.766501274866323	7.794633169528492	-5.2172785358060594e-281
25.21407370969439	-3.397042347009755	0.8242366680601835
5.480772312270575	-0.828904848596764	0.5702406597581986
25.405312901175368	-1.4327848778935106	0.15097521315154047
3.5808969328375735	9.998980787111737	0.0
35.254459433237194	8.025892612685475	0.0
19.540226438608673	1.1830824288809083	0.021403243899447675
17.127333131826745	0.7382538539513703	0.0707399515536301
0.8932396642820135	0.30388338431189155	0.3161497051998415
5.589554617574849	1.789688505743186	0.02519780047268998
14.267226116545267	-2.621409211191839	0.7924402771457617
37.96178407932358	3.33478899627395	-1.3682799579369394e-57
33.35369417639955	-0.3356755861940428	0.0054338809379694325
15.1791131109489	0.13434410542457442	0.1719681028256397
5.07207844483268	-4.673878615448807	0.9961795156650083
4.209108343736107	-1.7617870545548584	0.6361698431037001
25.518844749981135	8.522816320813128	0.0
27.42482157189453	-2.3189750574806567	0.2751117010473659
31.307328404844863	-5.4754994526523575	0.996927311454762
34.21327366392409	1.9676765939217127	9.069728348921434e-9
12.368639022353968	8.14556065679242	3.306763234541953e-305
13.32362147173438	-0.016355803287023463	0.39559894389269784
29.33942066335305	1.8335789591646083	2.360815038783986e-6
17.935564845272314	6.443054686601517	-2.6408850510875773e-209
14.691029225379754	4.346201592837968	4.523909835118251e-77
37.234467259673224	2.7323844819643597	9.206847430687287e-26
29.71182926869677	0.7537956284661931	0.0022934094211100693
37.12985935220415	-0.5953937556570637	0.0048115436381810945
21.054200959631526	2.986672246774404	-2.691267639962717e-23
8.034007355352234	8.35244454701352	-1.242382108934e-312
34.43155393270974	9.995421648905818	0.0
3.1187816440715226	5.213171562455258	3.833000351864905e-124
35.15053602522223	1.1021618504021582	7.801137318233734e-5
16.531993767555882	3.9796692595327556	-2.904487395850527e-57
21.62191258558164	9.538812443901474	0.0
9.44852133428413	5.605611898918905	3.3087214957266587e-147
11.243656457898906	5.646203538943087	-3.833840091454288e-153
26.068062628767517	-3.140384392950793	0.7077606371413862
14.522030637000839	3.5129354514611215	4.392513294964021e-30
7.288391952525946	1.364380361985308	0.47319144963619114
22.298868017486097	1.2693776606833147	0.002851504351832168
20.58689678603722	8.548957350450056	0.0
3.0991150829757794	-3.0221501157125097	0.8526926433965208
21.739585967588287	-3.06523361363989	0.727316787584099
17.781609627436904	3.1307489672853848	-2.145510380996507e-24
25.470257303735554	6.001107691698987	7.704350858770114e-194
39.51837818014081	-3.57596265954907	0.6812536221259426
28.011547723772104	3.405100483488141	2.362910315690037e-45
22.44559519154375	-1.1848137063786552	0.14338957308445224
21.60543478995893	-3.8996703906263726	0.9400077409457028
16.44054149151532	-4.511378458882401	0.9899090203178869
11.008429948076364	9.371236740656848	0.0
37.29884126578698	5.564027551283726	3.4000619601512436e-184
26.550962823367133	-4.254983420544487	0.9634233451622016
37.77587196676379	6.623032372072107	1.3913627093060836e-249
9.724337482242811	-2.006954540459283	0.7348186934423675
29.294509154705366	4.63612768741147	-1.0281360256179956e-115
9.988672602178076	-4.078759469946522	0.9853933133974044
39.32145944996998	-1.6762184973289322	0.01524614260970792
21.15382481473566	2.905821657616727	-6.708884633257282e-20
4.813936353679698	-4.281799258419351	0.9891169223596823
14.942242985711667	1.8280413041592283	0.0018788531693735855
33.773760315541786	-4.826813569717906	0.9826631475310722
4.601101199715241	1.721875892448903	0.01815771232264512
15.509912687519595	-4.294955606793486	0.9851185122918961
30.87086175191447	-1.462295306580657	0.06379409571772914
5.461285715119176	-0.6393253573831679	0.5369113715831355
3.887201572709278	-0.47415771182075517	0.4158900108737998
24.924505409635557	-5.728116615363398	0.998942744543949
14.183314017507579	1.1775148877762653	0.07970517229383695
24.888766585785255	3.1628535955573724	-2.3226047351473765e-35
27.83298066380217	-5.503727495568533	0.9974078756094683
2.10261685027747	9.706931526191344	0.0
14.840239183312077	-4.425519308307944	0.9907560058711522
15.023745850116635	-4.866225281987521	0.9963812251116994
4.089655993046559	4.587468653412337	-9.892314061662915e-86
19.432271464577795	1.6491078145448839	0.0035441888324679264
27.49379197223735	8.41592848664516	0.0
11.913481855378619	-5.845277758912292	0.9998206502981505
36.32176705708171	6.18207261086927	5.761829485562383e-221
4.685362635219798	0.7960668705579934	0.20994246557530874
24.943266580527077	-0.9916873806176767	0.1054002574594445
2.9856874336905515	6.924072502622078	6.982905364330182e-230
3.5905163552841106	1.3473615971357873	0.07025945576599162
21.354814013555494	9.52057665690846	0.0
38.703250271715994	4.694499251944119	3.278325100283505e-133
20.397454676180033	5.894329972071468	-8.080865597549203e-180
30.5683866520426	4.936871045643592	2.1781897317162348e-136
8.201600419197794	-0.02471570457026573	0.5650959898938968
19.16246309234718	7.730932373479469	1.9171343007177028e-290
16.129693415206745	-5.214757130530721	0.9979894578695119
25.96990371993893	4.2399714502992225	-1.3469284822384073e-86
35.799453623067876	-2.3540753342516183	0.12618843126718812
8.845342253443587	2.819044038431297	1.2157656500013387e-7
18.356323245646045	-0.7673691646876151	0.2576579792416306
10.748161143853597	-0.929301136481449	0.5413168353627577
8.090520467573239	-0.20371146854726163	0.6171612921076282
16.893656334682113	-4.352652593253026	0.9857490659601985
4.594192277017779	4.792482058966044	1.5952339512210778e-98
3.4398259718895208	-0.5125856806508651	0.41709107507362453
14.967925302501314	3.85223635984012	-2.614417615800019e-48
1.4070327200689374	8.317414155100444	-1.3609127e-317
34.985449272227186	4.956056262686012	-4.8106588094825383e-144
1.0837846641267297	-5.771269361130059	0.999873747632311
27.16446135009881	2.994652434990268	1.8446092704371723e-28
37.893098230636596	-1.0066981650509632	0.007384612847822225
0.9681067206637664	4.970589203909679	-1.0540131008565231e-113
11.296789455692712	7.684009125372121	1.2815984855263178e-275
31.6706874139578	-4.9919507226579185	0.9904885353443429
28.955307735309027	-1.959308545219038	0.14482124188435888
25.629383319820082	9.652075188325092	0.0
34.338797729695095	9.975039124519554	0.0
24.666902985652186	1.632156287307975	0.0003339217570269548
4.225847731711111	-0.9253086941278283	0.4925228727473572
29.938738659035995	-4.634698107232321	0.9795067134412194
13.231819627328843	2.9996106806618883	6.52043762831218e-13
21.06514306418865	2.8282339626904545	1.2738370264518058e-17
26.13354557460598	0.818486857823256	0.005934125078000081
6.579750567773636	1.9082119582204058	0.11657370571484202
33.784360551897954	-3.356738035387149	0.6428938143428983
30.840491313196832	-5.4189617942557575	0.9965588707035966
12.695013436171802	6.142321444127166	1.4091334356710328e-183
27.302848584234226	3.453491460103489	4.539025555920249e-46
12.935945580564544	1.5883997811718444	0.06681642419284192
20.90584337968538	9.84142569953545	0.0
21.213880802045537	7.604034673173619	2.164812475542214e-284
15.873755436233331	3.262801326103517	1.683856110272702e-24
7.691492892212985	-1.54007654006897	0.8589110033924332
17.876823814549457	1.4140282061511158	0.013409128591400508
0.8783657253433927	1.887931356298182	0.014113325842741746
11.507279462930192	8.38177502174084	-4.8504e-319
32.97129491251587	-2.583651308271719	0.252922735456197
39.25890024236826	6.600137948416769	1.0660798919261564e-249
4.94582868028438	4.617007493203868	-3.251320403047595e-86
35.048241940914835	4.544204180499214	1.051951905342082e-118
19.30425738203969	8.170452664723872	6.7128516e-317
4.90989170918917	8.653097635763729	0.0
7.889063748506543	2.940913692290021	1.2104249496076904e-7
13.544820789919223	-1.2033038498990294	0.5664050596592513
12.476086335805574	1.4198057475712744	0.10700259046338949
6.569726461218561	1.0415270662752079	0.5208348192676653
13.893282550069623	-3.2729241844978922	0.9315607049583161
16.603250826068074	6.370368748576677	2.1993771975851242e-204
26.044691075970956	3.57731497833171	-6.955460262702216e-49
9.825800173237713	6.4349105514109795	1.0181363045758112e-197
21.467589006521393	-5.171299608055254	0.996568526468158
9.143855624287506	2.0251096081894993	0.005327516488740742
23.03450319364254	5.23015234456291	-3.3788787393954774e-143
24.273621709236792	5.193484217288535	2.658447549183311e-142
31.627359141652892	8.799111048167056	0.0
28.47063683683167	-1.7760415891538734	0.11394856126539507
23.78708428323891	9.601394748800022	0.0
23.568909401416228	5.630868063456251	5.137021531043674e-169
5.59270797819021	1.8839204532070255	0.014937703688906808
0.45166488614656375	-4.663380626148189	0.9996996622063788
14.408758310470917	7.725207891025963	-5.1485474066065933e-284
0.23129813338937755	-2.6900781482411347	0.9924244778241018
24.28637785159454	4.083644371676915	-1.3585557085974148e-75
13.368381599876422	-4.2407278711361585	0.992696683581427
32.31231673497298	-5.95409947110803	0.9988897685223306
22.028312471329773	4.129140828409351	-1.5956907958828775e-75
21.41644873135126	1.8370671208497455	7.379157493146039e-5
33.03059541840618	5.193395014908699	3.5623313216025662e-155
34.377027318875406	-4.6798032695187395	0.9745481027889433
37.03479904237644	5.427888955908141	4.052584456368252e-176
36.04611983993433	4.450060508336588	-9.167573085751723e-116
37.059709362078095	-4.003103687648522	0.8805775830825633
37.20853790907692	1.9071184831838401	1.860559579931481e-8
34.59449529198932	-5.510927948240106	0.9961228830975207
31.103104416051995	5.470611475714335	4.300780139198067e-171
7.288896325141094	-3.933829262849944	0.9979043466320726
11.175757982218668	0.5737835219418521	0.2863630408931225
37.14336612788965	5.413219772553482	1.588166596448774e-174
0.4112707229940802	2.205584029459466	0.0009393664375969858
20.596493547060444	-0.17261182661711416	0.08807203968312918
32.364460011595156	4.422689720602506	4.021581836664006e-108
21.450704082049405	-0.6644684612323353	0.1018371685726144
20.740841531852944	4.421646212618214	-3.773214626667212e-92
12.115262461011952	5.4221648068178006	4.0116021440425875e-139
20.894990908913513	-3.764578436453707	0.9302425115163683
8.753794315587047	9.210525322306115	0.0
18.71557450313633	6.413732824003972	3.2270596592123964e-209
10.719949198302745	-1.9213684015237362	0.7183954799852464
7.220019568017774	-5.673397681326588	0.999963827414752
1.6495880416739164	-4.817340653878571	0.9976686352041594
23.909850970976454	-0.4061065693206629	0.06568151381346485
18.56236991323329	-0.8809229512508168	0.2736578626172927
33.730528604085976	0.9182660918500893	0.000247444286415044
39.553421699694844	-5.107079169460892	0.9877878015732214
27.23566506449681	-4.273621313418978	0.9609176116381831
37.74298108542173	1.3997255673945013	6.399588291626241e-6
15.793476059675097	6.545766819649607	5.259365045240917e-215
33.174654575471195	-3.766586608672796	0.8377408687599615
0.37751295958005127	9.662399617981787	0.0
17.76655836059945	0.36812351256138953	0.11322122399261934
21.122074226360827	1.4617944784139105	0.0016014358404846892
14.462634477409726	-1.8663839162719391	0.5911479249600414
6.752839817566943	9.417859199394385	0.0
28.61107098917121	0.017191554772661988	0.010541005180262755
14.255125058359098	-1.4137438106238776	0.514600034781132
25.994278166719038	-4.8175400980050505	0.9905302968108192
11.619243347914292	3.3813929465573693	-3.3663263640923343e-21
14.209189183440326	-1.1574312312993804	0.4698406703434918
37.442884978021134	-0.9545779132989161	0.007816737033038795
12.26628418719659	-1.3686482526040322	0.6611785257663068
9.809943835795586	-4.420970660451317	0.9932345633029641
5.0793797118066095	-1.42494798535078	0.6244769261876832
26.70961644857765	5.363589858517354	2.180867687017913e-157
35.06670950646043	-1.3093200677719317	0.01782239680568565
18.06460168275136	6.431110134659484	-3.257425870044177e-209
6.669850603117342	-2.873486688231509	0.9816260360976419
37.64790555577842	-1.0695936724007602	0.00888988795184352
0.788779419356507	4.499211435934544	-7.570580210451964e-85
15.187173304733633	0.12401325295427768	0.17300466246463214
5.279157129884158	-2.7495824035425436	0.8771747800153081
10.640023987467847	-2.036992134947191	0.7384104694287325
30.559267072041823	3.54912933906191	9.007445444959852e-55
24.12993428684988	7.663807420692411	6.689893689841291e-293
21.87333050475312	-5.136499949311485	0.9960617203166059
37.3569722762565	2.450979262863413	4.295383046397206e-16
30.44012007202157	3.3101546886699253	3.427152640997487e-46
17.263501271285296	1.7914654665807959	0.001713024398345876
35.63305079121639	-4.599192203871549	0.967926210759401
29.888112467234453	8.664445435588764	0.0
38.88391808257074	1.3407774122273217	4.177079217752718e-6
6.542134519750311	-2.579326562527438	0.9639747743908113
7.350003102032819	-3.5872927486223247	0.9951240917835341
20.40148728326753	-3.985612664317859	0.9609378349198721
28.53583503029958	6.471052236263837	1.7857080647020722e-226
14.565722016584498	-5.921716510197605	0.9997281267355013
33.767301591990815	-3.0229928239286394	0.44631863282669787
24.07486643743495	7.978583337737845	-5.797352638755e-312
1.3592224341977452	5.60463514793291	6.0355337541632505e-152
11.647985286803662	7.5532093670792335	-6.945197043668166e-268
23.275778918450744	6.202572567850016	-8.042900119811285e-203
14.623175626023707	-5.009646839830189	0.9977397950528251
6.61532159868636	-0.7831071831990748	0.8403716434870628
15.780263458398727	8.08659051626896	-3.8960903367041926e-308
6.5685118297706	3.1321188421356148	-4.18115111654707e-10
30.783162646852468	3.105698981275296	-1.275743527626117e-40
18.11082952193122	5.355134109285235	9.447421824598343e-145
36.99171938266881	2.2364371691674876	6.153789000578517e-12
12.779577726963266	-2.7793626072341304	0.8988350798884717
6.258288587766519	-4.347820106930815	0.9980980665178956
15.893098822734057	9.149137817399051	0.0
7.905240093643066	-3.824663751422417	0.9927748830131805
22.201803973030007	5.058913837525651	-6.678924275132854e-134
34.9526177577498	-0.22579084243760406	0.003283547549973659
19.459335488472703	1.8516257667960438	0.000913827883897248
28.83559435001334	6.308968524251206	-2.7534764173598045e-217
15.61519127656682	7.685212231160353	-6.6043237818755256e-282
32.64869912042447	4.4738035920804755	7.466840103968036e-112
24.524567026758096	3.563814472834128	-2.2807901198199727e-46
31.10726709756447	7.64705977362086	1.5948186856265503e-301
8.980457054291925	4.717470134637171	4.3925476807728175e-93
38.62300422909915	6.500382845997734	1.1079657113637124e-243
9.845485836572477	-1.5080825831334153	0.6448255576573022
35.06634129539304	-5.953639788694687	0.998566376085737
29.42022013915861	5.390358438681194	-1.9171148391318063e-163
33.118328671659704	-0.9432871161727299	0.014514125418251906
37.16016489092357	-5.79036568923717	0.997844179101407
29.12242884142946	5.735317610585458	2.5263631191715266e-182
26.956724577112535	-5.06568492122701	0.9937313024509961
14.828873176897968	9.843488763678177	0.0
21.680690778007065	7.590403944072619	1.7217975140227763e-284
23.379595827288345	9.105114714261756	0.0
7.932200785368573	1.025722760181928	0.3754040192171067
0.41298668602762556	3.942036478963473	5.273882400979298e-50
5.507948874508366	-5.390578175937087	0.9994963677199195
28.558247810581264	-4.991827320036723	0.9911072938471093
7.642276046042839	-3.504747085624963	0.9904988578181548
31.125844200955402	0.8519570870745632	0.0014088907267707999
8.989906146968195	-1.3076696440278255	0.6530550598067748
35.835076265060025	-2.7614118829888845	0.27043114069954355
19.796281937096996	-1.8892282465018333	0.4292130011441447
32.45165201404041	3.436785242773219	-9.48481980636876e-53
14.022629380917495	-0.40324274271588223	0.36770474200749936
15.513577707154479	-5.565111881223441	0.9991722591531338
9.514409787767105	7.0117471274334555	1.0035945897600831e-231
35.490773347404414	-5.90381733937976	0.9983735556886248
37.65590180459955	-0.3225061362443391	0.0026951236983359774
2.3167828238558448	-0.022691310328333714	0.35044477408242414
11.70929799149164	0.2968064137542932	0.3603414042374416
5.224808137300026	3.4958677975647703	5.378781842562365e-21
4.10601111402029	5.89186779366689	-9.636446605818102e-165
38.499082191873256	-1.849235991939672	0.02923502183815595
35.88066439629643	3.2134538754702078	4.412672464437215e-52
31.741451436145137	-1.5642046353937928	0.061832931229535065
24.249926780212604	9.986155165624385	0.0
15.837709660714916	-5.379357112823097	0.9986614934239776
15.329506269526846	0.21599448810036037	0.15499655916353955
23.811288067667576	-3.573037469096885	0.8755925478856714
2.692041847296266	1.4551997787076303	0.053138996956749805
1.7714100418195122	1.1390728607751548	0.13540690297500182
37.45676095487477	3.1935566443083836	-4.338589885979455e-53
39.618130112202515	-2.6763045289910465	0.15148344351500148
5.210290549779358	3.6327755132326693	1.91152008002845e-26
23.147644390304777	5.609190974875883	8.907667871465997e-167
30.411404589648047	-0.05349139571099926	0.010611613245565766
9.235445358608239	-5.3151812689929905	0.9992376539710941
11.779624767681003	9.223863911110573	0.0
17.925403921670558	-0.4408022282252304	0.2111531840080951
20.20480295853564	-4.206778742898091	0.9770396645729565
18.179674825929812	-3.8427919037813467	0.9610499607873572
14.68150076984168	6.116536587351376	1.0202887864866625e-184
33.165453973912385	7.522635736473518	2.3157010498721864e-298
20.380637850815866	7.960267394296853	4.228221421192944e-305
36.049013283014965	-1.6716865098149682	0.032770914687912364
21.024714116847164	8.392599309179115	0.0
21.06118032794785	-3.2116769880414147	0.8001457609680873
21.937668933341847	9.167339788558206	0.0
16.027787048407422	6.52972970213202	-4.4822753403315095e-213
37.37418833806242	0.7540684348302946	0.000264496734516828
13.93449994452148	7.486861330928473	1.5775972768327532e-268
39.172387464951235	-4.516874656928756	0.9551802240157989
10.843758448024083	6.646235469955773	-1.4959620471562754e-211
23.215582994052216	-2.5984454995056474	0.5228533947256245
29.02965301549268	-2.563772438569444	0.33408457237649536
10.066106939299505	-1.1764670551170724	0.5835653531059978
11.160480543506797	8.207125601154665	-7.826760189150408e-307
1.204055489930474	8.128713434698998	8.936184627421695e-305
37.63137448118855	2.6659756035006303	2.5642986755827703e-23
8.793732230004817	9.049164616582743	0.0
32.025088359517945	5.90528685061436	1.363136708140862e-197
29.60182300732749	2.409906088526693	2.8380207765937518e-12
10.08087614768826	-3.8860262294429155	0.977937683234719
26.859435755648967	9.875670294510964	0.0
18.144295136960388	-4.271137075205289	0.9845503667788122
13.900694234978932	7.442018342969142	-1.3710316327341166e-265
13.811395383599486	-3.0010775432761356	0.8961437007346492
11.245907731133366	-0.6030232907781858	0.4982169934008724
32.25371574398848	3.766519807575275	-3.265138330680988e-67
27.357665260043518	-3.2163914680140557	0.6900456989074355
5.018321746076168	-0.30449710147057374	0.43455580715900494
1.628258104851977	1.310125416281977	0.09862392274570907
13.848207589044097	0.9237799380387415	0.16183920545230882
1.40358605127224	7.2217832264012	-5.3387991075651877e-253
23.28112109421372	6.659136435231552	-5.075538228423598e-230
11.287823701714442	6.627502586305315	2.890801193167428e-211
18.504595337090233	3.3703213783374935	7.234999456788925e-31
19.715574499857798	6.957977715116016	2.507031301417352e-243
11.848079536716172	2.929137026441264	1.983408329047973e-11
23.731625865778735	-2.9814018267136113	0.6803297745527436
13.988985079347158	6.7501832137366335	-3.638919790098802e-223
20.905373473093405	3.1539138139341993	-3.434556580152386e-29
23.284106484457293	9.858256167357318	0.0
26.51013598566593	-4.948638720674637	0.9923842486119284
15.02948056904291	9.862809197163344	0.0
8.27767713999975	-5.019258363452373	0.9992248357502633
9.42936595651733	-3.065225048772554	0.9108915736327307
30.187265759365285	-4.7942488459552415	0.9857278093069989
12.832151566721109	7.521255336608796	-3.2333637739958314e-268
16.947037035147947	-0.10272769214170907	0.16770352387078155
6.363672356262753	1.5037668964102906	0.22649547039392018
6.683254812425501	-3.118297209446709	0.9883209293854278
29.3726895522081	-1.913317092150706	0.13378401584542526
4.4649728648145945	4.628331900515057	-9.955736988633379e-87
7.255081353095026	2.828058217244223	3.218251141930619e-5
15.39143830407059	9.014073127485592	0.0
29.334314496961458	2.982640256059131	2.2230465598606638e-32
35.518123826476284	-5.80189898284484	0.9979430064570658
12.805033072047554	5.583972884749503	-7.349768255544435e-150
33.52633103732896	-1.026881737976307	0.014317101714335836
7.883961142601359	3.954606245492016	4.4651046497722426e-44
1.4160097908598908	6.560415610913001	8.672377055879066e-211
2.9346656885518785	-3.6644975028612556	0.9457562414140682
18.798244678614303	1.1059596086233796	0.03444004151460839
39.57860746989574	4.891943314014124	5.633606924906493e-145
23.420106923211616	-5.123967558001247	0.9957156452271612
17.809513312537163	8.347183041669883	0.0
31.64056134141299	3.823869032397411	-1.3349327750997378e-69
6.179730194973995	3.796487417667116	1.6084834067430778e-34
12.036635544547192	0.2259790704855682	0.3850860935995627
2.074008464654107	-4.323305033324338	0.9900535170227285
30.416616081527813	7.230195968402928	2.9345133293916614e-275
21.728280001048468	8.290618565992258	0.0
27.32204013721229	-3.764231401428024	0.8834764486457408
19.28466602002804	5.775658013806847	-1.8132670379339443e-170
26.26191290042616	7.790699110979585	-2.7315472877133397e-304
33.08828058829644	7.4900089264949585	1.399934410586919e-295
4.863054932300446	6.998482901171382	1.862157864960163e-230
35.25367672651087	9.92409879462593	0.0
22.206453408301698	-3.0407631519606113	0.7079481424293318
7.7901810023089935	8.768412108077413	0.0
3.4489464616003724	2.4084903192928806	9.492207338218004e-6
31.908816568012718	1.1719403254060374	0.0002631857632207433
30.700142533191883	-4.867774217801031	0.9878940722399296
20.87619195939748	5.3605917171468676	-1.3125997521679035e-148
17.051117110537163	8.281808287182077	-6.22e-321
1.1646666363266682	5.090991638180448	5.586693805294621e-121
21.111978659519874	8.9114196636909	0.0
32.78287736599069	3.6498066731040346	1.6069599993324874e-61
15.719427969838147	-0.26686814580568097	0.20585244014453033
20.925128426449586	5.588095772913295	7.509687713463985e-163
21.97051395625321	4.525306084677911	7.4218399321782e-99
16.05928400445035	-2.986928583008492	0.8092047997767955
39.080474067574045	2.817069917295729	3.5411733261892538e-31
15.905603097146496	9.724225071647819	0.0
23.542579143761802	1.151118544776839	0.004380002168200567
15.333042168079135	-0.8527079817963923	0.30832632255972425
6.246425526290053	5.095828218700806	-1.5056261532174074e-113
32.19278733875632	6.518786086400773	-3.0384849974181604e-236
11.095655489943816	-5.254187766204904	0.9990942866330124
12.973523963695925	6.181724075937819	1.8800309434532217e-188
30.757201313990937	-5.13114812522932	0.9933561695616981
4.731228891266049	8.48606516899839	4.36e-321
28.991605881663308	9.030817505795497	0.0
37.88444907203759	0.09185224881329646	0.0011907746000814152
0.8611572540813488	4.684426096695493	1.2536213615554986e-96
31.26889978365185	5.166713483733641	1.3747794678765542e-150
12.748139264776716	-2.6500922563993505	0.8807219645582645
30.776982559490634	4.722759942033228	1.1687709381198923e-124
20.9355771441636	4.117972439650238	3.4327407262341026e-73
18.962539177313605	0.21124908031672618	0.12415405893087768
24.16243627310985	0.2282729894774711	0.032764095726171345
38.32199089556077	9.482026272648351	0.0
28.2790049373996	8.588448707011167	0.0
9.734444393602734	0.1649173358693794	0.3711124477179054
17.543360622450255	0.07237430197293904	0.14676448924616461
22.59952266868441	-4.497453186280666	0.982239583412303
14.323879670553376	-0.506105554668693	0.3412453344325919
2.178535105172743	0.8669449177060926	0.19027497491584053
13.620792358875418	5.425467164608769	1.4061183975913413e-141
8.246312095311339	-1.0587655206132922	0.7051770011243281
1.4039520472130183	-0.28285135519003646	0.4003294079561792
11.61996675661045	5.661082761300431	1.337924702276037e-153
36.72297316330485	-5.250815698622272	0.992625400488146
16.091208885117283	2.0964796819269296	8.608464336492001e-5
33.32119918615038	4.655752395890019	-1.2100176354167511e-122
6.990042707006321	-0.05853694380066443	0.8368675919648173
38.73799241136251	-1.6284349376247746	0.0168929120707087
10.390280523911766	-4.329096405906203	0.9915900020373123
13.042090934031835	3.4328794972842402	-2.5096502633691513e-25
18.73067084454444	6.2261353207926895	-2.4023909036135883e-198
6.330691835118252	7.982346784440477	-1.4293964249335245e-288
31.317122544122718	0.48664030467091735	0.003471479771015653
16.54330203608768	-1.7814296158979026	0.46970684794483947
9.26033937884296	-0.36643568780919367	0.4853667624814103
23.755992217086963	0.8559722511487884	0.010802450935358246
9.044523742539289	-5.277573526266103	0.9992371734971751
3.5449897469096685	9.513848506302203	0.0
26.125241700000192	3.0512456717872958	8.792794742329751e-31
38.59270448926834	-3.298908791948012	0.5393591866179759
12.682517721983741	4.532005433103098	-9.862014532671587e-86
12.218819133614153	7.812582049032798	2.1847499907868285e-286
30.25506182607039	6.630732534314081	1.3904579299433086e-239
31.928160460102607	-3.2961963520455377	0.6705721000423215
15.264277079411123	4.851443680270261	-1.604437469420289e-108
34.15826819353682	6.40480496005182	-8.799369620617414e-231
23.904930331347117	3.325496239939671	2.2987876942036727e-37
12.486326264461322	-4.462271537401502	0.996229501971375
12.420857380365256	6.001689698926295	-5.931327753435479e-175
33.97674726269376	5.157031167089716	5.432090402093317e-154
19.585000297549815	-5.160807501284367	0.9977123771415286
9.625998028870576	6.346578611174767	1.769383543226727e-191
10.021325904454942	3.1102506552053306	-8.030462162253018e-13
29.946155844553047	-1.2607663861202631	0.0518163540138119
21.281506750865294	1.0109506719076435	0.009540027171859283
37.46910108613053	8.41590443695289	0.0
10.066832796184196	-2.4433885460610547	0.8070355399116939
22.58944726063375	7.715977126237469	3.5659108100816347e-295
33.22544173684922	7.18024601566426	-8.76617791014436e-277
26.600202134294864	-4.739109092271864	0.9875477271376596
39.31797896869053	-4.496601823245328	0.9524903666977057
36.194676462699604	3.5441658783593653	1.658839804638163e-63
5.337869933393844	0.9899180662083644	0.19819285908642448
21.79216164420606	-5.550338964526812	0.9984911079935979
27.334895486743733	4.870284250260525	-2.44503612149924e-127
34.37387361718837	-4.27077093590589	0.93680733962233
4.333257332226655	6.097315395440589	-3.4372789712730974e-176
0.4029730775307754	5.147721261232128	3.933550864829486e-124
32.334100966278484	-4.031106855538095	0.9140887399064835
33.31078440895474	9.99564584598474	0.0
23.204433002067113	-1.6233764844671015	0.21409813523904953
1.980474070454391	2.9881745323934723	9.454699776958737e-14
37.68680559283909	-2.0091753013344054	0.051811285162810236
22.399526082102938	-3.0954681590877797	0.7263279592494313
33.59773464501671	-0.16269871984226825	0.0037978087595409793
37.80433083316493	3.8878669584597993	-1.1899448450993777e-83
5.338849285754387	9.203854073408213	0.0
13.142079234936869	5.861063122529984	-4.977599057233641e-167
9.637145955637768	-3.205767596484879	0.9250858048083648
10.179884164474457	0.3940758992005158	0.3165316208060987
14.544056127071018	9.269953948433848	0.0
10.073579641240999	3.2170355138110125	-5.1351949917254924e-15
22.435005001728012	8.177798746401809	2.475e-321
36.69295190230482	-5.866729119899411	0.9982069712275933
35.2364839018861	5.891027933636991	7.847836405488478e-201
11.876236802622447	-4.9174303467738625	0.9984745355307608
7.713286913956459	-5.5724158647139355	0.9998969752581989
8.804411660481614	0.23883643911667463	0.42211855028076944
12.459912010267619	-5.109828754151078	0.9991356229560292
24.21017251262364	1.7937525742163984	9.15340971368416e-5
13.666242953776038	-4.74421471168635	0.9973300466493422
0.4515702642294957	-0.9532866967519809	0.49650099131851166
23.00218668861846	-1.7899001889886712	0.2536116856011744
32.53295586386224	1.7659529311581608	1.2959919792294036e-6
30.028801959558383	0.9919394471049721	0.001029244357998033
14.726405310795906	6.057965914373771	3.321717743220775e-181
30.931442842329126	1.0546620761406338	0.0007036707981230872
15.012430747210384	-2.1865573819250024	0.6264456405921258
12.57224891177675	-0.3569130024201854	0.49210041511877545
4.1368371534034205	1.3576040964388447	0.07021254749055533
2.201622420689984	7.911528540265966	-1.2573559231698597e-291
24.77734830229681	-4.183250945729274	0.9648787410253286
13.286786835103985	-5.926258074150056	0.9998494005679823
17.44452263150356	6.127380267449606	1.2908929510565804e-189
31.160127108158424	4.691666213160076	2.0317339368392318e-122
7.536600009190184	-3.5146859198362073	0.9922063872549878
2.2356593613029263	3.9770894672144337	-8.088497759728695e-51
9.553940258237978	-4.758091841374586	0.9969850766580178
13.333785301412552	1.432325471560528	0.0895974646857742
33.342571740785786	-5.759308389815967	0.9980415535935797
30.684586159116716	6.9483825828820684	-1.8957997575513032e-258
10.990891644031258	2.279327389289751	0.0004199511776966451
4.296143113262249	9.54407995495091	0.0
11.237540883688784	-1.3680108672553821	0.6293076934016039
35.564230481389714	8.087162503146036	0.0
9.663506521566381	6.047507443265548	2.2665675691509514e-173
22.628600365872188	6.980986840626375	3.7476631241895305e-249
30.367272564872213	8.237997043623764	0.0
1.5953281623568003	0.9884268122842457	0.17592980908528308
18.862272568639856	8.292303050402928	1.0e-323
10.282700248152777	1.6995376792046066	0.028184560930063607
13.28593073087071	-1.8128244517201715	0.7062501950055279
12.053254309615394	5.99920538514213	2.721708824423737e-174
7.745247955099992	2.3613058184607425	0.002183044894262713
30.402756000502375	-4.808694018324157	0.9861880227815214
13.86298437301969	6.859973447427652	1.6683401648417358e-230
2.9235407718125606	-2.402552579139005	0.7364099322953099
7.133782898365341	6.793366023649508	1.4285915824976283e-215
0.38149273053846844	0.19204033953268151	0.20117175027335357
4.596498231995699	6.875456387033648	8.315057514908105e-226
30.59554068326103	9.89501206164336	0.0
14.938320347145787	-0.7230201407817347	0.31160378112743126
3.230377785225225	-4.146101709757463	0.9786570655734493
34.427832562603506	0.8275844716945926	0.0002929169601208597
21.05635860147956	4.21136139243815	5.3895394536048354e-80
26.808156157823767	-4.2207569702780035	0.9588918260859265
2.790050129651154	-3.4337306869745916	0.920381405850189
5.921056611595826	3.0164627904700865	1.135923401441105e-8
34.577084380117704	-1.9653554789558179	0.061814999009256036
32.2111629802099	7.841886619346109	6.30822863e-316
35.21246434423299	-4.368599602741231	0.9469094062540642
17.953121526058148	-5.156091818927113	0.997891902649826
37.073984079574146	9.082381786072332	0.0
8.95772479102141	-1.9459049628155576	0.7571662046601982
1.8411838505345364	0.0001609640404893753	0.35456923261990286
7.963449227168167	-2.9935887429109407	0.9604472022309507
12.265080166801912	-4.664080193347573	0.9975422504039209
38.565587509420595	2.9612793308221086	4.572079773236852e-39
15.194262287887037	-2.097013531939801	0.5918577911386611
38.033312254723654	-5.3030130155885935	0.9931360250597678
13.417920381730458	-1.5025572601276664	0.6351338119495739
6.89691947238343	-4.973170434701505	0.9998404404065345
5.111877339015734	3.0970452618880664	4.6103088151641736e-11
11.373460324188642	0.045675178834454044	0.39440384882993323
10.070157831848613	-2.9315604609859705	0.8853880908280481
9.829238842918215	7.2460147002922	-1.342708452698132e-247
13.657642254629529	-5.984517731206726	0.999845595090892
30.291015002878883	-5.056157805846954	0.9921408020878864
16.36547544905386	1.812522590266184	0.001401984859588064
37.98881396142542	6.411208585023779	-6.295102781433013e-236
0.47400494387526726	-5.055613330861469	0.9998659793622745
13.898496097242996	0.7091314607245849	0.19886008818072465
15.77651119591361	9.401412612616316	0.0
18.776292425543502	-2.6146776399750884	0.7100729129340184
21.283064602904663	4.546737580241121	1.5448963806315394e-99
28.756148111942725	6.933738219755245	-3.8460619621509986e-255
38.87493658136343	9.420030722366661	0.0
24.66170917789614	7.131191830554805	-1.1383098597664e-262
39.52842946973449	5.278633710851807	-2.541414642330951e-170
2.813716378191343	1.19242578397159	0.10638245684593355
30.178770702425442	1.719262260075908	8.755893461338783e-6
0.4445307548086069	1.5064002135867334	0.05272260613551626
7.642978621228227	4.581438076639966	-4.953943501320501e-81
37.796718668528904	1.257372996472494	1.800132241488685e-5
22.775633027903847	5.7585715151830925	1.5906803386553637e-174
16.246628545130406	6.122401796415247	-4.527501995978364e-188
29.537022416088625	2.5656606052491924	4.973175434304624e-16
37.18053745714953	-1.1788061033553454	0.012034416498328433
29.212436638387498	-4.961225346505493	0.9902496741888313
36.097777595056044	0.42270851855780833	0.0008883527466814026
36.07691978226702	0.6132361462310918	0.0005344528660262593
13.998022271002753	2.685056195605533	7.722605222968547e-8
19.988513622154894	6.990504170494781	2.6859730523962083e-245
8.315684762952637	-2.146966206400119	0.8424127641945531
14.171075585018043	-4.631257933021768	0.9956040086616683
33.7324757912989	1.6024315116082093	2.2920050354941336e-6
29.674494482621647	-3.0935545115943626	0.5908846935843199
16.773841041243614	6.236087771702035	2.3689055967324745e-196
32.06341402894401	6.452208608987874	-4.787189079278512e-230
28.133376758031705	-2.6017724980686694	0.36396263266365175
0.2691508623456187	-5.1360285703536555	0.9999639912174444
8.020618474024246	7.500518796505162	2.7421548378108526e-260
35.12748756274901	1.419534375606169	9.235698405877468e-6
14.120902043936535	-5.857050705206031	0.9997413619403104
36.90552222272368	1.4367549195834357	6.727689139893206e-6
32.768244551018896	1.1652390085882587	0.00013933380630284074
12.178696616364146	3.5168335358195506	1.9903786791650346e-27
38.01953511184283	7.938847912893756	0.0
31.146581058924486	1.8780904444925781	1.0389759281466708e-6
27.945975181562588	-1.6358160674081503	0.09867227003715999
12.634846294283593	7.027431231901499	1.0866147323031281e-237
15.41717386460407	-5.050821178215173	0.9973618569255471
6.703930109939782	2.352324178250335	0.015088268319137083
28.64492944181024	7.858083115031359	-5.063430373593e-312
33.907498568282875	4.246889057142983	8.505718150822097e-99
35.89921620800406	-4.5110234071890325	0.9608109558179041
18.245270340523554	-2.240669143947347	0.603998461711335
20.395036709560607	9.588266670392535	0.0
31.203094917857232	9.68181796281641	0.0
29.44322241927082	-0.9435420245778126	0.03475123345990297
24.653590430797472	6.112928879220664	-1.6142356435983833e-199
9.333267362252032	1.1035170551870337	0.17034040121559327
1.5205079261993866	5.586814379509306	4.2817276294138744e-150
22.70140455156427	7.218951250734403	7.427489106081623e-264
16.472156256465237	-3.7997623336109534	0.9526849855661854
7.302324895389305	1.7804336550643463	0.24290232704529255
2.0148433212343555	6.551934955131657	7.293737689518566e-209
39.4512071239962	1.388863503328679	1.7039545731326212e-6
36.57144232757314	-0.010665219319012209	0.002066511520908819
20.935931597716923	-2.0769444341562213	0.3944768362539981
29.809129918330967	9.954310054588671	0.0
2.88064929906846	9.545418748514958	0.0
1.0873753177847114	-1.3268297366027824	0.5505980630003984
31.2766519829216	0.5863526624405999	0.0028108607117607897
5.889611561008473	8.41799691182283	-5.5034533e-316
27.66199015422366	-0.7018917854249089	0.030871807863501414
3.4205111409839644	3.2875847950210293	5.336443228589455e-18
7.779406143139942	3.0012342209988354	-9.169677096315446e-9
39.37573824636502	0.029193549953198783	0.00063186117512277
37.07946058245211	4.819645782789479	-3.444569446451518e-138
15.218066283310383	8.28001731142798	-9.672135e-318
1.5951073729583523	0.1355368768432399	0.33894410373018413
13.213252890693624	-0.6035934228821773	0.49971608913864585
0.4065854491609121	7.131224186246868	-7.94612764311788e-246
36.77968043071084	2.887439828987528	1.7466850089454842e-33
13.02397604550539	9.788354944694738	0.0
31.211949751756507	8.249521906964752	0.0
38.53770717556748	9.248563841917441	0.0
4.329744874677184	-3.1940960182731715	0.8963144481152344
12.840347948884656	-4.271802004332667	0.994142262247063
19.506280882380036	-0.10653676067636297	0.13808795023985732
18.16352078049871	3.122388917328216	2.673269556753936e-24
24.90923047184074	7.025308220928675	3.051206663128837e-255
37.226084149976565	6.938432033896014	4.738126739698368e-267
31.141954842383466	-0.13405188733334938	0.010457599655296952
9.740792288876369	3.987093696497187	-1.2445911180387397e-48
2.8175018341566673	7.375385240757872	-1.6010180193829956e-256
12.85600125087222	-4.698625159731357	0.9977607294912731
25.411242245816904	-1.1759492738582864	0.11506320062891616
22.10152022661767	-5.353442033492588	0.9975469142585809
34.834228934551085	0.7259406246605877	0.00040075914459662714
29.51285296999254	-4.35693012577261	0.9618459766326848
31.708513434795307	4.182120193834759	4.755675961373029e-92
4.904835535372431	6.659132111803931	7.818409038636729e-210
1.4704646132578414	1.6746651262043741	0.031540592848524146
0.7177825552138697	2.1466141875210205	0.0020268444920147647
29.210767196335183	7.906384029797358	2.437150722e-314
21.446651252915608	-5.518510934492316	0.9984584055606454
4.592607406332868	-5.313508874467818	0.9988044250870562
25.50770224531707	5.2659417850814805	-1.2702456783354271e-148
11.777599499814722	-4.860514410460205	0.9982075575594094
21.560894193707878	2.0622786512787776	3.96640704524689e-6
13.958329997634563	-3.70078855472363	0.9692549232583166
15.741993587673088	6.761785761721029	-6.583929817758077e-226
4.851804392097559	2.6571765854300295	-5.389533095448149e-7
15.896234432801695	-4.693354308180034	0.9935363300376898
9.980924601514976	2.407312209384827	5.2941080280372567e-5
26.485421121766844	5.2132719883070955	-1.8139506385233917e-146
1.5776859756907877	-3.060836333908263	0.9091646356525913
7.217875607610299	7.246258651569555	4.2892469313937597e-243
38.23599459103959	-3.2200134339787034	0.49924905847329
31.874593732243756	-5.2423369101225	0.9945457908895105
9.89447972418367	1.7663329407470982	0.021119926741770628
8.265027273180001	5.026384667052234	1.7450972186331542e-110
38.73668609330746	3.846942440407826	-2.1483511245097805e-81
36.23117983341654	-5.603651135532953	0.9967310217252874
33.89950159282193	-1.407294864548188	0.02423061661788349
14.115190997949382	0.17651317950726408	0.26340169035458255
1.8946857928343832	6.630883873994332	1.5076718336409547e-213
11.026792613216314	4.9914046502365395	3.7983756198320572e-112
30.69364710779756	3.7079854024505785	-1.585882311437361e-61
16.97143704144595	0.19400989597027163	0.13268330083727878
3.9397362660121367	5.358704980052735	5.048982777418017e-133
37.118137619441725	-3.858478742972192	0.8393304999542293
6.344495584395451	-0.7380263380892451	0.7616549562942069
13.834219276194931	6.610405628229092	1.1060024497254336e-214
36.3059191920207	5.079193978315512	8.976973407627383e-154
33.65881903205005	6.623621874996932	5.158451957200304e-243
17.87076765057401	-3.6916145003110046	0.9458679240443308
24.101070327512783	-3.4253159196667937	0.8378791154993606
7.889196831353624	-2.0545107916693652	0.8811307217158669
30.332828864269512	-1.9429512812709966	0.13628634395555309
27.103223145641152	3.9277518317983997	-4.6474924106139125e-70
18.06503426067966	-3.6106247815595225	0.9372264874257974
4.92326014448369	3.4682878996002806	-1.2108419988330704e-20
39.29118322514399	9.365342469023592	0.0
34.05420338445913	-0.869663240488034	0.009865234506366097
38.46089801152606	5.619621225408803	1.4597041304523454e-189
24.442901358159475	4.231370225172661	4.532440310712057e-84
31.405887994151488	-1.8130093773836542	0.09889147053929791
18.471575997301798	-1.8130669520120115	0.47838731896888725
21.134437808715862	-4.359448918816657	0.9796483409279748
22.353833073400946	-3.331297494922829	0.8094283108008948
35.75056585455261	7.316847532186532	8.025119854434838e-289
16.386685436075982	4.307115937134665	3.306421718972946e-77
26.674140427844154	-0.5152024863941627	0.03502331321629548
33.75780006401352	3.828456291305155	2.1867009517847584e-73
16.773108398115568	-4.343747160974473	0.9853845792554199
1.9849952754952687	0.9301744212143603	0.17982610059667062
2.9330327394929303	6.9569049432219	-3.836411361773827e-231
21.471397834288055	2.5083817780863136	5.49332486825143e-11
9.66704651416465	8.997934753849396	0.0
33.69753565675393	-1.0058158206459566	0.013200723207890385
7.9025746938118315	5.404831112831726	-1.0173103273491796e-132
21.165234342784526	5.417988214319617	-6.570676561614021e-152
20.483409130956296	4.243508373559624	-2.7610632043009974e-79
20.062772697451962	-4.432125135982517	0.9865894396134824
17.907751372366427	2.137015086555458	6.166885460593369e-5
5.44898694046086	5.966338160697685	1.604467514680593e-168
35.95535597484962	5.91347825450984	-1.1075702816221697e-203
34.97158989995682	4.049521438876248	1.6056454973889575e-89
32.227477600680196	8.981246792668845	0.0
3.083384728013684	-1.8495882231258562	0.6315159158170377
15.254276051274752	-1.8674930362851612	0.5285016764184131
10.63048616889996	7.885599388857447	4.424136170119943e-287
2.67769090084519	9.201090858599265	0.0
33.86018997328574	-2.9244000044029406	0.3856993865081998
22.75736781779806	-4.922762261222019	0.9931925348720002
11.638284807732951	5.726088002119166	-5.6255298595792306e-157
4.797765859365472	-5.235386848388131	0.9987214215095185
20.363033780247747	-1.8180978627565736	0.3604817446982635
19.646601597108653	-4.252792607438007	0.981840387974411
37.411165796727154	6.09051630579447	1.3775207230366134e-216
19.80083324932471	-4.52694358997142	0.9898303734320131
25.112182798175994	7.8478664224117445	-1.212421152822562e-305
10.8727240713277	-3.8281635418929696	0.9770644019759759
6.199606426228374	9.209987025830653	0.0
39.55550175430574	3.995982517409658	-6.373189025811028e-91
14.118703607746506	-4.495927451834213	0.9941724546092066
35.136153765502236	-5.65860298397012	0.9971683823506219
32.91634703973539	6.45128911391042	-1.7526247226622968e-231
20.04150186997304	9.22913391817589	0.0
32.526326799837	7.735498067803537	4.8647801228075e-310
12.193584623783158	6.24792303416697	-3.562139366910574e-192
1.2266125678420523	5.575985073408091	3.0508401040397256e-149
0.3036605483986837	4.340988119450564	1.1273454932597386e-74
17.02493281681997	3.0998916610867973	4.425541456118654e-22
21.856431026438862	5.521947089277877	-4.59275788165335e-159
38.058412534639096	9.094651077839348	0.0
10.583060678450124	-4.875991026912974	0.9975991524183733
17.61225440908083	-4.173044479246542	0.9799937202931094
12.103914246955032	2.5143434743956767	2.0481039829568503e-5
32.20125663286716	-4.150362333998004	0.9343564758651627
35.78910061078103	-1.6484544067001217	0.03170373846488424
8.054408192194892	6.155993637263823	-4.930321967338649e-178
11.476764658022221	-4.9464004666168115	0.998371796519804
3.621641563985376	-4.6756442757713685	0.9933282816035109
2.242953292261448	-3.1165060101445974	0.8853155268111914
39.10972694538832	2.922328579528184	2.5207090966212545e-37
17.091554302577137	-3.2996866079213056	0.8813052500035071
2.8883948326239826	-2.0905657399739077	0.6757460127953577
26.985093101366132	-0.4103682201906267	0.027121605739248243
3.1196579222851364	4.925762988844703	-3.338353934729756e-107
16.777861197110568	9.069087707919483	0.0
39.31293255233289	-0.5630426805663049	0.0019125103007473958
1.1854689265289708	-2.1772120913137307	0.7471177029527165
11.5071537469155	4.953354206070127	-3.215162496933452e-110
25.248187567842297	-5.790099144675761	0.9990647265201673
27.135503666534213	3.3745294307597717	2.998406850881266e-43
35.83386266724801	-5.384307430066791	0.994609696363817
23.150355110519996	-3.793526321142938	0.9182304480012268
4.154949147732683	9.537781904391068	0.0
1.3528483533860878	1.0959168971042992	0.15684452695698714
12.572077651374004	1.2299835974568154	0.15670520265569546
4.729996997318061	-4.426764870787274	0.9917054979816761
11.45457540234925	8.922678411809073	0.0
11.322778341748391	4.335495510063588	9.581754055019818e-72
11.482028840137357	2.4006307450847046	0.00010217951123326012
4.5734778571653605	-0.5311199227970924	0.44347889178715016
7.70267707123645	-0.9124308830965937	0.7951889577571257
25.859372915884705	6.294541147872252	-1.8411737703007386e-215
10.218875373528075	3.0148257834842553	1.801946122048346e-12
17.448712545653045	-1.4039116049583455	0.376974641915335
11.693679589065196	-1.4762159161355228	0.6649515395672497
38.6994621621176	-3.2460873077546424	0.5013598610281638
6.815189606518145	6.231077358986621	-7.650915174298597e-182
30.669689113637734	1.8268820668842487	2.3955611513097453e-6
2.3395238775000196	4.723193940932596	4.993615772252142e-97
12.119247436471294	2.6604919176296953	7.005321354227734e-7
8.708650959001487	1.2714242108704248	0.15884459915743707
21.3867907668361	-1.0128775995038772	0.141030751630115
16.459590239774048	-5.445616044871809	0.9988005587654534
38.565526983033344	-0.1751741876860784	0.0014016609320934095
7.294261211815954	-2.5936191106446955	0.9727486045246568
17.68754420279852	8.114036080709049	-1.28443236556e-311
11.422738541510105	-5.6028464506393085	0.9996320272144267
6.85211456645861	7.213842695380052	-5.246511326941403e-241
34.28355769945566	-0.9350693337799285	0.010484629289539603
4.875867677549857	5.209935045239028	5.480076376959866e-122
39.66018368723319	-0.2284401508860725	0.0009210631117581468
34.6682852523464	2.6522740189665477	1.7533997028512587e-22
29.985144230277882	-4.828947351834223	0.9868003300631658
30.36712628412417	-1.5891130279632044	0.08048882739637259
36.014633474609674	-3.6985748344870295	0.7839179004059832
27.665127267590023	-1.8671378606531128	0.14305262603441282
31.384536771294087	3.1064956858410753	-9.970556545941291e-41
19.528030143393302	-1.0549275517944565	0.26141490441238563
3.813475885756144	-3.950377402554352	0.9686739759891737
6.975734027008211	5.831550744909688	-2.2174827768422824e-156
15.95851301335566	2.7503570763453666	-3.633600217862892e-12
32.58783726591856	-5.714582239878759	0.9980138067855584
15.779340832793658	-3.847379399144234	0.9590739764280916
13.344933189497429	8.228051312903272	4.351937930516e-312
30.454638126955533	-5.634269624085743	0.9979109914459894
6.9539097923682185	7.235639261679648	-3.6529700912622576e-242
25.50413822419145	5.167210935212427	1.5889169672357007e-142
0.9779263428862135	1.2878910456903618	0.11891142482607138
9.394101647826556	3.5955125208371967	-4.663348134178822e-27
9.166603778375526	2.839775086314866	-2.7283994834797483e-8
25.5559122737318	-2.8285776031660923	0.5909065713853687
12.501699810012074	6.368610624556741	-6.38060473923399e-197
38.85282682449808	5.511367383045499	1.297976742064034e-182
12.178390617401153	-1.1856153203344846	0.6276184707363591
34.428188404165624	2.250259613656123	5.061716011375108e-12
25.60764153575083	-1.2155132654550087	0.11373839359149325
36.08144719337725	-2.7400972954583622	0.2594275426753584
7.052627653500428	8.183791953551157	-2.072669385495534e-299
18.731451380760223	8.700849192729805	0.0
35.81947082768526	0.9115973635953694	0.00018882968193048816
16.441772228900913	-5.102311556741064	0.997365341300405
34.75412633308465	1.2758979555055916	2.8112438883265e-5
33.16936419700624	-4.848435749818883	0.9845479894951128
25.222057981682358	-1.685177634935112	0.2049587695953014
11.130932894311568	-3.83445286272244	0.9787409039592629
22.105553790524105	-2.9740212936597814	0.6836002312437796
26.889875261396032	-0.8981964559911226	0.04967543030185147
12.929078506740195	-4.954283247414935	0.9987347067525354
7.371776657971734	9.921065440448263	0.0
35.675894785959045	9.764901456630998	0.0
10.115476152600149	9.363396297411175	0.0
20.453557431115318	5.988951405467098	7.729941027827251e-186
34.19915188929883	9.616245046569254	0.0
37.92180680466772	6.165010573763176	-8.712136704411303e-222
19.704580694549634	-3.530163708041485	0.9158099318977537
12.326776096961073	-1.0367360232977632	0.6040213336025166
9.321302132086933	7.7161184760598545	-2.1820296967404707e-275
20.544480312944092	2.9549587741679026	1.1577652865076852e-19
8.482884869938932	2.4980973283276704	1.9030307329221963e-5
39.385164884599334	-5.9838276292555435	0.998390614415506
2.637413193666988	4.915757991748045	-2.12245440699268e-107
7.428476979864403	5.834306303936518	1.2311985176574464e-157
8.750639994186288	2.6821098537867663	1.478782188868015e-6
28.420338302896237	-2.5086498479113786	0.3184724444731128
18.38027638533166	4.500905485876508	-4.354670146411003e-93
22.358504395800406	0.10597787136804371	0.04086590169630452
28.55709930545654	2.2795401196351115	2.680652197381995e-10
39.61012701337944	-5.227324183274721	0.9906751599143019
35.28298143147106	-4.2415929426299925	0.9297723326121272
26.269304495180794	8.847371461003615	0.0
30.730704373665425	-4.047936257135209	0.925144635167344
5.8580167809393116	-0.36596527994498373	0.5692675310469513
0.9769042101820655	1.167673502422172	0.14758785092209367
39.44495450166465	-0.26678930740209594	0.0010770448649941298
20.76888803378441	-2.487078715119061	0.5486550114192296
4.312187619309193	-5.856339215973627	0.9996122859126664
20.629006375676816	-5.375268146546279	0.9981984025176999
4.849219599753076	2.456139705593607	5.686342188222512e-6
28.360588764321406	-4.128874158691357	0.9394179588564592
23.01038354876114	2.245414313104071	1.0424581153795462e-7
38.86870348526298	-4.390274931392209	0.942245364658417
17.5840576915597	1.9396022713130634	0.0005324021632291133
20.62142899582201	4.922535290477125	4.428527873883188e-121
25.999216870875625	-3.321829041807746	0.7820067924025312
38.475445500097386	-4.697577193360857	0.9718700261233642
27.06898859555793	-4.648354611892376	0.9835094605786218
19.95718578764571	-3.648092645683164	0.9292670117985339
10.644667019630866	-0.869900031287429	0.5301415666813053
1.0985735646614894	0.034224497148326094	0.3581812122668512
1.5619475684949067	-5.061249197834936	0.9987783762901148
16.72816787469918	7.528719195114828	7.283227640400249e-274
30.556478717510686	-2.1825229082997026	0.19217913394062158
34.98445795298209	2.659894656194176	8.988725691973133e-23
24.42869141554503	3.178606722016692	-2.2021715585791907e-35
26.71689605810214	-3.7872368596002453	0.898262259961435
28.897785231954636	-0.7263137435813221	0.02702364837102566
17.96581265575116	-4.3641489204193284	0.9872892779113193
35.68941627043138	-4.769546031679781	0.9781321689285212
22.10657901994908	-1.097136575850758	0.13595597692330974
4.635886777554292	9.77074589535464	0.0
30.689841447567645	4.929593729915613	2.0027436524600617e-135
22.70169882790565	-4.911504416988077	0.9930241451833794
14.80962865596715	4.409984770964211	1.0246850838785607e-81
31.45732544025364	5.4310133948669765	1.788358217916163e-167
2.836760840309304	8.650274327725942	0.0
23.832156727345392	-3.2587021024979066	0.7847957826628522
37.8817005370923	8.911321340812655	0.0
30.14415872201988	1.9011940315081084	9.292448478349367e-7
23.09865313400636	7.869341126912261	4.789873069804428e-304
25.817660603264887	2.8946667730821467	4.081026082933045e-22
16.730662128795284	3.0656664613657867	-6.233137003705858e-20
37.916793892690976	-0.779263643007635	0.005059793920372881
34.57786939066003	-0.7814455501854027	0.007963552589323136
