34.47968600299286	-2.614487578461368	0.30714047360972335
24.706310768696394	6.520928313992808	0.4119310374551319
1.1936882677086216	7.3643853688123855	0.6513094727282185
6.324634059569639	-3.001936010300483	0.9610798218915443
15.019165604340403	4.207108216705539	0.6658213983960907
15.8459532214376	-0.4774973660252364	0.6277275510344213
31.13329414947152	-5.43504180105899	0.9967078763861635
35.425818483384276	3.2686581792629745	0.11906021645541219
3.6530915616284534	-2.657808922730748	0.7861496322698293
6.1972477597213524	0.6202016166666056	0.8456552509650178
25.75204430467398	-0.3547123774211869	0.37452564307524866
1.0079741477345436	1.2197648356532795	0.6471403119575705
26.802682110284035	3.522754071103254	0.30684380117671517
14.90163308599522	-1.473930388870052	0.6890514583315556
4.3357277584088525	-4.301206364941443	0.9800915214173062
26.757688274395456	7.656454090524296	0.30962618893680977
32.233152148398396	7.413007600113811	0.19094083004714485
30.463819206363333	3.0056086977585785	0.23539653954858414
8.061482260102993	-0.6323733653668064	0.8949162421891296
10.228705782853563	6.750815302222136	0.7727727695241184
19.425255561536595	1.8208086832558585	0.6035423272440665
15.726753231178558	8.742372055937068	0.6312084556096412
18.302125933099443	2.21166549619101	0.6306526038207371
21.822295542644206	5.93101757754464	0.4340791258767778
7.927534391731845	1.0701194668718763	0.9107910444491856
2.5113201397348326	-5.602669108359837	0.9989759020375699
14.245646822452574	5.163711251812106	0.7349340776280444
14.773358981518196	-5.934016668462654	0.9997072445518537
2.215017243515185	3.2158849064025077	0.6616991168269705
37.15420212574305	-1.7349183060968691	0.13565932847352133
17.9488605614464	-5.91578994293593	0.9996299392683283
36.39083097542332	1.045285562584688	0.11686331781859911
26.81300374242841	-0.1692774727500428	0.30621248236487364
25.446568544680847	6.36217300424234	0.39030872701950664
32.661302648519516	9.248772945670797	0.1731394198702411
12.637543580400738	9.43338114351305	0.835173275763457
12.841692531801069	-5.418178751631956	0.9996084817364903
5.282001470968451	-1.629128986986398	0.7471864326919891
22.21841965608971	4.2499667225494875	0.4231468281321726
8.773393747864173	5.810493925213635	0.8244490589121585
22.570652102285884	4.656935468308003	0.41722637173535954
1.9741200038242024	7.173023939273591	0.6611198885796953
18.704416609197857	-4.476053635666684	0.9907386581257414
12.63546588452132	-0.14533682389983227	0.8351686280343661
11.332635422257432	0.6779196547605544	0.7928511033626839
12.418084999860856	5.2905332532820495	0.8326385082566432
14.703071872889367	5.131143476098966	0.6907790348025877
21.36377508924361	7.095736772078624	0.4539065899217093
17.5615365637858	0.25333096800193644	0.6226629542724024
32.49505920348756	0.053868098605413195	0.18002988712299045
15.026413164353075	9.245719426724499	0.6653225419263097
18.780690996098663	4.253770132251038	0.6279428214220664
11.317881150609812	-4.026930201642234	0.985147465513541
38.655126161091104	7.0347762229779995	0.08331361651916057
4.645656127993534	5.562793320218848	0.6912868489371756
37.37157303131562	8.538733050563806	0.10859486781191599
21.923366490374402	4.266697775175562	0.4307999672891122
27.07708920598582	-0.6520955986891757	0.291127743048144
32.50846675310311	9.792654756381648	0.17946931475840558
11.92052678604896	1.798576427932442	0.8164696346512367
10.514771618344119	7.329617808077668	0.773776076540886
4.747410556268858	5.232456504477469	0.6953900508318034
37.596942532395396	-0.14764411155780266	0.10511137843283992
6.712026536489148	2.8283739350603767	0.9346625836926894
17.763772254550712	6.622441896296156	0.6253115804746964
3.4128839403133577	5.968362716903325	0.6664347127822533
21.280904192023137	-3.5849349620573143	0.896977972070043
20.14368014092435	-4.425954441633735	0.986604849774255
25.16600700440617	-3.420248891960167	0.8480913356010271
7.736883074957816	3.8254200558879887	0.9330901233243054
38.58402294889038	2.1046151279326217	0.08487079969775554
9.735681490116518	-0.7991787232273317	0.7791148466933222
16.78942165185637	-1.4032694790588138	0.6298441005633989
9.209191267098298	-4.491982888187941	0.9944350954152567
10.027735546437299	6.991503969349015	0.7739903600762055
32.36937665779351	1.837838717085262	0.18528090361829497
12.738779848936742	-2.394338693782391	0.8952046805312812
30.997216909559665	-4.308693725129995	0.9582492133217555
14.617508311702391	-3.311658150696914	0.9216493856280944
29.345808456965422	0.2819400079957468	0.2379155673875983
36.09608292747137	0.9246601121661442	0.11772255604313503
8.366258222106667	4.300796662243172	0.8609311282026425
25.11567817673389	-2.8731116168101387	0.6902809589303772
12.907329603584202	-3.126836920841278	0.9518092464220157
24.822746251443384	7.446826615990091	0.4100712173885045
14.055884172632704	8.922766507092195	0.7538007405326009
32.13355601649492	4.795625204992483	0.1950168385914343
26.135059500079112	-5.300915148114427	0.9968644823977422
17.510715072906507	4.177832049963225	0.6220160052252531
17.198994358590447	8.314272017572254	0.6186027504654058
29.33423343719291	1.9327449042294624	0.23794698994664204
25.47682228506871	8.722262128728048	0.38890999122522024
24.446685832105178	-1.7612262872476592	0.46046562107291433
19.988988891629173	3.7197518148535593	0.5615315202306169
2.7048973521455055	4.079736299511293	0.6625598812978157
37.500566587681156	5.885651548431724	0.10667446698707282
1.0009959489045424	9.097312965065644	0.6471168254211315
9.963641675215134	0.6304402061442005	0.7747260682010186
34.29291947873374	4.840389511516836	0.12699377795283665
0.7214533503320004	-5.139020747253113	0.9996241982926407
27.52865679430217	4.668520916736664	0.26973265746765507
26.792923899686702	-0.3937395468021485	0.30745123709041844
39.26498226498983	8.034790185755519	0.07107167622584021
5.354503427607495	-3.291743019635696	0.9253785741297624
3.3242284885782754	3.557040137382611	0.6657029029286334
12.869209526477103	5.576736589731791	0.8332339360543928
34.268405803713144	-1.3077787131934642	0.13376318958172803
14.74391890276892	6.836472432575253	0.687228554547471
21.764916367321973	2.7444655495584875	0.43610381833180334
16.314982002219107	6.431955425662608	0.6188515233480145
8.063369557577415	2.167538990475066	0.8946496174261113
37.92681579656636	-0.45929362578883826	0.09903067019458599
0.45882839695387156	6.1436357081526936	0.48595223413680166
9.59109378131529	1.07517928713904	0.7825173483949563
21.403496771441784	-0.4270522083483357	0.4518510210271416
22.51022291714277	1.6150314386194786	0.4180217134146616
8.50646479091422	-1.5370120237752474	0.8563492192825601
34.29452216587258	-0.9211644315537235	0.12785228121188183
26.582739433799848	9.956003210948477	0.3208133848416888
37.135962214087016	5.19491731101045	0.11157201282208075
14.25941737053271	3.7514825431914716	0.7335497284509321
25.826610700956373	-3.5236508845010555	0.8631560601770996
15.03139378960258	-0.18378931852332414	0.664982376791714
19.44124745594536	-0.711624803999559	0.6028695749764286
23.867981565525685	7.202774377340887	0.4145936765823352
2.817294687479294	7.645677332123583	0.6629147731506626
7.099107642148397	-3.6351602674390264	0.9974791992495029
38.038421834274004	8.85118942381526	0.09674595573589131
6.406219968742804	0.3542229900731826	0.8836305489161785
13.909970419053867	1.3008793571402641	0.7677994716792966
21.42798980821987	7.5792084223005105	0.4505983568442192
13.387738110047026	0.9360563200299303	0.8104240145768443
25.621110458041482	-3.48027114886289	0.856498322522575
34.54314502246346	5.4775604743291275	0.12405245838108474
11.786645188040126	9.611522164088516	0.8109408394290033
20.80451349204222	6.363338791244136	0.49063366769230116
30.4757111887114	3.349188049493989	0.23532243358617647
10.056806511821929	6.537757270424166	0.7737129359716807
23.285331906433665	-3.1190769758803505	0.7614754754130962
39.40918958762071	-4.9635545969102886	0.9833206806610639
0.7282163858275013	-3.2888933739714226	0.9746579289007247
11.76861772223578	-2.435767733422068	0.8794283761172702
22.563818438765143	2.34463814068026	0.41731226835627916
6.420295535355999	-5.563286646233088	0.9998524762746257
39.707744534497564	9.401256565637947	0.06419595609485293
33.19825719863027	6.221050061005666	0.15269686625549336
1.6523125014218765	-2.9999998479315515	0.8675829760660098
32.21603835544228	-3.3691143375506876	0.7228097066088467
9.76758662111757	-5.0567203278405195	0.998129998458649
29.942849410231204	-1.9382744957003482	0.2991175662720818
17.41204370873505	8.403800088815284	0.6208163739616025
33.550831665779576	7.444971729470737	0.14187402833014442
0.5742102598642764	6.167604640988081	0.573481198351663
21.26333069394399	-4.630266775607517	0.9884898882465625
39.54646743267111	4.9874041213445715	0.0664644117263997
37.34110016242971	-3.699115530125056	0.7886644671579502
26.571286006121078	8.807565032655432	0.3215632903767556
23.1693293182189	3.3515173730794103	0.41335645808505983
26.609470688603153	-1.6702654793824756	0.3544529304164928
32.69102346504367	3.255077105912818	0.17192344715409066
31.755891857094774	3.9713807958840945	0.20943893638778957
8.947697133498036	-3.0667265658994864	0.9295608292270681
1.7864687714301406	0.5051729738965989	0.6609712831887072
26.083711283450842	0.13738858395025844	0.3540237474647095
38.27076937467165	5.085528838975005	0.09177852878013223
4.914245500926451	8.44043181208129	0.7032811121925757
15.327634205241004	-0.7640459319056667	0.6478687411772925
38.003645251939254	0.6277927552687252	0.09746472578404909
25.794026565024527	-3.7607448915074215	0.912244603414461
36.493902591179115	3.149907220489066	0.1164413479206292
27.01180516395959	1.8661688040006439	0.2945531391491147
16.676411882115893	-3.3865024356710904	0.9004775348186868
26.89055687418794	0.7192964244739031	0.30154278736775814
31.43566318363853	2.4738379250282705	0.21959204227071166
28.730134350497764	-2.2635615988009405	0.3621696529493159
7.867291513722877	5.41118825759683	0.9179425420871062
19.278042720206894	-4.06216361540373	0.9759974836679991
3.1616459404534223	3.0593470559905427	0.6645731487335512
17.96560168731028	1.6094348669916876	0.6278362442780464
17.302704746500545	-3.46526389843158	0.9165378123736159
22.732603116774932	8.335849066104377	0.4154984933841096
33.79820363027273	-5.058905496095843	0.9896835833553168
37.434646450762386	8.661253307153373	0.10768127280300238
12.576855236255401	-1.3579864366283942	0.8412166343701846
7.28058533672779	9.90797101717278	0.9692514960895922
30.86638051266588	3.4986154551705795	0.23146392515506778
2.260435858192744	4.299948657661272	0.6617857849708741
14.936285421995455	-0.19947907508449703	0.6717744629717576
9.335420941060548	9.07034820403669	0.7916347431608679
35.01899607905099	-1.09366722711885	0.1228572289937373
32.266458578344064	-3.167591281222812	0.6324525229604576
16.803083312462007	-4.082582869005535	0.9731752126071969
18.97246278572474	-3.5258268882694495	0.9328482438323662
33.66434048645826	2.264783715703931	0.13892158495922877
11.786226144410112	4.83292310259128	0.8109233778806905
21.789746317634275	5.784383141967105	0.43521277724803786
26.193261653307978	-0.5265014746237355	0.34683667758006786
30.471732870112227	7.162662991403035	0.2353474471526035
35.55745584623946	-2.6680044022387186	0.31383075513987446
15.804699576816402	-5.60674559134187	0.9991559084525933
8.907575489495068	7.541997667617533	0.8148572827928875
10.308434728443453	1.5513555000750827	0.7727345845815994
9.22826473720411	1.9486367940579434	0.7964627015134148
9.566703392811254	6.910690424229831	0.7832477097947221
13.295287472692676	7.057442748599538	0.8162111490464249
24.56528825720797	-2.1832188368248886	0.5240900709564308
34.605696999676525	-2.2276952241621544	0.20884110154610988
2.4051076688526725	0.21503051168503973	0.6620034265495389
2.4790693360400016	4.934563890033992	0.6621050696887318
14.883980761359197	2.8905947359920035	0.6757577649906459
35.06179184496833	-3.271518217972986	0.5940386545888662
13.441225464806307	3.9742586506140967	0.806788723108406
30.05271482130683	-5.1322753385952495	0.9933797684625404
31.564797919695053	9.574413375980502	0.2157737128530397
23.117670553527898	2.540304371641959	0.4134453663054678
34.30505027965216	6.938982191325497	0.1268302726852944
36.713544332121586	-3.1429505823253088	0.5221220091047355
0.6561371154957041	9.724003676471291	0.6111411555830284
18.932241489894555	-4.325817705681551	0.9869804946328192
38.28512687882329	1.871380000100821	0.09146469324975331
29.972093637017483	4.505740979490394	0.2370234055631348
29.58706918359144	0.6929881508937612	0.2374509164612776
36.05689231966388	0.7476446454569263	0.11780883197419675
2.4625835041288986	4.297326074802694	0.6620815783976374
18.672438219450257	8.14857121167757	0.6295126447393254
4.385355665038455	7.915362787648249	0.6827507948091306
18.26587261504118	0.4470040479227819	0.6304831094176836
16.138219794129416	-2.643787763090941	0.7722457321222831
16.11773116370029	5.927133200215533	0.6216905456837781
36.74001163085834	5.742541201162943	0.11507980534709868
37.96566454560386	1.0053248548093272	0.09823987620893304
36.882150301502634	-3.122663675148061	0.5104985783166426
16.83251332344793	9.16670926386998	0.6165459547584231
23.002365026829988	4.236443129506451	0.4137886076103608
19.27979259725455	4.099405728185207	0.6114323923288231
1.9128474058092495	9.367498286805674	0.6610135569591455
5.766427598670385	8.838341729460577	0.7780079122406122
35.95911494094052	3.1170759036466436	0.11800569069630899
11.459340643361374	0.23993723459117078	0.7975926773461238
33.05681943288249	2.503699046150814	0.1576900961953958
8.404995928912882	1.366567667504988	0.8569900139799095
1.8897688130812245	0.11475703642747348	0.6609884405832684
0.39345018389828657	0.14795424599432394	0.4150436873472225
8.434084986180585	9.751023174752511	0.8540918280751832
36.75463518077037	-2.1209360041413454	0.17988098727815874
25.63414587214074	4.686703933253916	0.3810321610792942
2.5828464807388354	-5.252150878913774	0.9976491245991094
15.883687963545706	-2.1112627229898884	0.6979759673941626
3.3101330019822375	-2.5144663978778965	0.7645420902398902
30.987291787378243	3.9590413863252785	0.22961479810957355
0.25466845674790595	5.675307202737159	0.199276513493249
36.146477339961564	-3.9485419127925887	0.8701126656707655
24.780047476835744	-3.345585651902379	0.8317059770153757
28.865193221727324	1.00535779798631	0.24037387730387558
35.33309314069541	-3.2175368724732856	0.5638023496986715
24.850518178835344	3.193639920998951	0.40955084858873325
12.501459319353343	1.6064742508290522	0.834053168289656
31.974218626501685	5.385503478532787	0.2013467961563084
29.678848713710675	-2.9676409271960402	0.580914485430723
19.26629972363188	3.1451236103820968	0.6120931489422898
12.713092054919052	-4.502970790074105	0.9968494184959943
17.202245376592455	5.036298190023373	0.6186318122146678
25.975451981283758	-2.97335658352646	0.6931820959915457
13.219926514826815	4.148980722939797	0.8204290757529599
1.7850189515303003	-5.098067662504089	0.9979239279194421
8.300929532746787	8.652204351949628	0.8677837970692559
33.78067510876616	4.345555844296754	0.13616103796430976
9.801438122504763	9.484673389713684	0.7773642463711076
25.286688772581158	3.451736734664369	0.3970263317436729
25.842787453677	-3.8071090544220816	0.9193177873030562
15.990300619275354	-4.102731018933483	0.9745718489560695
28.24783303742097	-1.9656144851569444	0.31567807726225067
3.894585950154068	1.2249680898499093	0.6722396063454887
28.84553088416927	8.494872251564516	0.24053555579121033
34.527000469097786	-1.9618263726500729	0.17130972421028542
33.89404631453469	-5.458859715190659	0.9958235859635473
32.84602680687549	4.3476408568027125	0.1657014730733162
19.84016572067931	7.540193390022949	0.5740615279719536
0.8355154625144459	-5.789192128429747	0.9998885485461525
7.579490744485852	-0.5774406708609696	0.9496997435682496
25.711175504589537	5.29033836890774	0.376832707506845
37.77666421651065	4.671158661370338	0.10192542258914943
20.69405372147498	-0.27048563643037227	0.4994745778509801
27.620526541446512	6.271998259782613	0.26620680717936446
38.60910040940994	-3.638076477381027	0.7452700246754405
15.102596008926383	7.769308189213071	0.660285768952067
34.33248590462927	7.0454809682267765	0.12646872194887587
37.093040954538544	7.254884856760832	0.11204112559562418
28.029958578066324	-2.5090897517996957	0.4389299637993838
7.520047251135455	3.384215438034321	0.9550888064380283
27.040539476428126	-4.621377330459971	0.9826150260927987
29.56280095903047	9.038045799119654	0.23748367950688187
26.582894739582287	-0.043170571340198194	0.320804421005794
34.87930090934245	7.735941427066798	0.12134009285995097
6.435658064305512	8.121254908449846	0.888960200278342
12.145581676452867	2.7201442472711648	0.8250274237370401
2.8172902432386673	-3.7131645025953333	0.9330468404020202
17.124268353818607	6.024121402634986	0.6179812231606965
33.05005556195258	0.03319433623459034	0.15793810528671118
19.856016760415965	-3.4453847047773074	0.9087015646984962
6.531658221078581	7.875004374250061	0.9059275492522266
4.2596492285082785	3.867514174522043	0.6794681475501031
11.729828963431885	4.571934815135755	0.8085729245548819
26.239476540525764	0.31296937746127185	0.34370979018767256
14.67096844924051	9.334226777336124	0.6936302053454827
11.531656153404859	-2.2027783247598443	0.8522820774978388
7.380027486030789	0.8574295962103449	0.9650655854335385
32.44136607352648	4.8543438803453824	0.18227191169293724
30.13696275425051	7.106325671021249	0.23672185296303705
23.473507799185285	8.871593655466889	0.413496384459196
30.38432990850593	-4.025449152334094	0.9235978687513268
4.740847715135139	0.1304980339828674	0.6951112120986986
29.66879429322613	8.766759267827599	0.23735217862922622
12.253146894736014	-4.679615459793467	0.9976393982902733
28.123373820112505	-1.1002706762194698	0.25512401722846373
2.7568028513876994	-1.8165292243761932	0.6931831950647993
5.470022480150631	-1.6888100454736765	0.7668074937890537
13.371327275366166	-5.802625190789971	0.9998135378458822
11.162007658971127	-4.534053833151578	0.9947492958406584
37.93564924348215	4.0117802055697815	0.09884494393946895
31.864149424396363	8.524173659395029	0.20552667023795754
17.902187677620166	7.230345725576786	0.6270787548962681
1.252431074821951	-0.43200808471869934	0.655096948915923
5.062907831536562	-5.77938347060967	0.9995058514064837
8.509944562005638	9.158500133850175	0.8467892038004413
14.13939303559436	7.2236873387504765	0.745563437121708
32.06435432731851	-5.758457801137592	0.9983308389328328
20.90288578462631	-4.836780069372363	0.9933858538724767
21.5672291428431	-1.707107297171575	0.4829485810577986
27.491517482409105	-0.3943837063742883	0.2712407769803566
14.296238214337881	-3.775103450940204	0.9710467226605213
17.757629204486104	-2.3002242887188338	0.7281520172827293
3.0689076042547625	4.6586741369855105	0.6640374332592478
16.55983787779441	3.1610062629908455	0.6168995138609864
38.70923391005135	1.059419270593711	0.08213909451022854
22.102787750532286	-2.733761741338359	0.6576776629938077
5.996674781282491	-2.1042091417596502	0.8576714632529022
25.11036249868295	-2.39184121610619	0.5591528254281154
25.540528343884073	2.9443578136405506	0.38583893709775596
3.5686896508587047	2.557733929014919	0.6679479062627588
34.160633320144626	6.743112220468554	0.1289272634254913
0.535045966704229	-0.008609947423050102	0.5494184707132336
3.473504070771909	5.594565088147927	0.6669872470905261
15.763646501763366	7.798790975078003	0.6300645991518258
15.575317507360973	-0.36272186065758305	0.6365106169361903
18.294704754317532	9.389241356909768	0.6306209094876263
28.283443504362438	-1.5133021360025936	0.2680868889572816
11.140178730215059	5.423380911438738	0.7864203013355131
29.17298252986352	3.858331589794741	0.23850874867007874
5.308144692593526	4.5040061312797555	0.7293088233237346
22.316349966531572	7.059649268505883	0.4211768237216845
28.38650396674773	5.452918332169649	0.2461705577535275
12.731285526295952	1.8200631995197298	0.8349915627220423
24.294048171005315	6.639995022181598	0.4149920903754352
7.409279791075765	8.73818217087349	0.9633481243236857
3.8651407370009214	0.45582186007763426	0.6717803921517038
30.74846646628928	-2.2943415521583574	0.3613725702362904
1.7190613670735053	-0.9010482602930523	0.6611608367733032
19.147945982196795	-2.142121148954832	0.6990070386106358
14.338867459642316	-1.4188186576933255	0.7362631586253885
30.926703860710905	-2.527288724307354	0.421243389086867
5.705413458245403	7.366935246497906	0.7701442366794131
33.197606534731925	-1.3875098943404076	0.16274450363818474
29.458306927888362	8.945402244931966	0.23765665226132937
15.228745048961793	-1.5312260614981952	0.6710487001305409
2.8432524865874025	7.736949889060025	0.6630095053048884
33.342678396128306	8.50656812891351	0.1479659375381912
36.02843474478154	1.9659530151029116	0.11786855349601086
10.780854860762776	4.278215505278542	0.7774764857382617
20.845486214546636	-3.497864686371038	0.890980626677508
38.541150905611694	-0.7819511663385974	0.08605064135718797
18.040338355333635	-2.4541185050899266	0.7557192988840312
27.869237418088034	9.925870139034746	0.25795193547607237
12.652597060834664	-3.2494118034288597	0.960426561500185
29.83229425690566	8.767708769165093	0.23718606578964588
21.902485040842162	8.119991390431839	0.4314481887394321
24.510512268429046	-0.9580664966726005	0.41599797993394944
36.613745326036586	-2.195887138191445	0.19261569106590667
33.56226252896391	4.548783039202561	0.14156498126596234
4.933698186595303	2.0155682711352902	0.7043066119731273
16.99521847798785	9.49798028087396	0.6171375282887782
26.04386997792251	6.932110953620317	0.35661204235678623
37.929142104624695	3.3300689461236033	0.0989752560421777
8.973133555264535	4.211088387338844	0.8105898620360614
25.219840694792257	-5.784770605336998	0.9990811803049735
17.186504018140813	-1.4145981904542673	0.6325748364773356
21.498137268890066	7.239281374272419	0.44719268834479237
20.785532747852947	2.7500178870929197	0.4921204602963309
35.0861676891602	4.18404972354168	0.12022992840534383
17.306123358581278	6.947274310946771	0.6196416897871108
34.86856439313017	9.561085522100544	0.12140808526527087
36.23525493682025	-3.00554237445969	0.4536379267937573
10.850388242842634	0.8561019463429602	0.7788647595118501
27.347318544076366	-1.813943127931065	0.32684438626107504
8.838687667002176	9.784995969214997	0.8196356918066477
4.7424005628503	-3.149308023783938	0.8794909264791522
30.447369305802102	-4.311673068699012	0.9585250867710381
9.579894839036815	-5.14508140060309	0.998536703673487
9.360648243405421	9.036140757640073	0.7905876602869965
37.202053703971345	9.049561848040739	0.11080576179018894
7.038158771716637	2.213198736185163	0.9672751132310954
3.981273677739011	2.193189119593935	0.6736888986772551
24.952168623572806	-1.8373046935298767	0.46266650182077523
5.764000416937835	-5.844551554541997	0.9997791680872795
12.40647179201054	7.180612233530734	0.8324022110676293
30.570261988190204	-2.671621672551055	0.4713054216241636
23.526570314893103	6.250991061251529	0.4136114088023655
39.2182801547705	2.151025537512453	0.0719091790928403
25.364426498796245	0.6996560784695873	0.39390395538137907
18.777179658883238	6.493450252200869	0.6280038875203254
24.277134317457374	-3.142794733307589	0.7754147979416954
29.074165491644404	-5.3435922480821425	0.9958689866148991
30.243571357288065	7.872931933737206	0.23641971031606895
28.095230386541285	9.90413638379339	0.2519805810757396
38.93766645122629	6.192406565586872	0.07732753754844507
22.41123045754297	8.427088392682773	0.4195136761092433
20.33789381255913	0.4336205373811808	0.5304049129344341
22.180787298195956	7.46956450245699	0.42397535650335855
16.600179073060637	3.4274056949581	0.6167323982689922
3.490866173765433	6.801877302376798	0.6671537626827558
10.130870090952365	4.496435073746447	0.7731622786530713
2.486787022680681	7.924953682468917	0.6621162943601063
35.22549780815676	-2.20759897664189	0.19965710729421932
24.894706965544252	0.24462341559681278	0.4086600009206268
33.578286122468086	9.69677478177308	0.1411361914667153
20.890119763992644	-5.765748674188288	0.9992136598545398
22.4871028102388	6.575356408218983	0.41834858916563045
22.54484233981965	6.223228038819723	0.41755557109267905
7.258246449970287	2.8261761245345447	0.9698207944770068
37.537217746837655	9.961940257088738	0.10609243462937515
7.668365820379473	-5.049700674014165	0.9997504483388145
28.90944608997683	4.274978709610831	0.24002959697572576
8.173265691019289	4.257166838171795	0.8818855685953787
27.512965147083964	6.508721337189712	0.27036138604018295
5.152552945602873	0.9100747120577495	0.7175912804914764
16.562187564660842	7.336190281483649	0.6168886063506137
5.239790008767435	0.7389826101130303	0.723902294788983
28.036367167780796	0.22656059093266023	0.25340601570098387
36.61571498785109	7.396717053529958	0.1158356455210115
1.2611452158609278	-4.774617997432454	0.9975549512057099
22.43931186560195	-5.791821221196223	0.999048676341907
17.200407393239566	9.341375943787455	0.6186153618082446
21.594685968989836	-4.703284687294609	0.989578032840994
2.625149488517493	0.6248584465386244	0.6623625664506753
17.700541751313512	0.4694683683200509	0.6244808791711941
22.496908325523435	-3.800759235343108	0.9206648339285045
38.86027818953447	0.871159776268275	0.07892559350480433
23.606911679965503	-1.3969303108706264	0.42939847466881215
35.36593219192823	-5.94556598791225	0.9985080481607702
28.186295882761144	9.081413545239016	0.24994937476945303
35.07596859703915	-0.3857198837572646	0.12028045005569611
1.3866650866861174	0.08633684279266518	0.6579353715417783
31.388433722207203	9.113816441804769	0.22088674937718678
3.0165379548530447	-0.40363117833701523	0.6637710963552512
20.05536538946239	1.0464001444152125	0.5557334417147944
28.286028534949207	6.557440807034695	0.2479534676699761
19.06357044828733	-3.037965401813853	0.8561406755561178
2.9706444182543073	6.238728441561722	0.6635443780144021
37.10663417267148	2.998260842815217	0.1118949988227753
17.129723516467624	-0.5979579642450297	0.6181139459120478
34.568699361699416	-3.0377037103118916	0.48094049534463934
13.417483303956535	9.354014050029434	0.8084271921333941
6.976672701767306	4.423424701995991	0.9636665460899532
14.775711235640228	-0.5527560980928072	0.684573011419285
36.305789997395344	4.694334389077607	0.1171576323867808
24.863854788432107	-5.046419709061457	0.9950835383422819
6.626748668190553	2.632101580334652	0.9217314074023903
37.549100230648236	1.9717793638192802	0.10590068890432151
38.520391081444785	3.609998236725378	0.086273207290019
8.79217418433391	1.1526106560688625	0.8230360249704006
11.949130609308833	-4.385740855352495	0.9948127107385768
23.346858906857058	-3.3388832733101133	0.8234016983907069
24.37951292764017	2.8152448957486875	0.4147319844690002
14.345162067225855	-3.911365945191548	0.9774948053207618
14.22716135155874	0.9160843121541191	0.7367912907008445
27.150110020723282	-1.8585781686658471	0.34268237186799333
4.610104562586824	-1.1681403660462166	0.6939850231559708
32.87119636430097	4.850049172994449	0.16471410364630243
8.645497053398513	6.507031223497211	0.834700903326571
29.719095781203183	8.376710316227598	0.23729903327668123
1.710190951640803	8.036330270821622	0.6610490870102169
4.2867597000989575	-0.2712113089596073	0.6801371757406888
25.29994447520506	-4.920199138883927	0.993304168556736
23.57402455846595	-4.529703250034611	0.9833967709754416
3.8332237662429125	5.655444359239077	0.6712994099857383
22.85810527016072	-5.605290233318126	0.9985265073716345
22.846324101514245	0.14862133631797292	0.41461252391427755
38.10342205967517	-5.571504416050807	0.9963222259412535
1.6729486400691709	-4.011211770368327	0.9785983832051535
30.556007394769512	9.82507596624282	0.2347628427511516
10.12767446300097	-4.402112458803522	0.9915598845137165
33.17253403067806	2.5311547925189295	0.15357971660063738
4.628127941099808	-0.12629170553963576	0.6906285026418892
9.261502852240001	3.7409841404786626	0.7948981105427679
28.18607240914506	-4.550954780377388	0.9761254979864492
2.8319832782977707	-2.4199647589768603	0.7509727235038715
4.037515331495629	-4.6150140930945796	0.9890575757764186
6.415505990462928	6.499548753764003	0.8853159539108151
15.57351203404561	-0.9921724196146258	0.6385542626527935
15.310032189076733	9.902135590658723	0.6483700824939127
12.448432758656894	-4.166923308376354	0.9930755140269935
14.130100571920437	-0.24661344694355591	0.7464869516026235
29.652958865351117	-0.6522536024408652	0.23751767104180288
36.373829939136996	9.37384885952779	0.11692561429061345
27.06093465759365	-4.70812762089767	0.9856451689318795
6.886769151937066	8.71867419092759	0.9560616671810847
32.9503628174664	-0.47954073723836643	0.16167591843799348
4.11028495858488	-0.23068549820341389	0.6761386260704618
17.11807073289704	3.804539271458893	0.6179338353558806
4.169605001501675	9.732059650864336	0.677393007190106
24.799034513201754	-1.6219506264317687	0.44236238095160046
18.744310182334047	-2.6917236076433895	0.7973256609000137
8.079196609593975	-1.4437217186675824	0.8980345358561628
28.94887453100782	0.0032756871530956744	0.23974753265596582
5.482213850415464	6.431492357218815	0.7451099951254888
25.069313579320657	1.984732940324026	0.4043213398583767
6.750705947837575	5.2479973315360695	0.9400473936603407
21.4539864740584	-0.6261236093488236	0.44944882420309046
17.716746473607095	0.42416688833375815	0.6246944197865021
14.080138141384188	2.478984896135305	0.7514221498507246
27.665666341419776	-4.081774922598765	0.9374691781430384
9.12371435830157	-3.3113656098331745	0.9453831638648231
38.114807061093835	-5.1852599874641925	0.9910845090371198
33.85159962103261	-0.6638646338760594	0.13472434920700238
11.434186414655105	-2.1829296936073384	0.8473766192413729
7.584400312136228	8.479338352589703	0.9492150289323779
15.617740162983262	6.468802704908956	0.6349210626689795
38.248724915446545	7.234210270354804	0.09225960507255401
7.041613392868133	-4.163630838761755	0.9991301616739593
9.86559416753608	9.870832764676486	0.7761856923034501
24.24823715854467	-3.0050367356800294	0.7350636822493136
1.3248628206016282	6.067319431200172	0.6560087120309285
38.81169616999733	-1.361011759745626	0.08556503744681064
13.0382075312477	3.665881990380022	0.8285518108673418
30.195034923892543	7.57685211559436	0.23657002686815207
13.29158385102843	0.4763858069630338	0.816429604409854
33.83862401687284	2.273815196347531	0.13488530568725537
38.0437621946132	-0.5460497683733649	0.09666052398042593
29.33182634595239	8.39026095392654	0.2379532894786139
22.133544485843103	-1.3817472328692588	0.4395940487913012
12.810206197884213	-4.280156104649919	0.9948370227352362
7.822903836034075	-0.7149756273093715	0.9232414346881803
2.503904616096951	-0.6970008056341648	0.6622685414091032
27.919585540748383	8.096877429248803	0.25650124342945196
1.334653531249409	3.694763557521327	0.6563384257729088
28.980004971513832	5.445210397742535	0.23953743640914701
8.133626594616826	4.390436358465667	0.8864374277128594
39.0919574485697	-1.7070360954519366	0.09108699587298989
33.82719270519986	3.8347822751199523	0.13513166862691384
33.43163552629218	-0.48850741385573215	0.14527166195343288
34.67849653592182	-3.1971240389183784	0.5602395210444011
21.99188323469935	6.499984718355833	0.4287765745953422
13.720749774255763	9.511249563310866	0.7848608472631253
30.319961560418577	-1.8203256222682178	0.2831275328109693
26.883236753790854	2.8398216670497476	0.301976829339612
17.134785665486177	-2.0503546885232744	0.6859630322912591
39.397289375535536	6.426326890330056	0.0688089732104368
6.778894541942419	-1.9321448626739333	0.9555837228282986
6.299053923220513	-0.21689893990460973	0.8640460066149903
18.203291880964304	-1.2431060840476178	0.6375694730462509
7.696057078056621	4.76188594795595	0.9376415329848753
14.925463744152573	-2.890919053870519	0.8474885776556059
37.5810156489996	-2.2470320111136317	0.18706627698640438
0.7843171711766443	-3.404367160278923	0.9774959972410956
22.60974331813877	-2.9865520428365357	0.7222080645448239
5.5935628381399445	-1.5566680292060937	0.7726043534151823
24.14505859039521	5.6165368954004435	0.41511109660060824
7.216778305855243	5.160864811089098	0.9704959196683494
16.485481007312217	-0.6327993860679761	0.6174464423726465
9.184902627868055	-5.158626731077238	0.9987825846417838
9.659709060971718	1.1101292072322337	0.7806133301537735
9.044241330842487	0.5262718411535374	0.8062634522835235
37.19042025741256	7.678904663192753	0.11094450950149692
29.590219067257582	-0.7445033844578752	0.23779079911126672
18.324289407704512	9.438500833730767	0.6307360097257292
10.108072412758043	7.021838987890007	0.7733080517131566
16.732250065301685	-0.7198404306126243	0.6167627208399061
23.397051392005757	4.658704832183528	0.41336951349501944
32.0895984084485	3.8003724448475538	0.1967903113914464
28.410882203488725	-2.3784140059162446	0.39427617104690327
6.14241442383287	-3.2531295401424707	0.9647629998683046
29.980273182819904	-0.16141577097289428	0.23701259271398908
15.247531884075888	-4.453782870300284	0.9897924327227642
0.4156374131907734	9.029323178573623	0.4407381517692644
29.300499403527514	-5.466788446887573	0.9968817887548599
29.507789332478854	-4.202400910254564	0.9465022443564088
3.786838959358245	7.374243394148166	0.6706324057859357
34.51461773757379	7.130028168463003	0.12434420507826238
33.6293924869691	4.219837535999357	0.13980302064214575
29.559228463489738	-1.1966739300379672	0.24334857399918844
33.01705118356532	-0.30322012434171697	0.15915421199641686
27.61481272321718	-0.919340873517335	0.2677957251802685
21.773005812400907	9.03814106378978	0.43581096908790884
32.40855612014535	3.353277513188395	0.18364351689950578
33.52483631519262	8.998614530742664	0.1425866626081825
22.150413167343665	9.41292133222725	0.42467400241411135
6.572603578494115	-5.214838339440281	0.9997649607643908
14.74388835642124	7.2535778866350675	0.6872311765715898
14.077313002559471	5.87813783600366	0.7516997798505707
38.48597229681024	-1.2847766920391912	0.09144340938671397
16.556635183395855	-1.9472487929214815	0.6715264924615193
26.603710145429286	6.840736386980055	0.3194452244845559
26.296207042165275	6.329915583307425	0.33990784288992143
35.96571619963883	-5.290266430286472	0.9932694899001024
37.143817373138	3.2857507113014712	0.11148374343269901
36.45970163480318	2.4355466924315756	0.11658991133543854
24.442630259086776	2.3963775154701388	0.4144309852585648
6.2250445243500705	-0.5158129483910869	0.850638802932228
9.65230725264447	-4.289309070650237	0.9898380246549697
38.69322884198785	3.1993096908385574	0.08248536030767945
30.974896571364372	3.0060343023103897	0.22982045786880292
38.283964813771476	1.3141417132300894	0.0914900280310991
18.05778838872791	7.407252137509108	0.6288405637308329
31.247529863730666	1.6655114508693138	0.22441380982118933
5.695286011762907	6.757650956814583	0.7688830359197941
0.8491446235687976	-3.3460653056516136	0.9707105218337941
3.993772088666596	-0.4246575412632936	0.6739181676843955
17.21099284662117	-2.5410910291816897	0.7584530340947911
37.245180721141395	-3.1569215930140757	0.5248751647513489
30.80982028573851	2.115767719212865	0.23221366489005657
29.965901643042614	9.16438453489975	0.23703189407901942
24.562526027502795	-0.6441007144094861	0.4137311250551978
20.270114243416064	-4.154271766248559	0.9747697705052124
10.572122350489645	6.241280302144705	0.7743526850952104
2.9101986984489665	1.7880115563873034	0.6632763408988642
8.130115340885974	-5.728144710794989	0.9998761209401822
18.614245933763854	9.838323130765765	0.6301001755145607
13.59426258688761	8.135468148053882	0.7953432980702115
22.41401127316267	6.4492979757019775	0.41946843892558144
5.572522929328975	-4.503285415492861	0.9941772149331839
17.232727593816822	6.35615528883201	0.6189120858888938
27.473770380772564	8.956374198647858	0.2719660264482079
3.891278009513301	2.8548773631437463	0.672187044247979
33.57867766395189	8.19162938700811	0.14112577850637828
5.706463568090345	-2.3656783868828057	0.8471864842471599
32.67403342688892	9.463562546399046	0.17261780703060753
13.46159197511537	4.646579565212701	0.8053523716099396
10.122395678524601	0.655949908190582	0.7732142887773906
22.822305181308852	8.9236255154286	0.4147774043401277
23.002241752058712	-3.7118459993455417	0.9055084243383901
25.033857852145985	-2.254031106078088	0.5305644044445711
7.178087013342814	-5.201298895318338	0.9999250537349277
4.040560927407844	-1.438435673140905	0.6860628647086886
23.4156198582055	7.148024453077554	0.4133955690816688
30.641016973758642	-4.185352949188971	0.9456127406747777
1.396660669546456	-4.229552986875891	0.9900061996857816
23.004912692113862	1.284696547015642	0.4137789939159095
15.816396689434788	-1.724940523340969	0.660794835521973
8.111285730268731	6.872997334318274	0.8890312715666314
27.94453422524687	3.1951408346235617	0.25580864876025045
38.112600488872104	9.972910265748734	0.09518867768029868
38.81875814496682	8.100221270928742	0.07979750182273537
4.177572427779619	-1.8451502808827058	0.7111846373957231
21.200081980134666	8.324596333720795	0.46318155560532404
10.222742885518812	1.5925076096193536	0.7727857426207814
19.02234695067187	0.531107624918949	0.6219626204887899
34.703449406170165	4.648369195625673	0.12260095751585563
32.55295586830668	-4.3204598304413935	0.9539291927899096
14.116681331307715	9.045008637263127	0.7478162713386871
15.350597300787493	-2.941543165465312	0.8396022572060647
4.535008270326421	1.5727876183779408	0.6873422371315319
8.560332724887944	9.897914286967726	0.842148640684872
12.455623120242334	-4.528484478998855	0.9968934418302516
32.87515902590993	3.4376221945659395	0.16455933957278168
36.071089578113664	9.07233656242704	0.11777784413060033
16.479071880017326	6.153027062732445	0.6173617799767274
13.075167377978026	-3.7877681008607027	0.9846769904562525
25.65426011932552	-2.3540712445578293	0.5287624749868298
24.443996722112324	-3.045437578206471	0.7474774180732804
35.4645492727448	3.0596107197781386	0.11896414475713545
36.554389184376994	-0.8453186908588322	0.11663922673530117
18.01170181840212	3.9141606670073052	0.6283548019518651
39.79984068239154	4.507834805869589	0.06303306763714672
9.332251192909432	-0.012686323826770263	0.7917692978430014
32.75418874893362	8.820316245611952	0.1693613979581049
7.803759853006083	7.755817604755965	0.9254028292617807
2.7255067054210946	1.8784384184341647	0.6626185247292473
2.0891447373610057	4.987449276929521	0.6613955979250024
9.091935134537211	-4.861040194717351	0.9977173174871891
32.70042532426876	4.53671622202447	0.17154008137463486
13.690013701635039	2.6678019852366717	0.7874841390332128
16.166274766843948	1.545805017733489	0.6208803730441709
14.539210026113013	3.2225811494179837	0.7058497768372325
8.493259319079925	-3.6715857293630414	0.9811636906684127
10.695766423180789	0.12199208543722406	0.7760123493491462
22.55340136002578	2.9375621717690024	0.41744475943278414
35.36674234781854	2.4465061271173383	0.11921882958309644
21.376381303090174	2.2744360321492323	0.4532427918312048
28.25204332980226	5.424219731788671	0.24860757795315458
36.79678233479612	2.49681972242011	0.11468412680475959
8.805360550923943	7.13395098578393	0.822057583348516
30.81628837176919	-3.290434689080687	0.7147622716327656
23.67867733317491	4.243427764806032	0.4140240047671724
21.77307908536954	6.397001704145573	0.4358083282133249
29.676765166513714	-3.7888467048277725	0.8755910042744175
25.528922241699828	3.8835363399501865	0.3864107993846588
5.366158103187012	1.092497273304442	0.7342389662693984
12.579370895435147	-5.358660493946452	0.9995432246621926
9.428359278277114	-0.2882021361672713	0.7879414181944224
35.60083482440863	-5.10965938645646	0.9898337962078732
13.367395858260402	-5.3065781338015725	0.999418335861832
22.07751119519904	5.379457486539209	0.42646339331546457
14.816770097615484	-5.969035434519753	0.9997247601447368
16.372394827641497	8.844300359065326	0.6182437774560186
35.65256923361152	2.906158442458775	0.11856448894177499
7.166250202530963	3.894328741123889	0.9706224901156971
28.16210021311038	6.6695831871649425	0.25046914835059
37.817593438125975	7.931566830826807	0.10115419371941353
17.021333949645882	9.251527176487215	0.6172830336355938
24.104673602494035	4.953258426154392	0.4150841346564027
23.405051071901138	7.782434934382561	0.41338033803816854
33.19180654060761	-0.49743801024828826	0.15293719803219377
7.7460325431607275	-5.260926639936272	0.9998181381319611
16.49481432265977	6.1496774118928315	0.6172580617554002
27.821387641565295	1.0546667009439723	0.25939788624849125
9.535165339467971	-0.8671405579261275	0.7848086990599255
21.5840255881442	-2.3274189503386395	0.5767247424412763
3.762161404051947	4.336422992164252	0.6702920420372721
18.580943859750583	-1.1559668086027415	0.6354161487465574
17.97424951647317	4.637907219141251	0.6279356593584616
20.990002729078373	-2.2534677689802542	0.5930519387962317
10.730540263212282	-0.3858871410635736	0.7765831014849068
18.29280669265534	8.157758599528158	0.6306125764252473
7.644872776531523	-5.102228752144768	0.9997899939212589
18.285122764955936	-3.128077333449081	0.8746927212490394
26.63545766131294	5.670615088975804	0.3173868496029873
27.9491647699438	0.3392395656200833	0.25568270263117215
12.096510606001686	-0.21102423436962425	0.8232876883711718
26.064690793942656	-0.7751423045689947	0.35579174843820754
36.56938538192489	1.7922083877231145	0.1160811403868821
17.388734752407842	2.008178174543584	0.620547009790402
19.074706659305466	-3.6247853704815363	0.9434684172998064
28.986646568174887	-1.322840505173648	0.24947828904946368
12.227261293883755	2.3919790097358273	0.8277106669275563
12.700945298976396	-4.837683554233632	0.9985202342518952
22.08342086149268	-2.8450600908261237	0.6884329925386271
2.0392299455328122	2.4193929825248475	0.6612688537717732
19.36960956010891	-3.700480125104569	0.9488985977902206
26.71842449444241	-4.9244907350679235	0.9917471777913832
1.8974936815161647	4.071533349433846	0.6609940871618448
7.828234234042026	4.985064621971809	0.9225424024060817
6.930152827686129	4.974531630848002	0.9600591419824893
23.753504691752862	1.0377850179669146	0.4142509541915608
3.211091796108632	-3.5281174133561137	0.9058906338269632
6.507538323787406	-4.374982595568859	0.9981615196111361
38.2122750977469	-2.2561812912238963	0.17073535264219988
30.28717334647523	5.249317896922424	0.236264219657366
8.270179591245462	-3.2345282676783818	0.967715898579607
39.21902118551685	-4.817147833855529	0.9772106049264347
23.603077149663196	6.413688789402606	0.41380695401515344
38.124664490696304	4.1185122845788165	0.09493251894462718
35.2278720367367	7.483333331818404	0.11965944585318257
39.16286818770777	-0.9703088444282351	0.07371120756075977
5.871414983210617	2.7620813929894723	0.7926263474044586
22.972711543105675	-1.4663347122979218	0.4334872172037608
3.751555642990746	9.60685216650814	0.6701487815580561
30.366840725398276	-2.916569479259646	0.5623622079217244
15.701894370768263	1.3021455132530768	0.6320108839119872
33.34091821266378	0.1873374820347955	0.14802223655600028
15.03043894628079	-0.6991640218515727	0.6652644266175117
5.726805714349898	9.148137202202609	0.772849216120701
22.666977754116093	2.170211294027915	0.41613052983142657
12.681799183366243	4.791307125152404	0.8351873149447587
20.006271239205706	9.327216419879349	0.5600319651790112
29.76005010859941	1.13148413223648	0.23725821032231356
7.492274935858325	7.321057329231088	0.9573981489404074
38.44211575198758	1.7221429259506458	0.08800414535711373
11.092609243776256	6.349456466636333	0.7849931510764712
34.91230577298552	9.529373135513026	0.12113790300704218
36.62036507496288	-0.20361751700140118	0.11581044006016138
3.097263998573516	-4.619248248419666	0.9888002595996745
13.140301012504844	-2.3772159429475046	0.8860393913995996
22.271589019784933	1.3398010345149025	0.42204473512106594
10.53639755387432	9.62545495089866	0.7739790118378357
31.20255701270936	3.323876360830475	0.22543377037929171
20.51774257267481	-5.463433254051619	0.9985822645246698
32.05201512795426	-2.4425856793144334	0.36011990628616053
14.71202804550009	1.004466770657892	0.6899932594188597
32.757535151300225	-0.28257851688588076	0.16922779967426083
10.767652866239763	-0.2359185442446723	0.7772328548407037
11.069204124780212	-0.5540528295431351	0.7843526586869725
3.5824589494656984	-4.2559132211020945	0.974896511876066
19.65227595956451	4.106722780398496	0.5885583424071594
32.48397896985878	0.488103360789907	0.18049197495772334
10.863942390345493	6.6348646245877525	0.7791548969985955
25.18754245341205	-4.34524924445844	0.9758550537628405
9.925796352307508	7.584397271765297	0.7752409072556811
23.423570949499968	9.259518953312813	0.4134077070365748
38.73270645934842	-5.466907255024406	0.9950683318418649
38.83035906371933	-3.0294055796970873	0.4078768528445238
17.844557760369987	3.618744647487379	0.6263569589974951
29.60888532960486	-0.7024668042212454	0.23765939152638008
31.265333286888843	-3.9039482058465893	0.9012718857451888
17.51488136096548	4.832676685434706	0.6220683764429238
7.024317794438636	9.166042983226955	0.9665802389606175
35.45030343328318	2.7503132617910886	0.11899883462669554
4.374468994317766	3.3978343076107222	0.6824470856349468
16.111033250520027	4.880679057591621	0.6218083065357896
3.4608500300505285	-0.6707625128608576	0.6670081060307919
36.40564729844665	3.351153799458178	0.11680711463465578
11.017621539524143	-2.690122465368251	0.880544365005785
13.933733316320705	6.427054533047887	0.7655615266794861
6.3652276740817735	-5.506959874123385	0.9998123123937176
5.949336010185705	6.091867157457646	0.8043268930268852
22.080255698990747	6.977760095650215	0.4263930863717187
25.975498432668665	-5.828719999235538	0.9990913108666404
15.698635035308818	0.6761966188961708	0.6321181681290734
0.41163401574194736	-5.388051335173557	0.9999296925726744
30.36051736412071	3.0408098742489287	0.23595363603474245
32.354663645874524	2.785010551292583	0.18589473005544135
10.9046201934956	3.225549296627875	0.7800643478967163
4.306298570099431	6.4694994856891945	0.6806306354554267
14.219807940110627	2.3314184052988516	0.7375293617156055
31.34093701672968	-4.380791723820344	0.9639507658309988
16.571277526267263	3.3694294786124495	0.6168478663081814
11.680808003380521	-2.783150657774261	0.9072418729239594
31.16969662180376	1.8746632626438355	0.22614738220880948
15.680513904610214	1.422146663251496	0.632721520374132
11.703441403151475	-4.301851169134476	0.9930097000880868
2.6934322510227116	1.0509658319558	0.6625288987963095
21.56621114658363	1.8076353372565492	0.4440896106400543
6.161409279009296	6.008684364948973	0.8393405987171465
1.7628854590751883	1.2998271380246678	0.6609944128839071
13.416283417318727	5.645616032222737	0.8085089535021655
5.860378952242284	8.962369076462476	0.7910259007442483
17.54166498300041	5.276656050725364	0.6224077170837755
11.029852714055657	9.560578609600928	0.7832180921215761
37.712748468559774	-2.9141818838054903	0.3918333621483991
16.506803693009413	7.868099057750662	0.617183531156512
25.847726502630653	2.5472027439005096	0.36889784272405457
15.350529474093664	1.4406987707891723	0.646328795754209
3.506546691138945	-3.0987049574974392	0.8445626823636219
36.63379992700636	0.6934695366586432	0.11573503780101213
13.228121353908133	7.0902035775964904	0.8199932447312172
39.67469465840336	-2.597460747570004	0.1961890424971582
10.289044236464184	4.081358252190412	0.7727209356079926
32.957822315181964	7.414722309500771	0.16137572409331705
6.0254537885397	2.075632313643567	0.8163942032616723
28.4767658934484	-2.957479547582931	0.5829577959619997
13.9590477184297	-2.5262008478464786	0.8554111997889481
5.455722825751442	-4.336059243968666	0.9905562509708932
16.2104223835293	2.027007891047994	0.6202081592191562
15.923515485685213	1.5857450705280058	0.6257216531251486
2.81451346167494	6.12560101114347	0.6629049082286896
35.96838913666676	1.8041468476088554	0.11798816218241522
6.962189301508008	9.48414478104067	0.9626218498548859
8.93203407011647	6.037439680421361	0.8132335623217334
14.051482515508205	-2.3906845674236763	0.8338469761892449
37.33518790235954	-4.832374577229089	0.9808453413348538
4.00873721065574	2.16147557152982	0.6741797763199255
27.731128712556536	-1.0702651610841656	0.26562941044384636
15.010823694328948	-4.0738955946884445	0.9784237333040195
20.276816300123297	-4.771767863945978	0.9935940125789593
21.693327488034285	-4.019199072025437	0.9526477400889533
7.073925315413749	-1.2912018195503592	0.9698635306191837
30.656985967222308	-2.865757130186932	0.5417138913142316
20.284254659274065	-3.781402960830512	0.9449605875697898
9.299068357245677	1.960054361340994	0.7932030974445002
9.513397797640115	9.301448659419517	0.7849441941754722
14.476701625630364	3.8294989801885	0.7118929490704999
9.876929533464853	-0.25354475763693785	0.7759966702984517
3.1865553285860626	0.13856535691314775	0.6647306021626744
12.40007772559073	4.813653422424235	0.8322682257337405
34.851838169846545	8.10095530220649	0.12151622635838273
33.75760366479947	2.194967099629448	0.13668745137289567
36.70774468033681	-1.4375687864019646	0.12505426071373413
26.01855583873909	-4.1261416822002275	0.9571046909219183
27.079027969120855	4.239526067856961	0.2908582398368255
13.747037318299256	3.7087511686508954	0.7825813625960655
31.349544302797206	2.7841358051507434	0.2219104965980324
32.545772409250475	3.2770310975839507	0.17791522515893343
30.700853245248684	-1.3977623889545718	0.24666727968753935
2.6466056094593293	0.10201080631405546	0.6624119829733728
10.267610874502653	3.832772927647124	0.7727230172689264
13.632680026014567	7.648891016795005	0.7922493428469443
31.682154148200073	-5.316811054261002	0.9955584964824299
21.055798105742998	7.045556419475652	0.4723717813206108
29.66242489821001	7.145021744991517	0.23735922411831942
30.674928851666195	-3.0670691290118874	0.6230732242857685
30.110842153094524	0.04744456285861531	0.23678255286094033
29.01078741520671	7.297457043895452	0.23934339304551194
12.557965001700273	8.123710412831421	0.8347085551561353
36.52969075377079	-4.376486973422281	0.9474260839760911
34.94921578981212	2.307471306289326	0.12092380869955545
27.347772837703644	4.435510893484135	0.27745973441050026
10.569693426114274	-0.9299611862170636	0.7752784002589379
2.5242822687294724	3.1410466698283948	0.6621735545221732
8.5871346343054	6.639809319342582	0.8397505823000184
25.521626386528144	4.335642292566654	0.3867675233029376
29.178959846546256	-5.86617773725996	0.9987541077216576
11.212518250344289	-2.047331867018041	0.8300657443649689
11.757493655408656	-1.6652815143092994	0.8273765267839382
32.86902447456269	-4.372305209104351	0.9571228021759314
16.30003004540412	-0.27069035122068286	0.6190268307193497
30.884835022423815	9.120596226407446	0.23120381427563688
8.409221907131327	5.309900234232195	0.8565655933054162
2.783446148751617	3.997513407210967	0.6627984598940884
5.576038933862987	6.455933474549088	0.7549443339898088
30.90659524785741	-2.1999104209235973	0.33832906963328974
24.401978350687894	3.069253523005113	0.4146360781157952
39.11199371694258	1.6258694544084342	0.07388599891263105
0.6834961324416164	-1.5513703278935473	0.6421548530970201
22.95768728269718	6.912914108483324	0.4139800252550753
22.871317991836708	-2.9876268198179616	0.7217864480782951
10.685223328287947	-5.458542830614476	0.999263409258517
27.727672839230443	1.4286816625491205	0.2624237899161404
10.259648428159066	1.2314810538490875	0.7727285077050735
38.1083993808466	-1.0806346533102271	0.09708907237742602
32.00288651638923	-3.9543615759912214	0.9060493876831801
26.974552709475947	-0.8634939590588999	0.2976437185389824
32.08966943448727	-5.272173853689676	0.9948926757606619
34.016043592065735	-1.5255984997531726	0.14595708914957145
38.6765709503711	2.123119398778414	0.08284698212777392
34.46761806200399	-4.430570566600359	0.9549758708046784
4.380730054817591	2.2721065372022835	0.6826214266016788
12.782759831592486	7.378584547618253	0.8345464269621536
23.28546831409296	-5.019034831350254	0.9944204695874406
13.36047778339626	-2.1879437599644795	0.8613111849414086
21.398215729297537	2.53438177564664	0.45210942899787326
25.37224311303559	-4.597311120989193	0.9860175611427364
17.34624335925594	-3.9197110333865552	0.964472009762733
30.946826959994628	-4.067358396717328	0.9300637217108233
11.54520057289208	0.21397146222125585	0.8009860938015335
34.0900962071853	9.29983127017999	0.13007566259471892
22.670601403418782	-4.146158064810866	0.960700693271446
1.881276514756519	-0.5764539350016591	0.661238017052478
17.899654172433596	0.9861668451223125	0.6270478698357077
33.43023534351414	-3.1259596710135966	0.5619505983147906
26.914822563178877	-1.7082816683813995	0.3387300795305296
3.6124493062772656	-1.7891711184492856	0.6975899886276299
32.38942486068158	6.11895383293491	0.1844430636964219
17.74555932031401	-2.872350191419862	0.8239097773333901
1.2853492150427928	-5.0124354123735735	0.9985328348134895
29.403692065234353	4.999699864452825	0.23777117545790846
24.692528139737068	-0.06396104227631838	0.41211891983737914
35.81679391376539	4.41390197835651	0.11826565379897973
7.984731817494209	8.203661939274756	0.9039769660115088
11.182202432990962	3.4086497739982526	0.7877371081875901
13.522787206247912	-0.2103389149427386	0.8008722525140544
32.94074842128675	1.4713731468855578	0.162026045124354
10.99905681721034	-5.163363238864889	0.9986641488678897
4.147123613298246	1.031395928169534	0.6769074657913868
33.682438544851514	0.009163056567967232	0.13847538664814743
30.606340540328624	-0.858030033900615	0.23519809469882721
25.144622868402845	0.48592091053607334	0.4020337796326244
15.5339824964831	-0.9241105281367794	0.6394363018294603
36.49260802494653	-0.7053162852944119	0.11659996997437506
23.378438968073066	-2.212705489022646	0.5278543339816204
30.89496889848277	1.017044665468564	0.23105795109313176
5.046144824346353	8.207711235136902	0.7107101523360139
29.339268068375073	-4.611174347605122	0.9781782865984265
34.91832042374052	1.1258650827297423	0.12110234585349455
31.53541119552247	-1.3444632068859086	0.22712514251170993
29.94379768987866	9.022141266296746	0.23706097075554888
28.71645363693981	3.629325288752451	0.2417464352256325
18.913502720154685	1.5053325112265377	0.6251033890210953
4.904670260533912	-5.281719395921115	0.9982848626247592
37.245676941818104	7.178264945241143	0.11027070004152417
25.10762057303023	8.02983019457389	0.40318874383733344
37.497142099082936	-0.44289395718016067	0.10673568071671478
15.979377126015628	4.09965922770861	0.6244278458022049
26.571425468371853	8.459207319637244	0.3215541483352128
30.21342492099104	-1.5792839556622873	0.2606892935623306
13.656732988978572	-0.9190035408279833	0.7911286282827222
31.49707643364483	6.967357495567914	0.21782558499146754
29.737402306321947	-4.357849512786881	0.9619461817592777
21.971910200374243	8.63870014839599	0.42935023317798215
22.542177438936434	5.118953669462492	0.4175904406488969
25.00484947983634	1.0365466303163053	0.4060786618505946
8.6769379509858	-4.541734858699137	0.9964996312950336
4.124456998440656	0.3282021615631052	0.6764305471182146
16.482014519405332	5.085069891044263	0.6173418853147828
31.528490086009267	4.710976222045765	0.216887076650704
16.577177034623983	4.560704987546796	0.616822545805795
24.335936276807068	-0.9146637231754369	0.41640956612739777
7.278519063076281	2.2350591037226017	0.9693100910542507
6.758304558404066	8.009206983732764	0.9410659308852174
16.139810982274504	-3.052332890902928	0.8441923966589675
17.099520014044277	-5.260744856474464	0.9981176396681041
21.36926855409215	9.13518209921832	0.45361634131882705
9.747699627294908	9.85306317366594	0.7784899481970164
35.3028577078564	3.8291195426925455	0.11940865569238811
3.106204909162746	9.826330903256427	0.6642441754228015
28.439940523597087	4.060145942442642	0.24531057054016753
2.9107064326698704	-4.660455022465673	0.9901237790413587
6.263628327101404	-4.649208446546396	0.9983838376988946
23.17185546831617	1.5179243674061311	0.4133532375591619
25.036563014865017	8.053375174782317	0.4052368825556241
13.348653105235373	6.715621657312546	0.8129495984070749
1.5757716568252724	-3.9038897270044686	0.9754004950803503
9.6305307896979	9.037363751916505	0.7813958373726757
34.01326802450392	9.401826468192429	0.13142381581845175
11.166095112139304	-4.874600841174978	0.9975628326778235
12.820073369745808	2.794258868178371	0.834067736949962
38.97962041086008	-3.9336726821214114	0.8491223202103595
20.634981093349495	2.2782965736951404	0.5043760667200975
9.994632654656135	1.6458255301737914	0.7743489044803866
27.54747301010309	0.0659658543708801	0.2689903390888923
10.147614820892791	-3.873987581351823	0.9744251801061663
26.73594644171295	9.496447793521444	0.3109858781481992
