38.968420365620815	3.338307668973048	7.977009518105267e-182
24.400354753850014	-3.7359807775060787	0.9055977223174722
3.8855200912923267	-0.694040525469326	0.14565405963337386
24.149045226285025	-2.1906933316158685	0.21195582095940269
16.640091621763336	7.004495842995524	0.0
8.366163733198453	-5.192375167694543	0.9994497022299429
6.494901649913037	1.7072883690373466	8.713446592075542e-36
26.380673189599655	8.615273806949624	0.0
4.0043342316905175	1.6567355476139696	1.3034009556779925e-34
34.8213835176032	7.09342873334122	0.0
4.717326097843264	-2.8414462522259782	0.8919354260940984
36.277532282479356	1.030752100745758	8.36194055896579e-53
26.422639280420643	-0.3068859593033295	6.127853092136766e-6
19.322661062763125	8.712489193261135	0.0
2.8209020519533063	3.460071978090003	-3.3739855200627525e-137
37.695040370006545	4.449018156813807	-2.6868243330900255e-249
14.853839716012928	-3.5600919787141407	0.9393068833606281
10.04747018445964	2.1406312512474877	7.487263644078078e-67
1.10369344269462	-0.28032118086302305	0.05527468209973773
5.909597939815229	0.11212800201504436	0.012339755992638814
10.262550311115932	7.8013461362177345	0.0
25.182636044435704	-5.975302431729908	0.9993745361178293
15.10017190079039	6.065851396063792	-2.8880857302e-313
36.34242777042031	-2.5507699616144563	0.10664398182162957
22.099842860375304	-0.7872026524572391	0.002005916192456036
38.02613659129658	4.272525753651465	-1.3094874331033162e-236
39.20224336021966	-3.3892897065721	0.5594367737325826
6.590319196349883	-1.6104220827615912	0.849994868403151
8.629645748083504	9.218020339205701	0.0
28.180524382259552	-5.2211612781274575	0.9949784938171059
2.634546825267459	8.903294889805718	0.0
14.482118036892109	3.976231859218199	-9.874272742624741e-186
26.549289186585785	4.445356006746351	-9.876319621051777e-233
14.667353048278065	-1.0646162966785297	0.08526807250120493
39.10392502747404	2.9613158953669547	-1.4956497046994254e-159
39.0718609856314	3.3954916279649616	-4.385539905430075e-185
17.812988570007914	-0.4135363946545816	0.002789750373177161
4.531557881495172	-3.881136012579198	0.9829060691457971
5.3568170486673345	-4.106462664728689	0.9941624806124132
23.639118519932524	8.261269517810177	0.0
30.2909264850338	-0.7944409284525342	0.00012866100706696588
2.347233314976227	-4.700336599616357	0.9971060460991074
19.555674746483817	1.12398615481926	-3.0264567007431314e-30
14.025248455192392	8.36824222811127	0.0
8.794200103976017	6.118646357307501	3.120359274533116e-307
5.756365531611574	-3.791941515711752	0.9923903882872648
4.803189490637205	0.69092284198938	1.3457693640344318e-7
2.3200557713268397	-5.740607001727476	0.9997373927465179
28.896482392088117	6.295024049306875	0.0
38.4163908969815	-3.924727970824925	0.8457637321797051
32.325001295095404	-5.434999847643869	0.9962827796900473
33.81774115458492	2.779398831581908	1.1431127950414899e-140
11.056070040899456	1.011379716712554	8.009403686608213e-16
23.563774471411477	-0.669814867981561	0.0008625453187198713
2.3103056736996512	-4.11804500139317	0.9894136013200531
12.272760094429838	3.471846280598527	3.1646901859042186e-152
37.961920253452575	-1.1351343032215908	6.052733933558832e-5
12.043100428033325	2.6022500478320545	7.848532503735719e-99
28.155878203089223	8.159181712046689	0.0
13.997127940960517	1.9819489625351103	1.721849339339978e-64
25.44270706377023	3.7567793698023273	-1.0851302424304819e-188
9.833769603558228	7.760713304113182	0.0
25.72156415609429	-3.4137487946330403	0.8037145150362154
29.006897621724278	5.132614295085421	-1.4076932259486769e-277
14.402638909068525	-4.443646939613927	0.9924466541330103
25.552365937951798	3.554493855868813	2.8078604554495663e-176
29.58556582845201	-4.500544017626247	0.9724201783355095
31.53451716378832	9.204487275482492	0.0
34.42591506955544	5.555462205515319	-1.91931560869065e-310
9.472800336433544	-0.6266618676766527	0.10620324839125693
9.08988120986775	6.178379185343271	8.148778605304e-312
16.295650727749972	-4.65160046697277	0.9931336349963286
22.807737033394833	5.037866580178186	-5.401063134664055e-264
37.55392128177026	0.22515838051732828	7.205292176647149e-15
8.571083457025184	-0.22634652354458495	0.0322373917192252
29.701863844037966	-1.942354047695801	0.03897356598670029
31.423144230240318	9.215145738197485	0.0
14.840657754020546	2.6151380772710127	4.987674594618544e-105
38.99828486611149	-2.3707787736000583	0.03216914918985046
39.73548467100673	7.042100462088094	0.0
2.2567286105471362	-2.4134637422097924	0.765116881271857
37.84795729960634	-2.344598423992256	0.04034382601446971
19.61091392900546	0.6453048462941275	1.1196700370627226e-13
2.3730182107434272	6.119683435040379	2.1311699145222527e-298
8.29559595633508	-3.331457386161855	0.9667300085448879
30.524881380325276	0.8820870512985124	1.0660143888885918e-34
29.573169670331396	-5.4615552031547345	0.9969234197434171
10.256584786359372	-2.796405555189054	0.8508488586850292
35.26340379717573	-5.24559713359703	0.9927588859499763
22.985535597948736	7.208493481898206	0.0
18.02237103798411	-1.3329720741791107	0.10065137316195878
29.827599836303722	-2.5333643686686287	0.21531837306099533
35.76173692780736	0.545817003135312	1.2669061206796952e-23
20.78303550740308	-5.0394801102624704	0.9959750994998549
26.36846529560546	-5.044013709593717	0.9939187016259633
39.485531713887525	6.208214608369776	0.0
36.01295385885507	-2.114692359476024	0.021397006175417482
2.785536693601407	9.657637454377543	0.0
19.564145029057777	7.012500894288021	0.0
29.56300590465728	1.632978076246392	-7.904545258591598e-64
25.841760743678062	-2.7851247552347793	0.4748516142918403
6.038132948720282	-3.5893717776372718	0.9917041487641703
5.748156600464254	8.118757481777749	0.0
1.1946537326478466	-1.7007735926852092	0.6041465690508868
2.22167457410623	-1.7707087264076762	0.5565493760968161
19.19215639925405	-1.6036873201523925	0.14647826282132814
3.194760296074179	3.363793260367377	1.496869817813181e-132
27.18847236615058	-0.5640598361646063	3.862668285419991e-5
24.947705804245903	3.2145105720593072	-6.105909696830449e-155
26.93803023745726	1.9221929348669313	-1.244632158969726e-78
35.38830100292843	9.556446045126027	0.0
35.8907304376533	-0.3254440379073813	4.0091289141814466e-8
8.30129059781818	4.657555973728886	5.970420875948223e-218
15.875472070117846	0.4774257475400496	7.332203866709063e-10
2.735881863579456	-3.220413018089431	0.9228797094447619
21.521326682953006	8.14430736412649	0.0
20.236651920860655	8.308167847593943	0.0
26.057186042270096	2.7064543979922675	5.267398154768367e-126
3.2869875534520134	2.918710328634589	5.9111589832710235e-106
1.8410037825981802	7.45735077350513	0.0
39.53336590474522	4.699372773316181	-1.9262758610314143e-265
6.643018857982707	5.523342506569957	4.261800421186058e-268
28.325140954614167	-5.49095576753529	0.997267710199264
15.14307457294652	-2.7646547492723066	0.7306824858256271
17.6732555862007	-4.505778949325244	0.9905634109611021
20.11170530241168	-4.079222691701155	0.9690333184879668
29.615887412658473	3.7548037903117155	-2.3684039835256704e-193
2.2320236643550104	-0.3701534154300745	0.05254810296267218
19.89412889457224	4.679901682597286	4.052545758099657e-236
19.815660730037344	5.8400040923047385	-2.8604301366137034e-307
7.885685975861423	-0.15424842074730805	0.04718992748909244
2.0152186633948963	-0.4186569957537323	0.06815960165551324
7.008318688221226	-2.7127818208940546	0.9704756262879487
22.23692263063342	-3.5596638898096877	0.8710933607773484
12.241009956571704	8.999682160839228	0.0
12.896418806474943	7.388848014161631	0.0
4.615841042677838	3.8590672243319126	3.513434294522401e-166
39.19551701168783	-5.297591412635114	0.9923270731295261
33.03185454474906	8.073974229270856	0.0
19.573180004853747	1.2405912293139494	-7.743937191674764e-34
36.202590649141776	0.21970497934036715	2.1340041734685314e-14
14.64516797249296	9.581809996650275	0.0
6.61877148401637	7.968938261941396	0.0
3.9909652619633893	6.0016640430999	-5.401343025450197e-294
27.820479916039314	2.8512211270437717	-1.6509242508629593e-136
20.721000005513304	-3.584531793826141	0.8990544120953874
8.940048837138903	2.2923566090309	-1.445148954063988e-76
4.387848899131678	6.342808053935375	2.494573196e-315
2.290607409201946	8.071651750210691	0.0
8.480695331510825	5.2562470978487745	1.2624558432900495e-254
5.619517115547739	3.503076996056709	-5.049896024438699e-145
32.412672222972105	-2.749136938010359	0.27177288945389966
29.945168766263993	0.9299968438484392	1.324817712828143e-37
13.852678635954113	1.5579667725870046	1.2418319656063395e-37
32.90408870710106	4.925217372913579	-1.768746862857654e-269
33.26313339759073	6.4539220461277225	0.0
39.78679861406008	3.6733273434348206	-7.952442356328525e-203
31.846633845138793	-5.505697824843679	0.9969705015392167
29.688039703118136	-4.333411170529427	0.9598150308972926
28.42871413667017	0.05454769699569084	1.6282088368045813e-9
12.154897265231549	1.1992896547130627	3.7764013961924357e-22
36.113610956194854	7.748968943201859	0.0
37.04373050480022	8.99349557081121	0.0
2.4342843423882807	1.9310366101324732	-6.044477907661302e-45
15.453492897624297	-3.808718508186633	0.9590113174497888
34.3552206580325	0.5750344446847109	1.1403176874053013e-24
28.801140324178753	1.6847103980291323	-5.207149467397677e-66
22.507735842547618	8.577248909430065	0.0
21.01468214699579	-2.9058172269522267	0.6459283083463762
0.8385793821774505	-0.3972719419432522	0.0747577686286225
19.99550917706804	-4.435282654724553	0.9863955130615785
39.54783466437088	3.498035405939138	5.457095396444913e-192
30.83705651445148	6.210613924488573	0.0
29.481434315027947	-2.804406952322907	0.368947416691315
36.544926011151006	-4.180360508642696	0.9175629551673753
36.1115054530656	-3.1308208109433515	0.43716638917229983
13.934676546716064	4.708161119773795	-2.553037870307541e-230
32.017263164334274	0.3705159640951834	3.3216128917550942e-15
26.402060214571353	3.3487236543463332	7.63927458186407e-164
7.804961841661551	2.0764437979791595	-2.1639922197912795e-62
28.388246927276462	-5.49539088007074	0.9972836731437273
2.560061368996278	-2.0711866689936826	0.6510226975983416
27.21620774022727	5.7193462335112635	-8.315339286574e-310
21.848789224604932	4.105630142583124	1.695926624320849e-206
35.766176719969714	9.264794565782509	0.0
0.6219443959800417	2.1599010527571387	2.9075291653195313e-55
1.260078886336445	4.197509038169667	1.7508598522482556e-180
7.685569225028515	5.578537319759061	1.6450466087853625e-273
35.652203093506536	-4.776163538855439	0.9786125365732283
10.04680702250983	5.84213952285187	2.8890657554632132e-292
18.649632796448643	-5.283241151947589	0.9983928780855944
12.170941143906093	-4.498181805374003	0.9962257327467932
6.628887611623844	2.398433920359338	-2.8429672730052027e-78
30.18859434892184	-1.626728660687487	0.010924185996778725
6.206481073949613	-4.841708794974608	0.9996007604437204
8.481093079880859	3.5297221650923696	1.4256070496078418e-150
9.385874508967984	2.3733603423369694	-5.427546848169797e-82
23.02351462312934	-1.62101189227619	0.05336277788446306
15.867359107371469	8.525922793530537	0.0
17.53722501988351	7.889748554656087	0.0
18.761753605009503	8.608340668354895	0.0
5.720234562748904	5.558675895227857	-3.030894223854783e-269
23.968058457491555	5.34811548269635	-1.1688890504643175e-283
36.93963333973729	4.484538802506954	4.168284885855072e-249
22.208896752268565	-5.455702882085831	0.9981131120249324
0.27365627879096843	8.057074683175987	0.0
7.954744883383687	-1.1062499374179744	0.45593700500457085
9.974362551377508	9.187107087476445	0.0
6.268579714726853	6.663368110287944	0.0
12.708434177491663	-2.3757924053258606	0.7551281559289473
15.487820002534114	-2.5543641238540076	0.6283710760390497
23.007298474110883	-1.8658978175686016	0.10569973093355152
29.761673690372834	1.744154502754217	-3.1030244954216356e-72
1.1188112808012491	3.0911375624410304	-1.7731089888692881e-112
28.186264477986416	-0.733108747474084	0.00010344820556042044
3.6688768632894115	-4.585259500734335	0.9953399509894019
9.157913174626131	7.634028890538975	0.0
22.506605220011302	5.340221318100312	3.18014382431531e-281
10.856476895113596	5.67747984955297	1.7815387172603626e-284
4.663607447576452	-0.5989394446481704	0.13022292042895148
34.97610823617825	7.705268909804865	0.0
10.328830062196554	9.032413072757691	0.0
35.60274133835884	-2.2616989012553326	0.039926090691032805
16.89539360495143	-5.279499102055176	0.9983536062285939
5.022147796820601	3.853405289491519	-5.413942812683494e-166
36.71394659715579	1.667916814891072	-2.5187268892356195e-76
7.878097834855302	1.2700287171944886	7.719389590944974e-20
33.72098082839012	2.701901147293288	1.5535887917210908e-135
28.396408755814708	3.4575804983475393	-9.271752232434988e-174
25.419891704178497	-3.8779469521584495	0.9257003909999809
36.36478951212182	-3.4376238201492093	0.6413794653076454
8.498822107690746	9.871513504793406	0.0
29.906766921020854	-5.797621501727718	0.9985706273583663
16.08087608126627	9.45656777870325	0.0
23.185242203003224	7.895009707218655	0.0
34.065747421874	-2.7996566977555126	0.24566967303227383
19.673194629848087	5.722302444514774	4.7285839797627294e-299
21.215509798986375	0.5463252752703873	1.2909234880470534e-14
18.007399733603116	7.97962534310556	0.0
33.93136272424636	8.631247031206968	0.0
24.503373571725724	0.22006632221402356	3.7157910937701794e-9
10.795670338237768	0.2264559559750836	0.00023901665428066696
37.9210243626274	-0.21173223865144664	1.876364899528691e-9
19.29022865270464	7.425194641253395	0.0
12.155569289297121	4.460076320957203	8.522309386078498e-213
39.421353241907696	-4.5061010403092965	0.9528473972936388
34.36318754840842	3.897884302397671	-6.720584148352176e-210
25.224464714538403	-0.2079098638774326	8.00665237144995e-6
7.3271408182373605	1.242720872637335	1.7692015924936044e-16
32.48765585410155	-3.791418173984109	0.8515124768190966
9.273878239067429	-4.672061763498121	0.9971124819522016
15.581734483470898	-0.9983219835140638	0.050597993164791806
33.30316457992092	2.0262129936515727	-6.718077166244818e-95
31.237487887747875	2.2648547821503584	-5.328621583976022e-105
9.601856214543703	-1.812311752903213	0.5558384601697246
7.730441231268576	7.47422928646429	0.0
15.798888871927183	4.0984980140043525	8.927187293657143e-198
26.64471556293728	9.944532657045375	0.0
30.428411643537274	4.3175407683532505	-1.2168314253460336e-228
3.8699161270805553	-2.8552578583594332	0.8638568195629742
2.803289258391449	3.394653584961823	2.873145028259616e-133
25.460843045519706	5.911045864519192	-5.0894e-320
2.5073424390318237	1.023470407640822	-4.8860669952977455e-12
38.030067442603695	2.966411812957144	4.210686465974358e-158
20.410637075779356	2.533156751745853	1.2454322266979905e-105
26.96864239457267	2.735468278113114	5.704755694494985e-128
5.486605235669034	7.596125718462272	0.0
20.447863853792704	-3.9577871427722897	0.9566653749800612
31.326356193099585	7.091177363025384	0.0
15.095777637921564	-1.8055747336009702	0.3065677818162598
33.68944251593445	5.207977636562465	-8.12273240570362e-288
2.3835858876171017	-2.9719344409564883	0.8915863256384287
5.9503253335072905	9.697104274499743	0.0
4.470657869587754	-0.7423935531246464	0.1784094206685446
27.311674869389627	1.506160537353864	-3.2120198907942864e-54
7.163748004944271	-5.142583066118956	0.9998290741842618
30.683324383025486	1.5590663710243824	1.4041918832184817e-61
9.818020536970687	0.7305714419578564	2.974912008902837e-10
31.98502749148258	-3.2188643347933237	0.5941426662105145
4.46302751766892	-4.366105321287822	0.993922487353258
18.20942489705782	-4.971060781344377	0.9967607894241343
19.24369769206315	0.8682209041471545	4.120467351884165e-20
13.228560040272551	0.2001331891102751	0.00031148136154274036
13.790157625432578	0.7789981598401461	3.88324642228708e-12
15.088275448839166	8.269777036926385	0.0
35.86985652653457	2.1180866985453406	1.9419176583322097e-103
38.67199965174484	7.752909416124485	0.0
26.85438252427259	-4.695761931107526	0.9856015654958287
32.96072668363194	1.671099109661899	-1.5204133274854645e-71
2.7502283109668504	9.778118067529281	0.0
1.3338146744147314	3.5323324505387923	7.488951983679778e-142
25.11474825281434	4.3891698824968834	5.2178682894264005e-226
27.931615870054312	7.150705645421056	0.0
24.184368146947172	5.518694540099787	4.2775731155069724e-294
28.59495365090483	-5.179494140438578	0.9943198360840969
17.199100704395104	3.7717827631067813	7.032194772071098e-177
32.10397103623001	8.180055648238472	0.0
23.43447407544042	3.0402147062876175	6.038590733926932e-142
8.141548071950396	-1.4440168600091532	0.5579573444303457
33.09139779703559	4.30469930351947	5.3753262268311786e-232
36.49827852264746	-5.131938287383349	0.990315696889124
36.15496999908132	6.52869802722331	0.0
6.071830561525526	5.788653704799852	1.9949269351607375e-283
17.50431226518099	-4.396586369453832	0.9878513603377487
36.943267044805225	4.163661643298617	-3.4737775095695877e-230
20.8782425353131	-5.788018281519591	0.9992659613856772
19.692114592646217	6.624977474557362	0.0
10.548660661023	9.815405784771364	0.0
5.835831762962666	-5.094519357059227	0.9996375453410665
38.439706195796504	9.720474620230902	0.0
10.049620831352085	-4.941708819435032	0.9982260781633274
29.96373537223005	-3.778030123310053	0.8662725111530387
7.57575546732987	1.7019061827530457	7.339258401744857e-37
28.46846508845841	6.009290138621957	0.0
6.734612714123242	2.446149146541586	-1.1060448525468033e-80
17.846411369703194	5.130207896288574	-9.799774505328709e-261
18.893342212939064	9.85614675954118	0.0
11.0292254881034	2.0181849585235696	5.445026585870723e-63
29.63902600983363	6.076608577132333	0.0
3.693819070567718	-2.4902147057635275	0.7779757836063255
38.63782970789625	-0.8726290731357302	4.8385264594871455e-6
12.438111861504003	-3.525332424250287	0.9677032895337777
1.1790191025452652	8.62770806816593	0.0
13.363245696419837	0.5859434028688142	7.00559488775342e-8
22.17770526187838	-1.9955526630773335	0.15212502199033917
23.93138681067044	8.183108187417865	0.0
10.989193760078805	1.38262958408545	7.671484010682854e-27
7.29643738603711	5.783745485411121	-5.0004355159715415e-285
14.760469197293261	-1.8206590202989545	0.3353727471417056
16.917993055007972	-4.087747309674775	0.9753492011210458
37.21997579150624	3.506841828875256	-9.52122529442534e-190
13.235131540204076	1.1937370745482312	-4.243662164628851e-23
7.106011774459225	0.7612379775312803	8.168326974412571e-6
9.428452241326381	-0.036768058216328114	0.005173735532641389
39.47788400853087	7.4636635417413615	0.0
22.703003646792144	-5.175882046272253	0.9963103731776661
37.61631669612261	3.6822027181723733	-3.5633513273626464e-200
5.840429496424699	2.642587702445148	4.2854210434960883e-94
17.91728163764695	8.904697958103558	0.0
18.59209291955764	6.586789223203805	0.0
9.932094073189965	-1.808228816160888	0.5453336662858276
3.509148253641853	-4.204728629380249	0.9889159468528824
4.219869039924067	-1.808365483370899	0.5929087137668109
27.322540965775648	1.6712987522828087	-3.1895723640754266e-63
35.70784987420437	6.62363421691531	0.0
7.314928126575703	4.096845182044891	3.6983551155581382e-183
30.889053562377644	0.14342389468452055	9.097468144057754e-11
36.55496877711739	-2.8836225357886676	0.265524006421363
20.756314457109408	-3.994510402673452	0.957519788804076
21.973440132662926	-1.4295865562123105	0.032259052927644485
8.564865305265652	5.795863056092394	-9.762378333501882e-288
39.37358457500145	-3.9324268401215363	0.8372901538640756
36.94689514971789	9.432540404085973	0.0
11.09262346087577	6.86123065005949	0.0
23.229826000743905	-5.230365811376917	0.9967033428521722
15.382051947782102	-3.7413737577830837	0.9532602794422781
6.482199533873939	0.1238635006137585	0.05418934573514648
27.195039112288047	5.141584900581702	-3.034123296065694e-274
2.3424444896312715	0.8320217123361147	-5.349597087440031e-9
12.991934603543072	3.35758904817709	-2.4546578313984033e-146
17.817726801197598	8.020804944121085	0.0
5.998324180861336	3.514512817864997	7.855585233540725e-146
1.6366381525397848	1.243358538208831	6.768380256765185e-16
6.722563518480609	6.2336641469352365	-8.9655023975e-313
8.249145778291975	7.169837708177155	0.0
30.864625994703797	0.150111189463086	7.535664053703445e-11
34.28454759965212	6.3373060029399255	0.0
28.52767816805736	1.6650566584931425	1.4535626892275568e-64
8.65870938766407	2.183026001242343	6.155592621762772e-68
12.408684409128298	9.89442310606815	0.0
35.50046547429619	4.756892888867089	-7.709702571124301e-264
37.079964112199114	6.6838576075451	0.0
20.902292505117767	-0.8864803197588564	0.005345008178341228
14.919511765391363	4.85561354121133	-1.6972744076827953e-239
5.317560574452558	6.126013001088779	5.482649762305003e-303
12.211482224250318	9.797688492798866	0.0
6.7030166439058725	6.518471379139466	0.0
26.272212501281203	-1.4069922264028065	0.010809392238610913
5.524942764646023	-5.798140683719069	0.9998965805611291
9.639254427917619	0.14438071423389687	0.000744935203859839
23.906803220099686	-3.3147542069102016	0.7868477319535064
16.95051500011419	2.3249326283107763	2.6785779112037023e-89
19.167171310708397	0.20076749961889817	1.1949939929207689e-6
4.907746644255038	7.8893203870653075	0.0
31.074553800405234	1.9759816871891047	4.49231489428413e-89
34.843457210919475	0.14794082196492653	4.1544788803527396e-13
12.026358598317985	-3.2672092357629623	0.9452896037203208
33.275364325504526	6.034307659715953	0.0
28.60496133756226	2.486851951138945	7.571532356771047e-116
9.162351653963404	-1.3519626028193557	0.3999442539771817
32.8772959820113	9.573078701105967	0.0
38.75698613932849	4.113047262421738	-9.483244000941034e-231
17.28051383712082	-3.9385193413988837	0.9660889746698391
38.60126976455207	2.7934828783583896	1.6483609179956186e-149
21.196289335666943	5.7643517384056935	1.6395319906453973e-303
25.614623149123346	7.3802554525499495	0.0
24.888688095662268	-2.5153519779444764	0.35637419601005066
5.212867376612129	4.187982691372987	3.827608154926168e-186
9.970774260138063	-4.410779715051877	0.9940783160362331
17.240500017370405	-5.097120337622165	0.9975185830235275
18.223323935298254	5.410946210768344	8.083403091631477e-279
21.392880970417632	3.9518299002186303	-1.0957481304735029e-194
24.496803385891422	5.9092139220162885	7.410752e-318
5.124271477937416	-4.539705611314815	0.9972969920716594
30.290023159950938	-3.5821858677647676	0.8013150602965035
30.852621970077507	2.875165095275186	-9.195108052521618e-142
1.1060780547106415	1.2853923213579108	-1.4202062700534603e-16
30.129217701066402	-5.769697869031177	0.9984700385658483
12.510658487493384	-0.21533046145873058	0.01825954916053411
11.925146207861456	2.1984236277808904	-8.808935927862146e-73
2.9745333742271907	4.542338692822167	6.696969345630667e-204
17.66444315122749	-5.898559814377236	0.9996123408323614
19.84803447635369	4.342819277136691	4.335240929693524e-216
38.89557795959008	5.177501054513495	-3.4415187427354076e-293
7.245949698820278	0.36161494304325004	0.004291930511345037
23.37114619337164	7.188511547744209	0.0
2.6589931480106506	6.958130601967646	0.0
2.006237397683235	-0.34614134090430326	0.0505282971061941
7.9413959141299335	-0.5818279583867394	0.20637963773596152
7.568414891350829	2.1490390445687204	4.7226793560613686e-64
19.237385586337226	3.5597054771591132	3.9836384865182135e-170
26.273801626183754	-3.606607055252322	0.8559688803290371
30.483863386656683	1.404766763687217	-1.417890213805427e-54
17.769925618938068	8.683828893494717	0.0
28.125692443663965	-3.8162284404403977	0.8844973775386924
11.687650561951749	-4.0271227467111075	0.9884669558543854
6.533883440264535	4.559872787082789	-4.3798126684025107e-210
6.476453810233135	0.47425126662542993	0.0023523899111051903
19.07090056122428	3.128541626221196	1.0527721559473582e-140
24.64710062414075	0.9164997633242287	3.565164553504903e-29
12.064664190315478	-2.040094587468939	0.6525606653019809
26.300002812024513	-1.902005045264243	0.06372413647025706
27.054534190937545	2.9274426895440087	-9.372912600473723e-141
5.182190915927357	-1.2003329243717538	0.44169232296440575
11.357880946273667	6.868759600810932	0.0
16.11952818595909	3.6268107567356545	1.9876403389212457e-166
9.88457901341138	7.435062133470598	0.0
21.66791404392658	-5.002337819008801	0.9949431704511117
28.20788473695446	8.567541472619407	0.0
4.7472669533456395	-0.8998571259757604	0.26046127212186937
35.334465416047195	9.204566237686524	0.0
36.0560444999594	-4.874991614109145	0.9827554782602692
25.385704479662166	2.1734642396085384	-1.5374225483581575e-91
13.561698018378767	-0.3976456112715958	0.02293422612757777
7.969472368785591	-5.215204142518253	0.9996296157869055
18.427642502330457	8.55672951440577	0.0
22.9071608226402	0.733855871160447	1.1866011914329766e-20
27.627702132492427	5.123102082697596	5.668572255095209e-274
7.156417163198964	-2.013257797418607	0.8929311128461387
1.1586508792466585	-4.349747980131912	0.997811952118757
35.70135406822072	5.32730724195908	-7.887562933261615e-299
4.9760303704899185	1.9821195697467644	1.7832347706224446e-52
39.09344357567013	-4.748399710081433	0.9733662630899594
3.142214797650849	0.5783974548778161	5.054784946008028e-9
28.45173077296438	-2.1911757876779383	0.09433491930722776
21.61728757028026	8.610294524740773	0.0
7.360048997489795	4.923894649056933	-5.713317684815861e-233
14.895865090166744	9.402790882249388	0.0
31.8208765688254	-4.403196140691929	0.9627024392240647
24.82004269734099	1.0854025594164902	8.80613885776017e-37
19.84291848343829	9.593366692761236	0.0
25.824937055156745	5.883586873259123	-1.965097e-318
25.657486112166094	2.8783583378646647	6.837612909870211e-136
30.38692382509118	7.063091008867339	0.0
6.433979721736992	-1.0308864782484832	0.6644276038241855
22.07531368392849	0.3058191437276143	3.367948799286177e-10
30.66626833442825	0.6097005228137462	1.7737695623320115e-21
38.51679222839982	7.083376697118773	0.0
36.60920707091057	-5.705360598172231	0.9973948793407222
3.9916248787611894	-0.8893385053614615	0.22407980885468123
2.894494233184487	6.166458071319841	-1.4078789075365303e-302
9.659194075340528	1.5183087843977354	-2.131943094790455e-29
10.402148669989147	-0.42023068291982923	0.04385551728345787
13.907108168999748	7.142404298221589	0.0
1.1480025693542728	5.60899757099406	2.313400690706588e-266
7.699761633474886	-4.234836795043435	0.9973846715253826
2.7183208734410886	0.6587569768587471	5.078431657977575e-8
25.72802705298965	-5.764271321189121	0.9989283185040726
31.351778005902897	0.6352532929913224	1.0239601326740925e-22
23.2587184609546	-2.987862178880377	0.6394358808940335
4.234310368783768	-5.627838742211178	0.9996251354250811
31.29171678178148	-3.4918869276830904	0.7560908065786156
37.81962914738558	8.422204206175273	0.0
38.21157301654754	3.592182847877723	-4.17228057375458e-197
2.432800031384904	4.365587265047992	6.045578971658015e-192
19.144359767553674	-1.290463261974807	0.07143847663919202
11.121345733374735	3.46804947237532	-1.310574721536147e-149
13.495357878362803	-2.8966979893789393	0.8625498696551327
24.584517959166874	-4.364958801130882	0.9759272495853875
2.124823751758716	9.212509297082502	0.0
19.633357282144843	2.3869235145638044	-7.62246978366136e-97
31.188942313448628	-1.9396884125772331	0.03119819173363324
0.4142096424303026	4.498181332051747	2.8149912222911505e-197
36.167606084084824	-0.7775497632569781	7.977040891563053e-6
22.427387422265863	-2.3610113618997524	0.30488701802468987
3.343118480019946	-3.530131315656682	0.9539927433510133
30.14754183044988	2.689661314641281	5.614322324267011e-130
1.5908754699452847	6.985815763369587	0.0
33.60125039915982	-5.692343780480659	0.9976648266142021
8.044983216554028	4.653117590963056	-1.9374010988547915e-217
11.294779453392113	3.952599940587909	2.9484151250363967e-179
15.563187591865368	7.469751772475895	0.0
37.299522493942405	5.80165467723636	0.0
0.781068293165919	9.96190053939673	0.0
27.7689556512776	-5.597164228220784	0.9979593342882795
1.5587992760605094	-4.7692304667497964	0.9986084162579307
24.64774231829342	-4.871985211944928	0.9923646934186698
17.144208850712324	-0.774706316501085	0.018495760262270212
4.673865966477049	5.634385041666523	-1.0920689852189785e-273
28.3642594885436	-2.0250396415591503	0.056496430977748285
25.551823861974256	4.475870546927151	1.1703223906060257e-233
1.2105102542768384	8.808572633047621	0.0
11.470436420988142	7.746000596049992	0.0
2.741469517917152	4.3815972068852815	-1.448456380088141e-193
23.534116943157105	-0.9695295985873855	0.004502070468385114
5.786583658390099	9.194860025152067	0.0
3.878832459136112	0.32797791110620267	3.29437738262114e-5
8.132970288657985	-2.597776555611542	0.8870786277912044
10.109649949716548	0.08608528820225203	0.0013300107331973069
20.105155786116235	1.3485338967576759	-7.933084146528027e-38
29.572518423036687	7.488178633855423	0.0
12.380339112506862	-2.8640650161987047	0.8865851241570594
7.9395663203581375	-0.9909110522884035	0.40633393553652025
12.551023898561244	8.338433384930699	0.0
23.62254582210771	4.042671913751299	-2.0348167648409948e-202
17.420998682722143	5.03458208598628	-1.1807169218203553e-255
2.9972640823294725	-0.9844712426935374	0.2539101619822985
14.138553860359925	4.522825040540841	9.240117227185617e-219
37.343039355026605	0.8234791658906389	2.182570901817555e-38
35.39750166908936	2.6740537544866214	4.239481953857168e-138
19.191560060861576	6.8848618217158055	0.0
35.28894729022611	-3.8350979703890182	0.8340246645902615
33.63488334866715	8.063988325766971	0.0
7.796665229221248	2.603625261078289	-2.974185070031206e-94
29.211423784276267	-0.17154782806878544	1.6309822061701795e-7
37.73400577596116	-2.6996543092281122	0.14650339873789703
28.8620663040358	-5.48487422555117	0.9971445110230175
33.651081969070624	-0.12674817125693494	1.691752801296497e-9
16.741617937895604	-5.939969499835719	0.9996390420716357
18.185315986643303	0.6385217471414464	6.903751271736074e-13
34.967192366561335	9.911210945737253	0.0
16.123953837955703	-5.942150983964595	0.9996483742888863
10.127048956866451	-5.06025426587059	0.9986450764388268
30.894726210567974	-3.685558239191529	0.8350491968607546
2.8858480989633866	4.449918605683585	-1.279050560194646e-199
25.999476893798715	-0.4170685977923334	3.498578966554392e-5
26.274705913309457	8.106367142759769	0.0
29.85930258462872	9.625767599067274	0.0
8.158736365262941	-0.039769515831839186	0.015489444826975281
5.84886371197485	3.982111556707526	1.8233090857821927e-173
9.364577796758548	1.3237022016256894	3.8748836989500034e-22
2.025042707290418	3.972773846170476	-4.39590100499016e-167
36.22242800119377	-3.2263295143803035	0.503524794604734
25.9002649378354	9.584335266907	0.0
24.462396202686822	-3.3263129379529417	0.7889383351485316
16.858591704274765	-3.9756314551397303	0.9684293032036588
6.282037651051197	0.04724002784387693	0.05523277296690658
23.590690303628143	-1.390797335699773	0.024559203140997805
36.995317234722805	9.586733169094487	0.0
5.710059004263479	-1.4811405523041294	0.6560115744439308
1.6631547267438407	5.539255911161636	-3.3153262223313326e-262
30.461361019317675	4.602311911216564	-7.413329626844839e-246
38.39763785866752	-0.17333746118622173	4.736278739029687e-10
24.116961096397706	4.195189118769175	-7.630814718942296e-213
32.54437948188878	-2.63301016261104	0.20264128941334228
24.63344677304659	9.036525050659897	0.0
2.4210163520864807	8.387613557801068	0.0
3.47501264968134	5.313001405480694	-7.631508715258195e-252
14.273174571696119	0.5415413714083854	2.701435581745498e-9
26.420207488055087	4.1287788101950476	-7.792586893655751e-213
27.907706846091656	-1.9076002641583543	0.040170234700239185
13.094745067156182	4.823435159702541	2.5301797970213258e-235
21.712941519072277	-4.186061991677107	0.9676615403797003
33.896021061013094	-4.8672087999450255	0.9841264450397558
9.91974592423561	-1.0841083848418265	0.2579483466531513
15.96529254116334	8.508391065074793	0.0
3.210084593037357	-5.5646485096330665	0.9994982110145882
33.892585652753404	-0.111545951397936	1.0274941876683081e-9
19.98640384613319	0.4553374356340889	1.9239983207649328e-10
36.677455267675086	2.3746829272762042	3.2471711483509474e-120
5.997661762942937	-4.014884950749231	0.9965640521002876
36.64474162119999	0.04020245310834625	1.254833429264137e-11
4.7996793063800425	3.4322739704471346	-2.5013558370878674e-138
30.05043211356046	-1.529874192855452	0.007348254622859416
31.647753139575848	-5.844737395778356	0.9986312941938584
38.625867203422985	6.032029741052	0.0
12.326172334958946	2.006572734416544	1.8858698125114633e-63
9.454149869022949	0.19382330442659423	0.00042320729075276154
11.572435542034146	-0.7679373172361217	0.1369874484556451
24.869740320333825	1.882416842556541	6.528302367611256e-73
34.613058903681896	8.833896359147076	0.0
10.842296346076454	-3.9337395039391296	0.983610120224803
13.04998360109162	4.339000880678725	1.8666966632516086e-205
2.425976388143002	2.470437593345153	-2.2098855456811e-77
17.972271326020802	4.09919545658833	1.7255668703346935e-198
37.743369902259914	4.132467857577051	-1.9182458551621894e-229
3.3126437042964665	6.517991086117142	0.0
34.95928128696091	2.139539990052878	8.019093604723173e-103
32.83556488384622	-2.022963001523852	0.02433947045719657
8.323364431475339	0.4928797755794463	1.8630658055762907e-6
18.831197450142373	-0.5381291383459299	0.004889811147168613
11.896562661063275	4.618192243157676	-1.1174811164213002e-220
37.96154311387498	3.211501941929715	3.6210266048584026e-173
20.529232932010753	1.7539366173258024	1.5365058409645032e-59
29.051032669262185	8.610778494003426	0.0
28.270886398679888	-5.753008308847068	0.9985099111447391
15.04288711344635	0.15665271489022814	5.640271771062766e-6
4.534565196043684	5.566302130009916	-3.3472276830761277e-268
4.519859528598941	-2.9707876241518356	0.9038101280213277
19.729659565397366	2.9571508197934158	-1.3062669389800467e-132
2.65013673693886	5.938127777908473	2.439055588819729e-289
17.407246552697487	8.14700596669984	0.0
21.014533778774677	6.94871167058859	0.0
25.551603228939566	9.840145848892856	0.0
25.4862084128092	8.922917850528389	0.0
8.743737095978585	6.921226274237309	0.0
20.54715661360428	-4.097387744783603	0.9674959237605507
11.995017352897746	0.45816335691796795	5.140634781360393e-6
24.939898494744927	8.707977436089177	0.0
5.43701482459191	-2.1630784297493797	0.8138840506104351
2.239784615787961	0.9643227494751798	-4.8510326754117775e-11
18.08074331132299	-1.2235043160138623	0.07655330504065845
24.485051316670305	4.849290598732104	-7.660235341933247e-253
17.22202959564146	-0.07571895966029629	0.0001356057622900576
13.986685889398798	-1.6296369223458171	0.3310027292047137
39.65459233988028	8.208066997870606	0.0
39.321235893303225	9.080022272732172	0.0
11.356112862183332	4.641291227291813	-1.3098364563647706e-221
36.68738355909347	2.336500471469826	2.451412480153722e-119
12.627208845166765	0.9383318455856049	1.3537634396549753e-14
5.278220086214281	2.676426199641334	-1.3459062155053138e-93
39.47101576298408	-1.5340803097473383	0.00031929145556148413
15.115627519109594	7.408302569425032	0.0
30.447033848782148	4.172790492796874	-6.058517485576893e-221
27.531912443282867	-4.4575310396699415	0.9731242463609568
35.80396842419452	-2.9752168926149913	0.33165382072590344
19.73273431976213	0.9137944941215927	1.5999704171378818e-22
19.224741592866405	-5.529945302021435	0.9990322478194741
25.758491350576275	-4.731390299008474	0.9885110296557661
31.74899909491016	9.36718270644668	0.0
24.423738941630475	6.495573488854003	0.0
12.619569463687498	-1.9594821924431933	0.6087705441560758
6.1810563960092475	7.443663576624072	0.0
14.041443661420594	-1.2418692245148577	0.1783151808137793
37.93264279559058	9.500215211231932	0.0
38.7703091317218	-3.0328429348272437	0.31323131101340235
36.776102117109204	-3.3066900264569625	0.5537420780484108
10.546302927692475	8.99333517138891	0.0
21.596492422229257	0.9831819227022933	5.849351141240942e-30
25.26567770593586	2.403633278756743	-3.955267072537051e-105
17.294951109914013	-5.824203024003779	0.999534149254998
5.735757111139325	-2.911422750646718	0.9542579043600672
17.370124086356885	9.53405180854104	0.0
29.925924238287795	8.791771353557	0.0
24.773879146682685	3.387885818348508	8.889376905568236e-164
1.8075730332075626	1.8538621612812278	1.2936960533436237e-41
33.79935349376384	-4.375362530828877	0.9522300704775472
23.305788355148362	-1.4546631387040527	0.03103870920340028
34.068590361127924	-4.161967461423309	0.9218893923091233
2.1199122133821975	-1.6434179102335449	0.513829335110915
9.810607468421654	9.058478422238409	0.0
20.569739151256183	1.7268835789611892	7.654744562915214e-58
34.797414895888004	8.736370501572516	0.0
24.173100379188483	-5.757595900695698	0.9990119991692608
38.554206092108394	9.5233125254499	0.0
10.579738498500499	0.7727591125792479	6.845430227424193e-11
12.066063979839944	-5.10001413279247	0.9990397917301872
29.232911472073134	6.640537063029228	0.0
35.01759170489053	-2.446943740893353	0.08108923758430447
22.71809680050494	1.4560893971650941	1.6143055482019567e-45
37.316702825460915	1.4478722062271636	3.3737185606690387e-66
5.027630537860518	-3.3176368957572144	0.9598755707762123
31.842052176220992	1.0828095568718723	2.8990275661402165e-47
13.375349262927761	-5.458483278211311	0.9994941727954938
19.27049382134728	-1.978619633096848	0.2837401349082848
27.738653126221177	4.914779183329209	-2.3229343000723116e-261
33.342912962645386	-2.2539456243274216	0.05176500817155543
10.269771010285348	8.933529624863212	0.0
34.05412921645479	-4.29002414444237	0.9410846343902529
7.209787297841651	-4.376592157838765	0.9989570303326936
38.63780838732075	-2.5520805519233036	0.07417036666235069
4.875407208343438	2.157079867081734	9.643779387326628e-61
23.476286343189212	-5.015462529896972	0.9945938473580734
32.663535203018405	0.2905792046061073	2.827344629107402e-14
12.263310503883678	5.140008119669595	2.835049646856576e-253
16.35507564103143	-4.630578118499404	0.9927772440531543
7.28297758561175	1.6690730184344034	-2.702777969513969e-34
35.42584723117872	1.9210164717092866	-5.00574873251014e-91
16.236753920778728	-5.585546578625333	0.9991952980293218
31.077939218506856	0.32422642667725654	1.0589760429413903e-13
33.447735830191434	4.207914039227724	4.269511067059677e-227
4.699010923130829	7.425472101199102	0.0
6.179611024315951	9.841569336503117	0.0
37.63232369564868	4.337904655641697	-4.276581670308434e-240
8.011161839918895	-5.737001549854252	0.9998838370357191
12.975376441519838	-1.564955494038383	0.4209125545229093
6.3144413533798005	-5.872115660177254	0.9999673250569685
20.218433974002426	0.45705658815031924	7.922485986580795e-11
17.194524445347383	9.149310923472882	0.0
35.897623389650136	0.8087931848566896	5.773387694251971e-37
30.930850578152892	7.099509207138812	0.0
27.688239048931663	-0.5651434378331714	2.9275334249511607e-5
10.811709717309562	-5.5271704235378785	0.9995576740155692
4.997373907474008	-3.0893298991393188	0.93790504112075
38.38371647290691	8.210762812382448	0.0
24.87310602276136	5.780638986742538	4.69750177097865e-310
24.335458016777924	-3.009925239585982	0.6458729476654872
20.71487741076227	7.123287828161505	0.0
0.8703684837735908	6.5861680996087095	0.0
34.36214303089316	2.5850099133110547	-3.333315183270796e-130
38.189856395821586	-1.888162247477176	0.004354115760544088
15.640968791306978	2.1492570515451064	1.3080545505161294e-75
35.69775530063638	9.384335395520296	0.0
7.887021325209083	8.13202581434265	0.0
33.82356729144962	-3.853297143072478	0.8523091175364013
39.069960235262315	-4.182573212926375	0.9063728256587865
33.56759513784703	-2.674153754284106	0.19009728855800637
24.337293935110797	0.08528959414370618	1.0743859193844186e-7
22.24627148233649	-1.6048645163528619	0.05398979619389928
7.496269343643537	4.217313560136546	4.018439063407818e-190
13.328313689071754	2.3723093292542465	-3.3237188345116596e-87
33.743456215671486	5.819073884595724	0.0
37.61607562777511	4.913571180342188	5.098059414212268e-275
37.40153527409101	3.6942887626677	9.752934665345655e-204
15.689034486203726	0.41384792741710896	7.066853127768855e-9
27.24981673385997	-4.511509930438724	0.9769823703825383
15.96942735989585	3.875428627582103	3.704737805314809e-182
25.64340609481565	1.4276104635311313	-1.6855964437892518e-48
24.313857756013594	1.9618945637997598	1.4859878699866136e-77
11.887290518054666	-1.6157621487485585	0.4809061084751728
2.357748515225433	0.758514002968095	-2.875029570928691e-8
38.070872529715196	4.383647179849678	5.625088778265051e-246
25.72796754771638	9.326291159327251	0.0
9.943480992843552	4.248829721286523	-3.0565463615880728e-195
27.27057197603041	-3.48593617848476	0.7939469397493791
37.18048818014861	9.514979502352947	0.0
13.895771534528652	4.5993807487104625	2.280523642961866e-222
15.15204068032612	-4.822594385768824	0.9960331902274215
10.462705962281865	8.754626159718914	0.0
16.76503958373622	-5.996899380586253	0.9996833794010365
11.86188764885119	-5.400613449275454	0.9995070979544569
14.333713611756828	2.2576956691151473	-3.5977806200323786e-80
15.349199086888271	5.988092495974893	8.463715604963e-310
0.8343162592884847	-1.5913863415029539	0.6441024331149136
24.900187338324308	-2.5172891840784573	0.35708744533638564
33.12488116650142	-5.524611142241412	0.9967217034721614
1.6762696462404159	9.91079499463596	0.0
17.755270546472797	-5.084348260156865	0.9974880100779644
16.40320094855998	-4.8258511858484106	0.9953646997716592
0.42382074851581597	-2.2607899699458187	0.9615975073363697
1.5560444709821393	6.102261126605438	7.753432608984492e-297
1.3187896180624081	-5.136468745098448	0.9995480324828873
21.165756585656634	0.12687910281644577	7.582067854413583e-8
33.38552306907156	-4.511786486794712	0.9660911990958915
35.3340939257527	4.380058733174504	4.941195117682007e-240
14.148151454095514	-0.2740654262006821	0.004554828001192508
29.259383276151933	-2.097456917532881	0.06737125463313337
13.885789032713092	9.776625194600701	0.0
8.750246389546492	9.475888792189025	0.0
35.75795345590581	-5.431273871238112	0.9952015634411359
21.81616829695362	1.2065827008300403	-1.1802092775180429e-36
23.363901563207733	0.8002336824563905	2.4031357374822707e-23
17.39970527641673	-3.3180043548629463	0.87906557207931
23.802802747336948	0.7422233475166671	5.6669434114613935e-21
18.507979683595806	3.4475672463188936	5.867811919588839e-160
33.23620979881393	7.342971401625974	0.0
39.4415530068503	0.3029413263502967	2.8268153551143533e-18
18.879860324495866	0.23404875015521753	7.5641817049836e-7
5.441702035198201	-1.3967229668222991	0.5687765212717795
15.553436640425135	8.991382938804282	0.0
16.59298162894723	9.179621489818686	0.0
34.22457483050626	0.6482751641386457	8.583191675589086e-28
37.6319099512109	-2.419064778176921	0.056877590682026684
29.940891880199356	6.704366889573034	0.0
18.01355713505533	8.69529235507316	0.0
14.513688711419292	6.073362372257307	1.69665692273e-313
11.376258062254516	7.187229700034393	0.0
8.17386294110892	1.6782297224946063	-9.540740903086756e-37
3.0860272872627283	-4.37553936580078	0.9925243558546867
11.945603030990332	-4.190511312137108	0.9922799913604556
30.325016595159237	9.029791786847092	0.0
24.604427463996856	9.076654750126064	0.0
35.684620458706206	-1.6735820944538986	0.00275124814471687
35.002264928656594	5.923884532579166	0.0
32.17045303859331	-4.907021918543897	0.9877205739406317
28.8263317433223	-1.7379265512956295	0.01903908679604119
25.693498475214746	2.980359370964184	2.5364789599338995e-141
32.308556225351346	-0.044194291238842	2.1658397218609475e-9
28.204102908643137	-2.796649226157406	0.3815059172664746
24.956266891644553	9.300474463166477	0.0
18.405337008086306	5.771537046497102	-3.093480811287969e-301
33.12958187454812	6.805874657191655	0.0
25.14539846193296	-5.5351564143723735	0.9982834923369135
16.741804988091193	4.36442471083264	4.0727370402151613e-212
19.24691228516177	7.687287656903159	0.0
30.957045090362968	8.228195134242888	0.0
32.68237490765744	-2.0122829542492013	0.024644940249403884
37.067331239035376	4.214509977050643	1.546524511364747e-232
9.866413848178679	6.500502098086841	0.0
36.94486934112098	1.9159231343373762	-1.4315756974545815e-93
21.512544909772583	5.687488412298006	4.7549024023268e-300
2.7646378616612597	-2.998849556633509	0.887483039123845
21.013326682717477	2.9643868539434877	1.375768657110402e-134
13.75960499894915	-3.1919689833263476	0.9116862180087195
9.733272685236482	-4.526680279605376	0.9955522735379834
27.90620671512509	-1.259904479837811	0.0026415948397864233
4.142558263220984	9.135214589044597	0.0
6.838903822880842	4.159082662898417	-2.1130656540323077e-186
22.59279331083828	3.130019543181806	-7.225646755772868e-147
20.644970772857793	-4.583353597397011	0.9888947294355362
27.9243867680991	3.8306439155581593	-1.066157484976676e-196
38.58860633043882	0.06192733915406734	6.153596533864058e-13
25.942162825935547	-2.41066006713449	0.25618557900080546
31.33806253997778	9.01847405312666	0.0
16.172805373607975	1.5874528033203	-9.983780207302706e-43
35.83031875243883	-4.098978915068329	0.9031806899027214
8.803862722480762	2.9174561845997076	9.179971306636657e-114
29.490282649331995	8.978671071345566	0.0
35.95592576460481	-3.4994329170216787	0.6800120717194799
37.037109730711585	-0.3839865858146574	6.819324894389521e-8
4.627585400781637	2.964078503865494	-5.772064990383987e-111
30.263757499789754	7.162452434962358	0.0
28.871994534333563	1.9642007061053341	-3.9394055718308536e-84
24.974148807394048	-5.2982170262763795	0.9970764056420317
21.65650168710095	7.301923502698752	0.0
30.540657985897433	7.505028309987388	0.0
11.791603280822224	3.238604800555752	4.2296220470616775e-140
11.339417989241975	-5.082510218656356	0.9988786844971899
26.105341894174504	8.331284606736862	0.0
25.484993999760682	3.0977383593247545	-2.55158970608544e-147
19.28874333640143	5.217294383782484	8.649496991410589e-268
19.294526996155785	-4.522345241690111	0.9901707213496523
38.974389748532246	-0.09257062721073339	3.010765642513579e-11
12.839298389472697	1.2089446415158456	5.064554937579548e-23
25.82638957566601	0.04948459742426081	6.238215945262015e-8
12.886219261883877	4.1641643584550465	-1.8059141507263735e-195
36.850263516331886	0.46967826285514747	4.0095837522002755e-21
31.104988399298033	2.4860903645486374	4.2941882485265965e-118
31.10961659972528	5.570799488607928	1.2055935507924054e-306
26.6415658414815	0.671211846797501	1.2711127022198226e-20
26.275584823979276	9.026792032071768	0.0
9.740357923060696	-0.6303733423176503	0.1011999119472685
12.810336865605448	4.095313050517511	1.8341083397304401e-190
12.067956284771281	6.757134840890782	0.0
1.4454593553548494	-5.534989709222998	0.9997886200253702
26.68152207819229	6.496906068343424	0.0
2.720165630251594	9.757490525403515	0.0
30.514180259809862	7.412018058802342	0.0
32.42370537737321	7.969360075225392	0.0
29.028103346069713	5.899413458161646	0.0
35.43874069454269	7.646888851549448	0.0
25.047711061165774	2.658915466510834	1.3959568002448411e-121
5.528997313486374	-0.707331504711366	0.2605326995469949
1.2433073729068542	7.522790255833932	0.0
3.539008005242781	1.9568778175362986	-1.3732839400226103e-48
32.73241310293744	8.537612837594299	0.0
7.742022094050614	8.81509948166935	0.0
21.182834519824052	-3.7698194270898284	0.925671014975792
13.385145709262677	3.7935192615059066	-8.77485625347641e-174
15.973892615966609	4.48605591229466	4.5906087749574835e-219
6.137035127325844	7.70637170866377	0.0
23.077984075922785	9.591584799135141	0.0
3.909449896960241	-2.687233623239841	0.8303839156642432
28.87372158907238	-4.371780579058889	0.9639228070400621
21.98916702664817	0.7063632366233676	1.3938115314041497e-19
1.9445362651040943	7.619267900579029	0.0
11.545072794562028	-4.400413163261103	0.9948820081033015
9.698744087731905	1.5813437203288565	-1.2626689965913878e-32
24.325440803798372	-0.8320180862397528	0.0020515246827954546
6.680797787281177	5.859524414102491	1.0945666365087137e-288
19.139767812612657	-4.927883550931735	0.9961890833107829
28.619273709344114	1.4557237309028466	-1.1897526328323776e-54
27.674189592013473	6.022309339359314	0.0
32.32546189872486	1.071488942163544	-2.8340122046623606e-47
9.591713953230428	6.785730743394186	0.0
31.413697607316767	-0.2211920039724795	1.7696868348785582e-7
8.14467816819129	-5.535764442273308	0.9997912657051585
1.4994360477481132	-0.28382750317033967	0.043050108824931425
31.474249793953973	-5.568387006863013	0.9974463955510829
20.701918857703205	-0.8450123809567138	0.0049879363142808514
3.5905852419227973	5.417622314810938	6.7086234178079485e-258
0.3827716547438283	2.944724004455015	-4.386113725149075e-104
27.036862110193685	4.588306226928264	2.3537252574994354e-241
4.533656710218755	-4.89215712868884	0.998218787533758
4.809250462340191	1.7379363975315805	7.531231156988828e-40
18.94534161124949	6.611230117256969	0.0
14.168477208655005	9.479219614965778	0.0
37.45964916886574	4.470886432808861	-3.3566202910329094e-249
32.13386130838561	9.551549485165118	0.0
15.563114385499954	2.0039166801319936	2.0318608702281288e-68
14.61473469380307	-5.590951679203457	0.9994147542427921
17.18458032311974	2.3389883421851216	8.853067324637626e-91
31.78897399084132	-2.824861544661811	0.341660378285249
19.452256433680084	3.5691329361138315	1.1605842583945376e-168
14.40783714859582	9.21847471629653	0.0
10.332486281516475	8.63751022221707	0.0
36.57633595767927	-0.08305724514146817	3.202225318214371e-10
14.747471727754993	0.9062702598678207	-4.152345297116051e-18
38.85778065452352	-2.4786384728821886	0.05263804305033075
7.895137569411324	4.179565215460247	6.816656257397443e-189
5.929162022089096	-2.9977892171305385	0.9685717297719517
18.4105698122635	-2.780434937902349	0.7033522402592618
29.984065382299438	4.727329936681755	-4.571626279694573e-254
29.391075799130277	-5.556213409808475	0.9975344346572991
17.23210966859244	5.511419007443191	-1.20628602560545e-282
10.538049556649648	-0.15337136735373136	0.010342059062591478
19.98610012255935	-4.415719903918053	0.9858067600446322
33.18716506869526	-1.6378814486141913	0.003607980352643952
6.988030071223078	-2.4120191404551576	0.9506544746596113
31.85893708433854	3.8571925477966467	4.2042835220906146e-204
21.55439096446606	-1.6708017125362389	0.07330873766380001
33.647217855282236	9.312249451327016	0.0
24.776415491347393	9.637882096786484	0.0
4.986051423499899	-4.7226912964171355	0.9980155838327548
30.645341935529373	9.171956461395563	0.0
2.972608764736808	2.7342229534663574	8.834658512754953e-94
34.51042363521063	-4.541137677165356	0.9652868035016301
8.897459307720705	1.8928339133970518	-9.371504588378161e-51
34.769113856358565	1.4128495283266247	5.958035627310089e-61
18.734128813435976	-4.5260965766198105	0.9908607531899977
15.632784226721986	6.958673292263924	0.0
12.09355240024236	7.8544285513766745	0.0
38.08784516212257	6.861986578776158	0.0
29.11634511220984	8.159244380353464	0.0
23.835488665268958	7.295477955716784	0.0
30.896457184241232	4.924343044781722	2.4212832783010756e-266
25.340253965929804	-2.1399785985759543	0.16283894877634944
33.578657154386434	6.086815769506536	0.0
34.78167166133387	-3.000000515005386	0.35997822492722215
29.174133021540374	-5.380098063207793	0.9963264308468663
26.187138820092933	5.223452542459157	1.5645351383956225e-278
15.558798255883778	4.52612452603319	-1.6421713005294906e-220
17.661243372522932	-1.9779747744885192	0.33326469009355186
34.20839575674319	-2.564083851251489	0.12720173854876013
5.301617418321868	6.994485120318732	0.0
22.665390690543997	-3.7487187745537156	0.9103821589555942
33.48952810750669	0.45257081380635	1.1619478326618235e-19
22.663773299230655	-5.796773495106208	0.9991155239680857
9.775359814351917	5.3249578062878555	8.605954986715054e-263
29.627532186824276	-1.3552438929803152	0.0034542826080272305
14.44429159975787	2.4130000667545914	-6.205925178163199e-90
26.11414363018644	2.693885850527888	4.742208325843031e-125
8.2623196826758	-5.496424621848977	0.999747664269196
30.651061270043687	7.893607682611705	0.0
6.385993690736567	0.8341845878011505	1.3518216295386748e-6
8.230229728580312	0.9485014701984333	-6.6892392573002e-11
20.713482190922424	-5.408436501503022	0.9982977067154916
6.005415756782898	2.4419827245612886	-1.1632013753972407e-79
2.135310300401051	-0.004516948164329904	0.004882401413242033
33.007216716640585	1.3485496496414484	2.316925554113506e-57
0.39545566759244166	2.4289465540817687	1.0180687451747999e-70
36.59329903669296	5.153922854643291	-1.4415033836739433e-289
39.0508110728557	9.674311345007407	0.0
15.267916001057692	-2.0069105127951516	0.385370681149167
26.46301946856318	-0.9403269255226121	0.0010324682262406193
6.669669701454207	3.3964015917042296	1.3955505781812157e-138
27.06644241528698	-4.071808095228416	0.9400966136328228
36.664257863164615	5.70525963537024	1.5e-323
11.463576628261137	-0.5167571062047145	0.06583965083232601
8.918637977183199	4.803222198283876	1.9970891327378265e-228
22.690841549995625	8.071563209290417	0.0
36.05198208990025	1.0859612230638973	6.964171755279695e-53
36.6948619748504	4.743701915471856	-1.3611274986417488e-266
21.73014217619508	7.343359053649273	0.0
31.645130210518612	2.254448276409722	1.281174012978111e-104
4.845512466089284	9.732682423539181	0.0
35.55870511708047	7.076204555787431	0.0
31.146199949347285	-3.039843685485131	0.5005751883173482
14.581618430048998	1.4258860532290463	-2.0553722000979725e-33
27.85316308865157	0.5882295660948493	1.778781218064547e-20
27.171195742234648	3.453542406768129	-1.6705636183580603e-171
14.79884741928184	-0.02053931991065383	0.0001241423186296661
13.8411587992606	3.5610412875420785	9.015017882242687e-161
30.99291715816626	4.986202843521639	2.054622184139418e-272
21.646391291049667	9.356435345772155	0.0
11.7573694740382	2.931064620168417	-7.542347080097682e-120
34.240929859801014	-3.1596711060571785	0.48274564419016064
20.200221522305082	7.577653917859273	0.0
34.70863376451796	7.060918139432637	0.0
17.984600369005477	2.9427498380114336	8.739844221892487e-129
27.989664973347136	-0.5313494802845078	1.905263890605535e-5
3.002454220047879	3.7016598093951494	-1.0880437136650932e-153
10.926620479411346	2.499878566257916	-2.738540138474614e-91
18.606398113765618	8.664081817636038	0.0
0.7393496680910328	-3.165415184543143	0.9859139505622906
15.059233036278012	2.9018082235353546	1.9115932836904212e-122
18.4119521001077	5.992973861603858	7.22206791e-315
8.029983375984996	1.6943395960427345	-5.6314807344559545e-37
38.912604339851164	-0.7049080273009523	7.488991902367488e-7
15.292971419014014	-4.3545914702894635	0.988131674200156
12.859423703504167	-3.6971489700980342	0.9763327758710663
36.361821295890856	2.732844951796185	9.139991311896693e-141
6.425200146657074	-3.9191829247170347	0.9974844976846825
37.63785281167694	-5.909208075596709	0.998309327889291
19.02214463347539	-5.245526936363476	0.9981876122868699
31.926250411849615	8.460454863579645	0.0
30.048321556951787	6.559312689851129	0.0
31.86574522675366	4.452116443843714	1.5317539843938725e-240
2.096743700723096	-3.5756223020492683	0.9693558188903151
12.261683667669573	5.588520541698557	3.095960908265368e-281
