0.014695188252498048
0.015036592538649862
0.015747720295391177
0.016889871814858348
0.01856792855766587
0.020949975085229
0.024302215040890807
0.029051773219853083
0.035903485551937675
0.04606766695209219
0.061731741446344746
0.08711113887181654
0.1310097908296619
0.21377058210757072
0.38862513011634703
0.8138533486038934
1.9263880677933232
3.349132447056786
2.402935578002446
1.3715000140268174
0.8976047435131289
0.6782158744157152
0.5732324846333243
0.5292664158851003
0.5256373044076964
0.555721352963244
0.6203996063949321
0.7251025458517689
0.8760215882914857
1.0704112942276458
1.2774190979738833
1.4262571476974222
1.4476951078874765
1.3467405852884786
1.1914432487836362
1.042249641902887
0.9254447532371466
0.8454327792409525
0.7989162628345621
0.7816220723859493
0.790317375467056
0.8227979561870001
0.8769061463558908
0.9487907078995131
1.0306295146776132
1.108995030648838
1.1664589752818755
1.1882608469212164
1.170518079566508
1.1222839481315894
1.0594106553828786
0.9966688305791114
0.9438788842849167
0.9060373241867985
0.8849460713908816
0.880660671312706
0.8922580171387435
0.9179693951360332
0.9548651073226021
0.9983587368411263
1.0419725440328784
1.0779635462105177
1.0991686232439335
1.1015085904619113
1.0856254326330332
1.0564284030222029
1.0209330038897395
0.9859221820897122
0.9565714002455651
0.9361378070720038
0.926232157749213
0.9272002407524399
0.9383663018023864
0.9580869709963241
0.9836926097585215
1.0114865223454508
1.0370263598076725
1.055851230686916
1.0645678592029928
1.0618639322281855
1.0488929722106195
1.0287972807981116
1.0056660629332659
0.9834814567522117
0.9654346424493273
0.9536652229005231
0.9492718247682624
0.9524154011580181
0.9624058968014854
0.9777496910200242
0.9962073246810168
1.0149557391758361
1.0309449151902206
1.0414588418003174
1.0447473434040733
1.040478912085005
1.0297953870298076
1.0149420833769789
0.9986590785678287
0.9835896470560358
