0.008388109353062667
0.008576180241094966
0.008967311194876815
0.009593843667141111
0.010510815977946786
0.01180577233008917
0.01361601697096082
0.016159207512931206
0.019789288170386055
0.025103440850116177
0.03315862524624391
0.045942234148652505
0.06748972377248619
0.10685458867708453
0.18724718622973424
0.3801922231342574
0.9676666109469125
3.1409597171352983
4.162657257395869
1.776177945606532
0.927691621806355
0.61855772348022
0.4857867271481612
0.4287885595868344
0.414610651682923
0.4328894352453416
0.4839217446759341
0.5757653682918894
0.7238534545253346
0.9473258541321913
1.2473087304084587
1.5490691925804114
1.6819073228710684
1.5636080472297498
1.3188889037522653
1.086673539832612
0.9151020215046798
0.8028077254380076
0.7377728963070072
0.7100744381525079
0.7138585903919622
0.7465854810535508
0.8075910913447488
0.8958448428718088
1.0061607432975572
1.1240025763767725
1.2228117219324846
1.2720715405889012
1.2567047240312594
1.1886822201964353
1.0961088284946527
1.0045904049018635
0.9290167850747182
0.875253251580796
0.8443311158913172
0.8354232987379456
0.8471921306488274
0.877978536661069
0.9252049368539196
0.9842457699951521
1.0472506434187971
1.1030128175074232
1.1392829595019485
1.1475341043828395
1.1272227931489527
1.0858320406263073
1.0347327647911786
0.9845201447593166
0.9426332090693519
0.9132489322628461
0.8981625414735502
0.8976600184961654
0.9109941849150297
0.9364310474007039
0.9709880342383819
1.0101097485162758
1.0476851206652233
1.0768699765639504
1.091845609800554
1.0898508593036833
1.0722339493567643
1.0437655073734058
1.0107367707214008
0.9790724874732133
0.9532652785247376
0.9361461755983855
0.9290990140456505
0.9323481361889635
0.9451262302186438
0.9656889893213609
0.991259219498921
1.0180723984793179
1.0417359660344498
1.0580252607445164
1.0639679505315245
1.0587520674078468
1.0439481046043386
1.0229121388677507
0.9997306434570421
0.9782378287941651
