0.012608663854785873
0.012898790939820715
0.013502854637459039
0.014472349097551684
0.015895251907560026
0.017912275499615715
0.020745699759510572
0.02475104412077267
0.030512753876635323
0.03902992451203757
0.05209889875615248
0.07316138498382851
0.10936228755399291
0.17713411362041742
0.31957248786619563
0.668968553441845
1.6639494242645234
3.5441521651734194
2.7321492044305353
1.4517770472032476
0.9024946854972884
0.6617027858625733
0.5492374090077915
0.5015404885899288
0.4950012275399436
0.5221240936144755
0.5838461388853076
0.6866934368800801
0.8398157014380523
1.0460337937594262
1.2796216911126397
1.4628575475531256
1.5034978389745288
1.3953013514872683
1.2198077609422207
1.0519038999509698
0.9222122838844911
0.8342726022783014
0.7831007960055933
0.7632447970127835
0.7709190661067681
0.8038819559671769
0.8603394564003939
0.9370179457915252
1.0264332316522298
1.1144410625229035
1.181192381976519
1.2085698744513875
1.1907378388774676
1.1376597473953156
1.067800583063539
0.9982337581130875
0.939942462650291
0.8982044661257012
0.874718259081385
0.8693790328917076
0.8811832124100178
0.9083744200064732
0.9480535316260822
0.995528915105494
1.043883919489824
1.0844924568887127
1.109041813645151
1.1125423922298967
1.0954612945264852
1.0633122967527233
1.0240790014641534
0.9854071257981006
0.9530142065008633
0.9304054713288826
0.9192649939443203
0.9199405811846088
0.9317376649064247
0.9529698636166957
0.9808540006244241
1.0114426081997512
1.0398634849144412
1.0610916332663662
1.0711968646594625
1.0685706199078733
1.0544350481982774
1.0323102059869729
1.0067897796697851
0.9823103895096543
0.962380794005013
0.9493203711767991
0.9443084658142656
0.947525371349759
0.9582557824465513
0.9749290252435853
0.9951540421465327
1.0158623928505008
1.0336757655408568
1.0455280177384374
1.04939867272878
1.0448599771646578
1.0331613708540892
1.016807707397075
0.9988538795228221
0.9822271715927732
