0.008977683617171328
0.009179846779445389
0.009600364734448807
0.010274187215985608
0.01126083049055071
0.012655049180601452
0.014605635653208937
0.01734881451988579
0.021269432954215794
0.027018273037092033
0.03575031090140668
0.04964448065407734
0.0731432078774309
0.11626226573925613
0.2048243668193399
0.4187751837458512
1.0706277120715928
3.3162494850581212
3.8538744305212553
1.7070966066580824
0.9220200409585064
0.6256322116586783
0.4962703269798203
0.44073341497024754
0.42778644784034836
0.44759132858485506
0.5006268954161653
0.5948506497915176
0.7448952517322576
0.9672661080941184
1.2574393372978108
1.537037692301728
1.64917651389874
1.530887503297059
1.2995285818671214
1.0798020982459182
0.9160958193797231
0.8082162429814829
0.7456399519542007
0.7193477673805762
0.7239001866478161
0.7568342881559483
0.8172899784553722
0.9037966405203872
1.0106276893680026
1.1231017612630547
1.2157410385924217
1.2604806237770119
1.2443245423463076
1.1790077473459037
1.0906971154211607
1.0032718308088977
0.9308731594365787
0.8792926455980847
0.8497223834334685
0.8414920404695745
0.8533353179847777
0.8835716177223784
0.9295432933372965
0.9865711653109512
1.046924349532358
1.099840830509059
1.1338245880019961
1.1410763453411286
1.1212961175150498
1.0815994695092204
1.0326945452404461
0.9846064195526731
0.9444555673630507
0.9163076803981945
0.9019509044269409
0.9016904657868585
0.9147889723310821
0.9395126938331411
0.9728991449529067
1.010484301653385
1.0463704635175575
1.0740508021958732
1.0880754939677053
1.0859210418826826
1.068923680979677
1.0416172587079073
1.0099680977029606
0.9796205451760528
0.9548880114025845
0.9385135265665281
0.9318489579951799
0.9351127104846051
0.9475444625829352
0.9674246565521464
0.9920371228604045
1.0177364377727653
1.0403136520306169
1.0557628741187688
1.0612981172804299
1.0561875310345243
1.0419447747263872
1.0217654905283549
0.9995417491494374
0.9789394606542022
