0.011511161961464067
0.011774511920269681
0.012322684503911274
0.013202095551140491
0.014491977427500524
0.016318901100324745
0.01888249294731803
0.02250141753015733
0.027698298274751787
0.03536403307951197
0.0470951042154375
0.06593847268811648
0.09819218197452906
0.1582788681700411
0.28394087650791133
0.592091280885136
1.498547627089266
3.5890938373485697
2.9724882942655717
1.5082528912391417
0.906449846686993
0.6519392982468
0.5349769101107826
0.48510634769961014
0.4768271799028988
0.502067901682347
0.5617207771637691
0.6628413959597848
0.8162415971636197
1.0283363586750738
1.277775591620301
1.48419051410211
1.539555761711119
1.427561626887414
1.2387065691075132
1.0584356697466248
0.9204114660090192
0.8274565625234828
0.7733729381614497
0.751891785767539
0.7588464000763867
0.7919578826803533
0.8496690669721659
0.929120404628486
1.0231534034470946
1.1173111367635535
1.1902455791171926
1.2215309132568821
1.203850841881503
1.147698356629443
1.0733191510386668
0.9993554618766562
0.9375521880690538
0.8933430885658544
0.8683327551144256
0.8622960782693926
0.8741720294414517
0.9022184277622338
0.9435761822533001
0.9935201077123768
1.0448882368587855
1.0885025122851975
1.115286890800382
1.1196166716715366
1.1018128968135568
1.0677819811231803
1.0261527858339456
0.9851404917217524
0.9508100813189541
0.9268164460988791
0.9148807865464568
0.9153468073903196
0.9275089131921948
0.9496610579449932
0.9789608947227769
1.011315362356975
1.041586004710098
1.0643828236238817
1.0754161717617516
1.0728708784961793
1.0580061932018359
1.0345885611457497
1.0075426604856221
0.9816000208709698
0.9604710088664904
0.9465854788470495
0.9411703749599647
0.944417133145168
0.9555968081974455
0.9730953592547941
0.9944323554990386
1.0163885703904587
1.0353770930028239
1.048103192623679
1.0523654845215702
1.0476683049751987
1.0353285246224375
1.0180195760563748
0.999000722895419
0.9813817302235693
