0.01108024625734294
0.011333124009604068
0.011859442158702382
0.01270363961666754
0.013941546276925343
0.015694235455111505
0.018152535470414732
0.021620814448633063
0.02659774750755073
0.033932383915808106
0.045144029236824146
0.06312743984601832
0.0938544007923644
0.1509721330138929
0.2701392407138241
0.5620414464546686
1.4293923914426978
3.586805122574853
3.0848925050294222
1.5341889773571613
0.9083640024779135
0.6478656479505793
0.5290105729128889
0.47824258116868423
0.46923633257781105
0.4936669485484223
0.5523905459654054
0.6526543046806643
0.8059327459371902
1.0201849244681187
1.2761919030868465
1.4929213447709455
1.5553156663814574
1.4419035262148836
1.2471220693935998
1.0613643591660886
0.9196883660896819
0.8245626106872251
0.769227203722146
0.747042912273591
0.753670614822413
0.7868116564646894
0.8450118306788454
0.9256005980380134
1.0215860620893744
1.118411779773565
1.1940938315734078
1.2271645568659404
1.2096035689425824
1.152118706534879
1.0757582305135878
0.9998718907424461
0.9365408487875536
0.8912609502853012
0.8655892264633773
0.8592439337094815
0.8711374671682011
0.8995350320324631
0.9415994818122931
0.992598906413559
1.0452733194686576
1.0902081439999933
1.1179887030872087
1.1227007699536258
1.1045929836732424
1.0697440098742976
1.0270701469067323
0.9850389488567813
0.9498669025918621
0.9252718988989523
0.9129889507720395
0.9133586452371133
0.9256707352997873
0.9482123686566002
0.978118572416792
1.0112364774836773
1.04231394591964
1.0658012161730583
1.077248290839266
1.0747457961433025
1.0595673992623664
1.0355879858734205
1.0078784204757145
0.9812997009332316
0.9596496262646831
0.9454050697178116
0.9398127212211563
0.94306854216599
0.9544382010126888
0.9722901464556117
0.9941068413053168
1.0166049212797375
1.0361070448328429
1.0492178750227383
1.053655313849507
1.0488925606268853
1.0362754943353676
1.0185515856463099
0.999069835391625
0.9810196786770968
