0.015128214407471918
0.015480314338894408
0.016213779011057583
0.017391965810668486
0.01912330459256051
0.021581630982338562
0.025042387633761876
0.029947780464069096
0.037028037067332376
0.04753808291531014
0.06374803301667598
0.09003695661163635
0.13555893969250077
0.2214752468083624
0.4030786996304465
0.8433144913772471
1.971497023310386
3.3011071185603513
2.3494014096232734
1.358057540501933
0.8969028976764764
0.6813564656504635
0.5777786151666775
0.5345273779912119
0.5314438934976999
0.5620554518174727
0.6272143578354389
0.7321183070807395
0.8823874351848502
1.0743097061272588
1.2763614692573546
1.4193090294715753
1.4377727803647757
1.3382633095728265
1.1865026789416047
1.0405907044935783
0.9260823491084412
0.8475052342388003
0.8018375957454112
0.7850048902222218
0.7938677124218113
0.8262261890445548
0.8798593033685764
0.9508229298056504
1.0312578001743722
1.1078933098183035
1.1637419295773803
1.1846113438771662
1.1669253447677597
1.1195653074983503
1.0579360863989586
0.9964135050555204
0.9446126949982515
0.90747484182436
0.8868147591063381
0.8827131459299851
0.8942602284481925
0.9196866380887151
0.9560617160350233
0.9988250055392629
1.0415845512331212
1.0767579506474216
1.0973823619711085
1.099531485937591
1.0838721576576593
1.0552064396562064
1.0203812009805182
0.9860279692680601
0.9572250073139817
0.9371830850575755
0.9274978016672306
0.9285135116256702
0.9395581234415775
0.9589977030380663
0.9841858225448142
1.0114738064756827
1.0364981143335628
1.054898126782503
1.0633736560031086
1.0606621628650248
1.0479035392676628
1.0281732396080807
1.005471554617606
0.9836998611607676
0.965992006244764
0.9544543973954799
0.9501703566459598
0.9532971408843777
0.9631497843940434
0.9782497512179459
0.9963863629699231
1.0147818424209336
1.0304453339443913
1.0407226994714405
1.0439106576135788
1.0396937104849944
1.0291941094450148
1.014611091028863
0.9986288125135
0.9838397189301104
