0.005830490275301359
0.005958243633394922
0.006223669308938695
0.006648124396889332
0.007267827862646792
0.008140108016587155
0.009354305848310318
0.011050917187090281
0.01345617125907106
0.016947202256995086
0.022181743971185885
0.0303742504655512
0.043935417350742356
0.06812129464457506
0.11593202322243268
0.22578813705072898
0.545905573966676
1.9167460942174133
6.112911786550208
2.322809002927716
0.9716296214086447
0.5818343731844711
0.43076829301384334
0.36679018706052735
0.3466085192744881
0.35683644919403945
0.3964080352233955
0.47291114190296113
0.6038764297763319
0.8193845329830978
1.153517464865467
1.5789195213475482
1.8720661479537082
1.780423792165375
1.4488170848193138
1.1330345520426193
0.9116046378183099
0.7729035186582665
0.6937247736224423
0.6579035803652613
0.656791139149736
0.6871704907239017
0.7493590482803936
0.8449937358817246
0.9729058804985308
1.1214258242864386
1.2596276469337417
1.3412572534588514
1.3344314184762889
1.2504933802101916
1.131015838818335
1.0139101628174039
0.9189705871023934
0.8521673162885212
0.8131913561272872
0.8000426538873415
0.8108467083850144
0.8440716296499033
0.8977597527545896
0.9679440233192663
1.0465501933860037
1.1200580043461577
1.1714677607371646
1.1870639907716825
1.1641580379877616
1.1124791839482537
1.0478525641754537
0.9846440456907144
0.9322603917960915
0.8954412031170944
0.8758999825516786
0.8737287955003936
0.8881082286591078
0.9173624879326654
0.9585233998270891
1.0066685383876317
1.0545459040987626
1.0932619904409082
1.1145564457157833
1.1139564703110756
1.0927560695689187
1.057233066162887
1.0157908342305193
0.9761346893685163
0.9438357382182482
0.9222045304757669
0.9127660142661834
0.915756713341822
0.9303835188935663
0.9548101971480073
0.9859770559350444
1.019481674756376
1.0498506313099756
1.0714803517074736
1.0801547093361332
1.0744765958187268
1.056337999292129
1.030112009665595
1.0011187740641505
0.9742354363033482
