0.023167865173544855
0.023720996197100996
0.024874513543873822
0.026730943274625107
0.029466369768008316
0.033364470271544766
0.038877497828511465
0.04673685131112859
0.05816045603714448
0.07526049563605741
0.10189271568774605
0.14554886355011953
0.2218995282341042
0.3664816449533048
0.6649716251894722
1.303674094821114
2.321081007182272
2.5290030908552104
1.7886550720010217
1.2088912333720998
0.8932781423522373
0.7274140834024837
0.6438026614233328
0.6110333899914542
0.6154156307343721
0.6521647266153396
0.7211495092999209
0.8236432856706193
0.9574624763626384
1.1088956081933699
1.2452155909919143
1.3221064415781003
1.3139021518430378
1.2358231239542625
1.1271357115244536
1.0214464875522837
0.936035201209473
0.876218642455885
0.8417886403495785
0.8308447925784868
0.8412828069386136
0.8709212303859089
0.9168495491834049
0.9743240859320704
1.0357008116903885
1.09039644642606
1.1270503955844475
1.1377686705167411
1.1218439913779006
1.085818095375824
1.0399147449578425
0.9939050877320571
0.954853564454361
0.9268596147090304
0.911746000576344
0.909816172994745
0.9203085587227248
0.941505289686887
0.9706078262288586
1.0035921534452563
1.0353447706736545
1.0603696372997924
1.07408933268779
1.0742621877890486
1.06171527585317
1.0399162206707706
1.013681067832888
0.9877860903439609
0.9660627364169893
0.9510750939759613
0.9441692933533063
0.9456437465186551
0.9548862373580451
0.9704378590622552
0.990032643923779
1.0107196752674703
1.029185060024757
1.0423206229701758
1.0479291995141353
1.0452977625572633
1.0353587441224912
1.0203555512126599
1.0031899275619038
0.9867474010901628
0.973416190853525
0.9648509965756965
0.9619167596471367
0.9647187637574349
0.972655402922337
0.984478905378422
0.998392158212758
1.0122310893816548
1.023767806668209
1.0311134993772564
1.033122267847891
1.0296505496149693
1.0215621838639943
1.0104783073052261
0.9983805178967123
0.9872122961865523
