0.010625890706566166
0.010867753715450457
0.01137108777820195
0.012178258468173886
0.0133615285651556
0.015036210580871234
0.017383919486957833
0.020694063627654136
0.025440281109096907
0.03242791465767725
0.04309575610788974
0.06017995160414236
0.08931258255049723
0.1433333359279504
0.25572241221933734
0.5305317317036398
1.3543738262808085
3.568263465960439
3.217022936144575
1.5643644342758467
0.9106507145771865
0.643408337795967
0.5224710843161597
0.47072854100154204
0.4609272553873279
0.4844564505368991
0.5421208913621236
0.6413564508059812
0.794337260946375
1.010731292005426
1.2738569494588379
1.5023078366407878
1.573058003214671
1.4582386430975476
1.2567173940707923
1.06471655656228
0.9189180882075529
0.8213613168385752
0.7646305333556085
0.7416596371369836
0.7479111838142853
0.7810616594930568
0.8397719847126083
0.9215894318076432
1.0197263489395487
1.1195412873882375
1.1983498858085717
1.2334883130326553
1.2161004315154627
1.1571227653388072
1.0785255803777887
1.0004720437399894
0.9354247081447681
0.8889449733495902
0.862531617565527
0.8558361959873874
0.8677400648915468
0.8965174633454914
0.9393589664551467
0.9915306509127686
1.0456687825714832
1.0920960052619657
1.1210127538714774
1.126169922798303
1.107728174044251
1.071960632197218
1.0281114256104829
0.9849350312179086
0.9488184044271324
0.9235486908081214
0.9108747380036936
0.9111326590090398
0.92360704688923
0.9465786018658375
0.9771591272882715
1.0111311135265473
1.0431163321703891
1.0673849285294186
1.0793039314643076
1.0768549824575004
1.0613266588244645
1.036716568439046
1.0082614026606098
0.9809684623736241
0.9587335743197472
0.9440856823102985
0.9382929626261027
0.9415562159795211
0.9531354311583945
0.971380337682404
0.993732980865826
1.0168390104503107
1.0369197559089876
1.0504660467633975
1.0551036626163552
1.0502696605400126
1.0373422632647018
1.0191526237221993
0.9991511577761787
0.980617010818094
