0.008140116027994915
0.00832227816407527
0.008701089229585901
0.009307801253167547
0.010195583128552732
0.011448970953710558
0.013200480486255328
0.015660038638931062
0.019168739487430586
0.024301511465108727
0.03207469457086787
0.044396470952204004
0.06513439119111386
0.10294584931742323
0.17996711245205366
0.3642433816267838
0.9245843216965143
3.052884347513671
4.3088356020508485
1.8092243842408795
0.9304180988167361
0.615450871642935
0.4811720188320455
0.4235422783997831
0.40882927300654914
0.426432349082566
0.4765594119432305
0.5672925378440128
0.7143797465117543
0.9380848210931024
1.2421363700438945
1.5539102891296892
1.6967199565435278
1.578755363670648
1.3278694479652342
1.0898679762645045
0.9146924776988417
0.8003989714008333
0.7342592859269244
0.7059276062571384
0.7093571984556812
0.7419698703989773
0.8031880242138763
0.8921827959484723
1.004028262642019
1.1242861963825217
1.225935573348669
1.277325359391635
1.2623710447709158
1.1931254637507933
1.098599914302757
1.0052108524970602
0.9281934131506987
0.8734412358455368
0.8419069273615845
0.8326886758067813
0.8444148099012714
0.8754362307912117
0.9232142847141303
0.9831534140774836
1.047356694357142
1.1044204751606086
1.1417494127686276
1.1504740239244178
1.1299307576629039
1.087770207694197
1.0356708629293059
0.9844915102046551
0.9418164042920111
0.9118713366671107
0.8964528054818103
0.8958368617668208
0.9092717574158202
0.9350244516738636
0.9701055101949899
1.0099209629516368
1.0482650190835063
1.0781399370060372
1.093556154605709
1.0916404899877945
1.0737448127990992
1.0447484350848668
1.0110923215855137
0.9788297950924476
0.9525347479569668
0.9350773465221357
0.9278551326912734
0.9310947997771318
0.9440261699401621
0.9648946600401551
0.9908967493429188
1.0182150918956834
1.0423741378962046
1.0590489597326511
1.0651808085514016
1.059919833761244
1.0448620218982745
1.023437004907909
0.9998203928791796
0.977923183063376
