0.01749555788012036
0.017906410888305135
0.018762601679887303
0.020138847063812415
0.022163182899128442
0.02504124616004244
0.029099616078791857
0.034864057306164487
0.043205629280149815
0.05562689488325301
0.07485711940657536
0.10618294171001819
0.16069140734135867
0.2639989145111513
0.4821413010502402
0.9979301117245125
2.16212831211035
3.0367684415531224
2.1159455076428126
1.297929800728161
0.8943497282471058
0.6970961148602021
0.6004784777519384
0.5608210999607861
0.5604163435458276
0.5934780893197431
0.6606334635931184
0.765822192596162
0.9118271866036035
1.0906123861856072
1.2685907795467692
1.3849133018714108
1.3911006376548154
1.298963436111114
1.1636472395184703
1.033026852882025
0.9293692778027305
0.8576624921218235
0.8160830558897649
0.8014439805419011
0.8110249575216614
0.8426388800680547
0.8937775910773398
0.9601093072905792
1.0337017809322149
1.102140663389714
1.1505410371562106
1.1672609703688201
1.1500078658885213
1.1068198575308734
1.0510638238876524
0.9953130042038923
0.9482205107006857
0.9144444423756564
0.8958369096501627
0.8925828387050061
0.9038317546392827
0.927819159527825
0.9616305947191891
1.0008595398161855
1.039549894319654
1.070888280344258
1.088836425583499
1.0901513439321093
1.0755923943234782
1.0494582714001839
1.0178153682859405
0.9865895314874682
0.9603973571480425
0.942221394570641
0.9335768195008833
0.9347968211098494
0.9452283337098178
0.9632900527449975
0.9864581682596063
1.011324752170726
1.0339070910158992
1.050316282240063
1.0576805722828349
1.0549600414148441
1.0432246184891725
1.025236081007687
1.004578854837471
0.9847738013904168
0.968680863947264
0.958244789195577
0.954472777150832
0.9575037115203548
0.966679385196814
0.9805984487403218
0.9971936822718782
1.0139075654953784
1.028031141465934
1.0372000325316313
1.0399269992479552
1.0359674226301756
1.0263493680992246
1.013055175339444
0.9985056412607
0.9850522272567233
