0.01604640078516051
0.01642123449846622
0.017202181698867225
0.018456983852244258
0.020301635461283385
0.022922237559605096
0.026613946760607576
0.031851166544263454
0.039418365612521544
0.05066581353230004
0.06804040352211771
0.09627090952169604
0.14525827598442065
0.23789873834721809
0.4337712944677279
0.904711723500739
2.0564290591568435
3.1974500148246388
2.2482321707962813
1.3323138791367062
0.8956812640860585
0.6877334492451743
0.5869924365941246
0.5451957305671662
0.5432097024430937
0.5748539628196022
0.6409055027588597
0.7460692074021922
0.894807023049621
1.0815473582537334
1.2736793231209087
1.4052718236945916
1.418263850805657
1.3217235823097002
1.1768736155359718
1.0373804983555337
0.9273965789606453
0.8516659374654756
0.8076875313759968
0.7917672778116442
0.800945080396478
0.8330278279945748
0.8856719707463204
0.9547609097514267
1.032383982517935
1.1056049093414337
1.1583098298664356
1.1773973367783221
1.1598589394428593
1.1142301897647091
1.0550509468731692
0.9959328603314898
0.9460883487055043
0.910344935157776
0.8905377734337645
0.8867939860734266
0.898229239754445
0.923074505180302
0.9584015876664541
0.9997078507835125
1.0407769823193378
1.074345326704791
1.0938400700766295
1.0956277028374304
1.080418581095383
1.0528042122437087
1.0193027441247882
0.9862494906554566
0.9585306962564337
0.9392638042538551
0.9300126611818854
0.9311178450196402
0.9419148265913156
0.9607899582390056
0.9851453008572626
1.011429772310176
1.0354369579443545
1.0530033963327567
1.0610098699012565
1.0582891936619347
1.0459531934306798
1.0269460831572328
1.005093889770519
0.9841391060380654
0.9671019736373957
0.9560224630541004
0.9519529220670195
0.9550431221989307
0.9646186947018744
0.979232081226964
0.9967309085572278
1.0144279771087408
1.029449519779941
1.039262760737107
1.0422556262808176
1.0381431339058271
1.028008587923561
1.0139606159172057
0.9985733851246686
0.9843390194469399
