0.012043997278735175
0.012320329212553549
0.012895596976565948
0.013818674420129295
0.01517302593100045
0.017092063971686167
0.019786370616428628
0.023592426718836657
0.029062727063991378
0.03714042110054372
0.04951845610110195
0.06943423050656983
0.10359425748856355
0.16739129602714575
0.3011611699644531
0.6293866129434769
1.5809267245886354
3.575045078075782
2.848385077138451
1.4792812549958305
0.9043797818291125
0.656784015007884
0.5420599568976407
0.493264264260484
0.4858493207734671
0.5120349837249455
0.5727431022098921
0.6747785422589023
0.8281399596879615
1.0374370387607112
1.2790196563335443
1.473662243243595
1.5213661319696903
1.411194801309988
1.2291131535114297
1.0551115842700467
0.9212936366664781
0.830859604691172
0.7782361926436994
0.7575719524412123
0.7648947846222053
0.7979459391104884
0.8550488832306641
0.9331317587375492
1.0248618596039425
1.115925206609841
1.1857226571791273
1.2150061900996936
1.1972286604941094
1.1426222601607632
1.0705249381654665
0.9987790996823502
0.9387441681898582
0.8957776650225338
0.8715341581867949
0.8658508425539863
0.8776962409448001
0.90532050064323
0.9458425029398179
0.9945507653679604
1.0444033819744445
1.086498870926496
1.1121482467786048
1.1160518843189289
1.0986078570481415
1.065524275642913
1.0251024174926764
0.9852688801002659
0.9519135593536756
0.928616833480772
0.9170821475286896
0.9176558032931117
0.9296376884025828
0.9513309402509608
0.9799217425709796
1.011388929933063
1.040727271048172
1.0627309709918575
1.0732929806597098
1.0707038849908133
1.0562049308217083
1.0334379966388594
1.0071602226769583
0.9819541768355988
0.9614288212551305
0.9479588005214277
0.9427474759487969
0.9459807984922199
0.9569364649669858
0.9740217204000013
0.9948004214651129
1.0161286854034643
1.0345245183816403
1.0468087633829124
1.0508719351932476
1.0462532001609754
1.0342356041336767
1.0174074153983812
0.9989246605524524
0.9818051074208539
