0.015401753344617353
0.015760618328888865
0.016508212026299374
0.017709194806464823
0.01947424448642887
0.02198084088167973
0.025510282559752295
0.030514337122009016
0.0377393359820728
0.04846850546807646
0.06502442848735013
0.09188998970916273
0.1384412128401239
0.22635650592203083
0.41221859917613424
0.8617679819592335
1.9983125178118861
3.2703509274180074
2.3176094715893245
1.3500167261360518
0.8965031673401624
0.6832952593484849
0.5805823195824873
0.5377729269401198
0.5350246563860629
0.5659557207845467
0.631397904372921
0.7364018166424932
0.886234938224778
1.0766049704575489
1.275619393089966
1.4150298693268133
1.4317520920379079
1.3331411079345172
1.183519159376055
1.0395926742896413
0.9264792098429496
0.8487768880899174
0.8036276673325747
0.7870758418570127
0.7960379667182382
0.8283164984547803
0.8816522935547126
0.9520465187949194
1.031620946225486
1.107204509860086
1.1620783591018535
1.182390583635413
1.1647450429606314
1.1179174702564025
1.0570437265177997
0.9962621140173048
0.945063365476051
0.9083542868302308
0.8879566823644192
0.8839660092532734
0.8954804519486664
0.9207305085546985
0.9567856531091972
0.9991023030220937
1.0413417172438444
1.0760194385897341
1.096293526937592
1.09832914356844
1.0828073060395793
1.054465070450913
1.020047463107235
0.9860943906235695
0.9576249901260634
0.9378215362723719
0.928270107800081
0.9293140293837774
0.9402834899913037
0.9595505663156485
0.9844833857506464
1.011462937426167
1.0361738618394878
1.0543163833252558
1.0626464537037215
1.05993131534103
1.047302378047448
1.0277945690051888
1.0053543239270166
0.9838340031030548
0.9663325210711344
0.9549359499241636
0.9507181787847383
0.9538341850407439
0.9636021880846913
0.9785530226661558
0.9964937580291952
1.0146743488824168
1.0301399648335041
1.0402739615083973
1.04340134514782
1.0392161713742258
1.0288287343485707
1.0144103110308909
0.9986111227868523
0.9839927108468719
