0.004264390123351669
0.0043560404548828036
0.0045463022112625096
0.004850137997067017
0.005292849785668352
0.005914324472950261
0.006776394864737578
0.007975655856954034
0.009666381877003194
0.012103194615091128
0.015724728160263712
0.021328575979594366
0.030467581274061906
0.04644360070653997
0.0771558547934269
0.14491558719480535
0.3307955679230633
1.0830808609823561
6.15304733464782
3.248217492118917
1.0347280301690784
0.5522729008074657
0.3855226344060464
0.316919178980409
0.29266601680962445
0.2966603809539845
0.3263684813486226
0.3879366387513985
0.49787597711505716
0.6894192689309095
1.018836603747763
1.5285318819693754
2.031935538316883
2.038528397878636
1.6094814210201402
1.1899053615378274
0.9119105860709777
0.7461869473917829
0.6535914402572038
0.6101520207912303
0.6039018455746636
0.6305915614433689
0.6911101219011843
0.7894975470034126
0.9293170700181227
1.1048382862648314
1.2856042475121177
1.4097063248631332
1.4197797220804391
1.3206871678410401
1.1711169836105932
1.025796537973893
0.9104166749800654
0.830386511701739
0.7833388978680451
0.7656732005452418
0.7747674223834075
0.8091638000817734
0.8676794604639009
0.9474992244383599
1.0411859878536254
1.1336968321125758
1.2030467424105042
1.2287352663797164
1.204381965299163
1.1419628811339424
1.062798283982783
0.9858165104606954
0.9225502303633819
0.8781207186129727
0.853935406187292
0.8497450255256004
0.8646152020989171
0.8970032077568079
0.9441607426424714
1.0011051303753933
1.0597097874797399
1.109012395086772
1.1378761712292076
1.1395223472992342
1.1149101432323232
1.0720095838925217
1.0216999923933634
0.9736992351015056
0.9346897034702074
0.908384631935991
0.8963609744527827
0.8988201066469206
0.9149594226287444
0.942934991988493
0.9795396538537352
1.0198640964676633
1.0573897773270646
1.0850036305603097
1.0969900476895666
1.0911486235021484
1.0696541635512677
1.0380211177657948
1.002960310477124
0.9704793394120603
