0.017302474146606794
0.017708518815872765
0.018554664258164988
0.01991469422281189
0.021915033495579883
0.024758704496235517
0.028768079675646874
0.034462045185565615
0.04270006027625772
0.05496428223542882
0.07394614805085764
0.10485763286022254
0.1586274833604545
0.26051186113939806
0.4757119344230252
0.9858054032751377
2.1499481801437517
3.0576748114703958
2.1319382444758155
1.302132464004457
0.8944914120305877
0.6958944080291326
0.5987503134799391
0.5588182833800696
0.5582128013165013
0.5910994509141725
0.6581271017434247
0.7633360768259109
0.9097225293319939
1.0895484148199526
1.2693133414630844
1.387506145214849
1.3944921266816461
1.3017887039615377
1.1652874428533373
1.0335629088465847
0.9291134206200931
0.8569001468005709
0.815018082175325
0.8002183954972912
0.8097514767622846
0.8414296579214646
0.8927648702156288
0.9594504795941221
1.0335536457912982
1.102591293222448
1.1515244270553897
1.1685327469377338
1.15123892452543
1.1077441447488092
1.0515597781572457
0.9953871389335248
0.9479491102987759
0.9139256743086768
0.8951675631882146
0.8918529278701635
0.9031271577017277
0.9272249063454376
0.9612293088424609
1.0007208185631735
1.039709838069473
1.0713263685910528
1.089465951010613
1.0908379267453676
1.076196265091312
1.0498762017554806
1.0180001718402754
0.9865449744452772
0.9601610329245964
0.9418480654688436
0.9331276158866477
0.9343339322485125
0.9448124509704728
0.9629775547533531
0.9862957411060709
1.0113407330528164
1.0341015672924179
1.0506550568586752
1.0580988367948896
1.0553774459579275
1.0435662249567739
1.0254497169408854
1.0046424565702108
0.9846930131129434
0.9684814878476176
0.9579646966976678
0.9541556087854026
0.9571944959741205
0.9664210383938717
0.9804279128907698
0.9971370058667253
1.0139743717246463
1.0282103579318596
1.037459595541951
1.04021939463469
1.0362402318659931
1.0265571365074535
1.0131682293187374
0.9985134772792865
0.984961973433336
