0.009647361690709455
0.009865603904834597
0.010319658800068465
0.011047468220431678
0.012113688862098737
0.013621360406121275
0.015732491737440846
0.01870470017594883
0.022958503539623587
0.029206685862800952
0.038717885652150175
0.05389377974431264
0.0796514856425714
0.12713218190859987
0.22521464591039497
0.46358894235120884
1.1873573529729526
3.4581724335716935
3.5602725880757147
1.6416287877298297
0.9167207343452964
0.6331838740913855
0.5074250358886998
0.4534803376534031
0.441862684188717
0.4632720382889606
0.5183490930005084
0.6148760662354533
0.7665129557337911
0.986876788068917
1.2658967636256957
1.5229304338272969
1.6157765362033891
1.4984618266749135
1.2803920956158246
1.073036635653713
0.9172422152705074
0.8138762799317081
0.7538396518334156
0.7289949639472386
0.7343088622600624
0.767386268089267
0.8271604214405084
0.9117215147910299
1.0148420840168142
1.121793403503534
1.20827830184307
1.2486545261312045
1.2318576704381714
1.1693117032071096
1.0852916472786893
1.0019981606654078
0.9328264355540414
0.8834771522159234
0.8552883782306653
0.8477382259154366
0.8596281981261181
0.8892568248099197
0.933893636200002
0.9888231060629713
1.0464600097161818
1.096509661883628
1.128229648559975
1.1345243192990662
1.115313106158794
1.0773400896190244
1.0306587272324907
0.9847279476589939
0.9463455547003696
0.9194585712752519
0.9058418567586489
0.9058165434871247
0.9186549364062894
0.9426271318376409
0.9747983453756822
1.0108067221392363
1.044978346502114
1.0711483717508745
1.0842320596027648
1.0819353577695079
1.0655769057878715
1.039453071412656
1.009206015450542
0.9801983603013944
0.9565606692144848
0.94094377841218
0.9346644833203493
0.9379341050349191
0.9500004809462365
0.9691723479440779
0.992800041761959
1.0173632956634144
1.0388412222394516
1.0534477315309483
1.0585809971722806
1.0535861469372798
1.0399180275643336
1.020611078997772
0.9993620487947725
0.9796665703668526
