0.027275369171668618
0.02793244383787452
0.02930324722920008
0.03151077859859008
0.034766510635620196
0.03941162011727051
0.04599096374843292
0.055387368494034916
0.06907366129656001
0.0896078392557621
0.12166091493511266
0.17428590680278644
0.26624413469385755
0.43897163776421144
0.7850923937328456
1.4591406432473701
2.29337089230081
2.278332483246719
1.6507745738036408
1.1695549150714954
0.8945405363733601
0.744857464852567
0.6684809088654325
0.6395893987810832
0.6464241916400846
0.6846007503252614
0.7534128434981651
0.8525982311863178
0.9776382157827574
1.1131131284404396
1.2286962391908323
1.2886498347051074
1.275914647035905
1.2055085705287114
1.1097320385564133
1.0162347590767646
0.9400113458661497
0.8863395401554949
0.8556277525482309
0.8465157231940931
0.8571653769744583
0.8854016584686148
0.9281743488485064
0.9806761826810073
1.0356151381001204
1.0834866374939671
1.1146481529197616
1.1228182848454922
1.1078401795295296
1.075485173881677
1.0345293192415783
0.9934383970194324
0.9584903190567076
0.9334629222361331
0.9201181896172561
0.9187913213695826
0.9287627867014387
0.9483623733898167
0.9748990371074806
1.0046036845996815
1.0328356382084263
1.0547646395323313
1.0664969388271253
1.0662241333837075
1.0547686723192418
1.0351891487919729
1.0117021534777733
0.988523057147039
0.9690838419264665
0.9557209670853233
0.9496789334444823
0.9512314514653645
0.9597927707600842
0.9739841946814224
0.9916960822700377
1.0102324846808421
1.0266276653717243
1.038157671829018
1.0429412967504175
1.0404072605295283
1.0314098588004694
1.0179363658642548
1.002553100419555
0.987828126336757
0.975906910090475
0.968289356631099
0.9657620515626629
0.9684125826035562
0.9756743378203616
0.986389241835357
0.9989104559139282
1.0112826134630046
1.0215222623116087
1.0279732474966126
1.0296503293881174
1.0264520123825092
1.0191568063766485
1.009205904617757
0.998361756027526
0.988361286779636
