0.015820305775257837
0.01618953483307961
0.016958775356605615
0.018194686573549612
0.0200113953284754
0.022591973819453104
0.026226709321489405
0.03138205045283182
0.03882906136216191
0.04989444416975197
0.06698139198552167
0.09473225355295356
0.14286360193777492
0.23384481437914428
0.42621151629873744
0.8897425262454841
2.036850738503198
3.2230244774421637
2.271726905924123
1.3383334150365511
0.8959513355723474
0.6861972378476147
0.5847749309712005
0.5426275323522067
0.5403785073298548
0.5717788158049039
0.6376256320663339
0.7427448735498473
0.8918769009110783
1.0798850822230763
1.274387699499106
1.408642864983298
1.4228868348131145
1.3256279582736379
1.1791453878405171
1.0381349902744967
0.9270776794470093
0.8506693725971392
0.8062881959048056
0.7901511202002368
0.7992560886511078
0.8314085894444914
0.8842938323340296
0.9538348134708804
1.0321304044487138
1.1061620221986406
1.1596079998824875
1.1791116006731173
1.1615339080886684
1.1154933288420736
1.0557329711482824
0.9960441478710266
0.9457346134281969
0.9096594197948069
0.8896495078995841
0.8858213660220599
0.8972847217699836
0.9222702598643937
0.9578486640812808
0.9995027691684713
1.0409737990581214
1.0749222079728409
1.0946832128030004
1.0965548553670579
1.0812378137138081
1.0533734681863531
1.0195575306181786
0.9861953364555129
0.9582187478101087
0.9387675849828274
0.9294134563483518
0.9304979499080603
0.9413546980984461
0.9603650320637153
0.9849191732346347
1.0114425262786857
1.0356911791299308
1.0534549486636768
1.0615719787376758
1.0588527881940075
1.0464160058475518
1.0272369254210387
1.0051828066996786
0.984033808911352
0.9668372040699036
0.9556488494680929
0.9515285402507461
0.9546278475087113
0.9642698182537447
0.9789993916018377
0.9966501678940733
1.0145132947135935
1.0296871649967858
1.039610277250074
1.042649062692704
1.0385114229673387
1.0282899448296
1.0141147310439536
0.9985860211152162
0.9842197608365653
