0.012452345262251141
0.01273864963674154
0.013334733471837446
0.014291363992115946
0.0156952665548189
0.017685127759445418
0.02047998042336574
0.024430057754622925
0.030110930811505066
0.038506150557743535
0.05138332111636268
0.07212734634883922
0.10776123625431455
0.1744285830258827
0.31446040028044464
0.6580116483650462
1.6414341162036514
3.5541002307138294
2.7629023271078026
1.4590915361288819
0.9029875236979708
0.6603622975211454
0.5472827502317843
0.49928569750369567
0.49250803960932754
0.5193778065513337
0.5808293824442976
0.6834671629933454
0.8366742729200375
1.0437541240745587
1.2795207100869743
1.4658110839415897
1.5083085163873315
1.3995629387843298
1.2223018314899832
1.0527619205863468
0.9219597305848466
0.8333466209864506
0.7817822597680331
0.7617080890431298
0.7692887933073906
0.8022783776844041
0.8589144604386151
0.9359770341869094
1.0260207265994614
1.1148527338328458
1.1824207166474976
1.2103055355679933
1.1924841789581744
1.1389936390622557
1.0685321342816403
0.9983785269876876
0.9396170811697819
0.8975475172389501
0.8738570076698868
0.8684254432737699
0.8802418441509682
0.9075514831747915
0.9474597177576647
0.9952689365947
1.044028047984526
1.0850364613423416
1.109880545096303
1.1134881308870033
1.0963083741276523
1.0639073294353432
1.0243537377151608
0.9853686954571507
0.952716186913507
0.9299218675897722
0.9186752170311925
0.9193237390202658
0.9311713549517098
0.9525287145218231
0.9806041314985137
1.0114299920556373
1.040098065478796
1.0615346904165772
1.071762303428839
1.0691454838268846
1.0549116599021011
1.032613637365089
1.0068890060651485
0.9822136484241608
0.9621233628498855
0.9489525103684665
0.9438869860557537
0.9471086325584306
0.9579002125546824
0.974684990080454
0.9950596115227905
1.0159351825408136
1.0339054138409456
1.045873783776677
1.049795973065902
1.0452354316808576
1.033450685284122
1.0169690244925147
0.9988725470823533
0.9821129129020784
