0.01170590258546056
0.011973993068477795
0.012532059398239537
0.01342741407156045
0.014740833063647929
0.016601382312386836
0.019212682666757686
0.022899892839353897
0.028196521241392936
0.03601249953925412
0.04797943696075224
0.06721361800568804
0.10016175176234232
0.16159967137365894
0.2902158131581818
0.6057090166075029
1.5290805872225683
3.5859231580991913
2.9253492136611925
1.4972927749998126
0.9056575588719963
0.6537338471527459
0.5376021560793849
0.48812882651970557
0.4801698990824331
0.5057630628385124
0.5658132368436188
0.6672859816824481
0.8206948798400325
1.0317817918540941
1.2783149714890558
1.4803067373761705
1.5327487145858694
1.4214139024961485
1.235101794898605
1.0571847185610868
0.920735505396765
0.8287219499946039
0.7751827823197528
0.7540066573761324
0.7611002486825361
0.7941925270023067
0.8516817059231284
0.9306280169596768
1.0238054646643984
1.1168070926091611
1.1885633117845344
1.2190921909547097
1.2013706592380926
1.1457956736616266
1.072270930822024
0.9991372882520857
0.9379950763130431
0.8942501024135389
0.8695262794539537
0.8636221985187309
0.87548802849076
0.9033786043493359
0.9444261681145839
0.9939099074372651
1.0447119114058887
1.087757176114237
1.114114980129435
1.1182834050813761
1.1006131304272562
1.0669363003604475
1.0257586747455023
0.9851871114563279
0.9512211060108734
0.927487894828611
0.9157022632298941
0.9162090135064691
0.92830458581135
0.950286200446631
0.9793218795942432
1.0113451035541199
1.0412670166310598
1.0637665758091472
1.0746227734118952
1.0720603843626326
1.0573320914024562
1.0341576532180745
1.0073989080168662
0.9817315869537386
0.9608281741513085
0.9470979837341919
0.9417592351742942
0.9450013444432684
0.9560977971056995
0.9734423805886958
0.9945710515016107
1.016292610788605
1.0350593393199325
1.0476198226350337
1.051807222593598
1.0471390475826312
1.0349195543043364
1.0177902713748586
0.9989717900432324
0.9815394565635565
