0.012314281008098282
0.012597211443989398
0.013186252440507862
0.01413153015778279
0.015518665736055093
0.01748455963787232
0.02024538229357964
0.02414670789553741
0.029756288009459952
0.038043980069958794
0.0507520780959716
0.0712154684330436
0.10634983406770515
0.17204425444918126
0.30995470328119645
0.6483325895545928
1.6212453794524546
3.5620412674958755
2.7909462208234608
1.4657375982760217
0.9034408167314905
0.6591650267477456
0.545536056029587
0.49727136357902657
0.49028060855279976
0.5169228356476971
0.5781291129935193
0.6805723197708671
0.8338428033075858
1.0416781994372524
1.2793910722617912
1.4684438079047566
1.512642339656913
1.4034129841708887
1.2245556998066138
1.0535384076187684
0.9217355359369083
0.8325169547832657
0.7806000588399887
0.7603297026220999
0.767825443219116
0.8008372079739611
0.8576311124277357
0.9350359026848559
1.0256424267282558
1.1152159431093394
1.183521811222564
1.2118673420594552
1.1940581229297433
1.1401966470515528
1.0691923744089675
0.9985102454552439
0.9393257145145889
0.8969579736401329
0.873083678544362
0.8675687379006853
0.8793954338113216
0.9068105944331777
0.9469238475682513
0.9950325981326853
1.0441551817506878
1.0855241157883129
1.1106346106365867
1.1143395469475141
1.0970715116793515
1.0644436818851024
1.024601740923666
0.9853348433566245
0.952448788225056
0.9294875100583091
0.9181452377850075
0.9187691376948439
0.9306617820993696
0.9521312397410187
0.9803783237035965
1.0114174640205968
1.04030810744445
1.0619327452649479
1.0722709835633208
1.069663019211929
1.0553409496492174
1.0328871137072004
1.0069787167930868
0.9821270303623953
0.9618921724498539
0.9486219360189676
0.9435080636857418
0.94673377735894
0.9575801298242328
0.974464998409102
0.9949740523704574
1.0160000614214473
1.0341115724029337
1.0461846661698078
1.0501534681994402
1.0455734348240842
1.0337112526831924
1.0171144378689012
0.9988896104684447
0.9820103797214322
