0.17713516004277752
0.319989264372302
0.40441613946690147
0.443476736371612
0.6167634254060055
1.117248793504012
1.261325221937849
0.6809808081129731
0.4265241737947887
0.37131922644580506
0.44204609495383773
0.7195643635648505
1.5843131897843776
3.103236389005954
2.335307850457359
1.4273130838309096
1.0879798737370452
0.9888352461490849
0.9858370523276616
1.02060150423461
1.0826065257695854
1.1858301284194943
1.3295475063348714
1.457545525939255
1.4764529893415212
1.3753890558425805
1.2433759974009717
1.1515790433397546
1.1168024884589887
1.126937460110675
1.15878456956255
1.1879187067882577
1.1989804905696877
1.190461636839557
1.1693368566706204
1.1433760423154837
1.1182080806237829
1.0977133504784726
1.0843022199222419
1.078319007222635
1.0776437425609144
1.0784372075578545
1.0769763792293483
1.0714956409444354
1.0627215158941674
1.052859012840971
1.0440570628932777
1.037456602917644
1.033102854029909
1.030365685367483
1.0284237051640863
1.0265796911536769
1.0243959837638
1.0217274508949261
1.0186984322682662
1.0156199423961172
1.0128491962982846
1.0106389241268028
1.0090463643319618
1.0079417100856622
1.0070981608394232
1.0063046998956953
1.0054427760971558
1.004501399007362
