0.3002255288080944
0.34659120906210983
0.43697147241041145
0.5808775401350065
0.7473348562437296
0.8202510256013744
0.7366186500107452
0.5985375896988463
0.49186723544943944
0.43174725441321404
0.41238356401316134
0.43102416986710634
0.4943375085023435
0.6236350434723216
0.864280367459092
1.287745158654036
1.888782680123744
2.2553576406852494
1.98285810670313
1.5029620341581458
1.1587735011549067
0.9657580403246977
0.8785547797768709
0.8673624069479182
0.9189130052656154
1.0268814822058416
1.1773543546563023
1.3286603238207053
1.4092302523203464
1.3718699953835225
1.2472383815665493
1.1034958532784525
0.9856419959764521
0.908031791323753
0.8701134542272281
0.8670957736942824
0.893116301081254
0.9404021885205073
0.9971759932476267
1.0472985388770504
1.0747935758269502
1.072113546693323
1.0444848608881356
1.0054044522315297
0.9685371157604084
0.9430231456145577
0.9330083801322957
0.9387949474526586
0.9577853335279501
0.9849301567264693
1.013277856230543
1.0353930546818355
1.0457250469113606
1.042757314247246
1.0293527197788386
1.0110378216285907
0.9935786187665074
0.981263817773653
0.9762656204272419
0.9787025168685427
0.9869893005857485
0.9983272189993635
1.0093767805639842
1.0171216148592148
