0.1720783926047521
0.19336872491008494
0.22409187352494886
0.2672019631862952
0.32724313560486173
0.41090172314902906
0.5275571466149254
0.6891669331657378
0.9075993854095419
1.1856113080935131
1.4986761149882193
1.7797216928719397
1.9429196427260593
1.9500187781987597
1.8381031897029187
1.674086090800965
1.507689467796828
1.362216142558137
1.2439770965254167
1.1516813298739073
1.081593737978751
1.0297157358473787
0.9925152523832115
0.9670658625171008
0.9509822989287294
0.9423075695803058
0.9394077358112841
0.9408911067991584
0.945553846619117
0.9523486110359917
0.9603708167612697
0.9688563817194765
0.977184727206569
0.9848814908042957
0.9916167653618732
0.9971965608477951
1.0015471948787082
1.0046940109639797
1.0067368730873767
1.0078251854295035
1.0081348518696487
1.0078488706044522
1.0071424257442534
1.0061725982652854
1.0050722844568147
1.0039476042918654
1.0028779710922369
1.0019180193361439
1.0011006911238542
1.000440917642946
0.9999394696800523
0.9995866744118077
0.9993657979264011
0.9992559737086832
0.99923461908169
0.9992793276328883
0.9993692590736283
0.9994860712961565
0.9996144544958248
0.9997423355466848
0.9998608235197911
0.9999639653673623
1.0000483753899219
1.0001127941801577
