1.1733472603360504
0.6142458138647856
0.48037731581990384
0.43186507890796433
0.41705176004089617
0.4210315050530503
0.43850552501158957
0.4677550171751502
0.5087985952903847
0.5627194440134253
0.6313771822333041
0.7172179825556715
0.8230097499012714
0.9513231450318445
1.1035385869710774
1.278177103449431
1.4686119762567265
1.6609547155554911
1.8340205686853834
1.9635873521773024
2.0307679154937603
2.0298880899864034
1.9700510397507214
1.8696026481036105
1.7483088281217274
1.622047488648204
1.5011824801070281
1.3912793809571462
1.2945773524698079
1.2113354782329926
1.140786420507474
1.0817232140238788
1.0328252297349134
0.9928217029823324
0.9605622110199901
0.9350373117316857
0.9153743761552497
0.9008223946652091
0.8907330111290802
0.8845414210688485
0.8817488403231241
0.881907265864819
0.8846067767533254
0.8894654139973425
0.8961215943395698
0.9042289765934944
0.913453667150857
0.9234736020562303
0.9339798697199124
0.9446796452598469
0.9553003077303232
0.9655942240019754
0.9753436284397896
0.9843650232850703
0.9925125804194138
0.9996801395011202
1.0058015571383003
1.010849344378754
1.014831708630709
1.0177882661106326
1.019784793843021
1.0209074378367262
1.0212567883000643
1.0209421837617778
