1.230927006310418
1.0692186234031318
1.001638445374842
0.9821570972951589
0.9922371234766113
1.0226609440775387
1.067730957349839
1.1229157521009192
1.1837487145765204
1.245368901530067
1.3025528597749099
1.3501796989956178
1.3839888633012176
1.401351338697017
1.4017243197538318
1.3865873852558603
1.358905961632366
1.3223674202497029
1.2806692410062999
1.2370324777835229
1.1939741841178784
1.1532810055883154
1.116099037177327
1.083068733228731
1.0544602924135769
1.0302883084954009
1.0103996246844953
0.9945361529590062
0.9823774548997439
0.9735683592050761
0.9677362613496759
0.964501791588407
0.9634855984326588
0.964313194035917
0.9666191577057189
0.9700514692246464
0.9742763172059616
0.9789833828706727
0.983891333747721
0.9887530820879512
0.9933602789401113
0.9975465308266208
1.001188933691371
1.0042076958808819
1.0065638343744503
1.0082551375096167
1.0093107579934348
1.0097849080464414
1.00975016503047
1.0092908663524993
1.0084969929849423
1.0074588328530574
1.0062625995339707
1.004987074891926
1.0037012570877353
1.002462932434102
1.0013180505532127
1.0003007638120003
0.9994339891618466
0.9987303582021578
0.9981934350665557
0.9978190981721016
0.9975969986538624
0.9975120240806273
