0.10941643211601793
0.15384794194771367
0.224740744102779
0.34295210320093394
0.5495443279368377
0.9246260907925252
1.5977319862140131
2.600905502579006
3.356530088818669
3.1589592479727395
2.49743198019841
1.9282016894741454
1.5420990680428228
1.2916047681072862
1.1287577605533365
1.0223737851363806
0.9535163112753414
0.9105709962733242
0.8861550137693374
0.8753420889013313
0.8746490463563656
0.8814503191153982
0.8936393576313382
0.9094396855509616
0.9273110330343223
0.9459163943321255
0.9641250133355556
0.9810308113468542
0.9959696013043033
1.0085234338567641
1.0185065983030537
1.0259339259364684
1.030976611779724
1.0339128803281785
1.0350805279492696
1.0348364768390712
1.0335260058065308
1.0314621081326087
1.0289138942130067
1.0261021724894264
1.0232001556440782
1.0203374284420696
1.0176056794944013
1.015065102251698
1.01275073263852
1.0106782798545049
1.0088492191061251
1.0072550603486272
1.0058808000866637
1.0047076181374983
1.003714909812142
1.0028817551528264
1.002187927054456
1.0016145336716022
1.0011443804118145
1.0007621249940024
1.000454286797954
1.0002091598922036
1.0000166682393146
0.9998681919567535
0.9997563853117593
0.9996750003818924
0.9996187249617845
0.9995830392211554
