0.18524764870225918
0.19407776250398157
0.23645022585367115
0.3296100413583851
0.5051572440653945
0.7679900692389708
0.9830321434690898
1.0107982185986941
0.9595984728452559
0.9530624665161769
1.0299711757458594
1.1917647655950645
1.3968545682924765
1.533103564586181
1.5020263607380557
1.3501093110032256
1.1859585285444596
1.063979428780331
0.989914774343076
0.9525486879822093
0.9380059982680098
0.9342080534164269
0.93295818977324
0.9309603903674267
0.9290005348673186
0.9296516007144502
0.9350165494205416
0.9455403353557527
0.9599247917748679
0.9757615553328063
0.990485992341772
1.0022531382498305
1.0103727232545952
1.0151751449370545
1.0175090148296655
1.018222647453474
1.0178757707543564
1.0167202265913446
1.0148443429272669
1.0123411459724243
1.0094034900803557
1.0063203489689783
1.003406431770354
1.0009193802461378
0.9990070085221465
0.9976996690243278
0.9969386144453568
0.9966195491096845
0.9966314687147122
0.9968794525781209
0.9972902800005491
0.9978069282257896
0.9983801770562138
0.9989634305656041
0.9995128262959105
0.9999911668628146
1.00037257910582
1.0006451779469978
1.0008105650034598
1.0008806452506038
1.0008732205169923
1.0008078925408943
1.0007032330624264
1.0005754116274024
