0.07320922921822959
0.11729625747313355
0.2077345422145982
0.4202745009098827
1.0357399950172876
3.3998461155559005
8.676998166854649
4.381916199432762
2.057710360921045
1.2662645463215334
0.9264890552714203
0.7557767695145611
0.6628652729978526
0.6116238531563076
0.5854900793935653
0.5760429434212859
0.5786850472192689
0.5907919730366316
0.6108301643556218
0.637889462757747
0.6714017124835459
0.7109421575241776
0.7560643353988045
0.8061466710399701
0.8602477035239526
0.9169840442112609
0.9744617477130413
1.0303028597982509
1.0818045491415964
1.1262388201192972
1.1612477872446436
1.1852343943793024
1.1976267198659527
1.1989293701344592
1.1905550140844152
1.1745080054580017
1.1530282375212255
1.128287914012608
1.102189234630675
1.0762667103440073
1.0516709792674117
1.029203001834052
1.0093715345201357
0.9924552880056133
0.9785593926309865
0.9676618151511402
0.9596490446739047
0.9543422466651579
0.9515158248322599
0.9509104424054684
0.9522423647089989
0.9552106749662509
0.9595035701577479
0.964804595606275
0.9707993351708575
0.9771827440892247
0.9836670056179
0.9899895320033361
0.9959205424895665
1.0012695621738759
1.0058902109932932
1.0096827889745557
1.0125943878750865
1.0146165287102755
