0.5088576647607537
0.3816083520175406
0.35801791017670637
0.3772428392141498
0.4291524226302652
0.516588380548354
0.6487488271813793
0.8376844394595621
1.0903609081285262
1.390928556266991
1.6805775947582786
1.87165837969641
1.9139725995049113
1.834634507899842
1.6975737567838194
1.5527160648355935
1.4238698812594892
1.3175947091921874
1.2326824756939148
1.165435556526726
1.1119443168403036
1.0689006765640867
1.0337980924708399
1.004891366386109
0.9810662056158251
0.9616807395664524
0.9464095653604584
0.9351075299424513
0.9277015444633719
0.9241115112570595
0.9241966123338601
0.927721324911088
0.9343361647819182
0.9435702554636053
0.95483522298182
0.9674416452999316
0.9806296332109793
0.9936137314028909
1.0056393693272858
1.0160443947337188
1.0243162008150533
1.0301341172656353
1.0333889187477185
1.0341761025751726
1.0327653947466102
1.0295537207623977
1.0250111602649137
1.019628905609112
1.0138757493320774
1.008166390462509
1.002841967331225
0.9981612852378265
0.9943002979532072
0.9913572954693388
0.9893616167050471
0.9882842532896652
0.988049242818098
0.988545166711727
0.9896363400570536
0.9911734230923362
0.9930032323768012
0.9949775266396239
0.9969605274377381
0.9988349386165604
