0.3325371013125141
0.28530328468094435
0.28142495048265936
0.3022250495462576
0.3451575203187096
0.4139281147098358
0.5164681081679523
0.6634437508651416
0.8627710542640372
1.1037310443802202
1.3324256882859706
1.4579777355815273
1.42994716353381
1.2913694559694804
1.1198794329587467
0.964235351291387
0.8402209318602372
0.7474949546222527
0.6809898897235407
0.6354755874065519
0.606825205991448
0.5921240029183368
0.5894725468309681
0.5977588282846431
0.6164649084342649
0.645505684359416
0.6850757710643944
0.735472194710221
0.7968566507557869
0.8689242202451722
0.950467208999952
1.0388810286181873
1.1297647232834427
1.216892240347056
1.2928632453429891
1.3505288189984592
1.3848086913112112
1.3940876826334807
1.3804680196099022
1.3488107447196003
1.3051705635649737
1.2553770671505606
1.2041829726246696
1.1549914384146491
1.1099613767367469
1.0702748740835517
1.0364240149979105
1.0084507518453991
0.9861226724774045
0.9690508699215076
0.9567635695962575
0.9487491464671977
0.9444795711757364
0.9434224125523857
0.9450470768887239
0.948829098916835
0.9542548959129079
0.9608282967462853
0.9680792469382445
0.9755743217876449
0.9829280688848724
0.9898138051506213
0.9959723717145929
1.0012175278623126
