0.3740881179536333
0.5710583846760913
0.8335379641120255
1.1164709703317925
1.3574225831780207
1.5461701797899292
1.727052279259758
1.946470309648403
2.213160234462678
2.4660646838239204
2.5727834801508735
2.4411562057192073
2.1404136135229974
1.8149279059797474
1.5507625457332073
1.3665126083497166
1.2519674659771431
1.1910624529952618
1.1684319162577181
1.1694515594851465
1.1794207290443435
1.1846158424131976
1.1756420557267715
1.1505956424740984
1.1147342416133366
1.076633865679834
1.0440064795729178
1.0215393002181001
1.0106476855884807
1.0100516102837638
1.0165076325564988
1.0256417923758332
1.033036469827173
1.0354823130843516
1.0319151380248632
1.0235139907374666
1.012917312738464
1.0030565268184866
0.996188859021423
0.9933986098140725
0.9945310731753514
0.9984250988101594
1.0033401239249122
1.0074932224942335
1.0095828290454538
1.0091340245477087
1.0065403255196124
1.0028079749872985
0.9991405529896683
0.9965412617816009
0.9955550559575745
0.9961890731955849
0.997991323777388
1.0002406626843228
1.0021879071836
1.0032792591988429
1.0032970103620111
1.0023794760761067
1.0009268522001014
0.9994401273002727
0.9983558678897955
0.9979280813361537
0.9981824665567248
0.9989427480913949
