0.6598321583126795
0.4453596022682751
0.30790620303468086
0.2320563363306145
0.19058943044891186
0.16882439803162863
0.15983670926925875
0.16075906162394304
0.17118909833885698
0.1928208012425796
0.22998649737398857
0.29135506010791024
0.39364723010614344
0.5686258809493042
0.8701337638239137
1.3405110996311844
1.8050134334280579
1.807261096322661
1.418934204178161
1.0443607699229236
0.7954840993997143
0.6441856254403615
0.5551741697080144
0.5064560754043836
0.48608743841431423
0.4881736083624223
0.5104747611185848
0.5530307318112381
0.6170875729984653
0.7036237246340036
0.8107507840068832
0.9298078299906177
1.0422562144580665
1.1229002099342864
1.1526119562390247
1.1310476392844506
1.0752027609825114
1.0066641919555006
0.9416029837732973
0.8886750126786517
0.8511341527206718
0.8293492467775923
0.8224184288871953
0.8289128793517722
0.8470674303613165
0.874680255693052
0.9089158196338188
0.9461913118895133
0.982328329011793
1.0130862931872928
1.035003592428584
1.046225630349598
1.046905247735875
1.0389659227070844
1.0253824003795828
1.009351453294842
0.9936654892881189
0.980396340909841
0.9708320239786805
0.9655541162943964
0.9645641409342336
0.9674107397231541
0.9733049408530711
0.9812300546233323
