1.025809681197844
0.5097252236080634
0.37925863694360173
0.32960417837808675
0.3137651371375759
0.31900638297189876
0.3423391300657904
0.3855223601234118
0.4543464105492686
0.5597105606866818
0.7200849938119998
0.9647622020006807
1.3335512842858928
1.8544535753983737
2.459351844234603
2.881785109956758
2.8545677459975503
2.480120361661287
2.0368808172031994
1.6695392636858486
1.4003968220394234
1.2116313850296971
1.0817242560766311
0.994048809215946
0.9370529401346703
0.9028707443404702
0.8860435590211707
0.8825966510846095
0.8894133165612994
0.903824889690473
0.9233648376151703
0.9456614588503399
0.9684531236065607
0.9897009668044777
1.0077534383676487
1.02150007284698
1.0304542353796418
1.0347316101390203
1.0349312232595922
1.0319582620249181
1.0268386409004404
1.0205647938638345
1.0139917395785978
1.007783825790879
1.0024016474912645
0.9981154471509626
0.9950329544789928
0.9931330892015362
0.9923003006364055
0.9923567485549347
0.9930909640578038
0.9942823185056514
0.9957208980516699
0.9972225031978362
0.998638638874462
0.9998615979810854
1.0008250529536875
1.0015008888546948
1.0018932598657653
1.0020309720461504
1.001959269933338
1.0017319520903356
1.0014045054427716
1.0010286825419177
