0.09531465841864739
0.13907707089653798
0.21015545181277828
0.31555623998683957
0.4355648925069703
0.5092128184625828
0.5033942884843413
0.45603289285874626
0.40929939089372935
0.37912628702747764
0.36806978097788623
0.3761569291841408
0.4049120923216204
0.4590042889690661
0.5478750234920389
0.6883003119794764
0.9077796264340591
1.244560383322272
1.7244542263577132
2.2697723042967173
2.6000359812485554
2.4855737457597957
2.0925000471203274
1.6884514485452304
1.3778634701024874
1.1621750360635275
1.0186079030743505
0.9265422740986967
0.8715400451772058
0.8441024636891288
0.8379247458885809
0.8485191148102497
0.8722067348977294
0.9053874639941923
0.9440762617703831
0.9837844301133201
1.0198379428832631
1.0481000021169236
1.0658323321305252
1.0722720265682266
1.0686132959205188
1.0574248462271083
1.0418242372180757
1.0247611588249472
1.0085897522975447
0.9949231412468729
0.9846715020290775
0.9781622695930643
0.9752769184173886
0.9755753862714803
0.9784026234753562
0.9829818562550415
0.988500144027715
0.9941879675336576
0.9993894446629198
1.0036161494657032
1.0065772125756625
1.0081816732273599
1.008514538562784
1.0077933392781577
1.0063150943101817
1.0044037095482323
1.0023655136076772
1.0004572116082788
