0.19851567950098425
0.28086836488431677
0.4161235809209297
0.6383705942645572
0.9704703685651518
1.339480824989458
1.5546560504610742
1.5617235009255477
1.4987497557333729
1.4767750642075443
1.5314479302438957
1.6568636737845348
1.808728556654859
1.8985503621244204
1.846860186868338
1.6708006812767786
1.45933316282289
1.2805848169189387
1.1565691545435905
1.0840646556953373
1.0517718341285243
1.046233285472838
1.0529245073520497
1.0577269535800442
1.0506519404621761
1.029533272171344
0.9997687736398021
0.9700138115104818
0.9476468613009023
0.9366255004991689
0.9373634233920267
0.9473820384637309
0.9622032148347759
0.9766100747119772
0.9863218036244096
0.989501107334107
0.9871914185853484
0.9824022166996094
0.9785217044840678
0.9779802896223683
0.9816034610219332
0.9886085635794974
0.9970621420925001
1.004638617274567
1.0094756706595005
1.0108185965069685
1.0091736528614197
1.0059335326066874
1.0027194973834879
1.0007731066516758
1.000611764658368
1.0019937821233351
1.0041330671432593
1.0060583227398923
1.0069886639882608
1.0065952297811425
1.0050617345645165
1.0029445188451032
1.0009175271714796
0.9995196321860375
0.9989944277169583
0.9992581043937947
0.9999817838114899
1.0007429847137685
