0.27377389169935495
0.27220460367531574
0.29442564345038014
0.34334659424293235
0.4292758929552455
0.5734990162805178
0.8155845256948511
1.2212700790650317
1.8610094014774319
2.654202582013928
3.136708727691798
2.9537845713850484
2.440298305146101
1.9654959145199071
1.6223485674386229
1.3910087436253025
1.2378850651237316
1.1374780168410634
1.0727609223492425
1.0324778509355426
1.0089706010911765
0.996818413485143
0.9920560370247181
0.9917452605442255
0.9937426806218115
0.9965605866901056
0.9992586041303211
1.0013360526436268
1.002618858538395
1.0031485542409895
1.0030847103155565
1.0026291928684496
1.0019751001972552
1.0012783204381512
1.0006467928205542
1.0001417365794822
0.9997856566973669
0.9995731110235173
0.9994815116917868
0.9994803631658995
0.9995382111346011
0.99962718553218
0.9997254010220812
0.999817675060673
0.999895083805926
0.9999538432918168
0.9999939159835085
1.0000176326959223
1.0000285103601438
1.0000303522552827
1.0000266464454026
1.0000202316391316
1.0000131748919996
1.0000067977566245
1.0000017913036874
0.9999983709421767
0.9999964351738011
0.9999957054884
0.9999958358115093
0.999996488436092
0.9999973790688562
0.9999982967957675
0.9999991059494538
0.9999997366421445
