3.1940383142289224
1.435211804044756
0.9829561546162314
0.7874600679093047
0.6872435097039007
0.6338475456025092
0.6078273354494975
0.5999413592043185
0.6052445241236356
0.6207918304129506
0.6445910254938989
0.6750590963611327
0.7107153288405228
0.750011785852206
0.7912675868539139
0.8326956904733832
0.8725093987418395
0.9090812086390436
0.9411107173523864
0.9677533090153859
0.9886738269530212
1.0040152657670298
1.0142994405915104
1.02029272436222
1.022871059810161
1.022908542458793
1.0212003930770683
1.0184200277777817
1.0151035930220529
1.0116533412263757
1.0083519678119985
1.0053819359999872
1.0028458443407549
1.000785553208131
0.9991989548757652
0.9980540035695338
0.997300032564462
0.9968765874407454
0.9967200845573998
0.996768619555362
0.996965236889136
0.9972599463980701
0.9976107451034252
0.9979838746135089
0.9983535171245266
0.9987011056978559
0.9990143971057872
0.9992864283293765
0.9995144514078145
0.9996989166128271
0.999842551668123
0.999949565585197
1.0000249900059817
1.0000741588067006
1.0001023179514064
1.0001143518268736
1.0001146090683333
1.0001068096781491
1.000094015536025
1.0000786477350703
1.0000625361565891
1.0000469889981083
1.0000328723504521
1.0000206922065207
