0.8699793160625715
0.8444085471950448
0.8147403409588926
0.7876571325861047
0.7670553012300733
0.7548946134446062
0.7520262520585663
0.7587541863239352
0.7751399337378307
0.8011189248217304
0.8364840014491847
0.8807690565600091
0.9330550208186039
0.9917290506555307
1.054258351738215
1.1170852251746968
1.175781389977585
1.2255665140413436
1.2621572338114841
1.282704977986017
1.286446372251135
1.274775622195353
1.250732009914152
1.2181704362786163
1.1809599351279911
1.1424357281876154
1.105152883667207
1.0708712279008865
1.0406677111524434
1.0150918395265849
0.9943141865848747
0.9782465677069817
0.9666298725966306
0.9590938269290379
0.9551956852908767
0.9544448630819212
0.9563194484658105
0.9602791760358974
0.965778070472959
0.9722786386560446
0.9792682110540151
0.9862768572476175
0.9928953417618979
0.9987909991552589
1.0037193201725174
1.0075294863568356
1.0101629649650783
1.011645354572715
1.012072678432973
1.0115940226654296
1.0103926876928542
1.008667876131026
1.006618494550621
1.0044300612288073
1.0022651358091852
1.0002572201425333
0.9985077656764596
0.9970857580380299
0.9960293025366611
0.9953486642289058
0.9950302851111245
0.9950413807592413
0.9953347923353792
0.9958538301324019
