0.7132037341344284
0.5727637713228795
0.5422044958643062
0.5620627497522573
0.6188864612791545
0.7116319959913717
0.8434545816790339
1.0163932529562298
1.2236704008348736
1.439600165357792
1.6165636792283178
1.7047799858984078
1.6872956779502106
1.5902618552507228
1.4573126466725692
1.3228018207324226
1.2045732563690263
1.1085280141222915
1.0345252849281361
0.9801237987221881
0.9423708782449354
0.918488221482361
0.906046750656373
0.9029376220214679
0.9072804818139831
0.9173312688751804
0.9314179782234794
0.9479177981599859
0.9652795215668719
0.9820854048059225
0.9971362252861139
1.0095352851588555
1.0187457498952428
1.0246030558194084
1.027277889707095
1.0271996536354995
1.024959531230015
1.021213672231403
1.016602031403215
1.0116906829114012
1.0069384127256804
1.0026838809979326
0.9991478141107336
0.9964447754284442
0.9946001216394983
0.9935690423485639
0.9932556936914194
0.9935312274752346
0.9942500018304836
0.9952635248916786
0.9964318295462269
0.9976320858076121
0.9987643768635008
0.9997547112546769
1.0005555066639096
1.001143935221022
1.0015186382726458
1.0016953799452202
1.00170220631898
1.001574616856128
1.001351152970453
1.0010696857302017
1.0007645601973594
1.000464642878909
