0.5028776810201211
0.5283105305591733
0.5698286616414863
0.6272128388652194
0.7011536717207675
0.7924629389923751
0.9011625053849874
1.025257776498526
1.1592757557242823
1.293146344262388
1.412590023079542
1.502112307320882
1.5501314087836335
1.5534326563315397
1.517853115541896
1.4549679359364918
1.3774634543946198
1.2958644642760804
1.2173672230771364
1.146116158142544
1.0840303966478155
1.0316282380444857
0.9886470246211639
0.9544447759378697
0.9282345410977857
0.9092079650100009
0.8965914756644406
0.8896639287531791
0.8877535146000582
0.8902245773756569
0.8964607747355262
0.9058486997820678
0.917764900127751
0.931568582867323
0.9466017712287178
0.9621979861093555
0.9776995041194145
0.9924818998470187
1.0059831103685655
1.017733022019728
1.027378984462959
1.0347030040085938
1.039627687470743
1.0422100045117708
1.0426240792636121
1.0411359452966278
1.038074113119989
1.033799811789041
1.0286800554420856
1.023065584495679
1.0172745810577513
1.0115821057631145
1.006214565233405
1.0013482001802692
0.9971105199197048
0.9935837112117917
0.9908092350195254
0.9887930314692485
0.9875109416850385
0.9869141056004564
0.9869342015858715
0.9874884595650053
0.9884844115035849
0.9898243508309208
