1.576875320042828
0.8005367608986357
0.6220749154352934
0.563354282237783
0.5538442385057933
0.573956016496952
0.6173980505875305
0.6827787534443093
0.7707846588988087
0.8826176388080692
1.0184160075156892
1.1751665525940571
1.3442497476551987
1.5098198202547222
1.650296796264912
1.7445296243656474
1.7803356507654429
1.7594383686220363
1.6950605281617523
1.6048720027748573
1.5047060905961747
1.405724013028236
1.3144071607705783
1.233759579885787
1.164613822384997
1.1066182024661184
1.0588656399443146
1.0202518970141587
0.9896605890739362
0.966047398184536
0.9484696583534242
0.936088433153888
0.9281582226450221
0.9240124363438122
0.9230488560696963
0.9247171802928531
0.9285095846763433
0.9339545845188504
0.9406140863288607
0.9480832370742726
0.9559924662325778
0.9640109576843999
0.9718506983806486
0.9792702466251946
0.9860774549055232
0.9921305642950708
0.9973373348961786
1.001652150843905
1.0050712953227658
1.0076267927254245
1.0093793373620026
1.0104108646242356
1.010817281198115
1.0107017769244908
1.0101690177429647
1.0093203906506067
1.0082503559054683
1.0070438696873174
1.0057747761456208
1.0045050300636356
1.0032845959067387
1.0021518701096235
1.0011344853997368
1.0002503738777466
