2.427195944269916
1.9179278895492209
1.1307852294225338
0.7521431448639035
0.5714274876911607
0.47929311279316134
0.4323236845350439
0.4120549273500842
0.41010078901024594
0.4226717195766817
0.44836276427640553
0.48717241886925633
0.5400048226021754
0.6083288592555052
0.6938018934514744
0.797700949833749
0.9200290536630058
1.058268229947704
1.2060373246457088
1.3523956190482973
1.4828878423375702
1.5829288492782894
1.6424529413188114
1.6591946184024882
1.638565672048728
1.5906099719070068
1.5262836182583177
1.4548962214234833
1.3831367702121626
1.3151901039822724
1.2533113657120007
1.1984506269788266
1.1507571606510918
1.1099318859189484
1.075452528609684
1.0467080225903096
1.0230737249880801
1.0039502561268094
0.9887810274698577
0.9770578847314428
0.9683205522541846
0.962153205133485
0.9581800523916533
0.956060948544056
0.9554875373058958
0.9561801287112975
0.9578853339534487
0.9603743804051191
0.9634419736394539
0.9669055476071651
0.9706047392984377
0.9744009347243908
0.9781767549700309
0.9818353809401597
0.985299649790565
0.9885108914408479
0.9914275067430369
0.9940233170978113
0.9962857366391799
0.9982138315848975
0.9998163369781704
1.001109699658612
1.0021162093163223
1.002862268625724
