0.3474319464528842
1.126312792973839
8.62317410302236
6.656668777365071
1.5407723005635026
0.7445319282883975
0.4914161143221164
0.38546131882569035
0.3388969881855244
0.3243510674289244
0.33253317929871784
0.3618158325709251
0.41550585091114334
0.5018224308583846
0.635214936492748
0.8376449596437047
1.1347286296215464
1.5310667779603415
1.9469089240366144
2.189184083730175
2.130739525183936
1.8739511583198043
1.5856393743036725
1.347282624605591
1.1725792101198362
1.051974928568589
0.9728914877512442
0.9250948546106732
0.9011046591579744
0.8954536371590064
0.9038759582488052
0.9226646330515866
0.9482441669204638
0.9769855777739788
1.005286278177603
1.029888804555282
1.0483211050065984
1.0592654030270818
1.0626779119469172
1.0596018924408297
1.0517639216462102
1.0411186329356872
1.0294813612333011
1.018308906246525
1.0086181891199861
1.0009993123830616
0.9956780435523823
0.9925958948404584
0.9914905368753033
0.9919694945843952
0.9935752213152447
0.9958411445282321
0.9983379288626788
1.0007085012123014
1.0026902672037252
1.0041237486333552
1.0049483747949293
1.0051878214014045
1.0049285249079591
1.0042954440209244
1.0034287616031896
1.0024642582266126
1.0015188962848163
1.0006820432993053
