0.7827217171207297
0.558641232348289
0.5108434878676473
0.5482857317776684
0.6637536177928027
0.8837632603304028
1.2579335088944652
1.8159549733377476
2.416004606484065
2.6793972437734035
2.476669404734559
2.092248804044421
1.7481277763534462
1.4947843425390899
1.3182087113480674
1.1959813891918605
1.1105508689794168
1.049986094337797
1.0065192075434437
0.975173459624384
0.9527734110107976
0.9372688517114065
0.9272829865964941
0.921820446238196
0.9200891725866757
0.9214012535662062
0.9251257241587258
0.9306730853635666
0.9374970088383976
0.9451032995645956
0.9530597714331992
0.9610034434186536
0.9686435300143709
0.9757601401286408
0.9821994527699738
0.9878664868700227
0.9927165657375846
0.9967463594705206
0.9999851161349008
1.002486457328427
1.004320951388388
1.0055695820290294
1.0063181769455063
1.0066528251435343
1.0066562781513753
1.0064052943078823
1.005968849738912
1.0054071097969655
1.0047710350809078
1.0041024885159342
1.0034347135469948
1.0027930656639323
1.0021958968941087
1.0016555123991808
1.0011791374273407
1.0007698500101747
1.000427449174932
1.0001492399044698
0.9999307248428104
0.9997661992282283
0.9996492501984762
0.999573164875444
0.999531253843104
0.9995170980437696
