0.27366438653285785
0.2596937911370433
0.2741576558398453
0.33514846410894306
0.4734725677858448
0.7207937702298577
0.9321400915604778
0.8140909681917962
0.5858166337458792
0.4465078465193728
0.3906908636035872
0.3981879074002127
0.4758832899147736
0.6764227336987616
1.161673812904568
2.2455076714804063
2.988784746522817
1.9609862247837622
1.171649686250106
0.8300528998462003
0.7012865588870247
0.6895886650224926
0.7716872489216112
0.954499602949929
1.227956201831102
1.4621945558465184
1.443801618700453
1.221932079695122
1.0028981803370656
0.8672520018592395
0.8133906966513895
0.8281826711943248
0.9020335435087122
1.0195918205890728
1.140825019712389
1.201314322679269
1.1667984577124355
1.0732587992251494
0.9791508417816199
0.9177432472680069
0.8979151258846483
0.9170548555905959
0.9658854612472616
1.02692572857735
1.0749628996397997
1.0881537677507416
1.0639271409123798
1.0196658342624558
0.9773800704146499
0.9516405747095781
0.9476833678322885
0.9635565866343269
0.9917862935944275
1.0209013269864233
1.039031267009264
1.0395530572210403
1.0245797604874791
1.0027344786685066
0.9836195729061118
0.9736932015631475
0.9749975721424353
0.985553734654434
1.0004352416333222
1.0134939331786803
