0.1482560799927798
0.1796084415690289
0.23242722425931728
0.31889114859610224
0.46128506106563727
0.6971148357341665
1.0757620176871632
1.6062396938343264
2.1184311955091033
2.299078295357652
2.117274569241209
1.8115629322255522
1.5389684230019047
1.335517004805396
1.1926605262600518
1.0948950350285636
1.029356994157849
0.986757872054247
0.96055418917756
0.9460746587766982
0.9398977494366223
0.9394542974204979
0.9427849415489125
0.9483935245178153
0.9551551268231561
0.9622519719046927
0.9691215207561721
0.9754091402319374
0.9809230821455762
0.9855924483851537
0.9894298417110222
0.9925001842134845
0.994896394273539
0.9967217551183655
0.9980781662856754
0.9990591307515089
0.9997462596047848
1.0002081864035661
1.0005009858020781
1.0006694176679298
1.0007485267578393
1.0007652990948508
1.0007402044770342
1.000688543541455
1.0006215747750669
1.0005474298960266
1.000471842470326
1.000398720429009
1.0003305927461015
1.000268957001794
1.0002145498657267
1.0001675578474356
1.0001277815603384
1.000094763448586
1.000067886432438
1.0000464491272205
1.0000297220323981
1.0000169882205148
1.0000075714522048
1.0000008542043355
0.9999962877544818
0.9999933961725718
0.9999917758053779
0.9999910915908014
