0.2806260094473745
0.34498518049470606
0.44461165558952365
0.5947170423984469
0.8164871794294063
1.1309514116800128
1.53614502862509
1.9643382547103534
2.272971205039278
2.3510670527277013
2.227908806479478
2.0131133211937744
1.7917873226257268
1.6007255451927676
1.4476851091304725
1.329113326444352
1.2386700140400337
1.1702891286654493
1.1189710142841864
1.0807981571702503
1.052744953338032
1.0324722139153915
1.0181583588972192
1.0083731143017078
1.001986485851932
0.9981037841579904
0.9960187427853212
0.9951786973146431
0.995157581717055
0.9956339470131023
0.9963722983986095
0.9972068150569721
0.9980270120248752
0.9987651827710399
0.9993855835136909
0.9998753411974948
1.0002370333718964
1.0004828350912984
1.0006300781040618
1.0006980328189823
1.000705707484095
1.000670460181619
1.0006072335729488
1.0005282450633164
1.0004429918692914
1.0003584579836502
1.0002794359236071
1.0002088990519067
1.0001483795496604
1.000098322690023
1.0000584001369817
1.0000277739790178
1.0000053095853985
0.9999897396345861
0.9999797842695645
0.9999742336910473
0.9999719999525783
0.9999721445553509
0.9999738878806793
0.9999766057175372
0.9999798172694127
0.9999831681490952
0.9999864110514722
0.9999893860685596
