0.11703387871736703
0.12408587925124925
0.13457976318299414
0.1492478766089258
0.16922050391342935
0.1961746550872875
0.2325724421928449
0.2820246007080036
0.34981989995221774
0.44362818211102273
0.5742182022939715
0.7554764119219689
1.0015749761532449
1.3167139092393478
1.6735145959888986
1.9936091415006636
2.175077751940291
2.1733619673826263
2.0347177399172462
1.8392087889502684
1.6442787204751839
1.4755220194448693
1.3389602680217738
1.2322853818189798
1.150750150292333
1.0895433435269495
1.0445275455535774
1.0123397492571737
0.9902867214307218
0.9762008102904669
0.9683121298134114
0.9651512440424218
0.965481695492385
0.9682570377864594
0.9725958939323597
0.9777686567367206
0.9831900984136681
0.9884132169313838
0.9931210417344086
0.9971146865224229
1.0002974230431039
1.002655708923002
1.0042387767973584
1.0051385601988907
1.0054714946880083
1.0053632579126281
1.0049369698981196
1.0043048928713978
1.0035633171909253
1.0027901125395
1.0020443426051475
1.0013673524016855
1.0007848040343532
1.0003092293750797
0.9999427661075945
0.9996798347094679
0.9995095923325178
0.9994180635412506
0.99938989806146
0.9994097436591605
0.9994632498404279
0.9995377369581477
0.9996225770454845
0.9997093385874671
