1.0391998626587637
0.7916674926524285
0.7055095306243047
0.6676516359288543
0.647051066639045
0.6327833026808629
0.6214637994190371
0.612878057452355
0.6079299336195698
0.6076841102338486
0.6130206505997184
0.6245860297573029
0.642845242592474
0.668137615730739
0.700697875332474
0.7406307540673851
0.78783712795934
0.841894578641676
0.9019032421089553
0.9663232599944332
1.0328531610467333
1.0984214093366331
1.1593680737510856
1.2118568487598937
1.2524705954962458
1.2788365347650006
1.2900691699094862
1.2868684602873008
1.271253221952628
1.2460565941885684
1.214373988960607
1.179117840835117
1.1427472906170761
1.1071639178882389
1.0737250331249308
1.043320485514077
1.0164713409559378
0.9934252291913955
0.9742365489909741
0.9588282699496347
0.9470365445313219
0.9386411558744331
0.933385182942206
0.9309869622336834
0.9311469096247621
0.9335512473063586
0.9378742341731979
0.9437801292238042
0.9509258026979613
0.9589646178253569
0.9675519124357495
0.9763521039688381
0.9850471320296752
0.993345666525498
1.0009922865779022
1.0077757181335696
1.013535237463703
1.0181645107607697
1.021612423877759
1.023880810655091
1.025019347502413
1.0251181816472665
1.0242990538818502
1.0227057440257648
