0.15880508585810482
0.20404812385454807
0.1470881651220478
0.10236186297810546
0.08620670403985453
0.08980021185290832
0.11642137559578947
0.19447923517091792
0.4584649090925357
1.6254473978518917
1.7857430513521833
0.6840299737415432
0.40004066773014824
0.33140284588274316
0.35941299169448804
0.502765224333938
0.9373780014533113
2.362062513517155
3.879071869523004
1.9476524119747425
1.0418244902761118
0.7480878528929267
0.6760591682036797
0.7296297638908931
0.8963816734366326
1.1579607486093981
1.371635566475352
1.339318920053201
1.1451429555448147
0.9750840511934669
0.8868851641192547
0.8742448688463708
0.9202183751010438
1.0005860317098523
1.0760772095192663
1.1050332119850235
1.0783572145319813
1.02492038872952
0.9784573305531761
0.9563134688827084
0.9604327003365898
0.982997778870678
1.010458780861313
1.0287506958164505
1.0303998520142919
1.018131420029413
1.0011428415277304
0.9883344456494574
0.9842357443667443
0.9884921927844725
0.9972773393432985
1.0055478577179844
1.0094970355635418
1.0081781279352275
1.0034001744981693
0.9981847968507394
0.9950140059094456
0.9948411643509133
0.9970528221817547
1.000099514174988
1.0023900984576442
1.0030331491928108
1.0021068396047503
1.0004044892675168
