0.7608242502568718
0.28623271961755814
0.23143501346745876
0.24219704758357663
0.2960269376157273
0.4054568824224105
0.6064802841999046
0.962536046756192
1.5391201604472342
2.2557998477401773
2.71698701159744
2.637944001191094
2.2506188962657525
1.843248199594957
1.5181712482171439
1.2812901734085334
1.115310903986877
1.0027254581290816
0.9301506881998285
0.8880219773854905
0.8694959580415069
0.8694202304229555
0.8835090738166836
0.9077399582715258
0.9380039939499076
0.9700677323701632
0.9998676922196719
1.0240426720029563
1.0404724884249583
1.0485556813043966
1.049088112904037
1.0438165364370182
1.0348783380326083
1.0243272788514057
1.0138412687563707
1.0046072090810414
0.9973281402447408
0.9922940607938499
0.9894750544489176
0.9886146156553758
0.989314303993595
0.9911073675125732
0.9935208509394992
0.9961253933140799
0.998571296405073
1.0006095719831312
1.0020978086059475
1.002992461855861
1.0033308843202395
1.003207458429399
1.0027482928035136
1.0020881913326338
1.0013523566796811
1.000643951282045
1.00003751216035
0.9995774439361489
0.9992804035620909
0.9991402685692
0.9991344540304311
0.999230529499203
0.9993923268956009
0.999584985707639
0.99977862852669
0.9999505804498596
