9.387427924657457678e-01
9.381476313947662016e-01
9.369494940556357676e-01
9.351312690368374092e-01
9.326634379557857679e-01
9.294989917975645666e-01
9.255657299698225593e-01
9.207547902282072760e-01
9.149033629544686130e-01
9.077679120702690785e-01
8.989811620952974369e-01
8.879802372734560967e-01
8.738821549501233354e-01
8.552639339368618421e-01
8.297942000357707570e-01
7.938767137981046496e-01
7.451469339120564417e-01
7.203874849498143051e-01
1.020545807113256487e+00
1.322147349543429273e+00
1.250631802311884755e+00
1.173847666252958666e+00
1.122341474392538396e+00
1.085971387052944159e+00
1.057655017922385809e+00
1.033246118664726154e+00
1.010071432889394938e+00
9.862010454159756412e-01
9.603380150424704054e-01
9.325422738801868450e-01
9.063522885409545093e-01
8.914845172632860359e-01
9.002516220658399737e-01
9.325382182737852466e-01
9.720301393310952776e-01
1.004474421853227106e+00
1.026337804331845627e+00
1.039550332973961044e+00
1.046720366308748762e+00
1.049673203830628010e+00
1.049378810744849622e+00
1.046155875261430834e+00
1.039875264460198512e+00
1.030192790639526512e+00
1.016942453242913658e+00
1.000782734014134201e+00
9.838427140885249722e-01
9.695330202831933253e-01
9.609540491462116307e-01
9.591136495196089795e-01
9.628099857835562547e-01
9.699388853398083210e-01
9.786608091201537407e-01
9.877823586739766792e-01
9.966460967342687383e-01
1.004897230213495307e+00
1.012282753205836716e+00
1.018508322774436481e+00
1.023149478325027228e+00
1.025635715909374746e+00
1.025359477358396942e+00
1.021952632812435535e+00
1.015648456689765888e+00
1.007452163651248789e+00
9.988641825894286619e-01
9.912938299187361579e-01
9.856128189592425759e-01
9.820967082400944292e-01
9.806262863666044272e-01
9.809192540413298467e-01
9.826771219943419844e-01
9.856410650572041687e-01
9.895863784132593599e-01
9.942814814271077051e-01
9.994292773104666017e-01
1.004611366246966675e+00
1.009269754273435238e+00
1.012770279905873982e+00
1.014564460356043751e+00
1.014388606207410781e+00
1.012373619559510107e+00
1.008982924049498298e+00
1.004827769086027001e+00
1.000485202117182615e+00
9.964012356206084498e-01
9.928797603140434580e-01
9.901167094779507183e-01
9.882418959353860277e-01
9.873477412847831980e-01
9.874966524850861127e-01
9.887054198405054173e-01
9.909108182164232392e-01
9.939300211137613861e-01
9.974407819880133363e-01
1.001008562907560684e+00
1.004168003848395108e+00
1.006529798506002660e+00
1.007861929508132803e+00
1.008110742748277611e+00
1.007367093745840547e+00
-2.699327212692311795e-01
-2.706867256525604670e-01
-2.722126530733047778e-01
-2.745472633170590870e-01
-2.777480964012611908e-01
-2.818966209095273290e-01
-2.871028838363706148e-01
-2.935120263392688167e-01
-3.013129654089358178e-01
-3.107489811491625509e-01
-3.221277287429732405e-01
-3.358204214972514978e-01
-3.522127422845282574e-01
-3.714692177127614237e-01
-3.925580476389496920e-01
-4.090042454550799067e-01
-3.874763576484664407e-01
-1.447402609125585937e-01
8.258354428131509106e-01
9.209171210048646694e-01
4.572911936572817138e-01
2.031005529754323080e-01
6.253813517510722897e-02
-2.655238860139452067e-02
-8.994029965317101860e-02
-1.389270562224821093e-01
-1.783460689122149390e-01
-2.090169516375323944e-01
-2.276987949277268775e-01
-2.255696029683773307e-01
-1.874537488898427307e-01
-9.986614797120794973e-02
2.373484205594243376e-02
1.323268144031514992e-01
1.853470662568877658e-01
1.868429331193972864e-01
1.596214322699230914e-01
1.208708046049242618e-01
7.912427634302325596e-02
3.785202551564055551e-02
-1.600699662642856083e-03
-3.836322052746871103e-02
-7.105919879659511329e-02
-9.710770033421141367e-02
-1.123884934353353710e-01
-1.119491016826132668e-01
-9.262870354575539200e-02
-5.680830458395519367e-02
-1.339644001371577756e-02
2.658487621828268047e-02
5.573720720593142858e-02
7.199097936967270572e-02
7.671152612660278591e-02
7.237384582092457053e-02
6.129412535238269732e-02
4.528572189439009077e-02
2.577995539761119767e-02
4.131076321955381644e-03
-1.801766342829006287e-02
-3.841169636138753313e-02
-5.411712523082432696e-02
-6.202626926808364055e-02
-6.005940879459435028e-02
-4.847463528935919141e-02
-3.013159558485747555e-02
-9.264794415787007062e-03
1.024905129162325020e-02
2.589361185745621408e-02
3.653908347216369007e-02
4.198591808092128064e-02
4.250162168802758961e-02
3.853962069475018459e-02
3.064626876018813201e-02
1.950858076588175491e-02
6.088946777676100194e-03
-8.226072770202708107e-03
-2.158292868185159030e-02
-3.187454604613425974e-02
-3.727017020645893852e-02
-3.686714314018642996e-02
-3.105393772896622440e-02
-2.131301336728276194e-02
-9.619806205756689307e-03
2.155867452658969882e-03
1.257638498819917128e-02
2.068782717571571172e-02
2.592804305383744623e-02
2.801367868568100522e-02
2.687197816378408474e-02
2.263752475834581931e-02
1.570502068829097292e-02
6.803366808419078135e-03
-2.971862591829097042e-03
-1.224376026552710661e-02
-1.959666600462871625e-02
-2.391757552457683331e-02
-2.468265598695437713e-02
-2.204365603957162897e-02
-1.669315378990253451e-02
-9.614134000979081274e-03
8.556171957838297482e-02
8.622060413647376909e-02
8.756867017415150001e-02
8.966996482324036954e-02
9.262992977002591777e-02
9.660896307248345583e-02
1.018452411865332363e-01
1.086931048755502838e-01
1.176891514371689457e-01
1.296704293565286159e-01
1.459965533538230276e-01
1.689935412317199737e-01
2.029100656069554032e-01
2.561784255084595396e-01
3.474174010026292447e-01
5.238323096948919178e-01
9.273462349557289874e-01
2.028408007728525586e+00
3.891739041631558038e+00
2.413337712936299617e+00
1.123704996505196840e+00
6.694469004559674419e-01
4.964702256007328951e-01
4.312589408276552017e-01
4.198697617005731075e-01
4.448471987176470521e-01
5.030798890242502708e-01
5.993440204398376991e-01
7.437581063612955790e-01
9.470562395344603868e-01
1.204700319793996055e+00
1.462634775226334893e+00
1.603658600874785511e+00
1.545642046543646231e+00
1.348285238445171119e+00
1.127937208027850025e+00
9.490277738240177063e-01
8.249154260710298558e-01
7.496549327985206901e-01
7.148373015305887757e-01
7.144883489026401246e-01
7.454209251609524856e-01
8.060283650125845689e-01
8.939800739378380712e-01
1.002537793324848048e+00
1.116214347759879599e+00
1.209746468732256552e+00
1.256490291707327067e+00
1.244390439383443070e+00
1.184007765266434919e+00
1.099316285031140650e+00
1.012973443732401169e+00
9.392571159780807033e-01
8.847622156167440632e-01
8.515552401580340769e-01
8.396942917662147954e-01
8.484904653180046497e-01
8.767269881633927842e-01
9.220833001509610716e-01
9.799881798622906981e-01
1.042433572242051021e+00
1.097946477447566238e+00
1.134154103301447059e+00
1.142727205836996607e+00
1.123446768181115329e+00
1.083836158633891822e+00
1.034889381278656151e+00
9.866477735851881814e-01
9.461069642044047656e-01
9.172272458044226084e-01
9.017904233953297766e-01
9.002098457520425479e-01
9.119598658519241230e-01
9.355963278282516393e-01
9.684688640933698522e-01
1.006343610103562769e+00
1.043330228187946851e+00
1.072613520332616810e+00
1.088199987696403914e+00
1.087060133173620047e+00
1.070334185678868399e+00
1.042709264461770147e+00
1.010464478570395119e+00
9.795022123687239235e-01
9.542480950188489963e-01
9.374366973885205345e-01
9.303602928950416295e-01
9.331898679248568085e-01
9.451703962732107556e-01
9.646557053238783430e-01
9.890573686740483650e-01
1.014863288901781679e+00
1.037926088133135805e+00
1.054160254409528763e+00
1.060555867813201436e+00
1.056104573461298601e+00
1.042126880668102107e+00
1.021791295834437063e+00
9.991084513817592994e-01
9.779219929339245665e-01
