0.012353371200740648
0.012637256671088837
0.013228291213619348
0.014176782397169463
0.015568663828239515
0.017541341378818687
0.0203117953797054
0.02422691818072842
0.029856673511132303
0.03817479242057764
0.05093072800597809
0.07147351327488882
0.10674918648501985
0.17271882217652634
0.3112294822238518
0.6510730748743162
1.6269898391807784
3.559877197227388
2.782919979421253
1.46383777738736
0.9033107204342332
0.6595052938019019
0.5460325541508695
0.49784388368166166
0.49091370655150735
0.5176207416864977
0.5788970893112044
0.6813963078749199
0.8346499760128453
1.042272020463706
1.2794317469487246
1.4676961242048971
1.5114070789505434
1.4023145541943136
1.223912601376043
1.0533167469868934
0.9217991190211303
0.8327529997725165
0.7809364799895825
0.760722007425235
0.7682420292399272
0.801247650711906
0.8579968648331674
0.9353044784908374
1.0257508960904982
1.1151131555114082
1.183208495755915
1.211422355291504
1.1936094332234017
1.1398536245401316
1.0690040702714783
0.9984725768723581
0.9394085935369045
0.8971257915731387
0.8733038551722241
0.8678126974305908
0.8796365275026674
0.9070217237642733
0.947076674512046
0.9951001664782058
1.0441192055738626
1.085385353431507
1.1104198265290197
1.1140969233363953
1.0968539921444336
1.0642907762275498
1.0245310045029006
0.9853444183534245
0.9525249010868228
0.9296111890886503
0.9182961691933146
0.918927110109569
0.9308069675878515
0.9522445370518257
0.980442753611449
1.0114211467419512
1.0402483629955925
1.0618193921237231
1.0721260627856675
1.0695155393100486
1.055218596672172
1.0328091529685581
1.0069531157884124
0.98215166782674
0.9619579991362295
0.948716080519976
0.9436159930217184
0.9468405670083724
0.9576713397080253
0.9745277166643037
0.9949984863150424
1.0159816359315268
1.0340528809044651
1.04609611404407
1.0500516120526826
1.0454771163448005
1.0336369897772044
1.0170729823601592
0.998884723229765
0.9820395663340711
