0.03920044775141707
0.04016139664930862
0.04216749257372221
0.04540170274756283
0.05017904574030363
0.057008613427968924
0.06670476478123732
0.08058841974883224
0.10086235710816471
0.13133858203953563
0.1789079141210449
0.25661348631510583
0.3900795442733169
0.6292023095625687
1.0530709304425023
1.6652031517690453
2.062359582429394
1.8559113212497835
1.4320173895930872
1.1051448097430867
0.9010014920472376
0.782718309048769
0.7213731239741444
0.7004789536387488
0.7116454552211235
0.751000167071946
0.8164614618847825
0.904862354142248
1.0083232705846057
1.110912854018828
1.1895686345835264
1.223360585581843
1.2064067870934632
1.1512019098320907
1.0788722961890738
1.0077434675583445
0.948852741512686
0.9070447874130845
0.8835169851076659
0.8777114010186781
0.8882148351614814
0.9129078322439531
0.948657405822413
0.990862218003539
1.0332756026563414
1.0686275421803184
1.0903055359760925
1.0945498647863166
1.081848735062161
1.0565285103135515
1.0248775099065823
0.9930834558318495
0.9659637005292208
0.9466137450501437
0.9365927909482625
0.9362444427409742
0.9449313255381214
0.9611326002403698
0.9824653628792226
1.0057603342143175
1.027345731475651
1.0436302908786197
1.0519005029468675
1.0510359622320944
1.0417867234711
1.026461164497336
1.0082008710639472
0.9901962258762952
0.9751182601394164
0.9648424727993861
0.9603910944958796
0.9619798232460122
0.9690881476484567
0.9805284690444457
0.9945383601483871
1.00894734662167
1.0214616435361372
1.0300590855824383
1.0334072229695237
1.0311600701152186
1.0240094492191276
1.0134694293344593
1.0014895291008281
0.9900439781964016
0.9808110052881143
0.9749825586740186
0.973185588552614
0.9754743849972847
0.9813626566539336
0.9898864983992385
0.999709550729577
1.0092882646412618
1.017101528550577
1.0219167954685315
1.0230297491321056
1.0204017480331375
1.0146457981328914
1.0068676606118434
0.9984205471579268
0.9906501012140191
