0.00895105111426675
0.009152576373926413
0.009571763972178737
0.01024344528053378
0.011226933298015385
0.012616655200274107
0.01456088134864153
0.01729499210427543
0.021202428289054942
0.026931530290700167
0.035632804042834976
0.04947643652134415
0.07288624138730682
0.11583392472496501
0.20402251754805
0.4170134858176
1.065971314419704
3.30936722390565
3.866733187476554
1.7099628766134498
0.9222541376009109
0.6253216186066312
0.4958107583863123
0.44020905067228044
0.4272077173460248
0.44694601976083614
0.4998954146239023
0.5940191124090646
0.7439872522110038
0.966422678511402
1.2570408200976095
1.5375922105693722
1.6505842328235514
1.5322747298762316
1.3003483437367853
1.080092561239031
0.9160504935671218
0.8079809773925046
0.7452983853532371
0.718945489046439
0.7234653048901847
0.7563918172541332
0.8168735034004209
0.9034584918940415
1.0104424568579295
1.1231482623189497
1.2160500030457113
1.2609789031392604
1.2448534112614067
1.179420095573684
1.0909274160736264
1.0033270887273937
0.9307921976367172
0.8791177707277531
0.8494893521979909
0.8412301007097496
0.8530707508574273
0.8833316114596348
0.9293583066315563
0.9864735999515414
1.0469409946961004
1.09997907727383
1.134059736407243
1.141353195030137
1.1215495924051664
1.0817802232402656
1.0327812863680075
0.984602048723169
0.9443766303707718
0.9161756088753994
0.9017875554096866
0.9015169438597422
0.914625968271503
0.9393808178913214
0.9728180017358266
1.0104693896847714
1.046427986084547
1.074172503292701
1.0882374861252821
1.0860894843356137
1.0690653573592857
1.041709048363698
1.0100006983069196
0.9795966192079795
0.9548179243123711
0.9384114744999618
0.931730560330657
0.9349938626583235
0.94744073973764
0.9673505100089321
0.9920042965055695
1.0177514830093468
1.040375212452168
1.0558602570507487
1.0614127395293067
1.0562974615165643
1.0420305421530738
1.0218144698024902
0.9995496105477386
0.9789090796758484
