0.009830285273555006
0.01005293208417124
0.010516175077956103
0.011258778545910952
0.012346812754947978
0.013885597071608191
0.016040779795449045
0.019075874705206997
0.023421242609380055
0.02980679906878969
0.039532635965037644
0.055062173017650706
0.08144433666055217
0.1301332096648966
0.23085665659851207
0.4759860129960377
1.219003220186504
3.4869812925834567
3.4891055104771747
1.625706550758402
0.9154498530749043
0.6351646928849829
0.5103449740925804
0.45682297272939865
0.4455560194886613
0.467381187036354
0.522975948870509
0.6200650762452302
0.7720349541058635
0.9917380749971116
1.2677393354081246
1.519054442581375
1.6072774322488788
1.490352765023018
1.2756136999251226
1.071352404129972
0.9175563192019758
0.8153421311460467
0.7559576571145115
0.7314836377210424
0.7369874691198512
0.7700896532165821
0.829669898366419
0.9137085323850398
1.0158592289872945
1.1213974090476098
1.206337987301815
1.2456421685761117
1.2287076929052856
1.166869142588342
1.083933064081802
1.0016853849501903
0.9333339593834565
0.8845538280960265
0.8567173429682656
0.8493385792870588
0.8612355239527701
0.8907016293019139
0.9349894046454135
0.9893771085801709
1.0463204208469694
1.0956457331375513
1.1268000631015074
1.1328608423219668
1.1137989188751272
1.0762643304256276
1.0301471280559702
0.9847644334726977
0.9468321993296093
0.9202663854666381
0.9068374881062262
0.9068700964525188
0.9196389594407078
0.9434157544051573
0.9752739462449173
1.010879155394802
1.0446154290331076
1.0704046509078546
1.083253276030074
1.080923646980219
1.0647290886601801
1.0389061192486435
1.0090154676631604
0.9803486630863562
0.9569896751650885
0.9415654604141682
0.9353834836073743
0.9386531018570824
0.9506244090009032
0.9696138555998455
0.9929894133776421
1.017263285515134
1.0384626027400843
1.0528567192759566
1.0578897747791884
1.05292575540459
1.0394043954042675
1.020319456895327
0.9993183987992118
0.9798536950296265
