0.01446640805086985
0.014802168549617578
0.015501510392795459
0.016624649912588496
0.018274599085068677
0.020616413159124436
0.023911430517383203
0.02857883663935923
0.035310104523611496
0.04529207882785524
0.06066868750288601
0.08556927904975942
0.12861344843490252
0.20971211332223227
0.3809995708482482
0.798177485017965
1.9012357988807342
3.3739894938078265
2.4329374084033812
1.3789817389504182
0.8980123874946756
0.6765199300929934
0.5707752250681839
0.526423677589636
0.5224986687904367
0.5522928557049916
0.616700456966877
0.7212747053859024
0.8725151704413521
1.0682116819188963
1.2779127728364486
1.4300157502444109
1.4531418831014522
1.3514133683975522
1.1941680242799046
1.0431677500118877
0.9251032506130799
0.8443071252272114
0.7973274733860805
0.7797807121211551
0.7883820910985819
0.8209247340610182
0.8752859859124743
0.9476669838126468
1.030269056926824
1.1095822950731402
1.1679376260105179
1.1902588815795407
1.1724901931991034
1.12377799676604
1.0602222204724832
0.9968120264722792
0.9434806661806998
0.9052543166568783
0.8839271026256019
0.8795403244456064
0.8911634380250779
0.9170283089040032
0.9542063750937504
0.9980979327704647
1.0421791590598897
1.078619369575709
1.1001449640090226
1.1025916887182887
1.0865870999238327
1.0570993251055099
1.021236864332808
0.9858660182199415
0.9562154856036298
0.9355675714988294
0.9255410716013359
0.926482422707022
0.9377139073132549
0.9575872184955473
0.9834203802136924
1.011490789903244
1.037313149561202
1.0563715234236732
1.065221234259029
1.0625222778147159
1.0494354750276536
1.0291398561120795
1.0057735238099346
0.9833629439436843
0.9651306482679431
0.9532342968191
0.9487807916591542
0.9519330825576697
0.9619984024908349
0.9774750360914012
0.9961079687754587
1.0150495048661785
1.031217254895573
1.041861198413801
1.0452052709265303
1.040909035240922
1.030125021859604
1.0151238430768232
0.9986762725882512
0.9834534370177428
