0.00661706587990607
0.006763212094263893
0.0070669547619037765
0.007552965763697017
0.00826313568560988
0.009263882055471684
0.010658938736496482
0.012611886617006407
0.015387024066278787
0.019426786042389343
0.025506747158216214
0.03506804797581686
0.050994235932996235
0.07963665991559465
0.13691304870862564
0.2706634075712162
0.6685548309447125
2.3495099908280364
5.441227637814242
2.090344574253443
0.9534110332692943
0.5943635135272072
0.4496630731649942
0.38793631660668393
0.3697113421665261
0.3826837400243065
0.42632354432958
0.5085607171175184
0.6466255184858388
0.8675603397582455
1.1940210295579645
1.5768278422368929
1.80391167790645
1.6961724188381502
1.397935657680332
1.114869773631919
0.9124277777698426
0.7834740467141872
0.7094005971342453
0.676510673957742
0.6772462308897544
0.7086824204211761
0.7708185681191424
0.8643192086137812
0.986408648097974
1.1239732742690585
1.24721870196072
1.3158289416670301
1.305031941889593
1.2268915663265259
1.1176294084553509
1.0101923212724049
0.9224744126965998
0.8604771130186003
0.8244624249600984
0.8129096974529235
0.8241649339702601
0.8566522067740696
0.9081616865779353
0.974420449530227
1.0473378352847165
1.1141680022333866
1.1597018123382088
1.1723071516875143
1.1502358629410887
1.1023832952532198
1.0428296777494621
0.9844744136804968
0.9359853838108599
0.9019155526604528
0.8840335211343388
0.8825188904667634
0.8965824460594476
0.9245163844175561
0.9633216614617937
1.008175371565597
1.052217236255948
1.0873131122595132
1.1061495769110374
1.1049453501313238
1.0850417999111892
1.0521426160970875
1.0138371770271437
0.9771525888749147
0.9472607085579461
0.927304659956764
0.9187674906060984
0.9218861882283214
0.9358744746280616
0.9589193783148713
0.9880491395483282
1.0190812798252322
1.046936615062142
1.0665335940612388
1.0741409841700056
1.0685995212864865
1.051686729970372
1.0273888524812902
1.000556378018888
0.9756742696393748
