0.012377061135825596
0.012661525480084812
0.013253768367990637
0.014204207348037401
0.015598965457502945
0.0175757549788087
0.02035204727266282
0.024275533902382462
0.0299175199242927
0.038254085252141135
0.05103902431219409
0.07162994917232612
0.10699130685122116
0.17312782857304165
0.31200239686545317
0.6527338923020023
1.6304602939361388
3.5585328616288043
2.778089190661757
1.4626934393964934
0.903232557312029
0.6597110117308512
0.546332693677603
0.49819000063031826
0.4912964418291532
0.5180426044497466
0.579361178140332
0.6818939854618264
0.8351370263659663
1.0426295510496262
1.279454857039663
1.467243877902696
1.5106616477548294
1.4016521046095791
1.223524780837189
1.0531831147877724
0.9218376115530784
0.8328956101944109
0.7811397042816158
0.7609589686733693
0.7684936185767
0.8014954640590419
0.8582175964450383
0.935466427402599
1.0258161051651435
1.1150508431183086
1.183019219080398
1.21115375740228
1.193338694692728
1.1396466750230327
1.0688904814919251
0.9984498935956071
0.9394586726319272
0.8972271470964377
0.8734368168314375
0.8679600040706417
0.8797820783432471
0.9071491490862915
0.9471688651937723
0.9951408621763065
1.0440973950000998
1.0853015261909755
1.1102901568133197
1.1139504890339231
1.0967227294138377
1.0641985154672373
1.024488336631466
0.9853502249021319
0.9525708719024204
0.9296858725649727
0.9183872993480364
0.9190224803655984
0.9308946031735216
0.9523129051678287
0.9804816081323315
1.011423326004991
1.0402122620737018
1.0617509481296974
1.0720385830022714
1.0694265287408746
1.0551447590355936
1.0327621115539143
1.0069376785293351
0.9821665552295036
0.9619977494883472
0.9487729231542253
0.9436811525972557
0.9469050312919065
0.957726389933061
0.97456555903377
0.9950132130346071
1.0159704911473688
1.0340174361822483
1.046042654032466
1.0499901305718509
1.045418983596759
1.0335921727583561
1.0170479689537566
0.9988817831052872
0.9820571939990399
