0.018953273788235525
0.019400511510998086
0.02033272268438524
0.021831701515036994
0.024037706977888984
0.027176218683818032
0.03160575360760387
0.03790431573576214
0.04703108578994497
0.060643641764495326
0.08175847068184072
0.11622814832423056
0.17633422292880874
0.290379525478488
0.5304008063139314
1.086153507311975
2.2369255220746633
2.88599796954452
2.008356106326314
1.2693117297366892
0.8935679220185281
0.7057585468039017
0.6129114581471329
0.5752325190457268
0.5762527556846546
0.610514338323619
0.6784671023392269
0.7833090336076939
0.92631406032392
1.097461659462881
1.2628480942437827
1.3664297821592544
1.3674433196707878
1.2793811209685186
1.1522924674413932
1.029349013631198
0.9312346758093799
0.8630955697758836
0.8236528220897728
0.8101388106915322
0.820032467841742
0.8511494258587105
0.9008459494116838
0.9646297801865252
1.0345999403743584
1.098849411946398
1.1435715530318862
1.1583373175033564
1.1414090269150279
1.1003780981652678
1.0476187813766447
0.9948230029628328
0.9501574163247744
0.918121487596739
0.9005709056215637
0.8977342750325806
0.9087893243811509
0.931979970534788
0.9644143916607676
1.0017853986873195
1.0383786663666792
1.0677788479899635
1.0844048261204466
1.0853375429183978
1.0713682396237616
1.046540827585015
1.0165335178909265
0.9869179486442301
0.9620733475383175
0.944859793789859
0.9367456547806217
0.9380556429456427
0.9481477441265858
0.9654730581056408
0.9875790186046444
1.0111895900791361
1.0325217077355882
1.047925657502692
1.0547409453327894
1.052033301380629
1.0408334548006077
1.023744424471644
1.0041409760760156
0.9853503180404624
0.970090553909433
0.9602207443038714
0.9567067623527234
0.9596775899404313
0.9684905658310626
0.9817877177625393
0.9975799848063928
1.0134263517281503
1.0267632043834973
1.0353723402079107
1.0378732259891412
1.0340543748629067
1.0248947185106232
1.0122663627144597
0.9984561570451693
0.9856919608207538
