0.017438390011433214
0.017847819091616146
0.018701035061561733
0.02007247835700965
0.02208970762905016
0.024957585385934844
0.02900144471458066
0.034745012628826455
0.043055912116157224
0.05543066102391636
0.07458731857238154
0.10579040829323338
0.16008010351838708
0.26296623270552966
0.480238402085274
0.9943503620211327
2.1585805193454437
3.0429381538027824
2.12063351110724
1.299163084751014
0.8943906460213578
0.6967417097786541
0.5999688962556773
0.5602305199328471
0.5597666386295017
0.5927769597201868
0.659895096602958
0.7650905090860226
0.911208912086521
1.0903015667542684
1.2688058740048314
1.385677301593259
1.392098008252408
1.2997938149617094
1.1641292646650148
1.0331842706513137
0.9292937432726402
0.8574378840608861
0.8157693567682206
0.8010830302976686
0.8106499981669223
0.8422829935571587
0.8934797516231345
0.9599158316549099
1.03365871227626
1.1022737287466926
1.150830636493351
1.167635164536896
1.150369934177957
1.1070916481705315
1.0512096198515999
0.995334706965902
0.9481405386938321
0.9142916713847073
0.89563983235923
0.8923679685571815
0.9036243913985074
0.9276443446163937
0.9615126407573521
1.0008188976750576
1.03959713399806
1.0710173090717483
1.0890217029942604
1.090353342263714
1.0757700222660087
1.0495811831843402
1.0178696885295495
0.9865763641747382
0.9603277591835979
0.9421114817841073
0.9334445892130947
0.934660586097649
0.9451059641376212
0.9631981420889898
0.9864104463586054
1.011329538496639
1.033964387746301
1.0504160090425725
1.0578036550770018
1.0550828459969779
1.0433251075268453
1.0252989118361817
1.0045975376888918
0.984749996074285
0.9686221627685667
0.9581623392454237
0.9543794260827881
0.9574127160518733
0.9666033778102591
0.9805482989547414
0.9971770480500192
1.0139272673704014
1.0280839102225559
1.037276426794671
1.0400130379613017
1.0360476864745602
1.0264104877195468
1.013088422770858
0.9985079268157669
0.9850256485403058
