0.01052978967110274
0.010769326641919541
0.011267807384029882
0.012067160456781911
0.013238896942209921
0.014897115772415814
0.017221491824886526
0.020498284881862117
0.02519586666314555
0.0321103927003662
0.04266374332300016
0.059558774925896785
0.08835631613672335
0.1417266853843122
0.25269228173159297
0.5238961904286944
1.3382656826105845
3.5619432549264762
3.2469648828057283
1.5711618967983818
0.9111734652157708
0.6424431271790796
0.5210534246417734
0.4691009372340902
0.45912765442491954
0.48245970936697136
0.5398891258598109
0.6388896826844723
0.7917831730586029
1.0086094820742193
1.2732644972995146
1.5043133266796138
1.5769696066146306
1.4618680456730746
1.2588508132256075
1.0654635946020923
0.9187543113473093
0.8206632273547615
0.7636266821623661
0.7404830529383906
0.7466505702409607
0.7797998608387859
0.8386170899650169
0.9206982099091154
1.019302908228643
1.1197748457309769
1.1992775433853295
1.234880183280227
1.2175360963756279
1.1582302543626177
1.0791388977377676
1.0006070197101546
0.9351816926583503
0.8884381558207562
0.8618616744732224
0.8550886786359125
0.8669935179225745
0.8958525156590414
0.9388627732658537
0.9912907001351651
1.0457506232011657
1.0925077530264315
1.1216771449929301
1.126934569298125
1.1084203505469647
1.0724505684512415
1.028342255395172
0.9849135672141965
0.9485890416162177
0.9231708610987273
0.910410681714538
0.9106434925043911
0.9231527565914147
0.9462179198025866
0.9769459783275275
1.011105548098122
1.0432908663028897
1.0677323348553969
1.0797562849780444
1.0773199045776045
1.0617148685477387
1.0369659400187474
1.0083465600047676
0.9808963732897955
0.9585327685083949
0.9437960507930937
0.9379590294891035
0.9412235354848939
0.9528483576932264
0.9711792362555007
0.9936494942186027
1.0168893001110342
1.03709770663191
1.0507403597824658
1.0554225450100065
1.0505731934405624
1.0375776156714882
1.0192854667066666
0.9991695838305288
0.9805288997348549
