0.021633247909773834
0.022147715675532087
0.023220422411689756
0.02494630551483501
0.027488333471667237
0.031108872696763656
0.03622584642504145
0.043514473595424374
0.05409794566187198
0.06992216425277442
0.09453660461308078
0.13483787979736062
0.20528033345748764
0.33888107192521844
0.6170608778557314
1.2312874036583243
2.3086110653856404
2.6456590599074703
1.8565686893439939
1.227862542109118
0.8931286045014079
0.7200407483354068
0.6333157171476645
0.5988835696201658
0.6021568718157224
0.6381447173237068
0.7069333310419705
0.810455984748144
0.9476454732647158
1.1058448742843117
1.2516562910715678
1.3368683434640936
1.33128632170291
1.249855286626441
1.1352229268200291
1.0239450109846597
0.9343813663287326
0.8718220074610585
0.8357362869576579
0.8239552169182653
0.8342444645072977
0.8644215583630118
0.9116551665686554
0.9712644125701112
1.0354922910116537
1.093299677508239
1.1325329110274986
1.1445077015459364
1.1282156391909635
1.0905445049710303
1.0424019692112931
0.9941720607116372
0.9532776021580452
0.9239544392588133
0.9080425160737486
0.905824736845429
0.9165201634532916
0.9383952262605073
0.9686141845330544
1.0030517652358633
1.0363910947802015
1.0628350054626035
1.077485101566913
1.0778882770753728
1.0648654390024705
1.0420713142636209
1.0145995390069866
0.9874838511510395
0.964735336984407
0.9490172095959393
0.9417178725734188
0.9431453665070038
0.9526769614712549
0.9688217939494519
0.9892492245113725
1.0108985559887442
1.0303008598123222
1.0441721083219861
1.050166972177471
1.047503317944203
1.037146978336787
1.0214582361156077
1.003492292759117
0.9862787144385099
0.9723142901234145
0.9633217512999663
0.960199982929805
0.9630621428048904
0.9712923218007469
0.9836050164672534
0.9981383751714966
1.012636293352032
1.0247607920011923
1.0325163111188698
1.034681811998368
1.0310927658351159
1.0226510080329325
1.0110594457096556
0.9983991816094799
0.9867068166228599
