0.020977322863573344
0.02147529973284068
0.022513541273806226
0.024183754191264728
0.026643323861248236
0.0301455463176028
0.03509373427613394
0.0421391952125767
0.052364784836486544
0.06764553766398684
0.09140012386272578
0.13026982174916402
0.19818183982878035
0.3270327774047228
0.5961658663767448
1.1979317813739252
2.2976719754958386
2.7000247476480435
1.889320552184111
1.2369163826191771
0.8931421211575624
0.7167211785753894
0.6285838432031094
0.5933996176871152
0.5961610361857259
0.6317767285119177
0.7004246242472756
0.8043346147910969
0.9429641222857463
1.1041985290268572
1.2544218112375478
1.3436289087360702
1.3393897624884787
1.2564318377623465
1.1390191120311641
1.0251323726715176
0.9336429071517398
0.8698188010787187
0.8329707184320971
0.8208001147334316
0.8310102927797237
0.8614184301253526
0.9092327749506436
0.9698082113010629
1.0353449707640412
1.0945998839090818
1.1350489175073872
1.147628476562833
1.1311789292979888
1.0927477436901853
1.0435660554800374
0.9943070538144583
0.9525604011266344
0.9226233370907735
0.9063416403647805
0.9039873869139464
0.914770521941023
0.9369513019599987
0.9676790021732307
1.002784280638676
1.0368582091517402
1.0639640914658126
1.0790522635836401
1.0795682598953547
1.066328323816236
1.043074395507533
1.0150302553431008
0.9873498852371516
0.9641274950170049
0.9480714856766551
0.9405890997049811
0.941992507188621
0.9516543714064996
0.9680698655095791
0.9888795838045902
1.010973069618505
1.0308100240160771
1.045024452227272
1.051201208053546
1.048525045575786
1.0379768742068736
1.0219714091126941
1.003635410814429
0.9860653627198157
0.9718081648593297
0.9626176948493161
0.9594082674025158
0.9622966545711676
0.9706606129264788
0.9831977117668026
0.9980167362962307
1.0128193912457817
1.0252167451603662
1.0331634145067674
1.0354029918978156
1.0317608151860915
1.0231562195715824
1.011330126267916
0.998409880300017
0.9864752186470658
