0.012749436325081409
0.01304300835068073
0.013654263536700295
0.01463535165302765
0.016075379787401145
0.018116887900161416
0.02098508559141188
0.025040262824388648
0.030874875230053944
0.039502053028601436
0.052744092600665704
0.07409401189169185
0.11080681906341006
0.179575848947915
0.3241854160412938
0.6788320729073718
1.683907092871633
3.5343915563794273
2.705322998068878
1.4453733357431333
0.9020686565887647
0.6628965312639206
0.5509772264548445
0.503547991800379
0.4972208401283533
0.5245675967422725
0.5865267630979973
0.6895532227248738
0.8425876623029618
1.0480245745998202
1.2796731383533828
1.4602227515676838
1.499250459807443
1.3915491946090657
1.217612461445825
1.0511497548363031
0.9224385342939739
0.8350946262473022
0.7842705022121906
0.7646074795507201
0.7723636894224574
0.8053011680712789
0.8615979903226839
0.9379336509136108
1.0267909077345798
1.1140701256207834
1.1801025160878469
1.2070356412408811
1.189196615521143
1.1364833018137142
1.0671558423349816
0.998107209230766
0.9402314806152625
0.8987867491327686
0.875481185922825
0.8702232984942222
0.8820159848380671
0.9091014785963588
0.9485769286485944
0.9957563760779846
1.04375402023433
1.0840097704142855
1.1082997772705112
1.1117067993835148
1.094713396831114
1.0627872133933676
1.0238369155007445
0.985441810568288
0.9532783967234477
0.9308337444622109
0.9197870367524279
0.9204862853495163
0.9322382676808265
0.9533593155714879
0.9810739275707835
1.0114526117907543
1.0396551095810953
1.0606993826361448
1.0706969235774677
1.068062712081287
1.0540141522895008
1.0320424142878688
1.0067024823161699
0.9823963284280977
0.9626087974101871
0.9496459739211945
0.944681367175212
0.947893886946788
0.9585699638601619
0.9751443494774731
0.995236940532302
1.0157974445634392
1.0334722911988061
1.0452221318298014
1.0490474672559766
1.0445282441142547
1.0329058563948283
1.0166653592302377
0.9988376383303605
0.9823284461878987
