0.015144289365932817
0.015496786668417917
0.01623108125461714
0.017410607004235357
0.01914392574074253
0.02160508700841124
0.02506987717800735
0.029981063336509295
0.037069818097359764
0.04759272754618349
0.06382298519390994
0.09014575193716401
0.13572814123510824
0.22176180800779188
0.4036156526822934
0.8444024556753433
1.9731087444259188
3.2993063978757355
2.347491373863757
1.3575756895832782
0.8968785061118841
0.6814713502874272
0.5779448097993274
0.5347197435468946
0.531656158034879
0.5622867810400118
0.6274627601964629
0.7323731455225719
0.8826171711189996
1.0744480623569739
1.2763193557261971
1.4190552264021474
1.4374138097999323
1.3379574550726756
1.1863244918653668
1.0405310168917137
0.9261057973657789
0.8475807510114489
0.8019439507771855
0.7851279740290167
0.7939967675331987
0.8263506032366635
0.8799661841819274
0.9508960872313882
1.0312798373966925
1.1078526735298844
1.1636430605052162
1.184479071417616
1.166795357210953
1.1194670223314305
1.0578828313365125
0.9964044032637981
0.9446394493969371
0.90752712279495
0.8868826715364382
0.8827876853486524
0.8943328676351878
0.9197488361597614
0.9561049246820427
0.9988416586053139
1.0415702306764834
1.0767140674955007
1.0973175490138276
1.099459856749366
1.083808690325607
1.0551622356854629
1.0203612796420223
0.9860318817808778
0.9572487828426319
0.9372210613445618
0.9275437557207329
0.9285611624397566
0.9396013247139073
0.959030660732497
0.9842036003831902
1.0114732256443186
1.036478861017598
1.0548635148197558
1.0633303537163044
1.0606186231213455
1.0478677136875831
1.0281506627721357
1.005464548130845
0.9837078244356054
0.9660122590148239
0.9544830510650452
0.9502029633207111
0.9533291175328068
0.9631767358109006
0.9782678362542377
0.9963927925781402
1.0147754755482807
1.030427174773163
1.0406959886963962
1.043880326040102
1.0396652619344184
1.029172336348444
1.0145991188168522
0.9986277433968573
0.983848813887254
