0.007665089417309701
0.007835966517808823
0.008191251135854283
0.008760121972474888
0.009592191734085098
0.010766277836455895
0.012405800070671935
0.014706015258662997
0.017983662116378363
0.02277155226611549
0.030009280660876714
0.04145567185257426
0.060662398517949634
0.09554345227691285
0.16622268474001722
0.3342094643426047
0.8428392977495981
2.8613699815342204
4.618616891383018
1.8806456134920944
0.9363139015238895
0.6092632263565511
0.47196107808187604
0.4130934601253272
0.39732656871773886
0.4135764953204587
0.46185825250152934
0.550266294863603
0.6951049044720738
0.9187973471549219
1.2304391082490103
1.5625938262446017
1.7270033940011742
1.610450623984991
1.346700629678137
1.096577063618223
0.9139301840292549
0.7955387316120188
0.7271512359487157
0.697529517078945
0.7002211199469772
0.7325625341736186
0.794148029747664
0.8845652554932404
0.9994487231163783
1.1246237448309206
1.232179554311107
1.2880982752501786
1.2741010408265483
1.2023542762632056
1.1037844443299711
1.0065274397349457
0.9265388167031317
0.8697603147256352
0.8369716646152584
0.8271105878314291
0.8387323832314689
0.8702086155758642
0.9190852360126969
0.9808390262075736
1.0474926472758264
1.1072484088666223
1.146793028688864
1.1565294176706997
1.135527855729836
1.091784416030666
1.0376227708926675
0.9844528444056242
0.9401584742771775
0.9090624032443122
0.8929599431939457
0.8921043934482269
0.905734299599851
0.9321205503428588
0.9682639059428042
1.0094968272183404
1.0494232748018808
1.0807294174127051
1.0970681284099089
1.0953278908050996
1.076864406385014
1.0467825921462461
1.0118354269443133
0.9783429216202962
0.9510457729031386
0.932892948652575
0.9253085672902012
0.9285234556246152
0.9417621038073303
0.9632506403099889
0.99013412599586
1.0184891580110162
1.0436704826631855
1.0611453877097377
1.067674024366672
1.0623257129101065
1.046748182307299
1.0245235980876515
1.0000124418544554
0.9772842218369969
