0.010821021645040951
0.011067611635314445
0.011580808992930458
0.012403868290347564
0.013610581632095609
0.01531873098010672
0.017713879978413116
0.021091846964332528
0.025936995006515917
0.033073383298356185
0.04397427023905098
0.061443676536277136
0.09125901257363245
0.14660543565485118
0.26189601612573976
0.544038050982683
1.386832715909419
3.5784403161115086
3.158431545317859
1.5510213681592282
0.9096324189030466
0.6453437339385172
0.5253120297057101
0.4739916472627981
0.4645354455494686
0.48845789076321644
0.5465875583193599
0.6462811251546425
0.7994124322055879
1.0149054569691214
1.2749506374396185
1.4982561995376056
1.5652895422436588
1.451060997805715
1.2524998623607155
1.0632415352682356
0.9192497708352253
0.8227558554251715
0.7666342930093547
0.7440071750216761
0.7504244423967301
0.7835738106053771
0.8420659104281432
0.9233520265303772
1.020552946450328
1.119060918523247
1.1964961890889383
1.2307216732536868
1.2132528672417044
1.154927941046224
1.077311009744489
1.000206830075892
0.9359105741493141
0.8899555012321472
0.8638665086321304
0.8573247403441503
0.869225291472646
0.8978383582027282
0.940341994298669
0.992002443343648
1.0455005407980964
1.0912735307304908
1.1196908493961004
1.124651195138731
1.1063546058337457
1.0709889880717771
1.0276543627477892
0.984979198628646
0.9492758157794866
0.9243012501791592
0.9117985138003587
0.9121058043627639
0.9245099662854597
0.9472943683095921
0.9775806939752271
1.0111793899943204
1.0427671931947349
1.0666931362680183
1.0784046878280256
1.0759315954337902
1.0605560810497867
1.0362219304279472
1.0080930572561484
0.9811126256009953
0.9591335887480292
0.9446622011487195
0.9389573269581177
0.9422176815033156
0.9537056918837387
0.9717791568073672
0.9938976445937299
1.016737730243923
1.036565050978447
1.049920356141588
1.0544699279660619
1.0496667918819804
1.0368750486766947
1.0188891643955045
0.9991150951542459
0.9807927003266567
