0.03476282890540017
0.03561049121754667
0.03737975248848702
0.04023124892162999
0.04444147301055079
0.050457130280435414
0.05899268440118932
0.07120728763194151
0.08903587777095034
0.1158352776241367
0.15770624372172004
0.22632697753024156
0.3451954217464318
0.5626394825533375
0.967752502682498
1.6214080159744655
2.152863092425729
1.977037875604009
1.493771167441491
1.1235244349438802
0.8983888858588706
0.7703468653831604
0.7041955818784746
0.680766040396066
0.6906820128783226
0.7299492802950039
0.7969371976284686
0.8893360583490943
1.000096781023198
1.1130474068303218
1.2026045115441282
1.2435959178848122
1.227376923713139
1.1674327074566944
1.0880421769358195
1.0101431801394787
0.945940364852387
0.9004602222876784
0.8747113300727826
0.8679211558792828
0.878556373863877
0.904471222433424
0.9425279822310209
0.9880129623590788
1.0343071033595483
1.0734345594475712
1.0978903283905286
1.1032145109617035
1.089748145627036
1.0622569415955467
1.0277582043783882
0.9931128199043004
0.9635826701765757
0.942483022140957
0.9314476998293448
0.9308248189561081
0.9399507610136424
0.9572494905858973
0.9802279702030396
1.0055163679307577
1.029136234349207
1.0471204399718996
1.0564098792836907
1.0556911742800725
1.045744937372972
1.0291062508826985
1.0092383869291743
0.989641260505048
0.9732201387315009
0.9619962090664532
0.9570640637361354
0.9586586050287476
0.9662368469514725
0.9785466774311038
0.9937117397875362
1.0093944375933093
1.0230933578960335
1.0325749178213863
1.0363453082237195
1.0339953613813726
1.026268712804808
1.0148230138288101
1.0017945629252247
0.9893388540049042
0.9792785873437208
0.9729022954393916
0.9708874463561392
0.9732984003373398
0.9796220796484858
0.9888314368715304
0.9994911536578358
1.009929053148936
1.018482359988491
1.0237910197458866
1.0250678081100786
1.0222571400378173
1.0160233604131084
1.0075744477950408
0.9983884263404399
0.9899310585187417
