0.016973805070537917
0.017371671232210506
0.018200731112448465
0.01953318270531401
0.021492712996132646
0.02427790182000733
0.028203974494377837
0.03377813246215822
0.041840131627230215
0.05383747136470507
0.07239733265838277
0.10260480891549295
0.1551193006781234
0.25458195114006144
0.4647539109238753
0.9649479341788847
2.1279050589647093
3.0936824145981174
2.16023653300675
1.3095373523516518
0.8947561388510785
0.6938175729989495
0.5957617001588493
0.555354999237711
0.5544009983963587
0.5869802156383914
0.6537773898053465
0.7590051534923885
0.9060300010088627
1.0876417814890182
1.270515873030732
1.39200213019936
1.4004183239794838
1.30673661314597
1.1681610761887995
1.0345047969683872
0.9286730260541692
0.8555775937681895
0.8131688821496763
0.7980889805254613
0.8075366389296399
0.8393230883562097
0.8909957043309057
0.9582930129015346
1.0332834215009608
1.1033661926045994
1.1532334910193554
1.170750677692744
1.1533892055402573
1.1093598041790114
1.052427659756879
0.9955189473815539
0.9474785006382973
0.9130240341147842
0.8940033608144209
0.8905824879603869
0.9018995177479607
0.9261878222374509
0.9605268158336038
1.0004749022483546
1.0399846462774571
1.0720873828398163
1.0905626165685718
1.0920356436481329
1.0772505188717059
1.0506063402595773
1.018323713065485
0.9864685826271249
0.959750367380857
0.9411985588810966
0.9323456266220749
0.9335275753235999
0.9440872717843513
0.9624317548745006
0.9860108897815633
1.0113666664364847
1.0344389790108703
1.0512447359182988
1.0588278869096748
1.0561055758456934
1.0441624755094387
1.0258229160480667
1.0047540795520595
0.984552923913194
0.9681346729016505
0.9574771066056065
0.953603183372371
0.9566555812665934
0.9659703552227128
0.9801298861950746
0.9970372072063197
1.0140898339954934
1.0285220333005265
1.0379117338177606
1.0407291551959563
1.0367161116040198
1.026919754138937
1.013365768455417
0.9985276026667306
0.9848051096441663
