0.008950273350026183
0.009151779981851793
0.009570928732896777
0.010242547518197864
0.011225943402012106
0.012615533999777773
0.01455957443263689
0.017293420414297933
0.021200471710564495
0.026928997431366675
0.035629373023597144
0.04947153014703609
0.07287873924382227
0.11582142030579934
0.20399911148606997
0.4169620632400408
1.0658353277682582
3.30916477658946
3.867110172485657
1.7100469143273351
0.9222610032719494
0.6253125358550844
0.4957973181571964
0.4401937164623372
0.42719079370111424
0.4469271485117662
0.4998740208906369
0.5939947864645994
0.7439606772111725
0.9663979698055669
1.2570291039353658
1.5376083929302344
1.6506254396116533
1.5323153629313087
1.3003723566207683
1.0801010703504386
0.9160491703525928
0.8079740944778343
0.7452883916200829
0.7189337184932643
0.7234525793639185
0.7563788677442147
0.8168613115990786
0.903448588477669
1.0104370254399009
1.1231496129907697
1.216059040384834
1.2609934888556789
1.244868896849993
1.1794321706252282
1.0909341606095084
1.003328708180561
0.9307898293057096
0.879112653462286
0.8494825326286004
0.841222434628267
0.8530630070786832
0.8833245853793247
0.929352889617486
0.9864707407454257
1.0469414783874749
1.0999831214959876
1.1340666190151538
1.1413613000164822
1.1215570138940891
1.0817855158911767
1.032783826650977
0.984601921683231
0.9443743205396457
0.9161717436654375
0.9017827745220364
0.90151186486889
0.914621196630948
0.9393769567931793
0.9728156251292597
1.0104689515664662
1.0464296685240615
1.0741760650453014
1.0882422280745976
1.0860944156580923
1.069069505363743
1.0417117359935022
1.0100016531963965
0.9795959193454661
0.9548158731689593
0.9384084876145637
0.9317270948369797
0.9349903837431282
0.9474377032396237
0.967348338952167
0.992003334776145
1.0177519225964737
1.0403770138859647
1.055863107476484
1.0614160949584008
1.0563006798316121
1.0420330532178983
1.02181590395108
0.9995498410194872
0.9789081906616083
