0.010421705960765415
0.01065862844262444
0.011151654155844737
0.011942220802931613
0.013100995230180601
0.014740713561300467
0.017038872359746104
0.020278196922415614
0.024921148419292938
0.03175357414080371
0.04217838484098135
0.05886110726345717
0.0872826916020244
0.1399235985470274
0.24929271479175252
0.5164471395693835
1.3200591033732856
3.553755803807613
3.2815359340393155
1.5789936784131249
0.9117788827230957
0.6413478669955139
0.5194440747846792
0.4672538479188464
0.4570854920919082
0.4801930451885714
0.537353375923444
0.6360819823949005
0.7888664643623865
1.006169282943006
1.2725535909440544
1.5065760204913965
1.5814385277275425
1.466027312015753
1.261296365526776
1.0663206487871584
0.918569815565315
0.8198689593994126
0.7624838844238903
0.7391432079378188
0.7452142537786457
0.7783607854261445
0.8372977418080411
0.9196769660694627
1.0188132310882447
1.120034887875774
1.200332718790456
1.236469447014605
1.219177906899571
1.1594975202318913
1.0798410665455822
1.0007624018865147
0.9349053632574993
0.8878607316724207
0.8610980379399847
0.8542362460086204
0.8661416269240537
0.8950929232887563
0.9382948715786134
0.9910146001749738
1.0458417824142352
1.0929762350613006
1.1224352361923464
1.127808148768289
1.1092116396312028
1.073010902620379
1.0286065471341768
0.9848896744366881
0.9483277630490491
0.9227400743801489
0.9098813669349345
0.9100852847332429
0.9226340023706643
0.9458056046472004
0.9767017318581295
1.0110753132657089
1.0434892439574737
1.0681285009263213
1.0802727581892397
1.077851074869871
1.0621585804546376
1.0372511086050062
1.0084441739500887
0.9808144161477393
0.9583038380150747
0.9434656736750436
0.9375779802474125
0.9408437492242213
0.9525204210941519
0.970949237865269
0.9935536394825291
1.0169461806974782
1.0373004897366234
1.0510534007656662
1.0557867019600184
1.0509199700789964
1.0378465950521025
1.0194373952937665
0.999190854090585
0.9804285167636843
