0.013754016524655688
0.014072235535803723
0.014734948512552415
0.01579900974517312
0.017361634176532026
0.019578486649121762
0.022695830121442162
0.027108260966276165
0.0334658863674685
0.04288293328562032
0.05736880318070403
0.08078662044853036
0.12118539294508301
0.19713450766778773
0.3573223679310982
0.7489583719274961
1.8170971870026036
3.4476015244002483
2.534951606495488
1.404157779721002
0.8994645105691728
0.6710670433474075
0.5628635166322843
0.5172756439135797
0.512393982256601
0.5412332683082519
0.6047187209755204
0.7087832286928661
0.8609128849079437
1.060678496612053
1.2791081241516133
1.4421168567362912
1.4710862620589047
1.3669074041502118
1.2032100702321566
1.0462295975126283
0.9240192876381182
0.8406564560339205
0.7921648311004658
0.773789816233907
0.782072482230673
0.8147957284218498
0.8699532011709931
0.9439251037399214
1.029005005921061
1.1114305828347049
1.1727458355737563
1.196816031626621
1.1789882345040024
1.1287094827498592
1.0629068257679242
0.997298680952534
0.9421909432896874
0.9027040905139765
0.8806030037200938
0.8758798824374768
0.8875790636549823
0.9139353462011963
0.9520268445533544
0.9972148004823811
1.0428285747723045
1.080750824620607
1.103341302327187
1.1061497272708631
1.0897521281252338
1.0593107761090295
1.0222427691597564
0.9856902590547643
0.9550567801046007
0.9337060361339269
0.9232819370596886
0.9241323623353055
0.935573341417689
0.9559414738135136
0.9825161081587036
1.0114915209027178
1.0382424599012037
1.0580716321810866
1.0673634946547785
1.0646849560148075
1.0512199625496284
1.0302687397656582
1.0061309701497618
0.9829791688422063
0.9641385821113277
0.951825556040151
0.9471736371777526
0.950352188720765
0.960659903870664
0.9765693031526259
0.9957753139486752
1.0153501488022108
1.0321052932759103
1.043178443378265
1.0467074981801772
1.042321895014493
1.0312090892507146
1.015723068850757
0.998735759368255
0.9830098208604671
