0.010919698616592921
0.011168681035429007
0.011686870618338285
0.012517972325496451
0.013736553153938624
0.01546164652508042
0.017880817616487632
0.02129313477712269
0.02618840057539229
0.03340017023849573
0.044419196092743474
0.062083963290310296
0.09224569995360132
0.14826504393278295
0.26502839707240633
0.5508836426720941
1.403112244503588
3.5822927752427987
3.1298788247089653
1.5444977243583347
0.9091385833229993
0.6463102448060205
0.5267299236926959
0.4756209416714089
0.4663371513063592
0.4904549302381007
0.548813875383493
0.6487295358920121
0.8019237600174307
1.0169500446093023
1.2754505865964854
1.4962186763158238
1.5614472919481142
1.4475256442047568
1.2504232927289505
1.0625161909189609
0.9194170174853216
0.823449668870136
0.7676304193907574
0.745173696817408
0.7516723458669718
0.7848194369481827
0.8432006573640997
0.9242201682479638
1.0209546934918377
1.118815175943025
1.1955737264213477
1.2293520607664117
1.2118461894382575
1.1538446066884749
1.0767119648163819
1.0000770589091572
0.9361525020200221
0.8904573119648246
0.8645289515361521
0.858062978231994
0.8699611964762564
0.8984918523512603
0.9408270261074615
0.9922334539992848
1.0454145078724375
1.09086437621168
1.1190358068773751
1.1238999215298928
1.1056757390546277
1.0705090609204542
1.0274289619237187
0.9850018080419601
0.9495030037469253
0.9246745705327757
0.9122565065916388
0.9125879683039282
0.9249569178790413
0.9476481323358769
0.97778834727845
1.0112020354087896
1.0425932588043991
1.0663500475904277
1.0779594677542914
1.0754748362498694
1.060175131962263
1.0359775719730768
1.0080101736683735
0.9811844252544785
0.9593320480542002
0.9449480116835407
0.9392865196515114
0.9425452365407634
0.9539878231613584
0.9719761419758397
0.9939785277380695
1.016686940279416
1.0363889648088753
1.0496499954661322
1.0541562503485518
1.0493685699056334
1.0366440475483287
1.0187590315220143
0.9990975207883678
0.9808799483010414
