0.015170627280809867
0.01552377571151653
0.016259430174537348
0.0174411499073015
0.01917771299365334
0.021643519536427624
0.025114919180534323
0.030035598659232998
0.037138279314698486
0.047682268746452094
0.06394580574810538
0.09032403458962335
0.13600541770533436
0.22223140352747428
0.4044954711095341
0.8461840970276807
1.9757397616939119
3.2963539106216166
2.3443733687760995
1.3567887634845517
0.8968387894836478
0.6816593240538524
0.5782167207176288
0.5350344783049751
0.5320034419005937
0.5626652227590214
0.6278690590167002
0.7327898356384022
0.8829925884133822
1.0746737993008284
1.2762499395429174
1.4186400166451396
1.4368270665458946
1.3374576554866995
1.1860333246944477
1.0404335062084529
0.9261441819427197
0.8477042665832066
0.802117891355965
0.7853292630186315
0.7942078030335861
0.8265540190084986
0.8801408887615156
0.951015608916686
1.0313157527063375
1.1077861352263865
1.1634813709009628
1.184262833176226
1.1665828884418263
1.1193063837464583
1.0577957987782618
0.9963895467525582
0.9446832113448486
0.9076126186942941
0.886993722265246
0.8829095646304884
0.894451628510424
0.91985051087792
0.9561755375222541
0.9988688456993006
1.0415467805286636
1.0766422992494444
1.0972115822895838
1.0993427620456881
1.0837049460288775
1.0550899840439483
1.0203287241583843
0.9860382898111931
0.9572876640285534
0.9372831586187222
0.9276188936076976
0.9286390697152856
0.9396719506689961
0.9590845321020773
0.9842326486587218
1.0114722579766047
1.036447369539307
1.0548069211250244
1.0632595603704071
1.0605474471282723
1.047809151533103
1.02811376044481
1.0054531005082532
0.9837208499456371
0.9660453759784701
0.9545299016476989
0.9502562746563753
0.9533813956599122
0.9632207943367453
0.9782973956640479
0.996403294682728
1.014765057318453
1.0303974803326252
1.0406523175007996
1.0438307390953583
1.0396187559194885
1.0291367447470658
1.0145795503693733
0.9986259998260644
0.9838636870309436
