0.011226068412542034
0.011482487220717652
0.012016194944718617
0.012872298360206091
0.014127776692450467
0.01590556003620247
0.018399447581126105
0.021918633822759936
0.026969876388689418
0.03441634392426329
0.0458033719017269
0.06407703469201198
0.09531909424453
0.15343818555971667
0.27479635987737183
0.5721952030727133
1.4530281003616539
3.589115361682627
3.0455400297303528
1.5251389547650884
0.9076902026812629
0.6492604052349664
0.5310544556196541
0.4805930350342752
0.47183571761031295
0.49654523237023995
0.555591232650672
0.6561573249782636
0.8094934961158445
1.023027873859952
1.2767915806646266
1.4899466479142482
1.5498712242142674
1.4369315130632487
1.2442036544545587
1.0603474533964605
0.9199339500509838
0.8255568423817825
0.7706525257829386
0.7487106626119835
0.7554520932587752
0.7885852327274379
0.8466203689277517
0.9268211679082876
1.0221365747384836
1.1180419712442184
1.1927717000190317
1.225220235838089
1.2076144456781965
1.1505891564157835
1.0749136537101769
0.9996917053208877
0.9368880525111585
0.8919775051905853
0.86653397062987
0.8602955482140959
0.8721839182815141
0.9004616623384167
0.9422837613761645
0.9929200968212666
1.0451439176093644
1.089622026669757
1.1170570766792949
1.1216356967084629
1.1036321413925192
1.0690655217272746
1.0267524471210165
0.9850730304179168
0.9501914336325001
0.9258039440943712
0.9136409663809071
0.9140442556158594
0.9263051631110261
0.9487130705015265
0.9784106056957145
1.0112653038760688
1.0420641190040356
1.0653125014972216
1.0766160772870272
1.0740982899603277
1.0590279502411148
1.0352424243188145
1.0077619614216988
0.9814027855375541
0.9599325322135304
0.9458119148373721
0.9402808729716288
0.9435338286264848
0.9548382737000691
0.972568610454487
0.9942199903296691
1.0165310888902819
1.0358557578087693
1.0488334676255406
1.0532101203348962
1.0484697737035371
1.0359483158151832
1.0183676110622668
0.9990456255832476
0.9811442724201352
