0.016558756263291063
0.016946306157116786
0.017753815550563656
0.019051484605202895
0.020959551492286677
0.02367100065562855
0.027492057442033202
0.03291521245750484
0.04075542001956578
0.05241655832144543
0.0704449262931155
0.0997658149178936
0.15069882683652502
0.24710565830940012
0.4508963524538593
0.9382322686956701
2.0976435585979534
3.1398025109661227
2.1980464147600456
1.319369501368512
0.8951358385280518
0.6911366881073977
0.5919002276989861
0.5508808829879726
0.5494740903313178
0.581647558919445
0.6481290679316281
0.7533505739545672
0.9011595828786989
1.0850512008555444
1.2719779651977585
1.3978321216006335
1.4081915860414504
1.3132484160295583
1.1719451262079223
1.0357501876914395
0.9281079974890483
0.8538608590628822
0.8107654571119329
0.7953188604270777
0.804651241798954
0.836572139577774
0.8886760346752514
0.9567629599960563
1.0329073042946044
1.1043586985922484
1.1554575132770053
1.1736517037124667
1.1562082297034886
1.1114802609897323
1.053568498099881
0.9956961426075459
0.94686806859622
0.9118505197698592
0.8924865037608093
0.8889255153750464
0.9002959774367635
0.924829954686802
0.959602894964915
1.000145635188377
1.0403362072707212
1.0730770572625483
1.0919947558381125
1.09360292371427
1.0786316488630237
1.051563820226898
1.0187492888108902
0.9863711576933081
0.9592160161950449
0.9403519773681452
0.9313254568842244
0.9324745834852054
0.9431389415621063
0.9617163000798155
0.9856352855782927
1.0113968923850107
1.0348769775392526
1.0520138793660943
1.0597807521643845
1.0570583462597634
1.0449433365909326
1.0263122575678159
1.0049014222118176
0.9843712111151609
0.9676827273354427
0.9568410113317645
0.952881949488906
0.9559513380719836
0.9653806023492535
0.9797388883276393
0.9969048454639438
1.0142388652835566
1.0289280442761408
1.0385021243459311
1.0413956118761372
1.0373387799917808
1.0273945912425448
1.013624869892096
0.9985469528034213
0.9846009484182712
