0.006478835754695211
0.006621738578693082
0.006918723396721949
0.007393875118121396
0.008088079483062005
0.009066142476522265
0.01042924360306452
0.012336861831897306
0.01504652121222827
0.01898901595671143
0.024918868926666615
0.0342366190358907
0.049740855249959415
0.07758538856761676
0.1331594986219986
0.2625908912561329
0.6464145329117996
2.27523985687323
5.560734038791321
2.125321549315957
0.9562090009294614
0.5922532878151882
0.44649051657367
0.38437413356856454
0.36581178899415867
0.37832014915871404
0.42128358097661145
0.502587079025993
0.6395426304826093
0.8597648135139961
1.1878563387717276
1.577903417474666
1.8152073306561096
1.7095166037623248
1.4059566056594754
1.1177349594194819
0.9122582318292624
0.7817219704364453
0.706810268390995
0.6734385543855622
0.6738760930298388
0.7051538514668788
0.7673266215858023
0.8612189728609523
0.984308476712588
1.1236865857959888
1.2493331309386888
1.3199718755285048
1.3097505563666219
1.2306610054766352
1.1197631847549656
1.010774378492484
0.9218897121129214
0.8591113153915799
0.8226146005193514
0.8108047327225227
0.8219937087616285
0.8546131426077118
0.9064926070662606
0.9734041775284772
1.0472519591570424
1.1151573680076596
1.161622658079426
1.1746908821875217
1.1524737971710326
1.1040021319305007
1.0436311925806905
0.9844923497274113
0.9353724407677749
0.9008564385750584
0.8827059910440229
0.8810877685283862
0.8952079849535106
0.923363289898044
0.9625577108779919
1.0079493255122376
1.05261175961335
1.0882875779792756
1.1075131511615035
1.1063997984457017
1.0862835311448997
1.0529598652790648
1.014147555694913
0.9769821296469724
0.9467001829540798
0.9264727982312316
0.9177906474829998
0.920891056612027
0.9349864576180678
0.9582592901546415
0.9877222293170248
1.0191558115220078
1.0474163836786798
1.067338606415633
1.0751145698261815
1.0695481820899628
1.0524359236610847
1.0278259346919438
1.000643810949759
0.9754376166196695
