0.014377168664094664
0.014710729061800043
0.015405476562085463
0.01652120523052103
0.018160198827293916
0.02048633272813194
0.0237590506194143
0.028394446615330526
0.035078791381389696
0.044989793784765086
0.060254452891777555
0.08496861370587971
0.127680102705108
0.20813145845098802
0.3780275707676036
0.792044012932262
1.891177474696028
3.3835565058674404
2.4449837164036192
1.381975612283875
0.8981787334041935
0.6758513109703512
0.5698060145846112
0.5253026086502434
0.5212607167369506
0.5509396810096966
0.6152384569429403
0.7197580807145727
0.8711194867110486
1.0673260282472292
1.278091963276383
1.4314985162460259
1.4553065616683127
1.3532742954008663
1.1952534463816473
1.0435340893195204
0.9249691705950094
0.843862075685293
0.7966989139537193
0.7790519250997555
0.7876156017009208
0.8201819542016779
0.8746422842846507
0.9472188079014736
1.0301227709631624
1.1098122694411279
1.1685227739110748
1.1910519274488078
1.1732739690051601
1.1243721163975247
1.0605451779515676
0.9968695266053038
0.9433232922229078
0.9049443068504059
0.8835234562100313
0.879096293749293
0.8907292958442629
0.9166545998831852
0.9539442126526223
0.9979933370764684
1.0422600330102256
1.078878850039065
1.1005321749809076
1.1030217199902606
1.0869691511829698
1.0573660008889594
1.021357814420901
0.9858440665964331
0.9560745909530949
0.9353416314438836
0.9252671248214004
0.9261977382733043
0.9374549829152863
0.9573886365426537
0.9833118982524939
1.011491957806315
1.0374265091673625
1.056577740297266
1.0654804862100575
1.0627836648312714
1.049650961557315
1.0292760105091265
1.0058163659285866
0.9833161102505625
0.965010211971849
0.9530634754912234
0.9485860671896746
0.9517417239418469
0.9618366167977207
0.9773658493652434
0.9960682722155192
1.0150864410030713
1.0313251222960684
1.042020770317386
1.0453870026339784
1.0410798056055157
1.0302559468612347
1.0151960933488586
0.9986832186069896
0.9833995090403088
