0.010836862492208499
0.011083836455144325
0.011597835029143688
0.012422185052246681
0.01363080295610053
0.01534167148256882
0.017740675375303105
0.021124154321874977
0.02597734389162276
0.0331258262988916
0.04404566539913568
0.06154640826055313
0.09141730084806254
0.1468716361724206
0.26239840062014974
0.5451363213796603
1.3894524041584533
3.5791158290238956
3.15380032383272
1.5499642217808371
0.9095522079793531
0.6454994367183751
0.5255404868574092
0.4742541348849941
0.4648257051064605
0.4887796660906918
0.5469464079376913
0.6466760526620245
0.7998180452103351
1.0152366273671742
1.2750332375881153
1.4979285748407705
1.5646688942647966
1.450489271461614
1.2521640112500132
1.0631241813654937
0.9192766422657856
0.8228677438919593
0.7667949696919872
0.7441953596466957
0.7506257992306375
0.7837748778032464
0.842249199989462
0.9234924224253542
1.020618159820706
1.1190215893760238
1.196347434943196
1.2305004939312405
1.213025568389679
1.1547528497530613
1.0772141702217704
1.0001858049183912
0.9359495799980827
0.890036468789899
0.8639734141559431
0.8574438982410162
0.869344103748398
0.8979439095894381
0.9404203946960157
0.9920398637724772
1.045486770531603
1.0912075456140342
1.1195850951429898
1.124529846532899
1.106244925747069
1.0709114361240182
1.027617923856311
0.9849828163410116
0.9493124707027962
0.9243615031136594
0.9118724444506486
0.9121836505335204
0.9245821461318554
0.9473515234741524
0.9776142747226139
1.0111831032920313
1.0427391536374842
1.066637758664473
1.0783327916183345
1.0758578172597226
1.0604945381537498
1.036182446082078
1.0080796519318418
0.9811242010885468
0.9591656184332931
0.9447083383872017
0.9390104747308107
0.9422705739260725
0.9537512611011
0.9718109881096706
0.99391073484435
1.0167295574259254
1.0365366368560414
1.0498767054156286
1.054419269926155
1.0496186218962433
1.0368377312225965
1.0188681361415315
0.9991122445602381
0.9808067776981346
