0.01227826406620991
0.0125603147050668
0.013147519235524152
0.014089836730232008
0.015472600549453541
0.017432245692471704
0.020184196734755466
0.02407281401346728
0.029663812097333486
0.03792348176899174
0.050587525731725314
0.07097780632661221
0.10598206061912241
0.1714230797340588
0.30878080213611414
0.6458075770006022
1.615932875886335
3.5639744063747085
2.7984027717720013
1.4675009407212023
0.9035619324158778
0.6588506065483283
0.5450772130220445
0.4967423032233148
0.4896955616552928
0.5162778049771395
0.5774190842542601
0.679810030638758
0.8330952060723165
1.0411267673555202
1.2793507604686511
1.4691342955825397
1.5137863030079162
1.404430987388025
1.2251517553874365
1.0537439275697495
0.9216768776518616
0.8322986615977316
0.7802888831884464
0.7599667982648776
0.7674400070059507
0.8004573347061211
0.8572924189728488
0.9347869452005164
1.0255415178661647
1.115310610577773
1.1838115959136608
1.2122793194929398
1.1944737028776178
1.140514411813825
1.069366845006871
0.9985452187809704
0.9392490801842844
0.8968027132477447
0.8728799470857658
0.867342968324964
0.8791722697758872
0.9066151006830091
0.9467822525245287
0.9949698779561484
1.0441883142213115
1.0856524575190167
1.1108334175453516
1.114564201153733
1.0972729581738965
1.0645853084052581
1.02466728395087
0.9853260282960081
0.9523783737043178
0.9293730602385685
0.918005551489513
0.9186229144729476
0.9305273671559844
0.9520263116453422
0.9803186070827067
1.0114139741156447
1.040363348885772
1.0620376474305
1.0724051461406345
1.0697995767232447
1.0554542553806678
1.0329593214528192
1.0070024476617927
0.98210424996374
0.9618312596710741
0.9485348049450987
0.9434081635242956
0.9466349187908158
0.9574956769582448
0.9744069051455444
0.9949513907703823
1.0160170777746032
1.0341658769916673
1.0462666326136805
1.050247768261538
1.0456626193225576
1.0337800228261393
1.0171528356960648
0.9988941533048836
0.9819833772488793
