0.019677199285202174
0.020142557168846054
0.021112632061316527
0.022672752932988538
0.024969285201174807
0.028237624924554283
0.0328522561229897
0.0394173083287932
0.04893604101696625
0.06314355742076361
0.08519984707359374
0.12123947187332429
0.18413515069824105
0.3034962436661157
0.5541202961855303
1.1276300527540108
2.263835498725427
2.8162758954280833
1.9622806321646407
1.2568660254971298
0.8933401000798239
0.7098118771365298
0.61871430300062
0.58195938398857
0.5836320505091224
0.618416257268682
0.686667141773328
0.7912275866325363
0.932686081952885
1.1001933803615747
1.259869327145384
1.3579176020503725
1.3568333616166608
1.2706678313027588
1.1472483194285628
1.0277353307851393
0.9321193333664219
0.865600952641246
0.8271315365072033
0.8141245529833381
0.8241453262660267
0.8550102062345055
0.9040176426520743
0.9666124968939019
1.034923679386116
1.09728739620633
1.1403819136113709
1.154304040710039
1.1375447754874706
1.0974915131113254
1.0460818885489063
0.9946192550940366
0.9510521152657176
0.9198052982264764
0.9027325899835462
0.9000801149006562
0.9110379225104314
0.933855238991492
0.9656538850474453
1.0021761762959667
1.0378208819549444
1.0663528602751897
1.082393383127757
1.0831637771683789
1.0694663624859835
1.045230830516279
1.015962798877261
0.9870756729509347
0.9628413655031298
0.9460634387487341
0.938187876045324
0.9395349653650382
0.9494680257958364
0.9664540732120197
0.9880746314878334
1.0111150893788294
1.0318834183059251
1.046837198222473
1.0534093888456293
1.0507115351354042
1.0397559539747212
1.023074463760367
1.0039479716073993
0.9856165819081342
0.9707340499470215
0.9611201264138984
0.9577215180072374
0.960662646085927
0.9693083059445504
0.9823209885366679
0.9977479599446697
1.0132015844285873
1.026184007599972
1.0345424506458236
1.0369436320194252
1.033190308422885
1.0242390475149425
1.0119124095543859
0.9984370160307755
0.9859849168824907
