0.010793767607463867
0.011039697055834186
0.011551516105150372
0.01237235502728884
0.013575792084407401
0.015279263906064267
0.01766778187720841
0.02103626769995648
0.025867583956282303
0.032983170754544267
0.04385146232720605
0.061266976997703004
0.09098677525603915
0.14614763845318746
0.26103208721412696
0.5421491023483871
1.3823200323783795
3.5772262237713996
3.1664427173273495
1.552849159307598
0.9097712685452684
0.645075356228496
0.524918214744289
0.4735391988974027
0.464035131086607
0.48790321115821633
0.5459688513600726
0.645599963131753
0.798712355862592
1.0143330153739656
1.274806395480582
1.4988203438913321
1.566360832839775
1.4520484398207902
1.2530799503217551
1.0634442681365048
0.9192035187823839
0.8225628930560696
0.7663571586930091
0.743682574522883
0.7500770817569533
0.783226879383909
0.8417495448561695
0.923109543852786
1.02044009459475
1.1191284723527448
1.1967527220414496
1.2311033961784845
1.2136452730959737
1.1552302527788596
1.077478230727661
1.0002431782636698
0.9358433128811113
0.8898158264240686
0.8636820710615409
0.8571191459673069
0.8690202654787597
0.8976561754518566
0.9402066212406638
0.9919377576209514
1.04552419466531
1.091387330349567
1.119873339605794
1.1248606478348533
1.1065439425767531
1.0711228751564728
1.02771728608221
0.9849729852768785
0.9492125852656891
0.9241972938321157
0.9116709481757312
0.9119714701796569
0.924385393143094
0.9471957036541153
0.9775226962358716
1.011172930435465
1.0428155408300142
1.066788684612757
1.0785287678517628
1.076058940224157
1.0606623161715871
1.0362900952781422
1.008116211361929
0.9810926656092338
0.9590783279113964
0.9445825916863932
0.9388656140642407
0.9421264010631281
0.9536270390997452
0.9717242024617653
0.9938750270320742
1.0167518088292615
1.0366140695828643
1.0499956819221314
1.0545573582553047
1.0497499352932065
1.0369394649088859
1.0189254678933877
0.9991200261734
0.980768416002142
