0.01808366809326123
0.018509183085406722
0.01939600638448047
0.02082170330697808
0.022919228668223268
0.02590220348737149
0.030110055497797772
0.036089561657515534
0.04474722248508933
0.057647946739065925
0.07763655420520943
0.11022758978255465
0.1669903233074984
0.27463268041918265
0.5016779045456878
1.0342470215411947
2.1958453479359745
2.974361842348549
2.069894662563126
1.2857550700103775
0.8939764665422659
0.7006757673532165
0.6056214702151769
0.566782063001064
0.566970975814781
0.6005419633624958
0.6680531882494181
0.7731411546400294
0.9179587474184439
1.0936148052529202
1.2663275898263817
1.3772295942791568
1.381158353729472
1.2907073059581056
1.1588569486406557
1.0314679994375597
0.9301357603022558
0.8599208202539227
0.8192338162004804
0.8050665848341855
0.8147836538448301
0.8461992986401501
0.896747362908783
0.9620253585162961
1.0341083376663005
1.100789234175752
1.1476356298174395
1.163522038597209
1.1463967285278194
1.1041115331898372
1.0496129274319694
0.995101218955431
0.9490250455650702
0.9159771263719909
0.8978123717985219
0.8947348321937039
0.9059060181354256
0.929564421138761
0.9628038276861395
1.0012576394858237
1.0390696287415777
1.0695930470306654
1.0869827206909068
1.0881336331394962
1.073819756018552
1.04823268695808
1.0172751046336441
0.9867237454184353
0.9610957559701798
0.9433227999345287
0.9349008945648722
0.9361598993741047
0.9464512603520975
0.9642067884086936
0.986931830809455
1.0112730505509053
1.0333310834927554
1.049317540873233
1.0564499376045444
1.0537333424625532
1.0422215201141272
1.024609521778764
1.004393588270996
0.9850132814323309
0.9692692011665826
0.9590704065055846
0.9554069624769965
0.9584136374629941
0.9674385822227028
0.9810983082143305
0.9973579751365785
1.013708609878434
1.0275021261785375
1.0364356303381188
1.03906695481257
1.0351656349148797
1.0257392072829106
1.0127237197221775
0.9984837278089395
0.9853188817844116
