0.013157769640595673
0.013461346830106802
0.014093489498381184
0.015108254289496692
0.016598034039276843
0.018710686316206093
0.021679947955775547
0.02587999898907256
0.03192662766845655
0.04087386240682089
0.05461966192667378
0.07680667193070612
0.11501096336299488
0.18668558425682258
0.33761168060458546
0.7074058699533741
1.7400359744100689
3.502328913539928
2.6318507613593978
1.4277187928411288
0.9009223689189425
0.6662894882328798
0.5559178341645816
0.5092514119419396
0.5035259898286024
0.5315011651893865
0.5941148165899364
0.6976122597772898
0.850334694169131
1.0534831447664432
1.2796278059901438
1.452715432026904
1.4873645541546467
1.3811000372804538
1.2115020424900145
1.0490562867139488
0.9230883093237698
0.8374178417862179
0.7875722522207792
0.7684510147722108
0.7764330791723795
0.8092900304430067
0.8651219258664062
0.9404794154934009
1.0277589813598837
1.1129945569509934
1.1770255979540618
1.2027328327724691
1.1848863637534723
1.1331970678775203
1.065357199239815
0.9977594539766693
0.941049135433159
0.9004277835339357
0.8776290953036596
0.8725978776462755
0.8843548268006857
0.9111386487904716
0.95003723398829
0.9963824909045643
1.0433771669259384
1.0826469400053151
1.1062154555596666
1.1093652477300366
1.092620224281297
1.061319047499724
1.0231618195593695
0.9855426969670403
0.9540231709181526
0.9320388851855524
0.9212547438808495
0.9220190194304696
0.9336423196782493
0.9544490390411434
0.981685975232291
1.011474891640469
1.0390655845827146
1.0595962056486792
1.069294165329416
1.0666394370977428
1.0528357276661409
1.031293503439143
1.0064597332048935
0.982639500034789
0.9632505197294403
0.9505613475295582
0.9457288986195802
0.9489281322581975
0.9594504915718118
0.9757462819657763
0.9954665514106704
1.0156122423117742
1.0328992258436522
1.0443629986609424
1.048062404438667
1.0435986070187735
1.0321903635188223
1.0162673749888242
0.9987933999819952
0.9826138756200247
