0.01530491982043336
0.015661389201036657
0.016403979536656288
0.017596889630207557
0.01935000095291539
0.021839502288767854
0.025344617489623245
0.030313726262717777
0.0374874536927855
0.048138997142147866
0.06457234583885929
0.09123359584826507
0.137420143479553
0.22462733002066704
0.408982414806665
0.8552501561726039
1.9889678436836356
3.2812633937406663
2.328693669789832
1.3528251329318044
0.896640995932974
0.6826128169891928
0.5795956762106005
0.536630713965168
0.5337645978258434
0.5645837408208314
0.6299273899683995
0.7348982127165229
0.8848877964560781
1.0758066331945533
1.2758881499499846
1.4165350988257956
1.4338623149842484
1.3349345769709515
1.184563649260754
1.0399417386793555
0.9263392408653566
0.8483299444265635
0.8029987303072539
0.7863483843963375
0.7952759109398072
0.8275829754164016
0.8810237685421334
0.9516184858348197
1.0314952336835967
1.1074476878455286
1.162662725485533
1.1831695029939504
1.1655092647095366
1.1184948834653032
1.0573562918796509
0.9963148688016185
0.9449049352483573
0.9080454173471103
0.887555741150927
0.8835262347800651
0.8950523044677954
0.9203644716654428
0.9565321012746272
0.9990055989629687
1.0414274720308832
1.0762788905315555
1.0966755927904979
1.0987507957967568
1.0831806229396705
1.0547249119031479
1.0201643436061385
0.9860709158412054
0.9574845020555391
0.937597395104392
0.9279990386673718
0.9290331321167087
0.9400290599456456
0.9593567671768864
0.9843792386500669
1.0114670205136647
1.0362878347830566
1.0545205802747706
1.0629015616702633
1.0601876191233226
1.0475131535724962
1.0279272940412505
1.0053953441892691
0.983786845746695
0.9662129695536186
0.9547669319877323
0.9505259410517495
0.953645776220858
0.9634435320404026
0.9784467399191459
0.9964562239538256
1.014712196702452
1.030247190127901
1.040431422655134
1.0435800001255764
1.039383643539174
1.0289568442394992
1.0144806790463183
0.9986172643087877
0.9839389783907982
