0.011259609350909194
0.011516843048340997
0.0120522513411353
0.012911094787717348
0.014170617276009434
0.015954176513463314
0.018456255961884604
0.021987161930348775
0.027055514283477744
0.03452773547354415
0.045955160867863
0.06429569618254793
0.09565646247924553
0.15400636931213085
0.2758695289944869
0.5745330612496848
1.4584317658044639
3.58941670514313
3.0366839806414334
1.5230979546799897
0.9075390862547797
0.6495788378332294
0.5315209273642201
0.4811296024398706
0.47242912161833306
0.49720209060506837
0.5563210838085182
0.6569548959216587
0.810301898009193
1.0236693131644063
1.276920003630983
1.4892652714259889
1.5486353282483014
1.4358054469141197
1.2435428293165072
1.0601173750245734
0.9199903133049379
0.825783336045915
0.7709770739573296
0.7490903123398078
0.755857444427538
0.7889884539658729
0.8469855591047343
0.9270975623934139
1.0222602142489623
1.1179564962557968
1.192470507362052
1.2247786025954197
1.207163182192897
1.1502423193722822
1.0747222262605771
0.9996510640757224
0.9369671846500957
0.8921405622205647
0.8667488694742089
0.8605346693139876
0.8724217344285801
0.900672061092934
0.9424388856969306
0.992992574113553
1.0451140116731477
1.089488523037949
1.1168453441611907
1.1213938752176458
1.1034140965066157
1.0689116073258633
1.0266804455035001
0.9850809127299028
0.9502652914349402
0.9259249415122274
0.9137891974926186
0.9142000662734668
0.9264492631716678
0.9488266940315535
0.9784767436603334
1.0112716166625644
1.0420071673728029
1.0652013763639288
1.0764724623663384
1.0739512781277774
1.0589055136454637
1.035164026758206
1.007735593911769
0.9814262825996171
0.9599968753524466
0.9459044051001668
0.9403872686672539
0.9436395350875967
0.9549291156095934
0.9726317779189962
0.9942455728126574
1.016514196053424
1.0357985870245836
1.0487461098643853
1.053109005342715
1.0483737810851452
1.035874052806239
1.0183258766260073
0.9990401789166068
0.9811726251949564
