0.006751413759980784
0.006900716594160361
0.007211036725046416
0.007707618256205251
0.008433331578679981
0.009456166072229433
0.01088234801040655
0.01287946264716977
0.015718425442578177
0.019853049983992066
0.026079506198034452
0.035878696931852305
0.05221747498665419
0.08164116790538456
0.14058726703062008
0.2785818032657721
0.6902886957625072
2.4205460741253146
5.326638521548877
2.0582943135928486
0.9508314006585235
0.5963797780151524
0.45269085391662667
0.39134010942763375
0.37344019404486706
0.38685630613891075
0.4311384660432235
0.5142546705710025
0.6533454271921799
0.8748854867399019
1.1996701089628201
1.5755574327835815
1.7932034281069227
1.6837194795039228
1.3904621848549272
1.1122000577957971
0.9126005258599067
0.785137768768692
0.7118573685071483
0.6794233418443278
0.6804387147816284
0.7120190889648953
0.7741102295457979
0.8672253663926404
0.988353389597965
1.1241982542202589
1.2451924514736605
1.3119218400345978
1.3006060933071515
1.2233623750946225
1.1156331869532747
1.009651699042366
0.9230309943056821
0.8617698427704601
0.8262096691872858
0.8148984091206236
0.8262134707718457
0.8585717144191641
0.9097268016746128
0.9753651417535947
1.0474038115567996
1.1132243757459934
1.157888669991796
1.170065861062972
1.14813547223921
1.1008653949311356
1.0420795673295564
0.9844609762986609
0.9365657832357366
0.902916197698672
0.8852866661009575
0.8838685199365834
0.8978767442851439
0.9255996241003275
0.9640359305025206
1.0083816905986942
1.051839750912592
1.0863920768617266
1.1048654855913609
1.1035781814954633
1.083875786675942
1.0513759762575234
1.0135472132616723
0.9773150501123598
0.9477903814551878
0.928089717619913
0.919688633484567
0.9228236552980226
0.9367097912683401
0.95953868946215
0.9883537149294352
1.0190076787483655
1.0464822814735388
1.0657745541300478
1.0732247775555406
1.0677077611514931
1.0509830465939347
1.0269788822550612
1.000475400343237
0.9758983167125673
