0.006688452911306597
0.006836275898423616
0.0071435124210639245
0.00763513820253281
0.008353564070985753
0.009366042095713789
0.010777629315472548
0.012754032230139156
0.015563061245941756
0.01965318957871154
0.025810918954196405
0.035498481378047786
0.051643600179300475
0.08070045469663789
0.13886220671833516
0.2748621120978202
0.6800775992812492
2.38740780389862
5.380108239347159
2.073086214605871
0.9520237730988306
0.5954390625621817
0.45127862422244847
0.38975199777205694
0.3717000985453556
0.38490915771039946
0.42889210711250214
0.5115998008165358
0.6502160353741284
0.8714828921497966
1.197063557637792
1.576178891144231
1.7981889075803383
1.6894940179758167
1.3939263146377812
1.1134375319397631
0.912518643895596
0.7843627851438588
0.7107133275463303
0.6780671346448068
0.6789525534558465
0.7104665253143947
0.7725798693949077
0.8658762091774307
0.9874534731796923
1.1240991155155793
1.2461384732950973
1.3137385474468781
1.3026611186766899
1.2250002966722175
1.1165594563481305
1.0099020758740518
0.9227715677127302
0.8611681789231987
0.8253966740093528
0.8139732627813059
0.8252608309885292
0.85767960349718
0.90900013792836
0.974927537584842
1.0473749440559768
1.1136644162290652
1.15873194148025
1.1711072060117595
1.1491108934705574
1.101570133001587
1.0424276580518819
0.984466803793391
0.9362956232289306
0.9024506948579422
0.8847038327842609
0.8832409700651884
0.8972751521738507
0.9250964476268011
0.9637045570850551
1.0082865838342319
1.0520159276965002
1.086820586615014
1.1054623398245582
1.104213349670213
1.0844173554432364
1.051731957131059
1.0136817095040445
0.9772393021240697
0.9475439650386971
0.9277246130738657
0.9192603297362759
0.9223878729350237
0.9363216440948616
0.9592511078617424
0.9882125427024808
1.0190423014191456
1.046693764355059
1.0661274760727462
1.0736505611267186
1.0681220643207092
1.0513099016583973
1.027169241856828
1.0005128748796162
0.9757940339905089
