0.01115063977325259
0.011405226562588022
0.011935111147357347
0.012785054694136488
0.014031441652095356
0.015796241200216277
0.018271714974054776
0.02176455946351008
0.026777348701449433
0.0341659424085855
0.04546220045712346
0.06358562778605659
0.09456104319504233
0.15216173134593247
0.272385640774662
0.5669408682997826
1.440830802933257
3.588126413072135
3.065721032490878
1.5297839314494666
0.908035285090234
0.6485410583836348
0.5300004651574676
0.4793808375300359
0.4704951292892733
0.49506099675234294
0.5539412626761268
0.6543525874017606
0.8076610791880076
1.0215684240148284
1.2764898950323278
1.4914828780396374
1.5526728576776252
1.4394877106200457
1.2457039357143707
1.0608700555387778
0.9198070260721899
0.8250445095007856
0.7699181846954835
0.7478515087562492
0.7545345190572765
0.7876720249942959
0.8457925943195284
0.9261936860585388
1.021854477856338
1.1182336381913047
1.1934530052036356
1.2262209948773062
1.2086377745435715
1.1513759040850913
1.0753479972741764
0.9997841922141939
0.9367091039221288
0.891608421223147
0.8660474259074114
0.8597540430833984
0.8716451889094831
0.8999847858203283
0.941931827958221
0.9927552052681852
1.0452109818848687
1.0899240403596777
1.117536702699422
1.122183809747772
1.1041265148177069
1.0694145682912777
1.0269158259150553
0.985055362169756
0.9500242661715945
0.9255299630279403
0.9133052501743383
0.9136912936533816
0.9259786212780536
0.948455449852945
0.9782604678404262
1.0112506769939147
1.0421928914538614
1.0655641531084044
1.076941495264866
1.074431510483182
1.0593055249768495
1.0354202041310958
1.0078218277682303
0.981349653294745
0.9597868431481931
0.945602437204459
0.9400398579733684
0.9432943227821035
0.9546323803700629
0.9724253569014802
0.9941618574154913
1.0165692007731533
1.0359851809969767
1.0490313641843299
1.0534392594524133
1.0486873504580436
1.0361166704082272
1.018462256338608
0.9990580397182004
0.9810800959768672
