0.014482581036649567
0.014818740343452652
0.015518915004043898
0.016643397910785063
0.01829533307628639
0.02063998968601588
0.02393904968742422
0.028612259145277985
0.035352034496113016
0.04534687725237663
0.06074378568690919
0.08567818469355137
0.12878268424789208
0.2099987253015182
0.38153834731733605
0.7992879637260968
1.9030438399307203
3.372247317449022
2.430775266363603
1.3784437683581592
0.897982688898935
0.6766406753342671
0.5709502269071766
0.5266261105232503
0.5227221961118707
0.5525371342599188
0.616964260558919
0.7215481390625718
0.8727664136885604
1.0683705034735436
1.2778794733447756
1.4297480308812758
1.4527520134411724
1.3510784398334597
1.1939726878137786
1.0431018586837404
0.9251274977767587
0.8443874198296643
0.7974408522091132
0.7799121515322692
0.7885202984591008
0.8210586138312349
0.8754019313003611
0.9477476074080702
1.0302952210845273
1.1095406693707075
1.1678320870152783
1.1901159887503148
1.172349032313042
1.1236710142272965
1.0601640798099445
0.996801705988623
0.9435090633645618
0.9053102216554999
0.8839998804694228
0.8796203700475044
0.891241681480854
0.917095633836838
0.9542535697358551
0.9981167139563556
1.042164518546444
1.0785725660331456
1.1000751766906387
1.10251421295306
1.0865182824412407
1.0570512977216007
1.0212150920314347
0.9858699940342712
0.9562408947503632
0.9356083056028891
0.9255904532857828
0.9265337314531089
0.9377605620586739
0.9576229859428703
0.9834399007636548
1.0114905477329896
1.037292695756967
1.056334349075504
1.0651745167999471
1.0624751854504413
1.049396657876842
1.0291153344935806
1.005765815851294
0.9833713949286124
0.9651523621741683
0.9532650889637999
0.9488158879612717
0.9519675667857557
0.9620275506198895
0.977494699180908
0.9961151056473218
1.0150428326981091
1.031197805373534
1.0418324386474225
1.0451725245778556
1.04087826843078
1.0301014368673502
1.0151108313528527
0.9986750283637361
0.9834631620459479
