0.018563049229849526
0.019000533025627653
0.01991236364249893
0.02137843521131455
0.023535724686647552
0.026604382768699475
0.030934347531353934
0.0370895880936839
0.046005607128046466
0.05929833206626067
0.07990710895890285
0.11353270232867374
0.17213723460863573
0.2833109681305481
0.5175394744628095
1.0631345691638656
2.2197316509182876
2.9250438786502793
2.035072567678558
1.2764753141817247
0.8937316334126679
0.7035076358112364
0.6096849120285663
0.5714922517938725
0.5721460847653479
0.6061066085454057
0.6738731002750228
0.7788387848419995
0.9226643656291
1.0958171162799175
1.2644257470794813
1.3711958230496193
1.373459771230159
1.2843407961889253
1.1551659771802638
1.0302740270739679
0.9307465408273365
0.8616942058317768
0.8217037249963554
0.807902843064734
0.8177206826613617
0.8489723500418969
0.8990477711067627
0.9634929237512956
1.0343943042591008
1.0997112668160076
1.1453624729541787
1.1606156648711774
1.1435979766574285
1.1020155374239697
1.0484925249226835
0.9949430248796686
0.9496573854603775
0.9171764233378655
0.8993559308177147
0.8964140039814676
0.907521299697818
0.9309191621324687
0.9637090155317489
1.0015569815175853
1.0386858928730904
1.068578675510461
1.0855387114313642
1.086565990387523
1.072444588589285
1.0472831974839352
1.0168583042592312
0.9868314376443199
0.961642435035009
0.9441829794369974
0.9359337439621894
0.9372217782142214
0.9474021519991438
0.9649173288915206
0.9872960096621125
1.0112279603390406
1.0328789083022654
1.0485383034852158
1.0554923019308828
1.052780222780453
1.0414430060685214
1.0241240424229203
1.0042513631288634
0.98520149471626
0.9697288226581486
0.9597144521784517
0.9561349489376539
0.9591218485838141
0.9680283982246729
0.9814853046009824
0.9974832631810471
1.0135513042222
1.0270886847975866
1.035840067589162
1.0383979589434593
1.0345426252309975
1.0252655879767865
1.0124670159704472
0.9984678656268243
0.9855275364136626
