0.0098151046398528
0.010037385718965952
0.010499865768878291
0.011241240745185621
0.012327463454578247
0.0138636638122982
0.01601518762340881
0.01904505848767324
0.023382818781445214
0.029756959248234405
0.03946495507566772
0.05496508783238385
0.08129531164846127
0.12988365657554624
0.23038730866064983
0.4749548987298474
1.2163826968623
3.4847445309064438
3.494877601679399
1.6269993528640203
0.9155527157628314
0.6350015793372885
0.5101046195735325
0.4565477354293309
0.44525187688102397
0.4670428902329884
0.5225953102885371
0.6196388166498943
0.7715825993325673
0.9913421630420909
1.2675932701721027
1.5193760477896048
1.6079732188940072
1.4910145552848622
1.276003564014932
1.0714897332618543
0.9175302535156629
0.8152217135517477
0.7557837528026727
0.7312793503122499
0.7367676934286083
0.7698680338788245
0.8294644756533613
0.9135463089772564
1.0157768035031547
1.121430793858094
1.2064974752246547
1.2458888507200652
1.2289652616643816
1.1670687561651099
1.084044042406118
1.0017108193058126
0.933292242146185
0.8844654891390826
0.8566001487363418
0.8492073794176075
0.8611038300024786
0.8905833644256407
0.9348998616543498
0.9893320421138136
1.046332178097887
1.0957167165005879
1.1269172018905493
1.1329969849884012
1.1139227700318193
1.0763522867312372
1.0301889172759213
0.9847613601169368
0.9467922658318462
0.9202001508468809
0.9067558836359252
0.9067837793388565
0.9195583869718559
0.9433512448642288
0.9752351239018653
1.0108733723564178
1.0446452763643161
1.070465623303668
1.0833334277147686
1.0810064448378565
1.0647984472359366
1.038950844550374
1.0090310171521852
0.9803363061519148
0.9569544971873075
0.941514508392723
0.9353245746994224
0.9385942164356824
0.9505733398285421
0.9695777559022223
0.9929739814531323
1.017271551678947
1.0384936633692399
1.052905138679214
1.057946367354263
1.05297980252242
1.0394464179964575
1.0203433012887793
0.9993219406759909
0.9798383412981602
