0.006045546938567514
0.006178313500005195
0.006454181495582967
0.006895408087021715
0.007539751518673032
0.008447005244595962
0.00971041040174625
0.011476711492428793
0.01398242849742326
0.017622318852064334
0.023085856358096013
0.03164840612654407
0.04584734911780375
0.07123114770567662
0.12157565609009946
0.23779645400606098
0.5785981258791579
2.0368307421794967
5.9357989864415055
2.2503517994853692
0.9660498796624324
0.585390183696636
0.4361453054841543
0.37279058714595836
0.3531524497180428
0.3641560375481746
0.4048939709588454
0.48306927570443026
0.6161726592240959
0.833513590704237
1.165978816580957
1.5794337459451198
1.8524892390149774
1.755241701728312
1.4335468630553814
1.1275866841751288
0.9117915829288168
0.7759451685107998
0.698247246823241
0.6632753600466037
0.6627067220371928
0.6934147910492008
0.7556297375027277
0.8507074573933983
0.9769979746694089
1.1223648011538867
1.2561478700472584
1.3338349101567166
1.325739135602608
1.243486174716758
1.1270352679697717
1.0127887429477536
0.9199728092187505
0.8545756930315939
0.8164649546666896
0.8037864767083233
0.8147330684725829
0.8477606025402882
0.9008353568092362
0.9698937580540825
1.0468447400475906
1.1183838844702074
1.1680386878450126
1.1827242276088707
1.1600468370093966
1.109491723696658
1.0463603991517683
0.9845798503362154
0.9333389141217883
0.8973251450555348
0.8782712187849939
0.8762967907262338
0.8905918164434533
0.9194700349472794
0.9599513199069011
1.0071380439609163
1.0538890616036256
1.0915331440759584
1.1120925907986365
1.1113045923082288
1.0904806483321337
1.05572833946428
1.0152083950636508
0.9764249236606851
0.9448319858884786
0.9236922859646108
0.9145197559907953
0.9175516926501592
0.9319967264008094
0.9560242162062951
0.9865982663308336
1.0193789099150388
1.0490074423680622
1.07003460879454
1.0783894067063826
1.072747127249388
1.0549668197179223
1.0293068968096635
1.000948211957546
0.9746521834142584
