0.009429397177315058
0.009642397968418481
0.010085519783468166
0.010795727303644975
0.01183599807532798
0.013306664541044344
0.01536541513686307
0.018262870380318708
0.022407874346800583
0.028492905469996388
0.03774934714959588
0.05250580047514697
0.07752350062063751
0.12357377626065702
0.2185313168033094
0.44889984591148846
1.1494812803062393
3.41841303846813
3.649876341445997
1.661632447839407
0.9183286615378935
0.630778944509085
0.503876608929998
0.44942145188299565
0.43737903321245364
0.45828058209500255
0.5127189468143788
0.6085397268935565
0.7597251043738693
0.9808175194097121
1.263454395279568
1.5275447487659708
1.626241170924932
1.5085233010360017
1.2863249749404457
1.0751308096071879
0.9168681436957167
0.8120861776686134
0.7512500195523386
0.7259502917051848
0.7310281510249075
0.7640684036320988
0.8240696984934636
0.9092586128277683
1.0135588976257077
1.1222457443001086
1.210644066135454
1.2523612925360281
1.2357478878110504
1.172332335008775
1.086973542602876
1.0023895503239837
0.9322075543848601
0.88215839935158
0.8535363530229226
0.8457742447414691
0.85765285932238
0.8874771191761699
0.9325383681311591
0.9881304373229753
1.0466198818241692
1.0975641377830836
1.129986264803005
1.1365742267619943
1.117181728473085
1.0786689013109378
1.0312921279342797
0.984686154847087
0.9457496882950863
0.9184675078517304
0.9046192962195713
0.9045216018040592
0.9174437112371205
0.9416541188686315
0.9742085595656426
1.0107121791565699
1.0454202687389262
1.0720610425292565
1.0854365462015745
1.0831821995634277
1.0666227233707382
1.0401284854749158
1.0094424771918238
0.9800151687145697
0.9560344441536872
0.9401803022496075
0.9337807985497656
0.937049582964691
0.9492318177918154
0.9686270329706554
0.9925642523735876
1.017483583360107
1.0393051147721215
1.0541742293019118
1.059432015877258
1.0543999821516465
1.0405514979562978
1.020971269027189
0.9994169483415999
0.9794373938274363
