0.011412525407765828
0.011673476130708127
0.012216641553759011
0.01308798411382861
0.014365955732323465
0.016175866122284388
0.018715322776792664
0.022299708759312864
0.027446148812128923
0.03503592864297411
0.04664779694440502
0.0652937280986785
0.09719675047956211
0.1566012425746287
0.28077130582505894
0.5852016647047404
1.4829058975965435
3.589749352244267
2.9972019401649725
1.5139785383940119
0.9068678455604399
0.6510195149262497
0.5336306306066257
0.4835569065241183
0.4751135735764972
0.5001725838216953
0.5596189404527994
0.660553055409876
0.8139381901498586
1.0265361249121507
1.2774622176678403
1.4861727858573528
1.5430766362363624
1.4307524240603955
1.2405781303196153
1.05908601393791
0.9202466636159709
0.8268057625881005
0.7724414338976209
0.750802825737255
0.7576850198431406
0.7908048912983725
0.8486283214007562
0.9283375990697317
1.0228102118380196
1.1175650404904265
1.1911109207019983
1.2227909867425397
1.2051347138040327
1.1486840120019217
1.0738625610609367
0.9994694689164008
0.9373245655530268
0.8928757979148343
0.867717474596688
0.8616120470702161
0.8734926289292125
0.9016186331181192
0.9431356459953262
0.9933165704905855
1.0449770597701367
1.0888859645380384
1.115891852714651
1.1203059808517732
1.102433676661855
1.068219800317532
1.02635713109179
0.9851170373204384
0.9505983606514207
0.9264701907304576
0.9144569394219464
0.9149016847968564
0.9270977852882671
0.9493375836522067
0.9787735119921575
1.0112989497227438
1.0417499041871365
1.0647006997133392
1.0758260402883961
1.073289919023743
1.058354901642886
1.0348116163378671
1.007617314291599
0.9815324137153134
0.9602868464057673
0.9463210354635395
0.9408663910838639
0.9441153785988612
0.9553378205724751
0.9729156904215953
0.9943601671333913
1.0164376048875248
1.035540853333307
1.0483527449596801
1.0526539521920342
1.0479419330046171
1.0355400621781976
1.0181382912221684
0.9990159062907467
0.9813004725681207
