0.007537305882124534
0.007705154973910333
0.008054127691287882
0.008612848126507089
0.009429978093172253
0.01058280672139622
0.01219232467968534
0.014449874510979566
0.01766570333806372
0.02236141140585135
0.029456195257214657
0.040669251788905014
0.0594686171973936
0.09357188701608143
0.1625722363963884
0.32625341368315064
0.8210820764742685
2.805023396631258
4.7089001320547546
1.9019584723899345
0.9380701864749688
0.6075424843268844
0.46939465228111155
0.410187758435653
0.3941308814635279
0.41000317254330576
0.4577623726523631
0.5454978834494028
0.6896513329633025
0.9132248461473523
1.2268432420932074
1.5647552905660105
1.7356060923354277
1.6196459248129857
1.352174435396582
1.0985293748880034
0.9137315918107228
0.794171909758079
0.7251478323221933
0.6951604460913685
0.6976391845553858
0.7298945532201002
0.7915684189304376
0.8823676381681451
0.9980928085495419
1.1246597282474469
1.2339191772379852
1.291169298325649
1.2774730942050863
1.2050150220789888
1.1052816648475023
1.0069136908549812
0.9260751978687207
0.8687191320374954
0.8355730873528018
0.8255272524645342
0.8371152781295725
0.8687146351212629
0.917896514423407
0.9801609328547971
1.0475113373881695
1.1080402080268514
1.1482275971276819
1.1582626777088998
1.1371347800153215
1.0929388955282777
1.0381862914431859
0.9844467024198811
0.9396898402755628
0.9082653133066084
0.8919671586659107
0.8910415957660534
0.9047243080955808
0.9312877725481072
0.9677309874579053
1.0093667985177657
1.0497459269738718
1.0814641522588626
1.0980706186782523
1.0963836935596896
1.0777592465575085
1.0473672015992326
1.0120507525451852
0.9782067143341682
0.9506233870562045
0.9322718512904219
0.9245834249232938
0.9277899399209184
0.9411144931930087
0.9627781450932985
0.9899119241727892
1.0185627492023703
1.044037104518098
1.0617424989236448
1.0683864790985054
1.0630145305676404
1.047288999883166
1.0248359704423207
1.0000691606140235
0.9771035408484352
