0.4375390569767291
0.4601776453367513
0.453733911904293
0.46569183014652443
0.5236521003302731
0.6336787851392204
0.7341522841369906
0.6680175448768524
0.47583879421515723
0.3293235370059612
0.251094425224147
0.2129480920093246
0.1896978873241514
0.15555246542433646
0.10258695991070935
0.053718361067416814
0.027039670304299386
0.016219087298717273
0.011775795847534675
0.00930155248409283
0.0072668435458865645
0.0052176432912290965
0.0033109652355178573
0.0018634292409873646
0.0009553119082261073
0.0004663351418025157
0.0002388060991900151
0.00014378292732023743
0.00010007909357450367
7.148360468158915e-5
4.82338410378818e-5
2.9865300675916693e-5
1.6954418887645965e-5
8.95707277258965e-6
4.51240767895213e-6
2.2589588954803036e-6
1.2072602647605373e-6
7.281336118279764e-7
4.788442301693054e-7
3.165146098926182e-7
1.994046896085496e-7
1.1767240453215829e-7
6.513169523043907e-8
3.4204129396932455e-8
1.7462702564602427e-8
9.06392698593666e-9
5.0532773099275766e-9
3.090422169130827e-9
1.9985484693967147e-9
1.2923676090197362e-9
8.052547631378646e-10
4.765497616172478e-10
2.6799900006550055e-10
1.4497601319629383e-10
7.74104467806426e-11
4.236627614851039e-11
2.4545204818869266e-11
1.5081451107194076e-11
9.545768472975234e-12
6.0067500249637834e-12
3.668945443624605e-12
2.1545164663958987e-12
1.2191611681799056e-12
6.73506854849098e-13
