0.37432539904409595
0.39443984335602356
0.4494295869903098
0.4995398325346665
0.5456242479422497
0.5851904878083596
0.6145201569897724
0.6298088503385124
0.6285440946262107
0.6106938706253331
0.5789162933367733
0.5375563867015661
0.4911041575839305
0.44304511850179346
0.395507451245317
0.34951874439907005
0.30549015566413845
0.263644499991461
0.22426440463970734
0.187753310662209
0.15456683291851625
0.12509448379965785
0.0995600001189109
0.07797609068808162
0.06015547158906793
0.04575913118136455
0.03435802925640901
0.025490263929845162
0.018704627432999874
0.013588630638144455
0.009783090240503113
0.0069868014099280645
0.004954753793537724
0.0034926701259731675
0.002449857600933085
0.0017116779649401911
0.0011924201886021767
0.0008289897132671201
0.0005755808824241124
0.0003993435442644907
0.00027696503434550447
0.0001920444284744452
0.00013312159502431304
9.222769073266292e-5
6.383807686555573e-5
4.412747405163567e-5
3.0446795498365744e-5
2.095927367037343e-5
1.4389095902892795e-5
9.848416135940605e-6
6.7184144695430114e-6
4.567392890105213e-6
3.0941855324017913e-6
2.0888877606121762e-6
1.4054785649209502e-6
9.426569387719593e-7
6.303883731191917e-7
4.2044660936250603e-7
2.797661987827361e-7
1.8577919106178498e-7
1.231533021685718e-7
8.151897732390851e-8
5.3892913374380576e-8
3.5590547082218294e-8
