0.26876040394899986
0.4149298104901807
0.4845545897997511
0.5239806681042687
0.5529609687574436
0.5760353221700468
0.5962303544712527
0.6158269831035703
0.6356055262340605
0.6540150570829066
0.6666803438247831
0.6669039881413947
0.6480363397101908
0.6074013356535346
0.5489694904702561
0.48180657787180525
0.41543943855650534
0.3561953049049941
0.3064624560040132
0.2658083874594211
0.2323863754150743
0.2039431832063834
0.17841412836501136
0.154270247037786
0.1307148395979019
0.10772286687415149
0.08588410047529477
0.06607607856259176
0.049091883685246196
0.035376307996301974
0.02494867182919513
0.017481982354811864
0.012450948433671945
0.009272068780597371
0.007399794227335034
0.006376474194772563
0.00584861969505391
0.005563309510311727
0.005354745703051985
0.005126984863782517
0.00483617841403954
0.0044741042307771695
0.004053953449738388
0.00359892995381948
0.0031339646803161254
0.0026805620033587226
0.0022544441205003675
0.0018653306271159153
0.0015180057433504634
0.0012138504603034779
0.0009522272464348614
0.0007314072263760568
0.0005490106710040159
0.0004021130773679852
0.0002872305426332108
0.00020035461078266712
0.000137105707425417
9.298470855437616e-5
6.365809962729184e-5
4.520914668567631e-5
3.4309725514777744e-5
2.8297826079054937e-5
2.517096369895965e-5
2.35196059871906e-5
