0.23918141723316144
0.34797334959669246
0.41744283109671326
0.4661340183100551
0.5109947371137723
0.5554382347152357
0.5991751378620918
0.6388535758619501
0.6679746236106535
0.6781892967253642
0.6629463895146828
0.6219594533560922
0.5625139937197822
0.4957810524161314
0.43145485877062095
0.3748378872340536
0.3269784309331905
0.28622942315255057
0.24989543904191258
0.2155049216160482
0.18163020126229634
0.1481987975686777
0.11625968831399826
0.0873438087149069
0.06275647208577449
0.04313701878698668
0.028400348868536294
0.017942794342042274
0.010919710166547263
0.006465123138873335
0.003816339513757722
0.0023615205892908234
0.0016419349739108077
0.0013336428000512138
0.001222571443220156
0.0011792269145668405
0.0011354246293739008
0.0010640434687538408
0.0009624396234480277
0.0008399175623491852
0.0007092631179812965
0.0005818796564373907
0.0004657114073383302
0.00036499910999340975
0.0002809922517555037
0.00021296259634916417
0.00015912686796433378
0.00011731403987690104
8.536504189814544e-5
6.132691662539795e-5
4.351955805569003e-5
3.0538108024061773e-5
2.1230085369952083e-5
1.4666097407505271e-5
1.0110613931859578e-5
6.993846171854144e-6
4.884745680980101e-6
3.465618367066908e-6
2.508874886707078e-6
1.8563145713086285e-6
1.4013479234508554e-6
1.0743936880711321e-6
8.313995534444471e-7
6.4520179539227e-7
