0.4416256096078607
0.4927015164031162
0.5641235985641474
0.6007717591297596
0.5724627266406819
0.4796162265228651
0.3612763126619841
0.25167385948482707
0.16345805882351988
0.09871508263385179
0.05557530595159498
0.0294802191030024
0.014931714175819429
0.007307821109622391
0.0034928952472559364
0.0016505456243067246
0.0007845875594715758
0.0003836750799758897
0.00019667138697265123
0.00010580459930686254
5.863513003101979e-5
3.265057957039477e-5
1.793621438772341e-5
9.62934243355867e-6
5.034687109709942e-6
2.5625554393256017e-6
1.271539350506457e-6
6.170642273136284e-7
2.9440323777896345e-7
1.3914918980927354e-7
6.581779082784354e-8
3.151871546554692e-8
1.5437052184041504e-8
7.76770273294796e-9
4.0004880643821665e-9
2.086254340487531e-9
1.0870662769047673e-9
5.592001839907947e-10
2.8146533465047634e-10
1.3779396760878153e-10
6.536232151545166e-11
2.997649899517334e-11
1.3287697114558166e-11
5.707888696888655e-12
2.3950354711652655e-12
9.983394852345788e-13
4.2532407835528173e-13
1.918395752006681e-13
9.383639111043162e-14
4.948769320657218e-14
2.7271075838037704e-14
1.515398345948841e-14
8.27400908806505e-15
4.373084406482752e-15
2.2203792562628615e-15
1.0787850955954951e-15
5.003177454625961e-16
2.21001829780812e-16
9.272642459838025e-17
3.6796266808665015e-17
1.3677183747328924e-17
4.614298257358634e-18
1.2242922858081813e-18
-1.0880330855855636e-20
