0.4038882847973945
0.49157100729530573
0.5646411819920073
0.6156477654174625
0.6579560642477054
0.6935204621098217
0.7220461843666803
0.7423549467702969
0.7528574625109208
0.7520102107186296
0.7388727556413619
0.7136244066145416
0.6777757756883861
0.6338969167974814
0.5849580542502062
0.5336132798709585
0.48175009827304954
0.43042382964649945
0.38008971745959835
0.3309569238506876
0.28330486323524334
0.23766267577606373
0.19481849097370021
0.15568475964321704
0.12109125159436604
0.09159406624477825
0.06736870862924435
0.04820936414469453
0.03361156173450377
0.022893101068194116
0.015311408579430903
0.010152769395789699
0.006786741339610512
0.004690428206287317
0.0034516268952058844
0.0027596508254564504
0.002390488478439483
0.002190530202296888
0.0020611224178204686
0.0019448830488860748
0.0018139874072980388
0.001660358895145407
0.001487682442114765
0.00130521757573314
0.001123396461477919
0.000951109677490354
0.0007944439585763077
0.0006565106114306294
0.0005379471018196764
0.00043770480502671415
0.0003538325742337022
0.0002840889300223016
0.0002263274760961872
0.0001786776646950874
0.00013958099823750445
0.00010774891473217305
8.2095786848716e-5
6.167985526898853e-5
4.5664720715035905e-5
3.3300282472069555e-5
2.3916424435513e-5
1.6922584167970702e-5
1.180829371723238e-5
8.142022901701012e-6
