0.653704285416435
0.9555683033101894
0.9727190078184612
0.9739685545928571
0.9672118292156874
0.9538063109142922
0.934672055558097
0.9108327294648817
0.8835005791613834
0.8541101240381783
0.8243715236237564
0.796345690572013
0.7724630571139941
0.7552449371621739
0.7462527101213972
0.7438883579153883
0.7413617484472763
0.7290989774582995
0.7023522441998339
0.6647124398147564
0.6233434273728431
0.5839187516378391
0.5494860491849957
0.5212310734922894
0.4993203632317718
0.48340604701685397
0.47281042873086676
0.4664410145993906
0.46251822461000724
0.45832892610867637
0.4504100811460869
0.4355164964482064
0.4120806624791739
0.3811285656272258
0.345907661571918
0.31055065216788974
0.2786218410984721
0.25220988565134217
0.2318188440614727
0.21684571811198616
0.20618601447316076
0.1986295111108596
0.19297242753198698
0.18795458990702216
0.18220343435656644
0.1743566069389358
0.16342500302934249
0.14924640203336373
0.13268267870780548
0.11533652783722566
0.09897141520979456
0.08495660160377315
0.073964249915695
0.0659893573586748
0.060578290195129836
0.05708163830808896
0.054817386483691485
0.05313714692595259
0.05144954991888536
0.04925701727372478
0.04622540567313144
0.042259594719678995
0.037533065620663886
0.03243624073453037
