0.5751835313911924
0.5122569231386908
0.46180142901114885
0.4281936938925886
0.4199747832268847
0.4393281624320329
0.48934530490316225
0.5701314697594116
0.663288386381407
0.7138480250069636
0.6692036156594507
0.5577884851292838
0.4462634044529804
0.36412826862256853
0.31061587641705635
0.27751912836167614
0.25663788854800584
0.23939303564995368
0.21586389185213906
0.17854669698942863
0.13065164530369416
0.0850828942561942
0.05177898059970662
0.031498675190745416
0.02029926012012998
0.01424229448965071
0.010758650651680404
0.00842715659509563
0.006551093458188532
0.004881149048374083
0.0034244111481007335
0.002265847796315921
0.0014394102667866669
0.0009007069828391536
0.0005682009486485495
0.00036604693380020364
0.00024099669825546454
0.00016090522048624556
0.00010776581970777023
7.168513492300745e-5
4.706331409228988e-5
3.045884195530874e-5
1.9502910080422726e-5
1.2433126698785064e-5
7.936150537193168e-6
5.083705059237138e-6
3.262730448469549e-6
2.089633256528698e-6
1.330037899929617e-6
8.392551792631992e-7
5.249684070308378e-7
3.262521301578724e-7
2.0220896305661765e-7
1.2550468466751072e-7
7.824318390000816e-8
4.9040540171271764e-8
3.0859377378876755e-8
1.943840651925811e-8
1.221661915406459e-8
7.641823488536559e-9
4.753359776211409e-9
2.942243790583893e-9
1.8159203152131549e-9
1.1203514523658253e-9
