0.9219769841070767
0.40064677612137806
0.33459768156834413
0.3122333348145655
0.31023296950873397
0.3205018099587645
0.33989826907600046
0.36716053383543135
0.4017139332257679
0.44299469478373077
0.4898757983263361
0.540104000368657
0.5898869474435597
0.6339797135731591
0.6666278988312734
0.6832718846181753
0.682178337002587
0.664944576804978
0.6355910377651076
0.598965891050103
0.559415237280109
0.5201532529906021
0.4832150291212911
0.4496835295188267
0.41995554426621196
0.3939435534399988
0.3712021363243627
0.3510102993724242
0.3324513663713919
0.3145218247865921
0.2962763185562655
0.276986469859572
0.25627010756369717
0.23414767295093486
0.21100607607609567
0.18748448344368987
0.1643224948219438
0.14221696667102798
0.12172073120683191
0.1031951513782489
0.08680995953676218
0.07257405819917671
0.0603798669394499
0.05004796881244285
0.041364496787274496
0.03410850573866319
0.028069641188491517
0.02305786950765284
0.018907386824258073
0.015476647264367205
0.012646199820216359
0.010315730764171376
0.008401152041120142
0.006832003719079824
0.005549205186489765
0.004503165364516079
0.003652242799135198
0.0029615102603660873
0.0024017571188024514
0.00194866400835399
0.001582098909646292
0.0012855015227976314
0.001045337847315838
0.0008506171936764468
