0.2997324109365658
0.8968280093807862
0.8739655694987654
0.8370022768495817
0.808310306906124
0.75816403740717
0.6195965125285513
0.5312006515972716
0.5338904673622551
0.6025266976336252
0.7267057025148372
0.7299352528860331
0.5405131584196846
0.4478624966852639
0.4805810660179593
0.6339704774636385
0.8004453705451143
0.6377845134076661
0.45162509774406556
0.4148177268363025
0.5048841713361686
0.6970070194467959
0.6960156262126518
0.4888508785975919
0.39073621829327615
0.41249773580044
0.5357282036862882
0.6346008872523005
0.5156069641562093
0.3901020178782801
0.36216425842338124
0.41876641059057396
0.5113315933028206
0.4916232501504727
0.3873305990779797
0.3321968664237659
0.3437422477941114
0.39938736712484874
0.42156752380590956
0.3612124080690145
0.30251575507357503
0.28825343976700213
0.3121825822910262
0.3373037545767446
0.3115603365270985
0.26402764005708723
0.2395656635163386
0.2432967793963064
0.25888442652136834
0.25175099617391655
0.21880016404766095
0.1937420674092423
0.18725904739394603
0.19312160354563626
0.19268878332997413
0.17288622404283924
0.15123084187560873
0.1409996674262643
0.14054718187738288
0.14075475431999804
0.13039546103531977
0.11392880466665224
0.10318545347476875
0.09961842045058693
