0.718843712869781
0.39229859868205563
0.2923009126695932
0.2668550418510634
0.30775136207416853
0.44308046559946085
0.6633160527760005
0.5697277220140914
0.2917615372922881
0.16232892871789503
0.11178500580051293
0.09220271575918348
0.08434035115795703
0.0649820737054757
0.030989596619857878
0.008007127066183842
0.002058198803273505
0.0009683434270273342
0.000631268471235457
0.00046182746145163336
0.0003891761354853187
0.0002973829354101357
0.0001823094914487022
0.00010061001169611944
5.30776447036236e-5
2.4613997466658478e-5
9.330203625129859e-6
3.1330817257455806e-6
1.5270930348211638e-6
1.2370586361292554e-6
1.0106098050095173e-6
7.037375234768782e-7
4.131466305247677e-7
2.1105861869189624e-7
9.895245401025494e-8
4.3767960187069356e-8
1.8379321992188932e-8
7.842631950552643e-9
3.918679844699717e-9
2.3666007887037415e-9
1.5126565828258503e-9
9.204761558789352e-10
5.170257083189862e-10
2.6778007473481215e-10
1.285514846193611e-10
5.796974926506465e-11
2.5481971449246637e-11
1.1684835033419786e-11
5.9359337231357355e-12
3.3112173206908496e-12
1.9054144979228164e-12
1.072308080360459e-12
5.757405940231295e-13
2.9256382062672044e-13
1.407654481896129e-13
6.492397464586417e-14
2.958705337061873e-14
1.389565684207308e-14
6.921431332342004e-15
3.633836727224106e-15
1.949979872510842e-15
1.0365271832460855e-15
5.338538537312752e-16
2.6249364345344706e-16
