0.20383541099524521
0.25646245243538923
0.3244126714384033
0.4191249529827024
0.5443192893070495
0.6095589070399396
0.5082798459847251
0.3496938247163302
0.23662305233645273
0.16637656600171094
0.1153499965079924
0.07079070009895794
0.03650470156714683
0.01627259695197107
0.0065828740435543215
0.0024620862176363604
0.0008584998313009571
0.0003071606863180119
0.00015164054766166467
0.00011099900871423461
8.595566864604209e-5
5.9110177780563974e-5
3.60814528262968e-5
2.05216285166706e-5
1.130017102825566e-5
6.021111257934835e-6
3.0248679992041685e-6
1.4047437245543984e-6
6.020958047190332e-7
2.409791375546399e-7
9.228778112861604e-8
3.5864183956798575e-8
1.5946003352137004e-8
8.960629789536072e-9
5.932658628356369e-9
4.009483621082762e-9
2.5605589307691246e-9
1.5208550787221344e-9
8.472076793529281e-10
4.468439143645369e-10
2.2318760405685535e-10
1.0465551029250158e-10
4.5539869580476755e-11
1.821755360187417e-11
6.6804788332973905e-12
2.283864403366037e-12
7.888418990406858e-13
3.335238227586032e-13
1.9560652280303076e-13
1.362169427350255e-13
9.41071832010258e-14
6.048307100978538e-14
3.595414069001694e-14
1.9977007373319023e-14
1.0493013136260888e-14
5.245356436589624e-15
2.499076258900017e-15
1.1335099135033439e-15
4.901087613988044e-16
2.0438096034226225e-16
8.518104520603127e-17
3.8281964617421166e-17
2.0493226027915622e-17
1.3593424808596243e-17
