0.15093340840244684
0.2140672730354525
0.3312984849157113
0.6417732704583458
0.5831015130880675
0.23115374258414847
0.11074483021873313
0.05814525915267255
0.020587652660699018
0.002868259561930009
0.0009523825040908811
0.0006669354945597911
0.0003664026285520933
0.0001394992455408209
5.047584611569064e-5
1.7106306934923938e-5
6.857679457766572e-6
3.1284695497395404e-6
1.1560391113581271e-6
3.069771928601193e-7
7.006415982997894e-8
1.8695233833428014e-8
7.1285880359975775e-9
3.2135166283609627e-9
1.43340018741129e-9
6.082300083692496e-10
2.4268057703131437e-10
9.122828307394855e-11
3.2099569344505423e-11
1.0343935941131144e-11
3.055461680556253e-12
8.727481995824323e-13
2.684307621364391e-13
9.61915978734194e-14
3.85276741957807e-14
1.5681180976175487e-14
6.0921602324345564e-15
2.2107240686449884e-15
7.506794993592997e-16
2.398467453329416e-16
7.226014293399114e-17
2.056244229377707e-17
5.341020771745624e-18
8.445122437879091e-19
-5.822583515868462e-19
-1.0739824970726355e-18
-1.242021127048148e-18
-1.287360993847006e-18
-1.2859680624927967e-18
-1.2679452444864457e-18
-1.2449176699007566e-18
-1.2211076253646108e-18
-1.1978917617665645e-18
-1.1755957366477997e-18
-1.1541840518921556e-18
-1.1335250182281453e-18
-1.1134644379889613e-18
-1.0939374329913311e-18
-1.0749986289934546e-18
-1.0566589054966101e-18
-1.0381289996433093e-18
-1.0203167322859795e-18
-1.0036059679090503e-18
-9.877155857963303e-19
