0.24450670442437633
0.5519868917792484
0.6439168675695617
0.6761298396658771
0.6774593956559937
0.6558860733897917
0.6193781043468285
0.5762044580812219
0.5331458851939954
0.49465754136594436
0.4631600702828081
0.43980083632767036
0.42518884213297625
0.41994014313323647
0.4250446039106721
0.4420794743156944
0.47318914281283
0.5204856944607714
0.5840401126189443
0.6573356270508323
0.7213419456094832
0.7466859253057788
0.7151022958435783
0.6396255064046045
0.5507154609799196
0.47060839126555276
0.4071115937931845
0.35974044568333147
0.32536266588734775
0.3007489769098704
0.28332188422114224
0.2712171761304767
0.2631506516630893
0.2582569315295841
0.2559419077518629
0.25574619099355506
0.25719953512439897
0.25963677922270156
0.2619448783624469
0.262243564678137
0.25763342390954946
0.24444154266583665
0.2196784674104698
0.18378429444590744
0.14234160334262871
0.10355549731724148
0.0732701885710217
0.05272905155587255
0.04010000441495623
0.03279278644069158
0.028691156604366986
0.026401778831672242
0.025103856255881667
0.024339254844933378
0.02385031144098777
0.023475550236977925
0.023089854943417833
0.022575810663375735
0.021817313787357743
0.020709716504335698
0.01918170518745842
0.017222592099721913
0.01490486487850709
0.012387782096305812
