0.27266598191346136
0.5113169592678104
0.6234677984227116
0.700426305099458
0.7611759225914929
0.8022728851905337
0.819392259489547
0.8128867627344547
0.7887257880211695
0.7558947699395021
0.7228279681192165
0.6952509152306688
0.6758438062288994
0.6648713464474132
0.660904953685683
0.6612419909221369
0.6621050692850372
0.6590314431103362
0.6478680213174052
0.6262604220720228
0.5947224356409953
0.5563120641180642
0.5150821937983103
0.4745068603980563
0.43678528310373194
0.40297294219950097
0.3734124475381812
0.34805960366502914
0.3265995060919501
0.3084408919584247
0.2927132611075906
0.2783344792777388
0.26414858977537503
0.24909807625113353
0.23239129776865433
0.213634950298621
0.1929079039101067
0.17075442967913265
0.14808179596156248
0.12597116359485752
0.10544769962576872
0.08728117689393088
0.0718777146685973
0.05928038837995605
0.049251274499787535
0.04138686624389785
0.03522552692760063
0.030325679165184635
0.026311932749037273
0.02289565528262261
0.019877629964921404
0.017138787901501383
0.014623658898950682
0.012320440475394923
0.010241080600477348
0.008404199726661787
0.006822821118250792
0.005497695872137839
0.004415718861523979
0.0035520606273629616
0.002874456819601754
0.002348038478260784
0.0019393633547225017
0.0016190890618444482
