0.18588863190015548
0.2514020946454881
0.24665354135248632
0.23049635019394882
0.2190353015390067
0.21478073324427394
0.21844294105657466
0.23085255664220333
0.2535919216977919
0.28936062225342063
0.3421493072911512
0.4166729846407694
0.5152797487725185
0.6289793719604674
0.7237313926632908
0.7468549119740839
0.6793384745115696
0.5630433085901798
0.44884952515022863
0.3585381271265461
0.29294506123691527
0.24663827988861936
0.21428505577880494
0.19203402330270725
0.177346141964543
0.16852378362905654
0.16415920172862228
0.16238333179246112
0.15985924163114404
0.15126816693738893
0.13149674324557065
0.10105201094887263
0.06794434112497123
0.04079136425620347
0.0228001286352204
0.012584547273444383
0.007393777702201351
0.004951111292274906
0.003841885451586124
0.003325947947531657
0.0030666390860868004
0.0029279376577987606
0.002852737975962888
0.0027999427766535415
0.002720827826385708
0.002564839956428963
0.002304440467887336
0.0019562453959144667
0.001574285003155163
0.001218037464951801
0.0009235863857167027
0.0006974796626982728
0.0005281484170795313
0.00039976688284975903
0.0002999470784678633
0.0002212213691763947
0.00015957509424207523
0.0001126150221011035
7.836433803752832e-5
5.471771310738509e-5
3.934019172641858e-5
2.9833161111640316e-5
2.4027125477821254e-5
2.0247441130319306e-5
