0.8732654251683849
0.8894810499106354
0.8735597259503514
0.853020562086242
0.8349515212051039
0.8197473437478573
0.807101621536289
0.7966641094933685
0.788144886761902
0.7813195680969492
0.7760135427861333
0.772082294431603
0.7693908185672373
0.767791975336271
0.7671028748594646
0.7670787407319049
0.7673846528127385
0.7675672046265534
0.767030498353654
0.7650239937851743
0.7606530522257144
0.7529252573466012
0.7408442665497087
0.7235547396582517
0.7005244629004028
0.6717252624323263
0.6377529654203177
0.599825943629792
0.5596349219720768
0.5190755611807846
0.47994666585098666
0.44370646205829606
0.41134292774240505
0.3833600468936308
0.3598435078256602
0.34055993399165385
0.3250552516244366
0.31273546534813457
0.3029268211291373
0.29491921734652005
0.2879984785561364
0.2814725980112413
0.27469608996156386
0.2670953579831807
0.2581960456984464
0.24765092569094932
0.23526489683146753
0.221012656344657
0.20504448560651375
0.18767620425299164
0.16936099160825496
0.15064380861383692
0.13210329911127577
0.11429002867772321
0.09767189290185492
0.0825961880016063
0.0692734012883742
0.057782033676893496
0.04808904488741277
0.04007837430007231
0.03358055348701794
0.028398652319030285
0.024328331045218945
0.021171678161988224
