0.28614076893042534
0.49311674587855464
0.5532101155447027
0.5839571594563857
0.6043453209805181
0.6141949899558348
0.6145510286443667
0.608840482065097
0.6013390344547503
0.5957728284077837
0.5947391766334545
0.5996935287926783
0.6110822941411089
0.628359576536742
0.6498039296166804
0.6722075467997384
0.6907108612816467
0.6992847986504935
0.6923319671190645
0.6671153083035537
0.6254767299524698
0.5732211345263446
0.5174812668281881
0.4641147446932848
0.4166029931931503
0.3763114379969005
0.3432682355516939
0.31685896432587435
0.29624400540418844
0.2805262672724249
0.26875744249783096
0.25986959487491507
0.2526074762445492
0.24552536809340908
0.23709249782191838
0.22591503846694225
0.21103185443572603
0.19218985527208746
0.16997862799382762
0.14573176254881198
0.12119406362611716
0.09807186849204513
0.07764787976420602
0.06059731880016466
0.04702319093698109
0.036627334230645354
0.028908350396333837
0.023314383806035233
0.019331895556989727
0.016524034295919327
0.01453828098820759
0.013098939133692073
0.011995176134718944
0.011070499287610234
0.010215369382749197
0.009361945525213241
0.008478914388689621
0.007564714345845707
0.006638680598023253
0.0057310072858664535
0.004873274779122571
0.004091272953138496
0.003401095434657665
0.002808459801034196
