0.26355450197114305
0.3344701238865371
0.4295962934035287
0.5326264273442602
0.6354604328656523
0.699540577434373
0.6856494777019384
0.6056381062812128
0.5058191950321614
0.41586363337885024
0.3399197887707251
0.27116444965584857
0.20493062469190154
0.14394031778441252
0.09405979342880305
0.05796292965996829
0.03415296091014948
0.01940520549574061
0.010672284514817248
0.005694372034917216
0.002958004557356281
0.0015045668872922335
0.0007552475732300744
0.0003775502566907024
0.00018963281715288986
9.634290723963398e-5
4.965683651921661e-5
2.5938355744431815e-5
1.3680130206199285e-5
7.251867431296318e-6
3.848507554682601e-6
2.0386712225745357e-6
1.0758596944448734e-6
5.648660747380769e-7
2.9480717923470114e-7
1.5286526754913207e-7
7.873644024018366e-8
4.028872610507707e-8
2.0486503876775583e-8
1.0356281467733262e-8
5.20658363604644e-9
2.6039024304996216e-9
1.2955875351036264e-9
6.413288292653211e-10
3.1583430229287513e-10
1.5474886769436287e-10
7.545279749857223e-11
3.6624395602070216e-11
1.7707081273554727e-11
8.532456016297315e-12
4.100269078173015e-12
1.9659396992311932e-12
9.407430826625376e-13
4.4930436802593596e-13
2.1414918650780144e-13
1.0182995913566981e-13
4.829185012434144e-14
2.283419847601972e-14
1.0763107964988858e-14
5.0574643829961055e-15
2.369515278233096e-15
1.1073600583214224e-15
5.165010584134118e-16
2.406283929955239e-16
