0.24437768545492322
0.322752656049588
0.3862547738064557
0.4350842354838139
0.48150650058671385
0.5280771561960677
0.5749946215222808
0.620748992436142
0.6619795270221194
0.6936809093671926
0.7103400898704926
0.7079845813702372
0.6861632189745024
0.6484420458853063
0.6009531376637907
0.5500611093524599
0.5005901204124484
0.45518252850090196
0.41450843868773907
0.3778486519773717
0.34375119618966354
0.31063961533981876
0.27731448507388545
0.24328337438896874
0.20885401662187442
0.1749749222969636
0.14289546066131104
0.11378676657440082
0.08846333287309699
0.06727438217756046
0.05014690444734277
0.036711834455344504
0.02644420165002034
0.018775587856487017
0.013166335512227822
0.009142580695472392
0.006309151453066057
0.004348574168947722
0.0030133427879319684
0.002115652279482695
0.0015167658586101732
0.0011170338215825007
0.0008470127873789962
0.0006598693399063264
0.0005251157845031396
0.00042363618074742833
0.00034389313970406056
0.00027915856919791135
0.00022558682567324368
0.00018094541574370802
0.00014383181657720047
0.00011322903260357896
8.828137149751029e-5
6.820118126583678e-5
5.224449078145635e-5
3.971702639618245e-5
2.9989120580201938e-5
2.2508145123863395e-5
1.680382864334831e-5
1.2486462871701141e-5
9.240101052856426e-6
6.81311085081773e-6
5.007938257220112e-6
3.6712887432538454e-6
