0.3091488723562137
0.41185560146930006
0.5453684852753176
0.6699876052435557
0.7246596465502241
0.6651243190505585
0.5397017256295685
0.41302319668696374
0.3029339030143781
0.20545418738373603
0.12415788003191308
0.06684273306351889
0.03277694405800542
0.014907687882068747
0.006321311062741233
0.002494096718687585
0.0009104730287238462
0.0003041360002161161
9.112264851236058e-5
2.3774442644857705e-5
5.325037001426186e-6
1.248347773151608e-6
6.010632630770246e-7
4.872409524546109e-7
3.7014109988923236e-7
2.404236662476802e-7
1.370943574685983e-7
7.067072151502374e-8
3.366711423741433e-8
1.5073022432636794e-8
6.430930146817194e-9
2.648850761818087e-9
1.0675202126554414e-9
4.271524352008891e-10
1.7231815906088435e-10
7.103855678741039e-11
3.0163955133119544e-11
1.3185280506931466e-11
5.88584952255891e-12
2.652149202752477e-12
1.192995458410744e-12
5.313330549579727e-13
2.33184219849773e-13
1.0065617048040742e-13
4.275361600103036e-14
1.79054643196424e-14
7.418326805456183e-15
3.0540874639021478e-15
1.257223033076545e-15
5.224741100763964e-16
2.2288152061502767e-16
1.0057269145941387e-16
5.037474578950188e-17
2.9570438903536873e-17
2.080865954208509e-17
1.7015192451464978e-17
1.528737283935985e-17
1.4425524735699734e-17
1.392850721990148e-17
1.3591659091340787e-17
1.3326233129829993e-17
1.3093007345645015e-17
1.2876437702093818e-17
1.2670382540125253e-17
