0.3202897425826051
0.46549044455713084
0.4510508716549522
0.41392549031151554
0.3899649581571722
0.38896393949551356
0.4177964423312305
0.4857232359217794
0.6007677176739555
0.7386158367203122
0.7782825685854178
0.617090541632801
0.3996910391375445
0.25144234960471473
0.16828515857530577
0.12294730970909593
0.0982968969195082
0.08547450690570811
0.07931963058397175
0.07455377817993149
0.06424875648731106
0.04782255469538184
0.03770614794755973
0.035564918773966385
0.03489417026663587
0.03082624260583396
0.023619513981486352
0.016171855202418307
0.010311406642677528
0.0063129560909565155
0.003841825770392902
0.0024778684955639326
0.0018251611704607287
0.0015559099792645
0.0014427278971551908
0.0013544483216130208
0.0012630675268310281
0.0011840791153807336
0.0010885115401208618
0.0009324001132187498
0.0007290532354032777
0.000531920093637783
0.000377273673633964
0.00027081725500977124
0.0002034841270056034
0.00016331911619852906
0.00013895371051952907
0.00012045034971400645
0.0001007389216789672
7.775859661983837e-5
5.4780375371417943e-5
3.651775529316867e-5
2.467698062612949e-5
1.775015883322519e-5
1.3478614357885323e-5
1.0449544055792264e-5
8.1245963352009e-6
6.3515166340402324e-6
5.036283353237639e-6
4.05327738110742e-6
3.2753110221894793e-6
2.6180356905741188e-6
2.0461578743364015e-6
1.552331314284983e-6
