0.3650044715473623
0.44898293007322754
0.5602125274879509
0.6698263124524619
0.7059615009412075
0.6033883124323923
0.43727243430586604
0.2939331897628278
0.18385159092755995
0.09922215231499498
0.04399393116748438
0.01634043351896469
0.005274287163272562
0.0015515570054116705
0.0004719303473813059
0.00019044014598453316
0.00010868499813317711
7.034868473427407e-5
4.408387164854505e-5
2.5349495289897455e-5
1.3162274741126199e-5
6.165539245057655e-6
2.6473184456251856e-6
1.0873469199628168e-6
4.5805581647688625e-7
2.0925394968535665e-7
1.0246169052076666e-7
5.082864549495544e-8
2.4485590121038692e-8
1.1305261647072812e-8
5.01764597817175e-9
2.1549493327222096e-9
9.014894172693037e-10
3.706126569038285e-10
1.517783262243691e-10
6.294024517806324e-11
2.6752192256634058e-11
1.1670496617528805e-11
5.180064469333511e-12
2.3130459214699027e-12
1.0316393435291644e-12
4.589263812796268e-13
2.0399758725589572e-13
9.077693978881777e-14
4.04446333470703e-14
1.8015913321941913e-14
8.004471212316997e-15
3.5358753623810246e-15
1.545542166037313e-15
6.630980105784085e-16
2.7475237973034826e-16
1.0557125099861661e-16
3.275454356193088e-17
1.8401816583174598e-18
-1.1063269465686406e-17
-1.6303585545011186e-17
-1.8310142262536783e-17
-1.8961206591396175e-17
-1.9047633458200613e-17
-1.8904744894281982e-17
-1.8670025412213012e-17
-1.8401548769033694e-17
-1.8123052413568e-17
-1.7844912704181257e-17
