0.1967214754129393
0.33221743201015835
0.43492037162619923
0.5601384029715829
0.7226250664302464
0.8251806269035059
0.7348231380310528
0.5593408120838645
0.44092889232861826
0.39260390603826933
0.3916358281290558
0.4228210616362504
0.47997450808970155
0.5432541995156766
0.570395938770591
0.5390725864217798
0.4761180030322709
0.4158649831625395
0.3704914851161554
0.3371262474676869
0.31038835644017004
0.28858358573211546
0.2711001745443954
0.25558616088332314
0.23966836895262142
0.2226149258164887
0.20459847047413715
0.18551528419476554
0.16505972477679184
0.1437479517736
0.12324731727804288
0.10527564109711092
0.0904946019584334
0.07852318401288616
0.06856086981514657
0.059873390913410526
0.0519800814761413
0.044667989198957175
0.037931291444838026
0.031870411006133456
0.02658397109872498
0.02209928203116494
0.018362199405292077
0.015267557239930956
0.01269744829294342
0.01054718966289504
0.00873563691670081
0.0072046522854999125
0.005913287646620192
0.004830799332663559
0.003931166749664854
0.0031899952572714465
0.002583537740312958
0.0020893643240642917
0.0016874157470307782
0.0013606239149181742
0.0010949825910006523
0.0008792188806593072
0.0007042754099350317
0.0005628308906273487
0.00044888383198533996
0.00035738787497800116
0.00028411992812484396
0.00022556743947154642
