0.37907081830447414
0.47165303696361954
0.5308219774819259
0.5714034084163995
0.6092674061601577
0.6463971089726657
0.6799654552908311
0.7031818803668622
0.706658706230005
0.6824942412354513
0.6299994924402122
0.5578466504863921
0.47927807081580764
0.40493570253393435
0.3395738464352696
0.28316202020793557
0.23351591849282224
0.18848442021238856
0.1471365649186609
0.10992780059958383
0.07805739001726103
0.05253365932766914
0.033552367746117105
0.02044945152029343
0.012044145631653158
0.007042161008330741
0.0043024408468823995
0.0029434569866159496
0.0023451300547234497
0.002105328456554238
0.001986603890154778
0.0018679890070145584
0.0017051664442468497
0.0014984654182626047
0.0012683089665358983
0.0010384651221109224
0.0008270144040736024
0.0006436564887186876
0.0004909760041859593
0.00036721456084961446
0.00026881302694794286
0.00019197071087534448
0.00013324705246483444
8.959875566571519e-5
5.825018170557987e-5
3.6620318841973946e-5
2.2351179280996444e-5
1.3387154930125226e-5
8.042356301507699e-6
5.02199782611862e-6
3.3960961140733997e-6
2.5415373432596806e-6
2.0717375899330177e-6
1.7684228626445262e-6
1.5236449958940117e-6
1.2950592110462656e-6
1.0743214215207907e-6
8.668582131571356e-7
6.805974502043805e-7
5.209812974586349e-7
3.8975294127159135e-7
2.855841036150891e-7
2.0528179360317617e-7
1.448961330346937e-7
