0.41588380849186185
0.5491376794395129
0.5898499794102172
0.6001717368014581
0.6054006327947294
0.6129303179506155
0.6260564318159678
0.6459812806104829
0.6719279516878055
0.7005795211825032
0.7254789140044385
0.7374698045955336
0.7275371187069859
0.6918490680438626
0.635204162011593
0.568717184053869
0.5036250751964783
0.4469238025358462
0.4009119216368127
0.36472431795742394
0.3358669607357963
0.31116611630286617
0.2873446330555832
0.26155434020423024
0.2320018931088047
0.19851715848858348
0.16270066233865202
0.12737072237359662
0.09546918428649862
0.06902151436462042
0.048699126302792065
0.034038227178042085
0.023965384527022106
0.01727179350332451
0.012889550255649957
0.009992537276523453
0.007997195407163744
0.006523269280914552
0.005345549078544551
0.00434786949577842
0.0034825771481149575
0.0027373757592000516
0.0021115812500367924
0.0016026279429086393
0.0012013925180668558
0.0008931472939045478
0.0006607258286766602
0.00048751020481108647
0.0003592197844051023
0.00026448907067464893
0.00019466726046895946
0.00014329861791703444
0.00010558245867057267
7.793694372801722e-5
5.768356937215005e-5
4.282699540854147e-5
3.1895123348045366e-5
2.381435721715413e-5
1.7809333175473933e-5
1.3323455098377562e-5
9.957818071406598e-6
7.4256327205073945e-6
5.5190285347407875e-6
4.085392652578293e-6
