0.2773890776144249
0.3547537288860008
0.39171037385332774
0.421176076060529
0.46646507176449886
0.5373949771728452
0.6318976584965426
0.7180707837566865
0.7301147214117352
0.6417832761795909
0.5141091955489495
0.4071455684887361
0.3348492937690993
0.28951778999140304
0.2590934229349939
0.23022584276852545
0.19104983533759412
0.14010901139773838
0.08980409000257056
0.05235667968090386
0.0298618622626703
0.018065335801542744
0.012208870498564658
0.009130916931474388
0.007152231373547519
0.005540131523658617
0.004096494475819523
0.002861769123861996
0.001904066071524887
0.0012260045763214465
0.0007742911302011969
0.00048240079016829393
0.0002967892164799782
0.00018095524490327076
0.00011044962462362207
6.83940347580507e-5
4.334643447679331e-5
2.810029023846237e-5
1.8479986777367836e-5
1.2193523874960735e-5
7.992129873200663e-6
5.167474276162735e-6
3.2848625741583093e-6
2.0527157642287686e-6
1.2638089917669017e-6
7.694165716603064e-7
4.652572050083409e-7
2.8076164400489396e-7
1.6984886815887315e-7
1.03377419520707e-7
6.34236162763438e-8
3.921441503348942e-8
2.4382158109504033e-8
1.519354847391189e-8
9.454227280084404e-9
5.856912826952492e-9
3.605983535247772e-9
2.205900161411179e-9
1.3422558966457173e-9
8.140371728918783e-10
4.932188576207879e-10
2.992055751025842e-10
1.8202320316877315e-10
1.1113598423600024e-10
