0.12372189516918644
0.41251627767234134
0.5251679554390609
0.618596235153482
0.7163460759157959
0.7935050052776396
0.8035560566085255
0.7284228316676308
0.6097960970679462
0.5008446142819658
0.4251911664317484
0.3844408763870152
0.37415619682452644
0.39104092103757154
0.43417540668027754
0.5030261379853421
0.591907710977123
0.6815893900397011
0.7390586636205517
0.7409440451506188
0.6978097121092084
0.6404266031003275
0.5928495854955675
0.565543122382003
0.5607410438151493
0.5771565238809939
0.6111141778091667
0.6550756655752988
0.6959652513163265
0.7175708789478232
0.7092616864913301
0.6737102535150442
0.6237852872826505
0.5728057257145511
0.5288750197539518
0.495044845085652
0.47112599478610134
0.45501281175707325
0.44373010946692
0.43428921207334714
0.42432103553109535
0.4125219528881929
0.39880465195787157
0.3840203159454202
0.3693629568906802
0.35576653301402333
0.3435641640888694
0.3324846371528847
0.32204698140622917
0.31207511290238077
0.3028002256075526
0.29451547814521806
0.28723483653851534
0.28064165817423453
0.2741996945163122
0.2672323763712705
0.2589485220533366
0.24852130151942076
0.23532862157507448
0.21932644404199805
0.20129475628758797
0.18265401511283233
0.16488957353843856
0.14899623436874534
