0.37422306549458373
0.20576487376509198
0.1296115445441376
0.12404613528719584
0.20151523171937463
0.6711397700729259
0.6530735928233614
0.16610280192456794
0.08851278704667714
0.07471313272638908
0.08720255132357524
0.10772051536381888
0.0699356515407205
0.005971198175653239
0.003641051894993242
0.0024532829983375387
0.0020377928274591746
0.002050522112273167
0.001312386703512372
0.00020173727433784588
7.938671633658204e-5
3.906906193018427e-5
2.3752104343423674e-5
2.038372428308533e-5
1.4195993478126816e-5
4.064749825236373e-6
1.6106433817674561e-6
6.592528617896723e-7
2.837012770298045e-7
1.6439872160223977e-7
1.0495895175445943e-7
3.877982566832756e-8
1.6942905466452482e-8
7.2099064618617324e-9
3.0356001671007335e-9
1.4395614955047186e-9
7.879640552443109e-10
3.623680032392173e-10
1.6902111843227617e-10
7.52566245349837e-11
3.2705742669285734e-11
1.4779681155085488e-11
7.250419060013145e-12
3.411093388171091e-12
1.6038156276893756e-12
7.305947657903349e-13
3.2573948229924285e-13
1.4628767992076703e-13
6.805504676724558e-14
3.135634415920099e-14
1.4467462028860495e-14
6.576241846125294e-15
2.948187029961936e-15
1.317328659241096e-15
5.952895497707879e-16
2.6740769604355023e-16
1.1966177251804944e-16
5.269418469790061e-17
2.2479521600500463e-17
8.985249756762358e-18
3.033494886459093e-18
3.982047764146398e-19
-7.544691155194788e-19
-1.2504885518925138e-18
