0.4411514210516346
0.6526476389427006
0.6903912740185933
0.6910294518206304
0.6833400989352104
0.6737915977340213
0.6648904757127372
0.6578253132570722
0.6531960857835377
0.6512767702649122
0.652102508622732
0.6554672997355488
0.6608639846919317
0.66738472684282
0.6736067546928034
0.6775128888390498
0.6765369700760673
0.6678593981595986
0.6490462482824195
0.6189456916903348
0.5784523537700572
0.5305946341131912
0.47971703179648095
0.43016742584147527
0.38521951173394436
0.3466599557990896
0.31495683508502303
0.2896801872619461
0.2699065963356047
0.2544984269879295
0.24225969461266694
0.23201258632675248
0.2226397385736168
0.21312378111039892
0.20259990956025278
0.19042300752493427
0.17623865280729983
0.16003794434917842
0.1421717962930883
0.12330479923962508
0.1043043550037031
0.08608446701211832
0.06944461641275469
0.054949197665878205
0.042876636094646356
0.03323850743171864
0.025844899995731037
0.020384761896615422
0.0164976280194179
0.013825800509003453
0.01204576967743178
0.010882806909707152
0.010114417469700404
0.009567871748000228
0.009115421754802991
0.008669041271820135
0.008175202267467497
0.007609502998638388
0.006970824119823508
0.006274920421364943
0.005547732267545572
0.004819012907507242
0.004116972026740579
0.0034644929958197934
