0.1697580973255144
0.22168448337808744
0.28921509544166485
0.36402833340193286
0.4532298123091318
0.5526644368865854
0.6391610773328091
0.675927210052053
0.6462131119991432
0.572359492109222
0.48834143540565467
0.4135598755327907
0.35212135159046104
0.30037206067783734
0.25264119688711845
0.2052701168993417
0.158775527538606
0.11660403966225719
0.08189231489150295
0.055597174674278695
0.0368225879802244
0.02392234962353661
0.015278267502623712
0.009596512954545677
0.005929581628994203
0.003607897487088097
0.0021663106609706158
0.0012873907877701575
0.0007597896461236974
0.00044682633236517823
0.0002626390733704698
0.00015466304873223912
9.138709923057661e-5
5.421587022637547e-5
3.228772217185709e-5
1.9288548978860884e-5
1.1546958655366518e-5
6.919339526068449e-6
4.146070383607534e-6
2.4818170765936865e-6
1.482810415994192e-6
8.83553400989421e-7
5.246682530717212e-7
3.1027596017994247e-7
1.8263236649459902e-7
1.0695324185404992e-7
6.230113986272145e-8
3.609680346015605e-8
2.0805651645629006e-8
1.1933777681594758e-8
6.8149465093481745e-9
3.876844916170539e-9
2.19830047192313e-9
1.2432113669797072e-9
7.015914738463065e-10
3.952724928481244e-10
2.2239368426382455e-10
1.2498239826134112e-10
7.016375599743136e-11
3.934655314900687e-11
2.2038758754249535e-11
1.2327867606657635e-11
6.885458120191963e-12
3.839229274086101e-12
