0.4125830606144487
0.4315798780669043
0.4360674344941755
0.4479843256292221
0.47506367363408564
0.5142164851964786
0.5608748521614956
0.6091135922765535
0.6521981100399522
0.6843162471452426
0.70255831137401
0.7076479582079586
0.7029377760698708
0.6925990236741276
0.6801651826944572
0.6678488599313621
0.6564331072666236
0.6454284900310495
0.6333488640261005
0.618126014038783
0.5977249111213493
0.570892581526465
0.5377527724386113
0.4998866875591839
0.4598027734511517
0.4201058483915671
0.3828210825047803
0.34911496728453617
0.31936346942710664
0.2933873856304238
0.27070282021026104
0.25071206190604894
0.23281878899049574
0.21648044982082315
0.2012204738081889
0.1866231799116504
0.17232941515257444
0.15804341161652216
0.1435530534471902
0.12875833166485842
0.11369739650879498
0.09855733559100202
0.0836587783561563
0.06941030713130258
0.05623921188075655
0.044515357207012544
0.03448927556712256
0.026260725512564625
0.019782171534320304
0.014889608737601371
0.011346674736573581
0.008888404630359772
0.007255780106691278
0.006217867450445419
0.0055825014861977116
0.005198534898500641
0.0049530300316457795
0.004766077026851568
0.004584913720841518
0.00437825302095473
0.004131243184787338
0.00384116358672209
0.0035137719379600306
0.0031601735944196104
