0.7683233628695925
0.7678782926039645
0.738178849749675
0.7085602220382855
0.6870373915607895
0.6729909988304829
0.6654311278673101
0.663598303955866
0.6668199609807287
0.6742431257212745
0.6845119587374962
0.6954216290712751
0.7036508913641443
0.704809336205188
0.694144346179084
0.6680976090148616
0.6262331367558003
0.5722234393784466
0.5127562975003853
0.45487856447519737
0.4036538468536346
0.3613831038737205
0.32811448407481064
0.3025454301602144
0.282743470092328
0.2665732336880636
0.25193431811519246
0.23693544752540438
0.22007643642521776
0.2004447117498317
0.17787878246606253
0.15301901361122408
0.12717446854214032
0.10199803421945632
0.07906121950195089
0.05948842841072332
0.04378390595887541
0.031876049840587686
0.0232996252713351
0.01740547014910046
0.013523026297401623
0.011054119067535404
0.009510804444163279
0.008520046189022369
0.007813598419010397
0.00721328132915721
0.006615395994240263
0.005974773315153883
0.005288303030591013
0.004578493427857234
0.003878504199214326
0.0032204353917491208
0.0026281321894818057
0.0021145605061868643
0.0016826504692634785
0.00132800288293696
0.0010420132184238565
0.0008144799548067457
0.0006353249037856882
0.0004954687500549039
0.00038711110611132555
0.00030369439412971874
0.0002397605309642796
0.00019081075379182396
