0.33508082512261106
0.6597262020641405
0.810700229047712
0.8777719791278182
0.7930559731157222
0.6074527987679254
0.44705906034984133
0.35396592277359334
0.325105305037603
0.3569159692453765
0.4579513642705437
0.6250254834495304
0.6794257909024002
0.5027706901781865
0.33081221222393353
0.23351822509907516
0.18305546369793227
0.16574586156300058
0.17201624445637173
0.19218916089687538
0.21352125045225104
0.21844655693688889
0.19889272147544337
0.1598759332653242
0.10542330075693285
0.05270995275130629
0.028486983847408467
0.02213207119027206
0.0219199943299747
0.023066495795534284
0.023622806422232856
0.022500404276880364
0.01908969712813552
0.013741053687976968
0.008192164897631336
0.004285873405530171
0.0023649439844778473
0.001718685697684839
0.001599482094979895
0.0015890044713260981
0.0015212270693282025
0.0013365019934796643
0.001040716526964003
0.0007033825867437276
0.0004161119733688266
0.00023053449674627707
0.0001390911350175609
0.00010397820918664243
9.130850555567506e-5
8.306622568204051e-5
7.255816700695879e-5
5.849793811599547e-5
4.25713801869581e-5
2.7855043352873002e-5
1.681229866388507e-5
1.0039779743983486e-5
6.543934608610886e-6
4.873362334865381e-6
3.961040741408441e-6
3.274471236416315e-6
2.6214299577073197e-6
1.9766300166759296e-6
1.3892459657302823e-6
9.188500415925441e-7
