0.1893342243213905
0.6937197513033562
0.5744566950869977
0.39639569408416825
0.3130969017734043
0.32109556136068784
0.4429892917634116
0.6410057912759659
0.6121079645028101
0.46885021017189654
0.40672738769353145
0.43125630427071204
0.5380751881016932
0.6870895995610604
0.7352478898778972
0.6570558900036737
0.5849671304239077
0.5746309921670292
0.6212011322300119
0.6903647137005738
0.7224125560451231
0.6935141701965041
0.6449591678545192
0.6156744886210374
0.6119717192421915
0.6195495934467987
0.6184711523078789
0.5997838731355458
0.571299378885386
0.545431962254691
0.5276846458701787
0.5155900211448318
0.5037615501742981
0.4886018521877575
0.47016776713267133
0.45131266107998946
0.4349619171583606
0.42150421583338615
0.40924272282118596
0.3961532483487186
0.38119356432346085
0.364996815438517
0.3491977234753767
0.33467667148157937
0.3209659930528223
0.30705148255219894
0.29220093023607635
0.2765326475464347
0.26083079089174777
0.24576116325616423
0.23137693022142133
0.21734415606779206
0.2033295351576716
0.18932482042945753
0.17561392373412854
0.16250580730833045
0.15013006650901392
0.1384252816080983
0.12727774799935188
0.11665150628044094
0.1065966841240413
0.09718564702181887
0.08844887002330051
0.0803576205318142
