0.037979384236919544
0.09136517980092404
0.15985827591327811
0.3288798235342465
0.6217496581349522
0.36136559356351605
0.170658108771111
0.11252819913912716
0.09944593470907893
0.11116735207782405
0.1503098942023787
0.23699523388769395
0.41175412771264663
0.6430835861580363
0.6848599215306237
0.5599084671218149
0.45914323392286266
0.412064618646399
0.4001320569004566
0.40466152937009015
0.408959886611437
0.3990488837097065
0.37293695604204213
0.3390237659232764
0.30638460925844085
0.2794201787319866
0.25763398013796884
0.23538310938746287
0.20748541276121407
0.17904884687520303
0.15732496968271503
0.14111078223782766
0.12754704056118846
0.11455205321387353
0.1009999778529491
0.08689606053109089
0.07322540249618087
0.06109536618042351
0.0509702474741394
0.04266227714959858
0.035725062854222764
0.02977180298858683
0.02459382059142478
0.020121201033199438
0.016324950902334365
0.013160168644309198
0.010559964563807638
0.008445022693228655
0.006736252606564427
0.005363151721457947
0.004265324699143188
0.0033909864034742804
0.002695359336360925
0.0021409814845380405
0.001698168490048387
0.0013441869278365754
0.0010616647813141682
0.0008369563983502921
0.0006589417577893636
0.0005183646735910876
0.0004075378138094574
0.00032019488340361436
0.00025134285425149544
0.00019706389474768082
