0.16353257174725433
0.3280751541972906
0.408580078256978
0.4625004264343299
0.5011248143074132
0.5092733506581792
0.4799189242323011
0.4309288394955194
0.39123456476350493
0.38481755066793705
0.4317029639095178
0.5479365299353001
0.6935412288669035
0.6999163238717716
0.5397083080632982
0.3855775623176977
0.2944365339179747
0.25127034942586296
0.24009543525399588
0.25236853494331407
0.28034462495025925
0.30678443835907016
0.30585054143771573
0.271095119007477
0.22084354196763115
0.16630397056737345
0.1119029085551087
0.07171614912422482
0.05417902391118934
0.05066344179779065
0.05210594186689505
0.052462711959681815
0.04873558158498328
0.04112037781380556
0.031185439975882683
0.020954351719228458
0.012789191878708157
0.007953263506178247
0.005886966961337096
0.0053279209568951776
0.005242071292427423
0.0050360256064885586
0.004488114774320466
0.003613741190217756
0.002577641166944992
0.0016286765559586109
0.0009621249892515053
0.0006089530762079211
0.0004736514619552623
0.0004375848423013959
0.0004195150332264918
0.0003828105292108899
0.00032029507931574414
0.0002406715216664927
0.00016102363644900352
9.814870427085479e-5
5.9444852779405924e-5
4.124318105341658e-5
3.4635452993796855e-5
3.185271181805649e-5
2.8810462810735374e-5
2.438541658246607e-5
1.8916108784099255e-5
1.3324934552842799e-5
