0.549226076908352
0.5325852169497306
0.45621407823815197
0.38978413586503285
0.34949246290484326
0.33538333287351757
0.3479496699650682
0.39161865693319947
0.47342971806493933
0.5867245275581937
0.6633577849570955
0.5986708414881001
0.4442191399180641
0.31583445897697476
0.23689491133572954
0.19209653257002468
0.16775831357969437
0.15595969172814433
0.1515600619611324
0.1487071572876508
0.1379145338412054
0.10958151213956624
0.06923352986656982
0.035133125502788506
0.015955918827542
0.007706816317606688
0.004721302347277478
0.003790785426477136
0.0035635861749906627
0.0035055601945170717
0.0033512208983516516
0.00294380174676431
0.002280953669069221
0.0015402153763571132
0.000933461312713229
0.0005424926452056156
0.0003240482462306274
0.0002051120829185681
0.0001362262548942192
9.353589882218124e-5
6.637789414565235e-5
4.880226192067993e-5
3.664711414291837e-5
2.7308175955474464e-5
1.9739661176537587e-5
1.3794515400630798e-5
9.418775434981858e-6
6.348237522184628e-6
4.229664799086356e-6
2.774609619337471e-6
1.7902421298521086e-6
1.1447073161197983e-6
7.363248280044946e-7
4.83605696556016e-7
3.2598960272841896e-7
2.2402642775271023e-7
1.551440051978246e-7
1.0725320516055115e-7
7.357066038651293e-8
4.9855528445282926e-8
3.3266922933324486e-8
2.1837008885837818e-8
1.4138833720594155e-8
9.085259878107034e-9
