0.19323478511255937
0.26996397021416935
0.3297424748794499
0.3760482838208102
0.42518360080366135
0.48632222266332215
0.558016803143553
0.6112218449958717
0.5882771741462928
0.47861504246175385
0.35061753443559496
0.2535929143915195
0.1904360055729908
0.14931529849284644
0.11912400543888987
0.09213584590841864
0.06521224726419296
0.040383088281022515
0.021517807153980707
0.009896275301987138
0.0039736206601241626
0.0014334089903011815
0.0005139222729215591
0.00023886331953056959
0.0001744867586242463
0.00015964434261041843
0.00014570138537195256
0.0001246824592739382
0.00010011791261616065
7.598735915336864e-5
5.433025530269903e-5
3.6167833409272584e-5
2.2205793943061124e-5
1.2603435575042632e-5
6.748254246009415e-6
3.5566292317533543e-6
1.9631515512495137e-6
1.1982295442481921e-6
8.121345881226397e-7
5.839241773114714e-7
4.2265791216690874e-7
2.980602028019336e-7
2.0183272635459276e-7
1.306787144569236e-7
8.107337357687146e-8
4.861657661634488e-8
2.8631174785820857e-8
1.6910630402228292e-8
1.0209710038296375e-8
6.350587560749199e-9
4.042100245026978e-9
2.5924295898486466e-9
1.6508647789363343e-9
1.034427657520055e-9
6.358396622661782e-10
3.839887025501381e-10
2.2903519863554104e-10
1.3608684393650182e-10
8.137538729588432e-11
4.9377044742583075e-11
3.047853880469211e-11
1.905455393210302e-11
1.1961175056879743e-11
7.471281606422614e-12
