0.9465033887693289
0.953146968100327
0.9700881043273084
0.9941905968114912
1.0231269795763898
1.054940383031351
1.0878239129466072
1.1200328703149862
1.1498920702286373
1.1758725899793427
1.1967088653253857
1.2115199095662748
1.2198968322010393
1.2219281315479846
1.2181532521989245
1.2094563936554972
1.1969277064297363
1.181722803455068
1.1649450030992126
1.1475630892162993
1.1303661787672583
1.1139498240310146
1.0987243469212171
1.0849365195602914
1.0726975149638793
1.062012299561403
1.052807602537204
1.0449570055924027
1.0383025581131127
1.0326727685751103
1.027897011760298
1.0238164586094416
1.0202916749234208
1.0172070959528123
1.0144726777937088
1.0120231389380703
1.009815309308138
1.0078241728459298
1.006038205810889
1.004454572362098
1.003074650244201
1.0019002390704783
1.0009306710602166
1.0001609163819964
0.999580664958424
0.9991742807012237
0.9989214649471777
0.9987984323460071
0.9987793917428169
0.9988381330057962
0.9989495442998841
0.999090918922639
0.9992429523370973
0.9993903742495062
0.9995222033996912
0.9996316504885798
0.9997157244615682
0.9997746173700612
0.9998109526465169
0.999828981444149
0.9998338032846764
0.9998306728449002
0.9998244367814558
0.9998191254500632
0.9998177062866049
0.9998219900485824
0.9998326690761706
0.9998494586958295
0.9998713088668214
0.9998966528081279
0.9999236620276452
0.9999504821378008
0.9999754302477766
0.9999971417530488
1.000014661259341
1.0000274785724608
1.000035515713976
1.0000390745201848
1.0000387564589885
1.0000353669233357
1.0000298156231575
1.000023023078536
1.000015840938302
1.0000089912392904
1.000003027084422
0.9999983148041247
0.9999950356615349
0.9999932036824962
0.9999926952827162
0.9999932860118318
0.9999946898741663
0.9999965972209309
0.9999987080214315
1.0000007582889625
1.000002538444711
1.0000039033504728
1.0000047745511642
1.0000051358896849
1.0000050240644949
1.00000451589326
