0.18091708477036772
0.25179230072817416
0.20897784502202776
0.1902086852652446
0.24681818749352513
0.4041820830920332
0.4908811286134631
0.4043564399378171
0.3881554600816467
0.5036914035362041
0.7238802959913465
0.7608459323783655
0.6503032181269786
0.6472981570958883
0.7825647215541591
0.9392982900697616
0.9190153027632505
0.8375799043735723
0.8470534992195123
0.9387862296534251
1.0037560330898765
0.974475099785975
0.9328396317737703
0.9447753573571211
0.9900607164200697
1.0097638644302875
0.9902479152596005
0.9729018958859905
0.9819142537951439
1.0013883339586447
1.0057952634833536
0.995452253908603
0.9892231772757645
0.9947271879742611
1.0025545017737927
1.0027901558085397
0.9978889560155377
0.9959987932508633
0.9989670327659396
1.0019383617640574
1.0013802595013157
0.9992141570585263
0.9987918465015183
1.000252178946734
1.0012960172881975
1.0007928638070183
0.9998805266245981
0.9998653358890081
1.0005281192872748
1.0008479514703088
1.000525335191913
1.0001531026815023
1.0002080623497682
1.0004846067764623
1.0005539780934363
1.0003713722441738
1.0002214471873843
1.0002632871998607
1.0003667893013295
1.0003615395537129
1.000264049791298
1.0002026901389038
1.0002231973341493
1.000255208807024
1.0002350433749294
1.0001842471683986
1.0001576073525875
1.0001643326360452
1.0001697393140427
1.000151836875783
1.0001253866123556
1.0001125360612468
1.0001126825947493
1.0001098379850069
1.0000972651736895
1.0000832519218372
1.0000762303731723
1.0000740513127493
1.000069743225953
1.0000616808090956
1.0000540406030225
1.000049799872382
1.000047291573345
1.0000436281972716
1.0000386699061043
1.0000343686576005
1.000031664224142
1.000029564489759
1.0000269344248962
1.0000239456258295
1.0000214552831346
1.0000197021184587
1.0000181647022144
1.000016422147359
1.0000146383224247
1.0000131679365494
1.0000120377044206
1.0000109939638702
1.0000098914530575
1.0000088329120667
