0.7017250737383891
0.38379322087064927
0.34997848718268343
0.465728037716429
0.7753580762718212
1.0041943717503894
0.7744175425342046
0.5897474639850893
0.5608652670196066
0.6533434383686652
0.8204982036905565
0.9091187814783044
0.8405317879763996
0.755974314684991
0.7418342223190182
0.7977070803245094
0.8803784095767433
0.9221280423286092
0.9033081544895586
0.8719188258276773
0.8692623388772923
0.8992060135846899
0.9389313789045041
0.9606118932380606
0.9583356027289582
0.9496917737761559
0.9519362947024596
0.9674615559226141
0.9864589117487593
0.9979974045533728
1.000042174700054
0.9991147090063048
1.0019570424860647
1.0096719923817898
1.0184649828277057
1.0242201973822354
1.026199721675143
1.026787503671519
1.028513116227458
1.0318453772405662
1.035413895883218
1.037729631221265
1.0385275295411547
1.038665720129708
1.0390727474204533
1.0399462986095684
1.0408176820744983
1.0411674795679022
1.0409052852783873
1.040338579219303
1.0398061722399694
1.0393928491696087
1.038946274270989
1.038291379516107
1.0374000385473336
1.0363833426940348
1.0353656069489066
1.034383760050674
1.033390925838161
1.0323300284446832
1.0311935030957857
1.0300220431860503
1.0288616444100869
1.0277282958478027
1.0266083505914383
1.025483638293699
1.0243524517303286
1.0232296805402044
1.022132230459414
1.0210666544457936
1.020028970521775
1.0190132171199937
1.018018837444193
1.01705093989615
1.0161153602812525
1.0152143321927458
1.0143463185299906
1.0135089304718765
1.0127015324585382
1.0119254119726386
1.0111821102239085
1.0104719077831248
1.0097937319915455
1.0091461562411859
1.0085283221513868
1.007940028106026
1.007381166151821
1.0068511930587403
1.0063490875892407
1.0058736941264619
1.0054240503869554
1.0049994292494508
1.0045991493582325
1.0042223906973469
1.0038681765187905
1.0035354919921355
1.0032234009847207
1.0029310646179834
1.0026576776615397
1.0024024042076412
