0.17561266371871243
0.3006254960116669
0.8333736682466442
2.667986334803593
1.4756077437075625
0.7844374862644944
0.6716980852846446
0.8328875421333546
1.3993717011375948
2.6212011030203195
3.0022450225307566
2.131000610287888
1.6348335189929384
1.5285271437402153
1.6470204478245924
1.8370809913268373
1.898990830091226
1.775291992626216
1.6017128412430788
1.481032468423144
1.4245180775421975
1.4028737205622828
1.3820103275381832
1.3445801115957743
1.2954043588173363
1.2483314956785612
1.2120141007423206
1.1864426783994613
1.1667430903664298
1.1481831870604753
1.1290196213567896
1.1102482282317392
1.0936052333795545
1.0799248126677674
1.068819683959077
1.0593201276308237
1.0506514439472312
1.042582326827171
1.0352778674921563
1.028950430152649
1.0236256642700579
1.019135817944283
1.015253917598413
1.0118219940216955
1.0087877862134507
1.0061595305626667
1.0039408686974638
1.0020977566718807
1.0005673782463729
0.9992864846852888
0.9982119512023008
0.9973220864059472
0.9966048617924682
0.9960459304294783
0.9956245887402698
0.9953172812527674
0.9951032109078612
0.9949672361694681
0.9948989461172728
0.9948898792279066
0.9949314053264232
0.9950143904109676
0.9951301162051416
0.9952712645508416
0.9954321876188198
0.9956084799463928
0.9957963522140255
0.9959922613183807
0.996192907449871
0.9963954173460436
0.996597476128479
0.9967972991354764
0.9969934905693741
0.9971848998959172
0.9973705496870175
0.9975496340115222
0.9977215403686852
0.9978858518040223
0.9980423179965175
0.9981908117373058
0.9983312928808474
0.9984637899021722
0.9985883945716365
0.9987052591243537
0.9988145887230403
0.9989166290262591
0.9990116530698437
0.9990999513934917
0.9991818263571941
0.9992575889951278
0.999327556209321
0.9993920472233258
0.9994513796010505
0.9995058657322666
0.9995558103830111
0.9996015092605742
0.9996432481334332
0.999681302074208
0.9997159346782287
0.9997473973609176
