0.13266630065294294
0.1463883467056155
0.16205996066299277
0.18029144558136467
0.201783184898095
0.2273398957225048
0.25787921773141287
0.2944229908205075
0.33805339825154923
0.38980803618461013
0.45048135390424426
0.5203041335184602
0.598505294045123
0.6828414412486641
0.7693057027512605
0.8523248087841849
0.9256685947715073
0.9839287196323815
1.0239597504689428
1.0455600449191949
1.0511101044833735
1.0445084389187054
1.0300144157557074
1.0114287097879957
0.9917139898302184
0.9729468388035564
0.9564426469446021
0.9429340095183811
0.9327383848096005
0.9258910863329446
0.9222413294344325
0.9215178170602548
0.9233723315308695
0.9274089251025438
0.9332045634843366
0.9403253013686123
0.9483405227241857
0.9568365094773484
0.9654296067138436
0.9737785351290511
0.9815949790816358
0.9886514604115941
0.9947856716188317
0.9999008203662659
1.003962026146575
1.0069892905136415
1.0090479316050434
1.0102375692991834
1.0106807570004417
1.0105122110527505
1.0098693463434014
1.0088845494151817
1.0076793604137904
1.006360525719422
1.0050177378685845
1.003722796711003
1.0025298946834698
1.0014767349447062
1.0005862196026716
0.9998684847085586
0.9993231008279713
0.9989412977908576
0.9987081071870543
0.9986043455929758
0.9986083856989102
0.9986976822362243
0.9988500357480883
0.9990445905450731
0.9992625741580957
0.9994877945452157
0.9997069183560239
0.9999095587419121
1.000088204533246
1.0002380241307267
1.000356577293127
1.0004434663434472
1.0004999554292084
1.00052858267861
1.0005327857311634
1.0005165565178278
1.000484136614913
1.0004397602384258
1.0003874481591073
1.0003308526174854
1.0002731507582134
1.0002169821892934
1.0001644249709587
1.000117003590001
1.000075722200132
1.000041116521396
1.0000133182045259
0.9999921260962494
0.9999770796132654
0.9999675302797105
0.999962708349807
0.9999617822790441
0.9999639095891446
0.9999682783693619
0.9999741392532424
0.9999808281975875
