1.5771254835923476
1.3486716399941219
1.231676139318729
1.1682009687526562
1.1335451877000122
1.1151462238217817
1.105852162178247
1.1013332628438164
1.098931932117234
1.0970720620177907
1.0949039302358068
1.092060083085421
1.0884754171523037
1.0842542432446223
1.0795763882011233
1.0746359245120736
1.0696057104217345
1.0646208240062869
1.0597746394914398
1.0551224712388463
1.0506890287781503
1.0464771241262223
1.042476033555211
1.0386686247471897
1.0350368519894517
1.0315655460635211
1.028244627030201
1.0250699824055984
1.0220433057594194
1.0191711999367377
1.016463828736365
1.013933361931488
1.0115924098884705
1.0094525927957436
1.0075233409009046
1.0058109796164452
1.0043181186992163
1.0030433383981663
1.0019811469940154
1.001122172435894
1.000453544477997
0.9999594215005787
0.9996216168902889
0.9994202825151538
0.9993346107644858
0.9993435213530237
0.9994263042939017
0.9995631959155115
0.9997358703786104
0.9999278347074839
1.000124720745734
1.000314472536733
1.0004874322587933
1.0006363318696219
1.0007562009086413
1.0008442033793679
1.000899418242862
1.0009225788030711
1.0009157862102884
1.0008822115467169
1.0008257996162728
1.0007509857859658
1.000662435170507
1.0005648112611227
1.0004625789043047
1.0003598444451214
1.0002602339466304
1.0001668087403073
1.000082016187063
1.0000076724484266
0.9999449732801122
0.9998945283498503
0.9998564143233899
0.9998302419264725
0.9998152323427109
0.9998102986129612
0.9998141281265932
0.9998252628061532
0.9998421741535131
0.9998633309195871
0.9998872577559569
0.9999125837833751
0.9999380805507053
0.9999626893435247
0.9999855382231885
1.0000059495270786
1.0000234388350258
1.0000377066048243
1.0000486238036919
1.000056212917372
1.0000606257113918
1.0000621190583898
1.000061030041059
1.000057751402283
1.0000527082526025
1.0000463367699932
1.0000390654469573
1.0000312992630453
1.0000234069937386
1.0000157117144595
