0.37449170881046523
1.3229415461111542
0.8947700602075505
0.5774336199290279
0.9301509131105665
7.522904126652292
5.775568830881952
1.2903579283453888
1.1053838785527794
1.7484205588013055
2.059716902621399
1.251371141494582
0.9612522223880691
1.0258264416215341
1.146574554168693
1.039297527848922
0.8994797935605788
0.8879697915812385
0.9507013797193825
0.9621672212775495
0.9129035698670699
0.8946234545768926
0.9276843665533041
0.9592049686928201
0.9526582758147268
0.9405284983232141
0.9540715060108966
0.9785878604311447
0.9862264210061701
0.9806057219216404
0.9827617986193851
0.994909649662807
1.0027337350029273
1.0008909281460145
0.9986442693636242
1.0020526809120032
1.006302316305363
1.0060029422024506
1.0034118679639277
1.0030164999370097
1.0044634256683667
1.00461528957467
1.0030169491798964
1.0018361061600345
1.0019773686648523
1.0021844511969704
1.0015287510990842
1.0006788394058028
1.0004608150961474
1.0006128826422633
1.0004853819085482
1.000094410270995
0.9998940688282186
0.9999781135605249
1.0000420145419813
0.9999353637683145
0.9998276652745753
0.9998604883883634
0.999944128960145
0.9999516438014677
0.9999106495139991
0.9999144527743585
0.9999646426885136
0.9999942722661268
0.9999844121004571
0.999976853103835
0.9999950593648117
1.0000153996317678
1.0000155620224798
1.0000068591195366
1.0000081405532022
1.0000164829673737
1.0000182156363517
1.0000123014682876
1.0000083989063584
1.0000099001018121
1.000011056241768
1.0000082074144236
1.0000046158733205
1.0000037668438908
1.0000042951505477
1.0000034417202988
1.0000014958619659
1.000000474915265
1.000000669348377
1.0000007132995046
1.0000000388569639
0.9999994419243383
0.9999994965940653
0.999999761765506
0.9999997007975567
0.9999994707097513
0.9999994718178524
0.9999996793664712
0.9999997937076619
0.9999997484293877
0.9999997312445823
0.9999998309724808
0.9999999343173451
0.999999948448623
