1.3552413630980906
1.242427110298478
1.1907182742594498
1.171587242734739
1.1701094757389128
1.176879342846383
1.185251639160949
1.1904604647322952
1.1894372920735146
1.1807803698077841
1.164599071653158
1.142158735785113
1.1154008293854343
1.086472141855907
1.057368435560826
1.0297306451703268
1.0047746346523032
0.9833094890887911
0.965799463545071
0.9524372725448497
0.9432105509959497
0.9379540938695964
0.9363870761461235
0.9381378213095147
0.9427600569014637
0.9497448813256106
0.9585323655060025
0.968526011235556
0.9791122068471614
0.9896853658790963
0.9996777156099835
1.008590996821701
1.0160260592458512
1.0217059110526236
1.0254884447166932
1.0273667206945007
1.0274569021667705
1.0259760638792725
1.0232135696240385
1.0195002220011613
1.0151789744401922
1.0105799599559646
1.0060013306656705
1.0016962559744866
0.9978655945532149
0.9946552889340331
0.9921573814860911
0.9904136180152132
0.9894207870117269
0.9891371556144696
0.9894895531222966
0.9903807915299767
0.9916971930080448
0.9933160236245941
0.9951126266377045
0.9969670270351864
0.9987697613358323
1.000426689217141
1.0018625762666549
1.0030233020828634
1.0038766390350096
1.0044116517968453
1.0046368705837718
1.0045774765929678
1.0042717950323394
1.0037674137937211
1.0031172350752817
1.002375729101007
1.0015956026684472
1.0008250305318276
1.0001055334061815
0.9994705291216445
0.9989445368820825
0.9985429799133313
0.9982725083989694
0.9981317507912847
0.9981123952637492
0.99820050227736
0.9983779524208128
0.9986239398115073
0.9989164298094939
0.9992335102871057
0.9995545780077616
0.9998613155375929
1.0001384291184052
1.0003741334427194
1.0005603844930013
1.0006928756551714
1.0007708243410127
1.0007965856554708
1.0007751357672894
1.0007134704246492
1.0006199636398727
1.0005037283453941
1.0003740153800642
1.000239680183762
1.0001087387583745
0.999988026439688
0.9998829653604773
0.9997974395856882
