0.27154190149543744
0.2649295407441764
0.26305698083194484
0.26572269696023476
0.27295940074238545
0.28504529109923793
0.3025293961129468
0.3262777427467447
0.3575459228601682
0.39808327214167716
0.4502715464116601
0.5172916809257
0.6032851499360036
0.7134089562764017
0.8535343837289737
1.0290607579699174
1.2419485445507656
1.4850976454136924
1.7350698689043447
1.949415382917266
2.0790539982939595
2.0952884972048103
2.0079822646689554
1.8552190888494056
1.6783257393860227
1.5061138479974312
1.353078600169007
1.2239110334644687
1.1181983539094216
1.0334590575300853
0.9667094790010118
0.9151448043240378
0.8763713646126586
0.8484372717946772
0.8297836131983408
0.8191712687103823
0.8156057344867056
0.8182675465478838
0.8264498053953757
0.8395023362303946
0.856782034361953
0.8776099510201576
0.901237144646025
0.9268228215723032
0.9534292851169774
0.9800380472275927
1.0055895173424336
1.0290447480900438
1.0494623652271449
1.0660785853274115
1.0783752595754572
1.0861219264713915
1.0893831998896273
1.0884908542705383
1.0839878538556664
1.0765566504891195
1.0669451169112107
1.055901007323181
1.0441214787531008
1.0322197342400639
1.0207074531053348
1.0099897709502992
1.0003689942604428
0.9920535455235145
0.985169384687005
0.9797720065507246
0.9758578771755407
0.9733747644041679
0.9722308274198785
0.9723025814749352
0.973441980777312
0.9754828979158698
0.9782472493611941
0.9815509451502437
0.9852097447270848
0.9890449960731452
0.9928891368878983
0.996590758828122
1.0000189905190624
1.0030669498209626
1.0056540522718636
1.007727035482345
1.009259657033826
1.0102511304988773
1.0107234639368854
1.0107179433318951
1.0102910505824236
1.0095101186683144
1.0084490082688025
1.0071840475660503
1.0057904196899583
1.0043391198270752
1.0028945444973205
1.0015127245251458
1.0002401737723903
0.9991132984060803
0.9981582952879257
0.9973914609315483
0.996819831938742
0.9964420815484551
