0.2867768062014917
0.3225316284935935
0.3661476709586864
0.4192585719329476
0.48378172540162434
0.5618434433598882
0.6555720154716638
0.766663825239261
0.8956138795031184
1.0405600341359342
1.195912261445017
1.351380718571442
1.4924795677443141
1.603418430794774
1.6718806110725941
1.6932605037371822
1.6716877101837906
1.6174377836485516
1.5428053761435874
1.458798934905103
1.373601614347524
1.2924577148076997
1.2182547571357203
1.152254070831127
1.0947111007187291
1.0453189171007158
1.003494192999375
0.968548016192354
0.9397807878697526
0.9165302731711682
0.8981921541459729
0.8842251936874372
0.8741482806018439
0.8675335862593043
0.8639982290015825
0.8631957696782517
0.8648082524299056
0.8685391698224447
0.8741075536351994
0.8812433004872192
0.8896837913884691
0.8991718296326522
0.9094548864615196
0.9202856003838221
0.9314234214782955
0.9426372288403613
0.9537086839157759
0.9644360239588174
0.9746379585059259
0.9841573168017288
0.992864111616602
1.000657736054521
1.0074680903742583
1.0132555360660653
1.018009681599375
1.0217471046551763
1.0245081972698233
1.0263533749295315
1.0273589149201974
1.0276126846163758
1.0272099921424387
1.026249747449246
1.024831069394678
1.0230504211803697
1.0209993080911985
1.018762531489705
1.016416963064748
1.014030783463659
1.0116631185892573
1.0093640033396876
1.007174604519928
1.0051276402459148
1.0032479408343136
1.0015531046923631
1.0000542112024438
0.9987565604515349
0.997660416555578
0.9967617371341716
0.9960528761989041
0.9955232514131919
0.9951599694964708
0.9949484056358893
0.9948727342907556
0.9949164098741331
0.9950625965985318
0.9952945473823746
0.9955959322109547
0.9959511167872467
0.9963453927308323
0.9967651610061804
0.997198070689092
0.9976331156059554
0.9980606917910473
0.998472619085052
0.9988621305248889
0.999223833433995
0.99955364629988
0.9998487156130831
1.0001073168348196
1.0003287435609673
