0.23358816813650918
2.2813971662323045
1.4351196024247268
0.3533267887593837
1.2387491871403764
1.3769289543417116
0.5095037602749768
1.0933719885463107
1.332295086291092
0.6859546977122876
1.0805788033652792
1.2934920720490444
0.8519923597052645
1.098423045935122
1.2567370541299843
0.9790400257930253
1.1157436102934701
1.2210808089733007
1.0569163885689161
1.1228678479621637
1.1869905297870091
1.0931732057413581
1.1194505168544957
1.155328372312516
1.1019996361364077
1.1086385058506358
1.1268166021475716
1.095899339877057
1.093998718141758
1.1018561887516962
1.0832177999058705
1.0782914090513176
1.0805342631860688
1.0687189273867062
1.0632626708066686
1.0627029117079378
1.054815347413825
1.0498362366473135
1.0480669679944365
1.0425614073536886
1.0383801991828083
1.036256137037469
1.0322858797617775
1.0289287097397246
1.02687625090535
1.023955949730203
1.021336008502158
1.0195422591994658
1.0173757105316759
1.0153736832690052
1.0138975392119705
1.012290588560049
1.0107881201993363
1.0096237701708273
1.0084402565638813
1.0073323250396509
1.0064446351614742
1.0055838558784316
1.004782030302849
1.0041256572874993
1.0035105045371042
1.0029424912168567
1.0024717332559565
1.0020420952431657
1.0016499427551984
1.0013234027957747
1.0010321654235443
1.0007701324056084
1.0005525371461614
1.0003628934501576
1.0001953805705261
1.0000578920971135
0.9999413436203005
0.9998410337630108
0.9997608104331501
0.9996955735018239
0.9996418182535691
0.9996012479864801
0.9995709331646728
0.9995483821926563
0.9995342198859789
0.9995267231020858
0.9995241778481807
0.9995267087555123
0.9995332821330896
0.9995427503600315
0.9995550383349306
0.999569519741714
0.9995854464527885
0.9996026902384395
0.9996208737978304
0.9996395245484812
0.9996585254505965
0.9996776558170983
0.9996966296433321
0.9997153634269863
0.9997337367270241
0.9997515875613687
0.999768868428981
0.9997855232312607
