0.37332154183147404
0.4694218825629134
0.5324845756064602
0.5474145690872633
0.5313178108028258
0.5087001218238281
0.4942460459029826
0.4939044582315886
0.5098466753421691
0.5433596782328503
0.5958553365623527
0.6687877787447813
0.7627533228215735
0.8757865702849514
1.0011789612015725
1.1261539258435802
1.2336704043630133
1.3083211844662226
1.3431104540836931
1.3416830844091157
1.3146490937285422
1.2739095997386394
1.228920044287411
1.185660630599969
1.1471765232325004
1.1145427328231745
1.0877003127675258
1.0660321733404368
1.0487155336829124
1.0349205908950498
1.023911956833391
1.0150903236774547
1.007997881420903
1.0023027434746261
0.9977729332436954
0.9942474477740967
0.991609506456249
0.9897649852201964
0.9886272623987309
0.9881083690644292
0.9881154847211897
0.988551400308202
0.9893174832711621
0.9903178127626416
0.9914634116641268
0.9926758143719543
0.9938895240052695
0.99505319407725
0.996129593986763
0.9970945722568566
0.9979353143703789
0.9986482110851009
0.9992366230530106
0.9997087666196179
1.000075871710922
1.0003506904000663
1.0005463740220282
1.0006756925756257
1.0007505434514
1.0007816851768385
1.0007786322256242
1.0007496548916797
1.0007018400176602
1.000641181014179
1.0005726770811374
1.000500430721733
1.0004277391407856
1.0003571790881667
1.000290686606218
1.000229633560039
1.0001749023602466
1.000126959427834
1.0000859270661968
1.0000516527229095
1.000023774246537
1.0000017796802527
0.9999850603310316
0.9999729562261823
0.9999647935267711
0.9999599139292442
0.9999576964914771
0.9999575726301572
0.9999590352374956
0.9999616429593268
0.9999650206786389
0.9999688571802673
0.999972900857692
0.999976954183842
0.9999808675229347
0.9999845327231683
0.9999878768091017
0.9999908559919505
0.9999934501365746
0.9999956577640193
0.999997491625188
0.9999989748511372
1.0000001376652476
1.0000010146292757
1.0000016423867664
1.0000020578619226
