0.7731257277166339
0.8828847603314238
0.9742898635713534
1.0401384376036071
1.0789346926042351
1.0942016873833962
1.0920884274196594
1.07901572103199
1.060303852664687
1.0397606648098245
1.0198208793327705
1.0018771773403512
0.9866093584324569
0.9742427109094197
0.9647289501673572
0.9578649084582683
0.953367293646715
0.9509185623115425
0.9501945984988354
0.9508812348643834
0.952684024821407
0.9553339250966159
0.9585904399399444
0.9622431049812487
0.9661117989107997
0.9700461604099851
0.9739242858484736
0.9776508433411991
0.9811547299369715
0.9843864013053617
0.9873150056941762
0.9899254503892336
0.9922155177426565
0.994193129960344
0.9958738395337358
0.9972785981641736
0.9984318337304494
0.9993598441700471
1.000089500240223
1.00064723647218
1.001058301158251
1.0013462314703792
1.0015325181410468
1.0016364248158174
1.001674929506583
1.001662758919674
1.0016124903015615
1.00153469945615
1.0014381374726604
1.0013299222879533
1.0012157343934656
1.001100008742761
1.0009861172187071
1.0008765379029805
1.0007730088937643
1.000676665586339
1.0005881612141123
1.000507771091404
1.0004354814473673
1.0003710640315548
1.0003141378395957
1.0002642193809212
1.0002207629135085
1.0001831920229245
1.0001509238404698
1.0001233870906225
1.0001000350411153
1.000080354307364
1.0000638703421598
1.000050150325545
1.0000388040612822
1.0000294833870145
1.0000218805159786
1.0000157256492714
1.0000107841290484
1.000006853344168
1.000003759550034
1.0000013547229016
0.999999513534854
0.9999981305081213
0.9999971173855426
0.9999964007369355
0.9999959198081733
0.999995624610195
0.9999954742383469
0.9999954354078671
0.9999954811884804
0.9999955899195958
0.9999957442871422
0.9999959305433807
0.9999961378518568
0.99999635774084
0.9999965836499792
0.9999968105564044
0.999997034668011
0.999997253173148
0.999997464037333
0.9999976658389195
0.9999978576368241
0.9999980388644892
