0.43637635738096614
0.555148938387386
0.6846527802106346
0.8124919044629197
0.9242523658742812
1.0089084012705458
1.0626738786104837
1.0887561068010694
1.0941820835577756
1.0864974798067526
1.0718913967350623
1.054690855893198
1.0375848595047297
1.0220645232932173
1.0088318926095192
0.9981049907788757
0.9898226999815373
0.9837744462983185
0.9796793176038284
0.977233085914796
0.9761354936812091
0.9761055916697735
0.9768898668618369
0.9782659862043267
0.9800438290626415
0.9820648069465584
0.9842000847191702
0.9863481024553789
0.988431676845054
0.9903948909121184
0.9921999352915569
0.9938240297536252
0.9952565237019846
0.9964962467352467
0.9975491548756906
0.9984262953808223
0.9991420938986867
0.9997129525770017
1.0001561366843164
1.0004889200990597
1.0007279561726001
1.0008888393435298
1.0009858238052234
1.001031667878341
1.001037575968836
1.0010132136591017
1.0009667752512963
1.0009050867221536
1.0008337304057218
1.000757180708563
1.0006789427447735
1.0006016879543291
1.0005273825592473
1.0004574061529332
1.0003926588506125
1.0003336562966716
1.000280612470505
1.0002335106955478
1.0001921635718174
1.0001562627513165
1.0001254195843345
1.0000991977050735
1.0000771386152787
1.0000587812793928
1.0000436766759593
1.0000313981667517
1.000021548454529
1.0000137638076978
1.0000077161393799
1.0000031134421563
0.9999996989998351
0.9999972497250526
0.9999955739068302
0.9999945085954769
0.9999939168032068
0.9999936846571202
0.9999937186061874
0.9999939427549551
0.999994296373176
0.9999947316117628
0.9999952114407521
0.9999957078136977
0.9999962000545426
0.9999966734570404
0.9999971180827515
0.9999975277411369
0.9999978991339837
0.9999982311460208
0.9999985242639008
0.9999987801065188
0.9999990010507698
0.9999991899381756
0.9999993498492459
0.9999994839338999
0.9999995952877136
0.9999996868651233
0.9999997614219978
0.999999821481159
0.9999998693154831
0.9999999069441485
