0.3061253730157104
0.4312992135334759
0.6532952566693035
1.042806753944038
1.6158617135325293
2.033445927475598
1.8712622372436092
1.4494970371119495
1.112823327056685
0.9032583684688679
0.7846634028205383
0.7269999097910749
0.7135200175292546
0.7365102091990505
0.7935392328616954
0.8843874356043783
1.0071499870024596
1.1522436600994537
1.2958679815285241
1.4010930027243689
1.4357848278581686
1.3960557728203136
1.307234094685449
1.2024391575940179
1.1052133145329632
1.0266803388913894
0.9697707964602148
0.9335067246577939
0.9154568705820069
0.9127505912478638
0.9223200987584682
0.940833186283977
0.9646059892693472
0.9896909437279325
1.0122419475904467
1.029107728053366
1.0384296451147013
1.0399499246912622
1.0348648771559679
1.0253049504484497
1.0136930359758891
1.002218524637605
0.9925334616302923
0.9856533130454478
0.9819902973902938
0.9814510077761817
0.9835568703435092
0.9875704759887743
0.992623469600873
0.997842921353185
1.0024677824706887
1.0059413537082715
1.0079649586413248
1.0085042862345355
1.0077509017017403
1.0060521090404366
1.0038280216851512
1.001493841551914
0.9993997823354741
0.9977940833562343
0.9968087980567367
0.9964645828673646
0.996689314397346
0.9973452243403669
0.9982596394522282
0.9992549810270468
1.0001743730615733
1.0009001337404348
1.001363636411821
1.0015464244587877
1.0014738077395757
1.001203176726258
1.0008097503863413
1.0003723911172056
0.9999615927847811
0.9996309783995243
0.9994128364088468
0.9993175285307005
0.9993360950657615
0.9994450839938034
0.9996125208873297
0.9998039857081893
0.9999879331876211
1.0001396467181582
1.000243509711233
1.0002935698762012
1.0002926206119191
1.0002501990077508
1.0001799861931746
1.0000970942596135
1.0000156505945859
0.9999469702028633
0.9998984670298888
0.9998733211285622
0.999870808071952
0.9998871211023479
0.9999164787521176
0.9999523088369594
0.9999883273141684
1.0000193784000386
