0.4738674950476037
0.5649741188955528
0.6648420722956006
0.7709793932952623
0.8794852483963231
0.9850539690395208
1.0814084643001336
1.1622575009070115
1.222600416323173
1.2599057196785126
1.2746322158974366
1.269868050182608
1.250322421079593
1.2211616497367555
1.1871036731574867
1.1519311710066313
1.1183689035621003
1.088183627024593
1.0623753596968322
1.0413760804506313
1.025216616409479
1.0136514946052322
1.0062461777221876
1.0024365612119857
1.0015712824964622
1.0029458949795016
1.0058355066894469
1.0095295557958932
1.0133692725097523
1.016785453815197
1.0193320326227657
1.0207101510608207
1.0207783557844516
1.0195468930176768
1.0171571288567318
1.013849851237252
1.0099278096486608
1.0057180097112153
1.0015382382613012
0.997670617104946
0.9943432695698673
0.9917198484974432
0.9898958780290754
0.9889005586993533
0.9887027204827423
0.9892198048355803
0.9903289717930098
0.9918795758934503
0.9937063066862504
0.9956422641918109
0.9975311858178763
0.9992380192240461
1.0006570975179074
1.0017173458650621
1.002384224423137
1.0026584506858718
1.0025718833851809
1.0021812269228736
1.0015603836006464
1.0007923225694393
0.9999612605082601
0.9991457919015019
0.9984134075669788
0.997816636949472
0.9973908701013233
0.9971537735009761
0.9971061127378937
0.9972337300118462
0.9975103877100204
0.9979011737918453
0.9983661653848231
0.9988640615951483
0.9993555246569548
0.9998060102594633
1.0001879223524448
1.0004819922091808
1.0006778511986332
1.000773835215407
1.0007761192339544
1.0006973270630855
1.0005547901319523
1.0003686386880914
1.0001599003776216
0.9999487581200395
0.9997530860188419
0.9995873436149914
0.9994618695146746
0.9993825788309854
0.9993510374266594
0.9993648610776933
0.99941837002458
0.999503418978957
0.9996103191515779
0.9997287716323666
0.999848739639265
0.9999611997167132
1.0000587276788784
1.000135892579887
1.0001894498010437
1.0002183410563243
