0.11991350949436508
0.14572722815188
0.18507671962487693
0.2463775242160673
0.34499622697841803
0.5091016146289924
0.7863794013722983
1.2277454125074718
1.7565825742175702
1.9970790222360528
1.7632646801162104
1.3790207661561042
1.0709065195151266
0.8640968453097754
0.731539559855843
0.6484049124356788
0.5986505111073909
0.5726787427313229
0.5648625871611503
0.5719315206771427
0.5919700814174437
0.6237411754767364
0.6661458560366118
0.7177227631229741
0.7761824043481671
0.8380798453663192
0.8988271117176951
0.9532405234224006
0.9966062899660725
1.0258849642444836
1.0404604927273198
1.0420520393666852
1.033914185993421
1.0198060700892035
1.003172276510122
0.9867101802909446
0.9722684671736641
0.9609367501576177
0.9532050705641413
0.9491230589808406
0.9484311809284676
0.9506610433248368
0.955211954329692
0.9614127698431807
0.9685758623205525
0.9760463738572954
0.9832462929475968
0.989710342981072
0.9951098179703158
0.9992614603368472
1.0021207677883937
1.003761828872338
1.0043479505926056
1.0040983248229447
1.0032556817442968
1.0020586470970465
1.000720902754813
0.999417736892052
0.9982794507827129
0.9973904410006801
0.9967925293481791
0.996491137990035
0.9964630767638366
0.9966649310001668
0.9970412594937234
0.9975320133725635
0.9980787657969961
0.9986295044642184
0.9991418872906153
0.9995849953203042
0.9999397305947993
1.0001980934281345
1.0003616275832026
1.0004393411570764
1.0004453979730465
1.0003968353316555
1.000311507934821
1.0002063941119834
1.0000963375774534
0.9999932422147596
0.9999056927650471
0.9998389424606946
0.9997951894541104
0.9997740559831456
0.9997731855431674
0.9997888815925365
0.9998167242157232
0.9998521166130285
0.9998907294723413
0.9999288267369832
0.999963469902771
0.9999926090077234
1.0000150765209104
1.000030505315272
1.0000391940180942
1.000041942676381
1.000039879392766
1.000034294982636
1.0000264983711151
1.000017700926068
