0.5750551231486227
0.43307765530875375
0.3737925608746695
0.34845515070468625
0.3419983883836951
0.3487076476543264
0.36644377999771505
0.394791179588757
0.43432973997970414
0.4862567263885793
0.5520490526553226
0.6329632837142876
0.7291939689587081
0.8385945065909929
0.9551784872804633
1.0682641075788497
1.1637130164188787
1.228084237441247
1.2540325994052985
1.2431953725809544
1.2044566447280098
1.1494324199463581
1.0885207678586042
1.029121939259109
0.9756282875486473
0.9301815054453185
0.8935044939539378
0.8655365585614666
0.8458406700717629
0.8338347113218475
0.8289069599925999
0.8304614511514653
0.8379227513867871
0.8507179932674414
0.8682470400446487
0.8898482402497876
0.9147661875488083
0.9421281593108415
0.9709364229111993
1.0000832561234199
1.0283932686533896
1.0546928497791088
1.0778997588461219
1.0971188526524676
1.1117255133086856
1.121419003054132
1.1262343533237742
1.1265115027446753
1.1228304612564721
1.1159277195892883
1.106610322820488
1.0956807376185582
1.083880079694211
1.0718517374834158
1.0601233950885682
1.0491033473261542
1.0390865070991913
1.0302660324468025
1.0227474784722848
1.0165634109918111
1.011687292173958
1.0080460891411822
1.0055314699917
1.004009679076532
1.003330274559905
1.0033339123305085
1.0038593091757866
1.0047494445459395
1.0058569868541314
1.0070488734539795
1.0082099435991592
1.009245525201709
1.0100829075461657
1.010671686587023
1.0109830366853825
1.0110080307254266
1.0107551884063064
1.0102474718610706
1.0095189643655509
1.008611461753258
1.0075711807705123
1.006445749767689
1.0052816014037376
1.0041218405458052
1.003004618047053
1.001962005645474
1.0010193402271406
1.0001949871505071
0.9995004613114946
0.9989408397253917
0.9985153990655318
0.9982184144095778
0.9980400602474091
0.9979673607575333
0.9979851429102947
0.9980769527850043
0.9982259024277118
0.9984154215398207
0.998629895208036
0.9988551756756844
