0.36886401552637205
0.37304858221602044
0.382161567356319
0.3959930702060759
0.41457356328623995
0.43812591680497426
0.467040346564944
0.501861917603613
0.5432836110885318
0.5921388089985494
0.6493861948130027
0.7160777949922106
0.7932973771992722
0.8820521900643251
0.9830975682490856
1.096674651982086
1.2221526806813705
1.3575979628223769
1.499349157229012
1.6417575121463757
1.7773156981611709
1.8973777171293036
1.9934932607461546
2.0590625617546614
2.0907409072364693
2.089028929120187
2.0578408156281096
2.0033160766987823
1.932405845749213
1.8517032599639625
1.7667370194805865
1.6817107656129426
1.5995509322178294
1.5221123337082234
1.450430229896205
1.3849558460718867
1.3257490238805385
1.2726233548763284
1.225249326890241
1.1832242972508071
1.146117978950116
1.113500675071577
1.0849597835244065
1.0601085665420849
1.038589971331978
1.0200773941835726
1.0042736455846704
0.9909089358057116
0.979738404224283
0.9705395186144369
0.9631095413057204
0.9572631752878908
0.9528304496376849
0.9496548696445831
0.9475918357294238
0.9465073220658508
0.9462767977213723
0.9467843682094083
0.9479221123914668
0.9495895879792641
0.9516934780666482
0.9541473509773006
0.9568715061708841
0.9597928799910734
0.9628449866644068
0.9659678721582603
0.9691080612394517
0.9722184812645598
0.9752583497640707
0.9781930166090784
0.9809937553061554
0.9836375015826387
0.9861065407400746
0.9883881481303012
0.9904741894427832
0.9923606892198393
0.9940473771172328
0.9955372219203884
0.9968359632649889
0.9979516504750521
0.9988941970190629
0.9996749579001727
1.000306335943808
1.000801421521187
1.001173668833144
1.0014366105421504
1.001603611331076
1.0016876599178048
1.0017011981827069
1.0016559853756442
1.0015629948547804
1.0014323404576118
1.001273229396972
1.0010939384902824
1.0009018105471124
1.0007032678368477
1.0005038397151795
1.000308201687592
1.000120223414981
0.9999430234084346
