0.5522019397254928
0.6514378014046631
0.7716279162277514
0.9107258130763294
1.0603009789227333
1.203550143814581
1.3176127081920797
1.3821742212682957
1.389761009088779
1.3487971088406518
1.2771146069125774
1.1928291490682947
1.1091082220749766
1.0334606667873838
0.9691873839333984
0.9170920860179294
0.8767337501090277
0.8471711834150738
0.8273477137016421
0.8162618858382209
0.8130222231759957
0.8168425328777555
0.8270077206553624
0.8428255556950789
0.8635730348382515
0.8884438760257098
0.9165042303785589
0.9466653924482298
0.977683501275934
1.0081951565913227
1.036792953441622
1.0621358180601708
1.0830776414301642
1.0987883721275897
1.1088394476182504
1.1132328499016504
1.112368129283139
1.1069583339068896
1.0979171932497513
1.0862425834087261
1.0729162038783073
1.058830401791224
1.0447443012483666
1.031265324755855
1.0188493847601097
1.0078127697956556
0.9983499443122587
0.9905531764711953
0.9844315147385072
0.9799278885682219
0.9769339595965537
0.9753028506673859
0.9748601168512235
0.9754133784917753
0.9767609785711692
0.9786999064273024
0.9810330857282851
0.9835759865795234
0.986162412960852
0.9886492538400321
0.9909199777145681
0.992886695151632
0.9944907020073799
0.995701529906566
0.9965146489972239
0.9969480704744651
0.9970381673007118
0.9968350628713101
0.9963979291022801
0.9957904942782784
0.9950769978209215
0.9943187559173189
0.9935714293925729
0.9928830211991518
0.9922925799555844
0.9918295495429807
0.9915136819860155
0.9913554194287204
0.9913566481272844
0.9915117302571611
0.9918087256661423
0.9922307238229653
0.992757215065295
0.9933654393171414
0.9940316595645868
0.9947323165888579
0.9954450308471302
0.9961494269962059
0.9968277662842427
0.997465381666043
0.9980509196888128
0.9985764015445334
0.9990371227886005
0.9994314167411569
0.9997603102893597
1.000027102609905
1.0002368972946272
1.0003961166847075
1.0005120242001204
1.0005922764516297
