0.2142258177681423
0.20422338400607754
0.20073092304274132
0.20216622072244728
0.2077949895356701
0.21736923029010402
0.2309694807257746
0.24893971786764535
0.27187102651556305
0.3006152622667241
0.3363197874942844
0.38047724914002257
0.4349822920593758
0.5021789979075435
0.5848652924781583
0.6861882666020905
0.8093128944280572
0.95668303073472
1.1286635229145863
1.3214848810103332
1.5249251434053186
1.7211404690481267
1.8868319041175825
1.9998315922563725
2.047495845893103
2.031346498303356
1.9647593801105612
1.8661873986469573
1.7528394286988955
1.6374841641398108
1.5280666051600753
1.428711095245982
1.3409991556265168
1.265020186214872
1.2000885194173847
1.1451809584967902
1.0991818149049297
1.061008508708463
1.0296680165918015
1.0042755333911255
0.984053785728328
0.9683233866772929
0.9564898701660907
0.9480303396319905
0.9424811688828291
0.9394273861018695
0.9384939478852611
0.9393388925264491
0.9416482509329158
0.9451325350192594
0.9495245887687656
0.9545785632550073
0.9600697594646537
0.9657950723104758
0.971573768478485
0.9772483426461934
0.9826852229041009
0.9877751366542685
0.9924330002966623
0.996597255090915
1.0002286318991627
1.0033083830563807
1.0058360651775118
1.007826988722805
1.0093094670833207
1.0103220003412514
1.010910518899092
1.0111257931224344
1.0110210906743426
1.0106501368260905
1.0100654076023035
1.0093167632321323
1.0084504112477235
1.007508175148728
1.0065270356961036
1.0055389070730172
1.0045706086056654
1.0036439936589456
1.0027761999392337
1.0019799890822816
1.0012641475458635
1.0006339250696183
1.000091491039628
0.9996363928386184
0.9992660035915385
0.9989759496063544
0.9987605102754649
0.9986129852808916
0.9985260256834407
0.9984919269213861
0.9985028829434959
0.9985512016936774
0.9986294829820072
0.9987307604440424
0.9988486098254199
0.9989772262452774
0.9991114734000203
0.9992469078764694
0.9993797818577265
0.9995070275335407
