0.21661709801282014
0.26756168941379077
0.3335109241368548
0.419989980602809
0.534885125687083
0.6894435437194972
0.8994478752707223
1.1859834167957308
1.573803627392896
2.082139789556467
2.6990939076887184
3.3386803230958995
3.8244707590229043
3.9828752251625708
3.7940473079335844
3.3933477903284994
2.9358096208317543
2.512946021754402
2.1569595191642623
1.869248603216314
1.6402251187929087
1.4584107654405496
1.3136299022923317
1.1977246609506813
1.1044116297116715
1.028921843053503
0.967645182474908
0.9178391668001223
0.8774065576363894
0.8447303450180775
0.8185525672829657
0.7978853928526305
0.7819455776113171
0.7701057752616989
0.7618580073203114
0.7567859417950904
0.7545435920617594
0.7548387318543055
0.7574198091375807
0.7620654900570175
0.768576216003314
0.7767673410687108
0.786463553526246
0.7974943865659869
0.8096906988323099
0.8228820594941753
0.8368950085707496
0.8515521825560374
0.8666722989171656
0.8820709816937927
0.8975623857521793
0.9129615419079794
0.9280873031462946
0.9427657288527378
0.9568337055171676
0.9701425750862103
0.9825615314462887
0.9939805549413463
1.0043126851953847
1.0134954815919466
1.0214915835049339
1.0282883516879788
1.033896640190672
1.0383488073599059
1.0416961191568632
1.0440057248626513
1.0453573936147276
1.0458401918639144
1.0455492602711443
1.044582818208354
1.0430394894517967
1.04101600790885
1.0386053304350766
1.035895157032802
1.0329668379927415
1.0298946329961853
1.0267452783561468
1.0235778145737042
1.020443626177768
1.0173866483477647
1.0144436991303856
1.0116449013504567
1.0090141639563859
1.0065696980794143
1.004324548222325
1.0022871235512385
1.0004617181632605
0.9988490124312869
0.9974465501194089
0.9962491879800516
0.9952495160632758
0.9944382480701316
0.9938045818441724
0.9933365305908484
0.9930212257080533
0.992845192258112
0.9927945981583368
0.9928554781516044
0.9930139335698035
0.9932563088438603
