0.15697996361248023
0.18694231194209698
0.22605798240091024
0.2779609800038396
0.34784742636629895
0.4429586573541576
0.5726547247062813
0.746712397733767
0.96868289130825
1.220603708570197
1.446032778353547
1.5651562807751058
1.5391057023998105
1.4055988724335882
1.2329034675712551
1.0685779674189626
0.931672914571256
0.8248448583814136
0.7446387040391629
0.6864288900697939
0.6461772221223505
0.6208522810550934
0.6083982759563988
0.6075988904448768
0.6179511489113156
0.6395777268827378
0.6731747688969497
0.7199776610388737
0.7817120237735599
0.8604710981505991
0.9584158316396636
1.0771300494761438
1.21641024964877
1.3723396057611854
1.5349321335955208
1.6866682460205644
1.804405321309658
1.8664354082992984
1.8621118212346237
1.797024094480947
1.689315960609013
1.560748413839303
1.4293534416032152
1.3067115663397317
1.1986365432270116
1.1070467080844935
1.0316886988740768
0.9713142100874049
0.9243597291930594
0.8892900826243908
0.8647448756567513
0.8495790718293891
0.8428499383069447
0.8437774644950014
0.8516909663081472
0.8659671444547171
0.8859618268733015
0.9109376557636547
0.9399924782052963
0.9719977062637902
1.005561411840662
1.0390351697493947
1.0705830132351648
1.0983213866696364
1.1205193192474656
1.1358228945485875
1.1434489019554221
1.1432922685104088
1.1359153423319805
1.1224251095537687
1.1042783644640286
1.0830693325262752
1.0603466004859452
1.0374854121383748
1.0156196451447992
0.995623071703051
0.9781235891480944
0.9635347071838146
0.9520923674129418
0.9438895863142616
0.9389051191937816
0.9370249516598897
0.9380570527404324
0.9417407527927878
0.9477526059976257
0.9557108382601183
0.9651805421861354
0.975681652409334
0.9867013567474181
0.9977119072403575
1.0081937787536173
1.0176628763296307
1.0256992411114159
1.0319737723848241
1.0362691954728924
1.0384920533574247
1.038673831125407
1.036961121360537
1.033596528146791
1.0288933256695398
