2.2043630019817466
0.7684802043001869
0.38293854986104914
0.7316415596673158
1.196299574398582
0.48846377301931243
0.528092074676721
1.1049386725501367
0.7233241948166445
0.5295311609411765
0.8453668963434752
1.017708455245912
0.6468281814039727
0.7332779983456965
1.125068661471563
0.8676206561734695
0.7492637229421332
1.0460909602907185
1.1172993159923046
0.8643693016738622
0.9762016142488757
1.237537515060843
1.0463935687921702
0.9824750502748718
1.2091029125298989
1.2158267532569071
1.055251439155498
1.1500871387112765
1.2823178119075396
1.1555826875872843
1.126478097912374
1.2513539481458618
1.2280653312737904
1.1394930983100846
1.1928979294199478
1.238400411766567
1.1643283312478432
1.150266529440947
1.200920615204322
1.1743555656336702
1.1290360808922955
1.15071319472612
1.1587492313993264
1.118133801014147
1.109784046970499
1.1255425373614367
1.1055751398369136
1.08257299046117
1.0892172202130925
1.0863180723250205
1.0645654938120517
1.0593316291467294
1.0626438562921685
1.0499446272265014
1.0382934485536468
1.0396891834097532
1.0355160709583242
1.0241782300990445
1.021241842329108
1.0212151988658453
1.0139960210364645
1.0083699995635755
1.008559052579467
1.0056765856762302
1.0001459575469283
0.9989047260887095
0.998561883797819
0.994959807396221
0.9926223385241996
0.9928941862818819
0.9915019013434156
0.9891873062376125
0.9890557553910967
0.9891184669763947
0.9876924811135012
0.9871008556399468
0.9876635168557469
0.9873252398749699
0.9866990078350093
0.9871626334297393
0.9875895725916988
0.9873280192101979
0.9875600560611489
0.9882773982428603
0.9885010360565165
0.9886491622404803
0.989319473668556
0.9898930997604782
0.9901395524041038
0.9906515697435484
0.9913446690001333
0.9917612729250397
0.9921611645656736
0.9927944716460756
0.9933313661782436
0.9937054127375344
0.9942085819416637
0.9947613789061097
0.9951558451189945
0.9955441915461196
