1.2279003782410889
3.5029477680794856
13.523367322828351
11.640346064502731
4.121079049194925
2.0800168831213974
1.3309438939147735
0.98165505317851
0.7945668182269854
0.6866905779437826
0.6231235349392334
0.5871838810463217
0.5701482506817193
0.5671506156798904
0.5753350496955101
0.5929307928115445
0.618736744264399
0.6517991883748586
0.6911879905819133
0.7358334924268236
0.784417175769821
0.8353261956554153
0.8866868314500547
0.9364832754050826
0.9827471393975932
1.0237775684322679
1.0583355079607661
1.0857600554822717
1.1059804381028135
1.119431700953555
1.1269089136969521
1.1294035629268686
1.1279580058568144
1.1235578677804487
1.1170667896875777
1.1091977301803109
1.1005106979519863
1.0914266658367895
1.082249401894339
1.0731894910667046
1.0643870787350294
1.0559315529135158
1.0478774997512823
1.0402569379918674
1.0330881986392921
1.026381978383474
1.020145138575693
1.014382797113666
1.0090992003210604
1.0042977852286517
0.9999807615964772
0.9961484650946679
0.9927986629317442
0.9899259334668354
0.9875211929768599
0.9855714055871377
0.9840594853911251
0.9829643814579796
0.9822613250277159
0.9819222120236948
0.9819160915574657
0.9822097311174878
0.9827682306710658
0.9835556602943385
0.984535698738026
0.9856722532761368
0.9869300441355018
0.9882751397079858
0.9896754315860473
0.991101041229777
0.9925246527588043
0.9939217689420587
0.995270889895078
0.9965536162408697
0.9977546804946805
0.9988619121466539
0.9998661432997942
1.0007610627485042
1.001543027046736
1.0022108374235625
1.0027654913830752
1.0032099175137554
1.00354870147845
1.0037878104139257
1.0039343220944412
1.003996164260534
1.0039818685310988
1.0039003423458428
1.0037606614603156
1.0035718846625905
1.0033428916168525
1.0030822440748495
1.0027980701352561
1.0024979707722788
1.0021889474931365
1.0018773497115676
1.0015688402316354
1.0012683771124715
1.0009802101196734
1.0007078899527002
