1.2717164365629192
2.770165201844887
3.6805636028551114
2.1220186488007036
1.1346685044073774
0.7104484349167892
0.5116049320990037
0.410002952022554
0.3573543888966555
0.333711532672589
0.3305917479931012
0.34500435497787596
0.37716236468620823
0.4294484566401635
0.5053821750545497
0.6072034403021815
0.7303106299131628
0.8550414268003752
0.9455427651772927
0.9704946806302274
0.9308635744867448
0.8559413011299012
0.7762358475387492
0.7090574412636756
0.6604415820543017
0.6308860810655486
0.619095342303252
0.6235820776792946
0.643064555262862
0.6762594065641025
0.721327158481321
0.7751267188090213
0.8325706421841709
0.8866388264025431
0.9296449360868185
0.9556635591859155
0.9628235372799143
0.9538280726368598
0.9343978010179474
0.9109235934737702
0.8887448414735798
0.871498241107339
0.8612075591843187
0.8586423592283637
0.8636555531501645
0.8754044434355619
0.8924733068521274
0.9129641486732563
0.9346324086389562
0.9551229249090404
0.9723069045485836
0.9846473884633011
0.991470014512903
0.9930316873897433
0.9903630717087789
0.9849573551163943
0.9784244209289894
0.9722093666110673
0.9674189711721842
0.9647504836503574
0.9644936375727892
0.9665760077613846
0.9706316911258213
0.976083618794217
0.9822354509980261
0.988369044937359
0.9938397371024209
0.9981574893957208
1.0010407947042415
1.00243404390594
1.0024869941790406
1.0015038379765795
0.999875487513913
0.9980100628152749
0.9962736725250733
0.9949485183087976
0.994210388070293
0.9941240688806545
0.9946533464928002
0.9956816113543154
0.997039044894796
0.9985324897388024
0.9999742911479722
1.001206741215172
1.002119433642282
1.0026579186133877
1.0028234222154064
1.0026647898220433
1.0022649077624304
1.001724421342895
1.0011455411944503
1.0006182240749564
1.0002102357123712
0.9999617658939346
0.9998845267473373
0.9999647042191697
1.0001687684346265
1.0004509659294278
1.0007612913629023
1.0010528453843743
