0.18577647858096524
0.21700603819111985
0.2504011208532978
0.2850308288054131
0.3197842735730425
0.3535264876159243
0.38527563323438996
0.41434913023744946
0.440437886893297
0.4635978067925176
0.48417773604852155
0.5027178511856221
0.5198498514175168
0.5362178819282418
0.5524259878890247
0.5690091330020945
0.586421080367441
0.6050321739970359
0.6251314435063904
0.6469292318811577
0.6705581249329277
0.6960711885685394
0.7234374538846801
0.7525353464607665
0.783145428039315
0.8149444355019669
0.8475031106727235
0.8802905781142618
0.9126878502638253
0.9440122257250451
0.9735528053308676
1.000615204910223
1.0245712000974132
1.0449071410596669
1.0612642112712374
1.0734644151633594
1.0815185116166048
1.085615369260925
1.0860954797138516
1.0834137410848104
1.0780976066846284
1.0707062812937858
1.0617952445676928
1.0518885630570458
1.0414597320845107
1.03092048519163
1.0206162279396698
1.0108264434983334
1.0017684504485562
0.9936031261611173
0.9864415243296885
0.9803516330886902
0.9753647966796984
0.9714815414708404
0.9686767054478623
0.9669038766606121
0.9660992110449762
0.9661847338982368
0.9670712408269067
0.9686609100149468
0.9708497232154865
0.9735297716479893
0.9765914978026601
0.9799258973429975
0.9834266789604906
0.9869923561754077
0.9905282255794514
0.9939481725202689
0.9971762389388302
1.000147889558055
1.0028109216737946
1.0051259793835499
1.0070666534356987
1.0086191707047376
1.0097817000965439
1.010563322092812
1.010982725228315
1.0110667032964922
1.0108485315024618
1.0103662983713362
1.009661263821617
1.0087763036780641
1.0077544884521754
1.006637830858264
1.0054662234683507
1.0042765760638663
1.0031021522193304
1.001972096747601
1.000911139883131
0.9999394603199441
0.9990726871715113
0.9983220202359459
0.9976944482775726
0.9971930460472487
0.9968173321805865
0.9965636717174817
0.9964257086220674
0.9963948152505828
0.996460547165315
0.9966110930132274
