0.20809949875134237
0.23993715766088897
0.28439250077339373
0.34704199842938954
0.4371741481911594
0.5709043020792726
0.7777909431421575
1.1160679864552945
1.7113844761770594
2.8677533732242857
5.4260743367974
11.888417640703107
25.130374879575005
23.69583374301029
12.192908481983988
6.659998033103449
4.199599076277311
2.956187713225692
2.252348919640384
1.8191746608095143
1.5360837972430768
1.3430751999410147
1.2076830716954279
1.1111113325807942
1.0418539142881393
0.9925245297139752
0.9581760733780519
0.9353594182681133
0.9215710852794583
0.9149163142238375
0.9138974933990378
0.9172793279280238
0.924003552263334
0.9331373369601718
0.9438455189569824
0.9553797925879844
0.9670793773687961
0.9783782805901367
0.9888146856735462
0.9980386021253773
1.0058148775038844
1.012019951915954
1.0166321247422008
1.0197163299909036
1.0214052536924625
1.0218789681271054
1.02134513664445
1.0200213953097093
1.018120919192735
1.015841588863435
1.0133586911044488
1.0108207621775889
1.0083480100342563
1.0060327035843346
1.003940952558709
1.0021153830350193
1.0005783122863976
0.9993351231805004
0.9983776225597562
0.9976872359553912
0.9972379427693383
0.9969988939747044
0.9969366814890035
0.9970172476557794
0.9972074372224169
0.997476204658563
0.997795497807625
0.9981408453518511
0.9984916806597083
0.9988314382991967
0.999147461770935
0.9994307617741377
0.9996756635715678
0.9998793798708143
1.0000415422925972
1.0001637202331162
1.0002489510711539
1.0003013005534436
1.0003254671205972
1.0003264391688567
1.0003092099755013
1.000278551376285
1.0002388443362673
1.0001939623103908
1.0001472017132806
1.0001012528444577
1.00005820416192
1.0000195727715235
0.9999863543085051
0.9999590859424223
0.9999379169578275
0.9999226821808544
0.9999129743786963
0.9999082126081621
0.9999077042952871
0.9999106995642565
0.9999164369831626
0.9999241804462529
0.9999332473634169
0.9999430286788445
