0.29971176826815227
0.3557548152068658
0.42534815883803734
0.5116380694271287
0.6181239288823084
0.7482361175633847
0.9044311880789667
1.086603055071877
1.2898381735905684
1.5022080711412342
1.704301984985327
1.8725520243174598
1.986490050273469
2.0363186228893246
2.025698179523081
1.9682547270531723
1.8811290209696012
1.7797378703913607
1.6754083376071456
1.5752652519895722
1.483144123939816
1.4006714586913858
1.3281444050453348
1.2651375168736783
1.2108817163637844
1.1644842088119027
1.1250474433116657
1.0917278316411507
1.0637602351914086
1.0404639471000638
1.0212393227521406
1.0055602169513222
0.9929650361472165
0.9830478644807054
0.9754503634496626
0.9698547277580676
0.9659777570989205
0.9635659896500083
0.9623917889371982
0.9622502538341509
0.9629568165781932
0.9643453976165146
0.9662669946490464
0.9685885943495287
0.9711923079585121
0.9739746457617121
0.9768458600421692
0.9797293010449891
0.9825607453556163
0.9852876703336508
0.9878684613133193
0.9902715496761694
0.9924744892281853
0.9944629853331077
0.9962298959014684
0.9977742257160853
0.9991001359395986
1.0002159893529465
1.0011334493289004
1.0018666471781628
1.002431428717624
1.0028446870472498
1.0031237848584522
1.0032860663296894
1.003348455916533
1.003327139169574
1.0032373191170776
1.003093040693577
1.0029070751180802
1.0026908559496506
1.0024544586925532
1.0022066162092138
1.0019547627551968
1.0017051001144406
1.0014626800340727
1.0012314978960781
1.001014593287759
1.0008141538228015
1.0006316192057387
1.00046778311628
1.000322891012527
1.0001967324129097
1.0000887266174576
0.9999980011729941
0.9999234626780987
0.9998638597668001
0.9998178383096277
0.9997839890314998
0.9997608878723943
0.999747129512988
0.9997413545573441
0.999742270911806
0.9997486699268155
0.9997594378793527
0.9997735633708492
0.9997901412012006
0.9998083732561472
0.9998275669148294
0.9998471314485602
0.9998665728424144
