8.940020616451896
0.6022925377507597
0.2960194056292538
0.38016890669130776
1.0785836998083114
0.9859236366046709
0.4006679681384089
0.3453159478745321
0.5722106519592987
0.9837271468653946
0.5739128581717623
0.3870566293382277
0.4515536883649569
0.7400741919065423
0.735176374922258
0.4819906840662995
0.4401331655014826
0.5893272904366683
0.7624086717823376
0.6067226173269904
0.486171726419237
0.5343191517186158
0.69889281832841
0.7068567158268673
0.5697734584458931
0.5409876723172725
0.6423960794161383
0.7403345162967236
0.6656504127462944
0.5892569260791208
0.6247986499108351
0.7285882751275177
0.7400994047183779
0.6622760770628475
0.6446846226802438
0.7139991134361205
0.7760361992774611
0.738679060513111
0.6924306511563355
0.71839053313384
0.7858976213937081
0.7977570306077707
0.7543394576956686
0.7451073559522928
0.7916381946079588
0.8322011974179215
0.8143980923963219
0.788223457291927
0.8065956836093517
0.8499799813158996
0.8603648846930156
0.8373993485794059
0.8334879495747305
0.8634752712177204
0.8895325622039999
0.881943811932657
0.8682398199401197
0.8805256509652255
0.9073232671039907
0.91528269993018
0.9039113449028955
0.9027453268866413
0.9210134898391366
0.9369970097267459
0.9342538831825227
0.9275465322941754
0.9351682625481226
0.9508497902140581
0.9562428638752982
0.9508937742837245
0.950764980313263
0.9612057390579498
0.9704366098372329
0.9696249021549928
0.9664263413607753
0.9707570496362458
0.979397579518181
0.9826409690619703
0.9801279501295248
0.9801789679321935
0.9857508546240005
0.9907299564085335
0.9904904774724053
0.9888852026940592
0.9911003600122488
0.9955597496321782
0.997277113894673
0.9959946193227054
0.9959353781094574
0.9986845403243033
1.0011641308955939
1.000995516153092
1.000074343963468
1.0010506550470812
1.0031789198868402
1.0039472207041484
1.0031837402688286
1.002995024033164
1.004214976737949
1.0053231667976725
