0.23598816116092347
0.2500453343665807
0.26738203979994635
0.28842237217879074
0.3137129342435254
0.34393548699587195
0.3799205094666309
0.4226575874133395
0.47329563600020075
0.5331211700015452
0.6034957288985154
0.6857244141174454
0.7808187313906114
0.8891157717812204
1.0097373944933166
1.1399403620568143
1.2745379741783012
1.4057368182172407
1.5238045116078673
1.6187691107452074
1.6827812620897151
1.7121715580340844
1.7081959424878481
1.6761742419436318
1.623622497895918
1.5583323146996293
1.487052525109199
1.4149164678324146
1.3454247649726558
1.2807145533850286
1.221910721712304
1.169448539884476
1.1233268669127308
1.0832890264431974
1.0489437180792933
1.0198415225317765
0.9955206997210143
0.9755327406368687
0.9594550699929631
0.9468958880563907
0.937494410855683
0.9309185913588787
0.9268616313693719
0.9250380988432046
0.9251801538867468
0.9270341926422063
0.930358096664531
0.9349191963962338
0.9404930015738765
0.9468627067403703
0.9538194395813936
0.9611631805086681
0.9687042436677151
0.976265174392613
0.9836828894547162
0.990810868115563
0.9975211973981045
1.0037062862188137
1.0092800902061825
1.014178730079125
1.018360437247777
1.021804815281898
1.0245114590046158
1.0264980186256567
1.0277978302800237
1.0284572542223538
1.0285328674174088
1.0280886498469497
1.0271932863156572
1.0259176813582422
1.024332757571408
1.0225075804476382
1.0205078279825097
1.0183946025328616
1.0162235663820423
1.0140443713106706
1.0119003457786067
1.009828400399169
1.0078591124001666
1.0060169518821727
1.0043206161458473
1.0027834425360047
1.0014138746525063
1.0002159610580688
0.9991898695448046
0.9983324034794846
0.9976375096839549
0.9970967697287278
0.9966998684673947
0.9964350351808281
0.9962894539057291
0.9962496404648908
0.9963017844641295
0.996432055131521
0.996626870395678
0.99687312906685
0.9971584064217411
0.9974711139139227
0.9978006241415015
0.9981373626002872
