0.10605465741227127
0.13249445008687044
0.17966403781924822
0.2635621115326152
0.4056750465367227
0.5929991802972089
0.6975420057123868
0.6339994622556395
0.5177676876098553
0.43347242933193486
0.3911132949939081
0.38438984146085375
0.41077452404484693
0.47440109330593416
0.585378715998156
0.7534680178125255
0.9639118160131208
1.1386863198384727
1.1745099233571814
1.0775371048302567
0.9426740125953827
0.8339868879510139
0.7683052226926799
0.7436745809531002
0.7549611688696553
0.7972585642694792
0.8641387601435953
0.9440659899461188
1.0184104548363857
1.0661767027102644
1.075677720895263
1.0520907940024757
1.0119210206312865
0.9718145857054888
0.9424400694157186
0.9283228398429165
0.9297092558181679
0.9440575838413787
0.9668322132078074
0.9921561138616339
1.0139165551392413
1.027394417606939
1.030721537290944
1.0252254175824447
1.014436064300447
1.0024753972155283
0.992734680141817
0.9872307793560551
0.9865297902630503
0.9899827828617693
0.9961037617133992
1.0030214068610999
1.008959103777145
1.0126587922573431
1.0136340452536947
1.012175797703411
1.009132056152357
1.0055717919767748
1.0024643093667753
1.000462258057823
0.9998147180181258
1.0003935065682605
1.0017980701364282
1.003501080558001
1.0049978325005697
1.0059257964665125
1.0061295137035697
1.0056619061280807
1.004731811936827
1.0036215797187062
1.0026025791315742
1.001870874363736
1.0015146447608092
1.0015142496627811
1.0017680297716307
1.0021326989019714
1.0024661280720024
1.002661921421295
1.0026688494774822
1.0024930348681413
1.0021854900994864
1.001820897048046
1.001474647286522
1.0012042021217948
1.0010385018385868
1.0009764012905393
1.0009927267907344
1.0010490077828014
1.0011053931025662
1.0011306353668226
1.0011080704840887
1.0010368792544062
1.0009292132497385
1.0008046830098518
1.000684075203392
1.0005839945323542
1.0005135661694222
1.000473605966153
1.0004579833178955
1.0004564212850295
