1.4584976166080657
1.135059742803225
0.9956192730707514
0.9359656304351491
0.9216676266207251
0.9388196004788074
0.9814001965679369
1.0468861007840198
1.1342541729957532
1.2426790309243647
1.3702998061507787
1.5128407463806521
1.6622286475577879
1.8058276810518568
1.927332068010104
2.01010622773577
2.0422904734515672
2.0210702978183734
1.9533388460778434
1.852431280876234
1.733291173582478
1.6087302307146834
1.4878211463776663
1.3759680117520106
1.2757534337640868
1.1879016636881992
1.1120592534386509
1.0473312182528665
0.9926113816071147
0.946768245225293
0.9087393513463248
0.87757169807469
0.8524322749597083
0.8326031807469765
0.8174696001303606
0.8065051653519235
0.7992570489808931
0.795331915174107
0.7943832047032819
0.7960999033404588
0.8001968008187199
0.8064062046747147
0.8144710804432896
0.8241396169834594
0.8351612439928593
0.847284144910252
0.8602543032906602
0.8738160888000126
0.8877143287458005
0.9016977260226544
0.9155233834785113
0.9289620920584459
0.9418039530886642
0.9538638514808901
0.9649862907047385
0.9750491491141108
0.9839660180336915
0.9916869225204519
0.9981973859956201
1.0035159567621403
1.0076904461795178
1.010793219268148
1.0129159214693317
1.0141640215772751
1.014651508850857
1.0144960144984405
1.0138145476468572
1.01271995560574
1.0113181467141417
1.009706056697289
1.0079702983161913
1.0061864086202355
1.0044185961033498
1.002719888501107
1.0011325876958634
0.9996889483700253
0.9984120093481769
0.9973165192854418
0.9964099103495424
0.9956932841433956
0.9951623830272649
0.9948085271877334
0.9946195033952526
0.9945803956161094
0.9946743507607133
0.9948832751217835
0.9951884587241782
0.995571126076912
0.9960129128483387
0.9964962688942772
0.9970047889311408
0.9975234730004542
0.9980389197262394
0.9985394562089704
0.999015209200848
0.9994581229313187
0.9998619295624767
1.0002220787189762
1.0005356328323132
1.0008011351512647
