0.8761314150309671
1.0961209638840554
1.2438814921379358
1.2688260673432665
1.192602938012767
1.07358469752683
0.9552405925654389
0.8559432922119569
0.7793190308639916
0.7233679112726595
0.6848167007699696
0.6606662052644374
0.648571221767343
0.6468194746119399
0.6542010790526723
0.669863427684581
0.6931743730802996
0.7235932143678886
0.7605440840123896
0.8032892958826664
0.8508078340781771
0.9016950598365737
0.9541113202610788
1.0058138894726458
1.0543003856942847
1.0970660205511924
1.1319347133722197
1.157382827225628
1.1727600093237034
1.1783400386193903
1.1751949664623962
1.1649457328216162
1.1494717139284656
1.1306529755948738
1.110187215971655
1.089489578079082
1.0696610806311064
1.051502840781329
1.035554470333697
1.0221406522839436
1.0114161165082598
1.0034042093854665
0.9980275705587784
0.9951313396484673
0.9945002474033819
0.9958712812386772
0.9989436179324545
1.0033873388982661
1.0088521593955713
1.0149770414932826
1.021401135996125
1.027776032483359
1.0337788305629318
1.0391251421977117
1.043580867925355
1.046971522528209
1.0491880484226446
1.0501884278030118
1.0499949159170259
1.0486872615212626
1.046392745233918
1.0432741669367376
1.0395170112647623
1.035316927961245
1.0308684325042035
1.0263554308041423
1.0219438659149835
1.0177765234663
1.0139698421792773
1.0106124618622352
1.0077651944078818
1.005462106472553
1.0037124367605768
1.0025031192279226
1.0018017330756357
1.0015597425924032
1.001715920286811
1.002199864239394
1.0029355266461577
1.0038446682936186
1.0048501473632874
1.0058789449550711
1.0068648280970858
1.0077505568288847
1.00848955679481
1.009047002540191
1.0094002875701693
1.009538892082579
1.0094636942472424
1.0091858020545468
1.00872500680801
1.0081079741382446
1.007366293201607
1.0065345000734176
1.00564817890239
1.0047422264655086
1.003849344862924
1.002998805547678
1.0022155075651733
1.0015193350616622
