7.513137004787261	0.9872049779993867
-4.585235820527527	0.9997244627387788
-7.145364387657476	0.9999992247301358
2.5432111710726346	0.9872049780802007
9.770257175468089	0.9872049779993857
8.752997296520078	0.9872049779993858
-9.794948107211514	0.9999999982626122
-6.310498002110179	0.9999947013435123
-2.7434393603655227	0.9919581222354438
-4.985463799330483	0.9998889292212952
6.93199925961968	0.9872049779993881
-2.241280334950373	0.9886959331990263
-8.82030239309036	0.9999999836114333
7.0945452071372905	0.9872049779993883
0.07554849744730774	0.987204981446881
5.411433466832843	0.9872049779994592
3.078617658776537	0.9872049780197033
-2.039546977652158	0.9879463751119408
-7.03379643891453	0.9999989976644612
7.049969870728788	0.9872049779993883
-5.778195790438763	0.9999819683330444
7.070023959738293	0.9872049779993882
4.515024281703965	0.9872049779999601
-5.221996292919462	0.9999353378711046
4.610403113447891	0.9872049780000178
-9.799201293729238	0.9999999982795444
4.7912985806911745	0.9872049779997583
-8.896429857971814	0.9999999862464869
-9.117179959729045	0.9999999917269794
-0.9680320127723085	0.9872050238614798
-3.422063284181518	0.9968765767892697
4.023108438268427	0.9872049780019206
7.724457833895141	0.9872049779993864
3.335700157346725	0.987204978009257
6.749625873537845	0.9872049779993906
-1.4664473780857268	0.9872300239119366
1.1186066982845375	0.987204980505254
-0.06477784362150274	0.9872049829762737
-8.653224149639232	0.9999999759220881
3.74962852465487	0.9872049780044528
1.3880631784185216	0.9872049792606553
5.779039632402544	0.9872049779994262
-5.91948077376518	0.9999869707092528
2.0962561238780086	0.987204978154045
1.6317313979627421	0.9872049786391177
-6.069392862646237	0.9999907713660436
-2.266794981348763	0.9888163466764736
-1.7082350559458739	0.9873514086124453
-6.087177283558414	0.9999911413849255
6.363171994376501	0.987204977999396
8.06260889224827	0.987204977999386
3.3838880977167776	0.9872049780095113
-1.4983777284031206	0.9872378855195335
9.83169034003723	0.9872049779993854
-0.882920565125854	0.9872050006630494
0.7221698232715887	0.9872049827224295
-5.021830569174828	0.9998977801487791
9.961691410243787	0.9872049779993859
3.5230236646185364	0.9872049780095842
1.6213361083027777	0.987204978639161
0.3221512080251223	0.9872049707015151
-6.9032172136252345	0.9999986461192633
5.989790097780773	0.9872049779994114
4.640660307891853	0.9872049780000205
-1.9195433176258714	0.9876495761838402
-2.922572429612713	0.9933894145943118
8.084413341025272	0.9872049779993858
-1.6156292855268006	0.9872845741647761
4.815002167002277	0.9872049779996738
-0.9969055206379718	0.9872050438798265
-4.8143538369595795	0.9998359794994099
-9.470579902598026	0.999999996333389
1.053654552609773	0.9872049804747041
-3.0901626154695094	0.9946931238384124
7.334941205442128	0.9872049779993868
2.9485755874621677	0.9872049780388669
7.232182490605407	0.9872049779993868
-4.340020667707982	0.9995231314032552
-4.099566530792389	0.9991924734812264
0.5543511498527351	0.9872049745510226
-5.257457935737171	0.9999403843642207
8.400826792532232	0.9872049779993856
-6.033227514829704	0.9999899705787808
5.938577876642563	0.9872049779994264
-0.9603021827931624	0.9872050199943638
8.31643285650265	0.9872049779993858
2.7648734689107854	0.987204978040548
-3.151906891795506	0.9951476620785799
6.835481246251373	0.9872049779993908
0.7916459020882591	0.9872049827117206
9.158740671354522	0.9872049779993857
4.380366326533661	0.9872049780006559
-7.826391025134307	0.999999838397881
3.7428258679584125	0.9872049780044547
-7.404263616795652	0.9999995728646893
-2.885957529552008	0.9930960682062885
-9.538905908583452	0.9999999968671546
7.95624208085275	0.9872049779993859
-4.46047201148843	0.9996353643565266
-6.925237350793649	0.9999987130474535
5.333303998653122	0.9872049779995467
-7.714525984468272	0.9999997909209322
9.47364510364379	0.9872049779993857
9.94412467313289	0.9872049779993858
-5.449690070782229	0.9999616424385259
-1.0227743009640733	0.9872050732774167
-3.2859448904669897	0.9960634584312117
-0.6347476739257907	0.9872049890625801
9.636824049330535	0.9872049779993859
-6.09840133928496	0.9999913672439614
9.82475920869879	0.9872049779993856
-4.29821124955311	0.9994768959534497
3.982604488346272	0.9872049780019279
-2.488262123345817	0.9900839147929441
-0.4627369516896138	0.9872049819162664
1.6407809086747704	0.9872049786387848
7.800202922305335	0.9872049779993863
-9.053524121557697	0.9999999904210097
-2.5583499680165334	0.9905648077706803
0.7026791606610203	0.9872049827624703
-0.14781343867100283	0.9872049830812225
-3.447683626480207	0.9970155547097063
5.290717410250657	0.9872049779995447
-9.130416563347673	0.9999999919753244
-7.136866012190635	0.9999992094110838
9.21736068701414	0.9872049779993859
0.5146971758801158	0.9872049708264783
9.539661278876803	0.9872049779993854
5.173558815913509	0.9872049779995473
-6.828370617841744	0.9999983915099728
-9.227376746309094	0.9999999935809984
8.971397376949582	0.9872049779993858
-5.139153340940799	0.99992183131767
8.989156381667254	0.9872049779993858
-3.8606738014822506	0.9986612476953367
4.120614201265273	0.9872049780019216
-1.2065688763091753	0.9872064445929942
5.339082302632097	0.987204977999548
4.690248903153002	0.9872049780000206
-7.432394803141409	0.9999995996542942
3.4526310289230224	0.9872049780095132
2.2523002457704457	0.9872049781606868
-0.20848560323144838	0.9872049832015329
-1.34034265615092	0.9872122200886757
-1.4711828804563112	0.9872310851893126
-3.452535324506485	0.9970413628822089
0.06537865858028624	0.9872049814544656
8.848482392065335	0.9872049779993856
-5.026777554358284	0.9998989287910021
9.110119941935618	0.9872049779993861
9.074930168261922	0.9872049779993859
7.216951630090062	0.987204977999387
-1.5982124025840871	0.9872752499278503
7.725643437791781	0.9872049779993864
1.997517800536155	0.9872049783191035
0.09875911748540744	0.9872049814480132
5.706556301414935	0.9872049779994246
8.098790519323622	0.9872049779993859
-1.1027590570303492	0.9872053063853694
-1.9696832698775637	0.9877607518908454
0.19765102855134664	0.9872049813247015
-6.984512873693984	0.999998877225419
-6.587191979183062	0.9999971974294515
-4.023285530222873	0.99904879575154
4.220630485515343	0.9872049780005346
-7.6529951067459745	0.9999997590980307
3.7210374881656882	0.987204978004451
8.782443730779889	0.9872049779993859
4.529695493783992	0.9872049779999755
3.608250793217266	0.987204978004021
2.9185770360862087	0.9872049780399644
5.7844515236680305	0.9872049779994257
-2.983373852824771	0.9938717660349158
8.962434739806184	0.987204977999386
8.392568070665824	0.9872049779993858
1.3393321102171853	0.9872049792643617
9.5059829623853	0.9872049779993857
-0.39913839188841393	0.9872049814928322
6.886724074634959	0.9872049779993894
-2.4625163398404037	0.9899166540297114
6.005414774612259	0.9872049779994054
-5.587305578928725	0.9999720366702354
0.8513754595675316	0.9872049822426789
1.5707064644652426	0.9872049786428716
-2.198560723009537	0.9885070753397944
-5.653191943899949	0.9999759654507037
8.919690241785496	0.9872049779993854
5.020843521706176	0.9872049779997022
-1.0125681363320318	0.9872050600324418
-7.678166247235563	0.9999997726632384
-1.9703483433045612	0.9877623465856437
5.663967436592653	0.9872049779994594
8.222396381979891	0.9872049779993862
-5.780871035738024	0.9999820789094861
-4.406250118704214	0.9995884253471714
-7.812688776492034	0.9999998332180285
5.48067811025437	0.987204977999466
2.87895971088178	0.9872049780398967
-3.451375860809205	0.9970352099898516
5.278064471251405	0.9872049779995447
-6.659247347505075	0.9999976258101845
-3.334752029600865	0.9963692651160494
8.055836546423265	0.9872049779993861
4.636065816562773	0.9872049780000203
4.6543626338935695	0.9872049780000198
3.9689341844181456	0.9872049780019657
-3.435588972257948	0.9969505112698916
6.189446607986536	0.9872049779994057
0.9822656032115429	0.9872049804653423
-8.775993036642937	0.9999999818511169
-1.059060437306698	0.9872051440638593
-6.899786013487845	0.9999986353814434
-5.964478500429893	0.9999882519313519
-4.480398964670993	0.9996512739535143
-4.831311489481456	0.9998421832370659
-6.9426451202974215	0.9999987636070697
5.53016108289485	0.9872049779994648
5.65360953853315	0.9872049779994652
-2.693690846421819	0.9915713263792427
3.4778870130714736	0.9872049780095308
-9.565324569447057	0.999999997052048
9.85729810188948	0.9872049779993856
-0.4152931298720155	0.9872049815968325
8.5331013195322	0.9872049779993857
-4.925889576688234	0.9998727606284181
-0.6294115629959673	0.9872049880375913
-3.040172237837071	0.994313505815326
-0.9563919346862004	0.9872050182222212
5.1622307884856244	0.9872049779995479
-5.215359666140542	0.9999343472513323
-5.575812402058111	0.9999712884471477
-5.813290746548434	0.999983366314119
-2.836477868964007	0.9926986578600017
3.932093258599494	0.9872049780017917
9.60678017802421	0.9872049779993857
-7.898333109812938	0.9999998630676914
-6.909236111481976	0.9999986647514914
8.57358025385853	0.9872049779993856
7.453540291577724	0.987204977999387
-5.2421203072147415	0.9999382516678303
-5.065512847284066	0.9999074909335921
-4.6402579541810685	0.9997566297140877
8.212622905660073	0.9872049779993862
5.6852358238205625	0.9872049779994405
1.7164911839652763	0.9872049786427759
4.65826157991636	0.98720497800002
-3.1190636455602094	0.994908159186183
-4.728007971148931	0.9998004621110048
-5.843107918891244	0.999984468666644
5.010530337914464	0.9872049779997011
5.695086125425837	0.9872049779994319
-9.522191129657447	0.9999999967442293
-9.894070928953465	0.9999999986171562
8.703470372785013	0.9872049779993858
1.9321446013174448	0.987204978321146
1.4636009434117625	0.9872049789835524
-1.101582879243761	0.9872053004564013
4.1916530680883	0.9872049780008139
2.1994268563539556	0.9872049781599633
-8.685692812347865	0.9999999776565535
1.9468601100205127	0.9872049783209113
-3.648662599706096	0.9979504045634245
-6.339664225304205	0.9999950453691597
-3.640959405130091	0.9979195179076746
-8.11534434924873	0.9999999169200167
-3.4700906322030978	0.9971333891813616
-5.109619574276412	0.9999163665065278
7.298920274509943	0.9872049779993871
-3.4643817459422532	0.9971036962137186
-4.973422855149017	0.9998858344466697
3.7386239199692497	0.9872049780044558
-4.6574286368357365	0.9997658922156731
7.7178939072407715	0.9872049779993868
-1.6410145012617416	0.9872998390793467
0.6616132102008621	0.9872049826000963
3.2547534872069974	0.9872049780183353
1.8097464377694195	0.9872049782904104
2.5600539142185283	0.9872049780802339
-9.995820061985254	0.9999999987810202
-8.529785204601016	0.9999999680068188
-4.1993136713881585	0.9993498574666511
-9.885274330115369	0.9999999985888615
0.4332914317268646	0.9872049710788907
-4.756473327196442	0.9998129368022094
-1.0531684138299013	0.9872051295128432
-0.7349729467848221	0.987204995178588
-3.451349138057913	0.9970350680716289
6.396857650231645	0.9872049779993958
3.651384624619137	0.9872049780045428
-8.520380304290885	0.9999999673064307
2.6304601788354454	0.98720497808187
9.761801749278312	0.9872049779993858
-6.507035053431376	0.999996629500878
4.639084430659075	0.9872049780000204
5.128346897545226	0.9872049779995314
8.743810332146602	0.9872049779993857
4.587837323500832	0.9872049780000203
-1.6713715595494438	0.9873209967264814
-6.059328259064527	0.9999905551588987
5.118252017774747	0.9872049779995293
4.964101103077979	0.9872049779997032
7.854081108383081	0.987204977999386
2.9588620350533468	0.9872049780352571
9.098009598809263	0.9872049779993861
5.28105863276739	0.9872049779995448
-6.84128336724009	0.9999984386249273
-8.041452863569386	0.9999999015110723
-7.437340855914725	0.9999996041877076
4.383259375789233	0.9872049780006553
3.8636674096515513	0.987204978003787
-4.3365222104230705	0.9995194182685613
-3.341698177515249	0.9964115012607849
0.42838363035555993	0.9872049710801287
8.200425823783341	0.9872049779993861
-1.7849111977726082	0.9874333384170425
7.768014686481941	0.9872049779993867
0.6535989002519482	0.9872049825305397
-9.756735788807443	0.9999999981028169
-9.4086183778542	0.9999999957711105
-3.55335182298008	0.997541010440335
-6.067359856499719	0.9999907280957239
-4.522227918043735	0.999682504438888
-1.8764849844699718	0.987567505166371
5.051638913844343	0.9872049779997031
-9.847745184006694	0.9999999984614928
9.072087671534756	0.9872049779993858
5.05611049056597	0.9872049779996948
3.6157980138872112	0.987204978003962
7.568305953250576	0.9872049779993864
2.131381162220487	0.9872049781564765
6.0104965602884874	0.9872049779994045
-9.556383459550212	0.9999999969907275
-4.677744485163555	0.9997764051231763
-0.5281181408025759	0.9872049824708748
-0.14165206591267854	0.9872049830741197
-4.274201154565174	0.9994484329715647
-8.666580617467474	0.9999999766513192
-2.8916411357848304	0.9931416771865891
1.1722276003823762	0.9872049796565889
0.7680042870777637	0.987204982746284
-0.4453480056764647	0.9872049817793751
-5.892225084672624	0.9999861277201842
-0.8603356388224892	0.9872049987160398
0.8527092111075838	0.9872049821803739
-0.7877639504400058	0.9872049959756716
3.9268509705218957	0.9872049780017358
-8.126453688655037	0.9999999190182505
1.83831562581204	0.9872049783220689
-3.933544952847301	0.9988497903186432
3.719157930314312	0.9872049780044488
9.658867341571064	0.9872049779993858
-5.514563814502913	0.9999669510330463
6.160442038209979	0.9872049779994052
-4.364106068470801	0.999547955610841
-2.267440461178576	0.9888194667419372
-4.849174854194427	0.9998484678412753
-3.245872403218084	0.9958009023556126
5.98982382809953	0.9872049779994113
3.998643795868011	0.9872049780019079
-2.0956658256935823	0.9881220640939677
1.091267497655819	0.9872049804623477
5.216715118846	0.987204977999544
4.231175827090254	0.987204978000578
-2.9579356857999617	0.9936709205694092
-0.5195385005777595	0.9872049823713578
-7.535359239135793	0.9999996841552481
5.273100484633769	0.9872049779995448
-2.929605353753546	0.9934455803289077
2.6886330161740233	0.9872049780433694
-9.27193629182947	0.9999999942069406
2.868799224206068	0.9872049780398919
0.6562863502676777	0.9872049825487723
4.99392724009677	0.9872049779997029
-1.4352159510831655	0.9872238667732431
3.629090610350554	0.9872049780041502
-8.619474916352754	0.9999999739763633
2.4254391130910378	0.9872049780755524
-4.390923984128747	0.9995741304735359
-4.576217939054117	0.9997188080500582
-9.661715638652758	0.9999999976388182
2.0768098950194833	0.9872049782066274
4.311210663102042	0.9872049780006493
-8.79897167303984	0.9999999827864025
2.087822475808032	0.9872049781713936
9.621717321499517	0.9872049779993858
9.213344577447508	0.9872049779993858
-0.5563828148602301	0.9872049829422047
7.565363545456432	0.9872049779993863
-7.064191350491917	0.999999065411296
0.7127913786566697	0.9872049827343913
5.203978395833717	0.9872049779995437
7.060086625976748	0.9872049779993883
-0.5496018025102991	0.9872049828146704
9.214167682475612	0.987204977999386
-9.090980577124093	0.9999999912125406
3.5624481681691513	0.9872049780082046
5.252465733401808	0.9872049779995444
-4.136581701833522	0.999254649439485
-4.091913805836804	0.9991790278743476
8.837560560738705	0.9872049779993857
-7.5465735673015555	0.9999996922064206
9.117489384125726	0.9872049779993859
-7.012538478042392	0.9999989473852811
7.127818448396113	0.9872049779993886
-7.123405599488319	0.9999991845256309
2.433515036527787	0.9872049780784596
-3.7526603537620096	0.9983314500790758
0.067506945844368	0.9872049814523878
-1.5123269985321652	0.9872418292549029
6.469627834217967	0.9872049779993954
-9.431248106295405	0.9999999959858223
-6.038690177098536	0.9999900958449455
6.361896590544735	0.9872049779993961
-8.280208173134502	0.9999999431626797
3.8427546450014525	0.98720497800453
6.5476737237121085	0.987204977999396
7.9236958474294426	0.9872049779993859
7.9045635112578125	0.9872049779993862
-7.39666571633856	0.999999565326555
-4.955388599241806	0.9998810387650688
-2.059630013786138	0.9880064859354165
-0.5678588837479737	0.9872049831650903
-9.086441851958007	0.9999999911202249
-4.822823279199073	0.9998391074494827
6.503885067090188	0.9872049779993958
5.865498737444689	0.9872049779994257
8.917065821631766	0.9872049779993858
7.9822057048439845	0.9872049779993857
0.8957359003068088	0.9872049803379657
-2.3081791651011674	0.9890237715609227
1.6879522417437176	0.9872049786372259
-7.356674144185282	0.99999952340082
5.564880666157501	0.9872049779994649
-8.816654876586135	0.999999983473211
-6.448630031450748	0.9999961444814198
7.49719555976311	0.9872049779993869
-1.4818343654395214	0.9872336059349673
-0.742324436390831	0.9872049952748909
-2.3811949600729454	0.9894245508005991
-4.635586499459232	0.9997540481715014
0.47082542226388213	0.9872049710211899
6.259757604133842	0.9872049779994053
-2.392646085765997	0.9894911861792766
5.180724794111153	0.9872049779995462
2.2327566395177723	0.9872049781607983
6.260085822228913	0.9872049779994053
-6.408061238845644	0.9999957670921659
5.025898395170515	0.9872049779997041
-6.728469014240059	0.9999979755554554
-6.5347199115064925	0.9999968376031173
-1.289449610705752	0.9872090260020971
-3.601889011736543	0.9977569628109051
4.43901111519672	0.9872049780006812
-3.0679460197894226	0.9945254801768266
-8.077859023536647	0.9999999094306017
7.75209354341105	0.9872049779993866
0.8982212254420894	0.9872049803075232
-0.7295997481639347	0.98720499509901
5.873200222019378	0.9872049779994255
-4.0482279068058435	0.9990981949938468
7.89428197938696	0.987204977999386
-5.044117465888447	0.9999028547459604
-5.740929481622574	0.9999803552065955
-7.604031683181174	0.9999997303485045
6.683788050745719	0.9872049779993909
1.9169023141734165	0.9872049783209651
5.955796050345818	0.9872049779994254
7.085674338170339	0.9872049779993882
-1.9261496852509516	0.98766321819753
-5.653739085941241	0.9999759956548488
-3.7791981596968816	0.9984184143381714
-9.292120115129979	0.9999999944700116
-4.079617948858538	0.9991569862965837
-2.181564006954231	0.9884362145467386
-7.275668289358008	0.9999994256778116
1.3160859259100341	0.9872049792645885
-1.2574108984838528	0.9872077229019764
-5.3427119176084	0.9999509694889149
6.754503000489905	0.9872049779993903
-5.210788635670509	0.9999336561873365
-1.0331293414715113	0.9872050893156601
0.015555128152954012	0.9872049813992524
6.224041381515409	0.9872049779994053
2.3611686830146272	0.9872049781348207
-5.379738858281651	0.9999549623978727
8.491856097653173	0.9872049779993856
-7.96030763112197	0.9999998812777875
4.134045407221736	0.9872049780019706
9.84569369008025	0.9872049779993854
4.71329766220116	0.9872049780000165
-3.7011986238064676	0.9981511150221553
7.078382526616945	0.9872049779993882
2.9779318688722256	0.987204978026324
0.7128922726729456	0.9872049827341793
-9.722304965582067	0.9999999979462849
2.858655659945928	0.987204978039849
7.487042565427963	0.9872049779993871
2.0969706581133494	0.9872049781530442
6.305670799630914	0.9872049779993959
-7.512693082665782	0.9999996672338487
-1.6416242542088675	0.9873002321046992
-4.042391455046106	0.9990868530674211
9.420144609060689	0.9872049779993858
5.833328666324062	0.9872049779994255
-8.811421079729925	0.9999999832728373
4.177944087248452	0.9872049780011966
-1.4014844489614209	0.9872186468601474
-6.350260773921392	0.9999951647532985
-7.155702028661586	0.9999992429651161
-6.6793925230836715	0.999997733404348
8.10994405392183	0.9872049779993857
8.070614124218206	0.9872049779993857
1.1179723996968516	0.987204980502853
3.726965779796103	0.9872049780044555
3.199052900611857	0.9872049780195293
3.230751117659384	0.9872049780200228
-6.708559969963912	0.9999978806056673
-0.9692069580536788	0.9872050244936983
3.95468808848201	0.9872049780019724
7.21163368168002	0.9872049779993869
-0.024817840631484955	0.9872049818248072
3.0000912556170523	0.9872049780186483
7.249490605556321	0.9872049779993869
-3.7085290920241487	0.9981777686618991
-5.708272727523518	0.9999788235980742
-3.672252695284932	0.9980426539188726
-5.052263757412292	0.9999046465510925
-7.105016329300917	0.9999991492569853
1.2767211525128452	0.9872049792639432
8.111870355948419	0.9872049779993858
-9.91077742936254	0.9999999986693395
0.05066030188638493	0.9872049814680344
-9.256160396403331	0.9999999939926368
8.87139213443756	0.9872049779993856
5.1784519456448574	0.9872049779995467
1.4089288343654651	0.987204979261284
-0.6634516621187192	0.9872049939465476
-9.094821445617804	0.9999999912899122
4.382181851773952	0.9872049780006558
-9.570431233402061	0.9999999970865089
1.3603271273368343	0.9872049792655757
1.7115463743440742	0.9872049786382702
-7.730293274331426	0.9999997983754235
-2.7958991657940535	0.992373459874852
-0.8586362384895718	0.9872049986011256
-4.612082195987486	0.9997406463490104
-6.353070353754937	0.9999951959217601
1.058390482161812	0.9872049804759707
-6.09485571061092	0.999991296524728
-3.5548041840439337	0.9975477013070148
-6.701696287839001	0.9999978468498334
9.47803846651258	0.9872049779993857
9.772712934674775	0.9872049779993857
-7.889568836318719	0.9999998602763155
-9.84719384531668	0.9999999984595385
2.7785744299429282	0.9872049780399454
-9.776031344580836	0.9999999981852635
-0.41172607805009775	0.9872049815789361
-8.914766943234378	0.9999999868151065
9.334034965466728	0.9872049779993856
-2.373783745820064	0.9893819538544852
-4.102488540769875	0.9991975528921637
-1.3395927791578632	0.9872121609255595
-7.307447759291494	0.9999994662009776
-3.4355947347224003	0.9969505424998971
0.46193944859829195	0.9872049710166017
-0.7695400994885748	0.9872049956412922
-6.112013413418205	0.999991633450245
6.054061928356411	0.9872049779994059
8.634492043209182	0.9872049779993857
-7.831361690612928	0.999999840236896
4.348961018927895	0.9872049780006543
-4.759673304668133	0.9998142902033926
-6.1870851644087965	0.9999929608593969
-9.835031719693713	0.9999999984157889
8.080819395161004	0.9872049779993858
8.585389266105746	0.9872049779993857
-9.936606479613715	0.9999999987461688
3.0428924281174474	0.9872049780197294
8.709540005635994	0.9872049779993857
-6.2070394196970735	0.9999932767984918
-2.4420303295712475	0.9897883506221657
5.51388138617197	0.9872049779994648
3.6606950753321854	0.9872049780045645
-3.412519820131905	0.996823650328867
5.387743534405015	0.9872049779994884
-4.893301380193482	0.999862951499807
-7.303068947170743	0.9999994607918955
-0.10223704232499742	0.9872049830066633
8.48880843632578	0.9872049779993858
-9.817550756549739	0.9999999983507213
9.947907795637569	0.9872049779993857
1.0181699699194002	0.9872049804748981
0.5303040069931608	0.9872049706631446
-5.0702969914437634	0.9999084971782966
-8.720447544945987	0.9999999793749282
5.626759742564605	0.987204977999465
-6.248568239848198	0.9999938896215902
0.7252098152688404	0.9872049827214232
-1.3958937947330838	0.9872179090163165
-4.893953790170129	0.9998631550296622
-1.8760887990720008	0.9875668099515338
-4.862742197080525	0.9998530751747883
-4.968338510902162	0.9998845021470805
-8.156367588076204	0.9999999244084337
-4.010108787107853	0.9990217022923936
-4.290019793663822	0.9994673470597738
-8.429044968777252	0.9999999596542958
0.1725808801946691	0.9872049814694548
-6.1370785926532445	0.9999921023642849
-7.051987381177769	0.9999990387781872
-7.710439977712329	0.999999788944594
-6.108865039265741	0.9999915726173193
0.7868008343745192	0.9872049827205117
-4.443799862020272	0.9996215137117131
-5.365141101536537	0.9999534284394456
6.557367990616484	0.987204977999396
-0.7419116955481275	0.9872049952697357
3.6414149350811655	0.9872049780044203
-7.532907867408323	0.9999996823674804
-8.02015814839621	0.9999998965615499
-5.828709537888899	0.999983945775469
3.7977349563759155	0.9872049780044346
-1.481298699027814	0.9872334747276637
-6.171540491884451	0.9999927044902582
-2.8928983614770942	0.9931517632533541
2.8774838517575763	0.987204978039901
-4.462851224491615	0.9996373003585636
8.295985857546274	0.987204977999386
-3.8514753138476854	0.9986355862076188
5.543567871224555	0.9872049779994649
-2.7837646915656267	0.9922765494531683
5.968878048532563	0.9872049779994212
-6.014977948965625	0.9999895405047018
0.4375906703399721	0.98720497107488
7.428289294651048	0.9872049779993869
4.683188379117183	0.9872049780000214
-9.56789363009252	0.9999999970694352
-6.43179740933479	0.9999959921614596
8.700713662343063	0.9872049779993857
-6.632654149678965	0.9999974759157977
-1.6911165606740077	0.9873366019294926
6.885508056056594	0.9872049779993897
8.063496829430918	0.987204977999386
5.256350544207461	0.9872049779995445
8.454146026079012	0.9872049779993857
2.917872120865681	0.9872049780399226
-8.91995903088192	0.9999999869717956
-9.142272966496932	0.9999999921914374
-2.847519135196235	0.9927873222438671
0.2889404565495024	0.9872049711379722
-2.03783246874504	0.9879413828596906
7.9864202144872785	0.9872049779993858
-6.887809360295343	0.9999985972294222
1.351844227854162	0.9872049792644684
-8.895328930841963	0.9999999862115778
-6.196423611847508	0.9999931105229397
-7.338987933886334	0.9999995035919544
6.061377886118752	0.9872049779994061
8.019001435421373	0.9872049779993862
8.850926820112988	0.9872049779993856
-1.6938673488297376	0.9873388993057169
1.3806728803242443	0.9872049792644269
-8.350793224753804	0.9999999516886883
4.828337449876106	0.9872049779996779
8.798334735173057	0.9872049779993857
-8.920437020699161	0.9999999869861266
2.453128559051411	0.987204978081967
-1.4940588221258189	0.9872367261359715
4.066935971124725	0.987204978001923
-8.928487529111578	0.9999999872251427
-2.0936521958040455	0.9881153502660268
-6.081261414240835	0.9999910199760388
4.073100158218708	0.9872049780019243
-1.2263800056399532	0.9872068614347665
0.9961636785943142	0.9872049804644821
7.453049266122996	0.9872049779993872
5.136238574710855	0.9872049779995365
4.431968465049923	0.9872049780006744
1.6230519597800974	0.9872049786392094
-9.985287127414072	0.9999999987810202
3.749983741272281	0.9872049780044527
0.9941763839742546	0.9872049804637313
5.896521912203884	0.9872049779994252
-3.137058048385404	0.9950400376311028
-0.6761969280856217	0.9872049947585915
6.159127380070153	0.9872049779994054
1.9131779917920966	0.9872049783207208
-7.260187236003874	0.9999994048370258
5.452450730572345	0.9872049779994657
6.634839693856357	0.9872049779993902
6.443647022728619	0.9872049779993957
-6.101066034006748	0.9999914200143991
-3.1655257138154758	0.9952453776337176
0.6994338568570093	0.9872049827719177
6.480192631892404	0.9872049779993957
-1.2054112008072124	0.987206422619584
5.783737503347801	0.9872049779994257
3.4714136498541706	0.9872049780095282
-8.953561407018311	0.9999999879418061
1.1615902332688144	0.9872049799607111
9.867109807830168	0.9872049779993859
2.9933319043619697	0.9872049780202077
-6.6390523096893705	0.999997512821666
6.400812513727864	0.9872049779993958
1.7166314246136771	0.9872049786429206
-6.968181165763729	0.9999988342039189
6.507378322337026	0.9872049779993958
-2.362932357346703	0.9893203617081906
5.526652427198808	0.9872049779994649
-7.046562273148855	0.9999990266964247
9.59382489085926	0.9872049779993859
-0.6121200115389982	0.9872049853276055
8.130776896429026	0.9872049779993856
-3.010662573689511	0.9940853115243026
7.064651104052537	0.9872049779993883
2.1432496964080663	0.9872049781627613
6.447913149252059	0.9872049779993954
-4.695429087784335	0.9997851778884445
-7.449638634179139	0.9999996152382178
-5.558100484807484	0.9999700960840561
-9.230357587919267	0.9999999936249055
-3.7955758992462973	0.9984701050588993
-2.9972860248140876	0.9939809084027681
-0.8858667934798348	0.9872050009872343
3.1256894704596725	0.9872049780196412
9.929221846947382	0.9872049779993857
0.07561884734545998	0.9872049814468535
-6.682518019557162	0.9999977496546977
5.708802936760078	0.9872049779994236
-6.393414784460427	0.9999956219535963
4.77983467462311	0.9872049779998401
-2.802555502800921	0.992426729550362
-0.25453720562250126	0.9872049833024121
-1.8492870679948314	0.9875227191659652
-5.615182184210221	0.9999737716338629
8.623492530335042	0.9872049779993857
1.496554312253453	0.9872049786020303
-8.763733273780169	0.999999981331489
1.7015032897851068	0.9872049786347381
2.684340634233866	0.9872049780466401
5.964372610271052	0.9872049779994232
5.3151972326579475	0.9872049779995438
6.307839248943768	0.9872049779993955
7.344181927793564	0.9872049779993868
7.049501554547216	0.9872049779993886
4.6120169943077585	0.9872049780000179
-3.022336838003019	0.9941759536259376
1.7442177732179722	0.9872049786245024
-7.78167609897225	0.9999998208728629
7.323009331564165	0.987204977999387
-5.490856702608737	0.9999651018664538
-4.456978391629982	0.9996325033444896
-0.9238173653002857	0.9872050074458159
-5.950881367777501	0.9999878786491763
-7.585769136624543	0.9999997187679197
-8.536856320940265	0.9999999685235086
8.98263565527174	0.9872049779993858
0.764435027677802	0.987204982746687
5.942083880488074	0.9872049779994266
-4.306559924613804	0.9994864592611411
-5.814385745267008	0.9999834081461606
-8.168524769826671	0.9999999264951304
-6.115371115277433	0.9999916978443603
4.730695627009599	0.9872049780000282
2.6079840037218904	0.9872049780797374
-8.69892686739799	0.9999999783271406
-2.3954554004229633	0.9895076782193968
-0.46376070717156637	0.9872049819243822
-7.806001435985306	0.9999998306300337
-1.7683964588563548	0.9874134050148582
-9.51749783077139	0.9999999967088546
-6.095198717771346	0.9999913033913803
0.30884607310439094	0.9872049703384735
-1.9976091294162543	0.9878305289892011
-2.8128096577471196	0.9925088533771399
-4.570310940060267	0.9997150427257028
-8.988578452701157	0.9999999888758908
5.035365566556557	0.9872049779997087
-8.993859900164999	0.9999999890103501
-8.672928839576755	0.9999999769901334
6.745396174946556	0.9872049779993906
8.636643011668717	0.9872049779993854
-6.702255079427295	0.9999978496179751
-7.143986196001499	0.9999992222661462
1.1454589352705025	0.9872049803620471
-7.115542480634209	0.9999991696274946
-9.901580788714233	0.9999999986408623
-3.944314787679155	0.9988755277263508
-6.15421110641968	0.9999924076722772
8.80098106968805	0.987204977999386
-0.9908240841030214	0.9872050387522204
5.317284533455489	0.9872049779995437
4.642893457195264	0.9872049780000204
7.6156959528577595	0.9872049779993863
8.77421242169184	0.9872049779993858
5.6917542449151615	0.9872049779994344
-1.3522066516089595	0.9872132123983857
3.221349670561061	0.9872049780197475
8.53072908082082	0.9872049779993859
-9.894005661299495	0.9999999986169484
-5.2803565897851445	0.9999434327205581
-4.446424933308779	0.9996237278942203
-1.9430258033092187	0.9876994377232717
-7.3379272005430085	0.9999995023780822
5.54613619362172	0.9872049779994649
-2.169083491308399	0.9883861976268979
5.6221303832116085	0.9872049779994645
-6.556375362839937	0.9999969913880871
-5.060172917551502	0.9999063548085356
6.746347758288191	0.9872049779993907
6.860152394586532	0.987204977999391
9.44712498054345	0.9872049779993856
2.748579690154976	0.987204978040569
9.50232885211431	0.9872049779993857
9.348915691165388	0.9872049779993858
3.078953355689782	0.9872049780196962
-4.893712316753036	0.9998630797329934
2.94657900885273	0.9872049780393647
2.4716325834841424	0.987204978080932
-4.135941792986544	0.9992536137913544
0.18392754752926876	0.9872049813887022
1.7019243419329335	0.9872049786347581
3.0673323401642314	0.9872049780199569
0.6888471826091536	0.987204982789404
-0.31946661663923237	0.9872049830635325
-9.542840770242735	0.999999996895411
0.7726660339908662	0.9872049827437572
1.9769881884165308	0.9872049783213713
6.025198399678793	0.9872049779994037
7.2323377498588854	0.9872049779993867
-8.476164765996987	0.9999999638025943
-7.8315682346526305	0.9999998403128573
3.4973191121862612	0.9872049780094755
-7.706950587019348	0.9999997872420491
-3.5431734952553207	0.9974937195994622
-3.0841340065539002	0.9946478087987664
-0.4723745880617525	0.9872049819923155
-2.0162158360588034	0.9878803006803915
8.573067832095923	0.9872049779993857
7.84946150673132	0.9872049779993858
-1.6689715974534547	0.987319202507249
8.285582258664313	0.9872049779993859
8.336854025988796	0.9872049779993858
-6.328575767608622	0.9999949172890213
-4.926865636588551	0.9998730434458564
-0.24329480841428364	0.9872049832772231
1.8989941519772344	0.9872049783195421
-4.078695299299873	0.9991553103091344
7.061156292721368	0.9872049779993881
-7.206392909717505	0.9999993263601464
-0.22401154797961453	0.9872049832403773
7.37966231978449	0.9872049779993871
3.9689589267656267	0.9872049780019656
3.233355309061272	0.9872049780200568
-7.891565065790633	0.9999998609170637
1.2358274293751705	0.9872049792665076
-1.5946931838582756	0.9872734689863291
-3.561679233734676	0.9975791808543316
1.9921466294316978	0.9872049783197236
-6.167845517288231	0.9999926421912968
-5.68686420549072	0.9999777554036098
-1.783221534487268	0.9874312385660489
-8.840948685206182	0.9999999843723137
8.382032522425003	0.987204977999386
7.423885308662051	0.9872049779993868
-9.381264187658607	0.999999995496189
0.6011083353278082	0.9872049836512347
-6.431267835917507	0.9999959872729067
2.601578756697629	0.9872049780796943
1.0814487300198792	0.9872049804724534
9.45411300710715	0.9872049779993854
7.876676722298662	0.987204977999386
3.2813777509553823	0.9872049780123064
-7.381242262554375	0.9999995496127615
-5.4568901706003325	0.9999622712693069
6.7602871864440885	0.9872049779993904
-3.162629826379013	0.9952246810116331
-8.906021455737022	0.9999999865469096
9.060568569408542	0.9872049779993858
5.42213435607831	0.987204977999457
-1.7649041849751903	0.9874093593111053
1.4793764534217821	0.9872049787563781
5.687264327489503	0.9872049779994385
0.5081842872876852	0.9872049710542903
0.33280433314924807	0.9872049710505582
7.407184626874198	0.9872049779993869
2.630098559040892	0.9872049780818529
-5.14849040589767	0.999923484061413
5.894544098170748	0.9872049779994254
-4.45735915707941	0.9996328162180678
-3.613370088503274	0.9978057617424839
1.0095888625483607	0.9872049804719573
-9.758925634232526	0.999999998112359
-1.9261264156491862	0.987663169628575
-3.7235616503838997	0.9982314136772782
5.154134248773779	0.9872049779995465
-0.39093058706338724	0.9872049814022748
-7.289642225399655	0.9999994438620774
6.954265823272049	0.9872049779993884
-2.026695088723396	0.9879094797716759
-4.85990480370706	0.9998521232241089
5.158596249079448	0.9872049779995475
6.86943318613401	0.9872049779993904
7.012586675195507	0.9872049779993884
1.685860162387316	0.9872049786378145
-4.788586724424961	0.9998260893204833
-1.5566866323613873	0.9872566254913087
0.18529047299138313	0.9872049813766205
-5.1375409449440435	0.9999215423383392
2.8815988562314665	0.9872049780398829
-4.079768116178468	0.9991572587814476
2.1614905824035837	0.9872049781636868
8.04317172988377	0.9872049779993864
-7.91236266627124	0.9999998674204598
-1.3483923271530998	0.9872128815904833
-8.97710071842138	0.99999998857798
3.8743946765421455	0.987204978003158
-1.3211865600039108	0.9872108319857326
6.875804487695806	0.9872049779993901
0.3385842979073459	0.987204971160883
-6.3296438168031965	0.9999949297684098
-8.30215875264432	0.9999999459640158
1.4549190524682576	0.9872049791071448
-2.9463806265792503	0.99357920357518
7.895998241078225	0.9872049779993859
3.311667810585197	0.9872049780085428
3.7938808325085294	0.9872049780044433
-3.4329475515745544	0.9969361718289043
-0.7214090053378008	0.987204994955817
2.5275083977164883	0.9872049780802552
-4.983025725904202	0.9998883093738365
-4.461365302300142	0.999636092414883
8.610907162563969	0.9872049779993858
0.6684229104954742	0.9872049826776741
-4.287746676029052	0.9994646678166782
-3.1135966392603454	0.9948677827333886
3.4120427739490022	0.9872049780094894
3.468256294471308	0.9872049780095251
-0.47713422398364713	0.9872049820294649
-6.417164675698737	0.9999958548683455
2.0649984022105308	0.9872049782513732
1.1668540933611116	0.9872049798092681
7.530354720880791	0.9872049779993866
0.9065329814967349	0.9872049802693788
-2.7958766000900592	0.9923732793770538
6.705129917311794	0.9872049779993908
1.306642265582333	0.9872049792620716
1.0059168115710584	0.9872049804698861
9.186662646993696	0.9872049779993857
9.910117875637582	0.9872049779993856
-1.8950882433973106	0.9876014929490194
3.0025755889554127	0.9872049780182768
4.629129718382799	0.9872049780000203
-9.306210565942248	0.999999994646549
5.904684149151755	0.9872049779994253
-8.392436432076193	0.9999999561059385
-6.764955107881883	0.9999981386616041
8.422795619892764	0.9872049779993858
3.369999430317012	0.9872049780096612
-2.5050026830829397	0.9901959199770713
8.162839187783284	0.9872049779993859
3.9310104323068416	0.9872049780017793
2.173536802933281	0.9872049781616261
2.3156460652404576	0.9872049781609946
-3.2495197484599947	0.9958252157825713
6.723876166952486	0.9872049779993909
9.992393936487375	0.9872049779993859
1.6253703297456603	0.9872049786392332
1.218814720302408	0.9872049791835616
0.7211788279686182	0.9872049827230263
0.4571598301143851	0.9872049710261737
-4.460025497397986	0.9996349999042612
-7.448887254423129	0.9999996145719819
-8.191266871054648	0.9999999302451483
-9.156842030762604	0.9999999924490413
-2.3527797843240883	0.9892635731565917
1.062225568987456	0.9872049804769147
-8.473017279809053	0.9999999635393084
-9.099007531318314	0.9999999913734627
-6.90506647629368	0.9999986518713853
-0.2029922909113857	0.9872049831868731
-7.619172865323649	0.9999997395874367
-8.126444577169018	0.9999999190165514
6.548927579197276	0.9872049779993961
7.918106598565032	0.9872049779993863
7.283183408951	0.9872049779993871
5.326163402078858	0.9872049779995451
7.52241024179434	0.9872049779993869
4.120386628305521	0.9872049780019209
6.494260253398608	0.9872049779993957
8.275940564731062	0.9872049779993858
7.0468971275504515	0.9872049779993884
-2.0456929152561365	0.9879644495409328
5.321811715871828	0.9872049779995442
7.88758198309656	0.9872049779993861
-2.659005403262902	0.9913057374837605
4.182862233719277	0.98720497800105
9.344914704630753	0.9872049779993856
1.3027543074720604	0.9872049792607781
