1.2786118343104427	0.9938884911870448
-9.293312617116856	0.9999999956783522
1.4608881398634832	0.9938884911524497
-2.021755608764213	0.9939277957072041
-3.5490750541730742	0.9981865506564912
5.835723764551286	0.9938884910055985
-5.447911402487846	0.9999698496885293
-3.8293983569433854	0.998923971333654
4.532800070767804	0.9938884910056778
2.2631967025737545	0.993888491028525
-0.9151783443878792	0.9938884959849432
5.044128818200466	0.9938884910056391
4.072172153720043	0.9938884910059527
-5.3515953038833075	0.999962401312716
-7.800171796406925	0.9999998654815965
-2.287455543133814	0.9940976813202662
-8.0143335011457	0.999999917847062
4.781568556785132	0.9938884910056557
-3.618827125258366	0.9983974623290719
0.45984625190806483	0.9938884923765451
-7.206378991016109	0.9999994721001693
-4.805055763165251	0.9998693129015186
9.662092210192249	0.9938884910055933
8.320614815153249	0.993888491005593
-5.8220639954180164	0.999987231094591
0.06505445427467116	0.9938884935777126
3.835382921980951	0.9938884910063264
4.93533195412105	0.9938884910056378
9.4664670505944	0.9938884910055928
3.7013232482693113	0.993888491006307
-2.0132825738733917	0.9939253020728622
-0.6159518652690501	0.9938884937923029
-5.816552372852741	0.9999870682939476
-5.592440218272583	0.9999783598606933
-3.6571863348889844	0.9985056465996596
-7.208749288450922	0.9999994749733163
-5.606629250642898	0.999979053496506
6.5251893731893595	0.9938884910055946
-7.7826061356156195	0.9999998599294025
-6.844339978305021	0.9999987850718208
-9.019300316655965	0.999999991878034
3.7171435249688045	0.9938884910063098
-9.80578636269791	0.9999999986720689
-4.8160667237568155	0.9998725287482846
5.969650416665413	0.9938884910055983
5.603973486245849	0.9938884910056041
3.748271889297868	0.9938884910063108
9.430404883187396	0.993888491005593
-1.874893231428537	0.9938995265973258
3.294683345475736	0.9938884910070622
1.1129992616964657	0.9938884913673262
-4.557561315862815	0.999772006380413
2.5634464530750947	0.9938884910170673
9.816258310156975	0.9938884910055933
-4.110572033806896	0.9993951430138602
9.478609574498108	0.993888491005593
2.0098784189805166	0.9938884910511947
8.01025297084491	0.9938884910055932
-0.7856672948179089	0.9938884949132618
-7.064571182204347	0.9999992682756348
8.652407006412254	0.9938884910055934
9.54291594881948	0.9938884910055928
-8.81734973072517	0.9999999870696198
-1.735718953962241	0.993890950910335
6.971407016042637	0.9938884910055936
-9.766689223347086	0.9999999985469761
0.5519285413361263	0.9938884922085088
2.0292448268016106	0.9938884910523159
9.674112183122897	0.9938884910055933
-6.785565569331071	0.9999986090395857
9.342838400098962	0.9938884910055928
-8.448980593154843	0.999999969801937
-2.620016594952812	0.994719434387254
-2.290862775659721	0.9941014076794539
0.06827563846215767	0.9938884935724612
9.26058033457715	0.9938884910055934
0.9972552689295675	0.9938884913644745
1.9508936818398226	0.9938884910513466
3.4331475987658635	0.9938884910070291
8.792566622646643	0.9938884910055931
2.6252836605826815	0.9938884910172341
-6.626233436595883	0.9999979927059396
1.1462682158460868	0.9938884913469785
0.1346853737630216	0.9938884935672407
-4.48994476545078	0.9997349616031214
-8.777725907714927	0.9999999858344095
-6.7415136009196	0.9999984605765259
5.398509473773657	0.9938884910056051
6.517494111613903	0.9938884910055945
2.1706867982085765	0.9938884910287106
-0.1827041584164224	0.9938884955190191
5.357740103742724	0.9938884910056149
5.879736330031768	0.9938884910055986
-4.007176207939129	0.9992489489644155
-9.854528754846491	0.9999999988130479
-8.839394085950826	0.9999999877095737
2.7572232482019245	0.9938884910114556
4.142001873894493	0.993888491005959
2.8005865855538126	0.9938884910113013
-2.0006360355558606	0.9939218156405847
9.678332409563794	0.9938884910055933
-7.9327437151537605	0.9999999008684621
1.4654927282267707	0.993888491142569
2.1872298478231436	0.9938884910284057
-2.245921361017875	0.9940560171974872
4.8907381921299695	0.9938884910056378
1.035178320035861	0.9938884913659617
4.057333643832202	0.9938884910059522
3.790477355725388	0.9938884910063108
3.155070980617918	0.9938884910084622
1.570434599630044	0.9938884910975121
0.90298789506015	0.993888491333617
-5.793867899990941	0.9999863761453961
2.37970406755457	0.9938884910198577
-2.532324653737672	0.9945003406731449
-1.4199726681482474	0.9938885147211103
-6.953733762880496	0.9999990555643514
-1.611638981559821	0.9938889433950285
4.105926293615788	0.9938884910059502
-7.476882809662202	0.9999997168204168
6.171427881227576	0.9938884910055957
-4.343834588569431	0.9996341616950934
-0.4717052120304075	0.9938884934737345
-1.658884335715598	0.9938893897646202
8.692475596145716	0.9938884910055932
6.403021070844318	0.9938884910055944
8.230942374418039	0.9938884910055931
-8.45496223862289	0.9999999702150161
-8.179707855118142	0.9999999438628882
-8.178147747930726	0.9999999436608695
3.8761738951640456	0.9938884910061123
-9.02506225755884	0.999999991985079
6.061170428055249	0.9938884910055957
-4.714901137038767	0.9998398097921061
0.5858971338933738	0.9938884917302682
-4.743567337798269	0.9998498360095764
0.4552117945752734	0.9938884923759037
5.164969349802128	0.993888491005616
-7.9716632671483945	0.9999999093656526
7.67437950292252	0.9938884910055931
-9.84842011280612	0.9999999987962347
-1.8458958626928492	0.9938967983790018
-4.620767276939399	0.9998020668460655
-0.34234192943919695	0.9938884942890149
-5.849038263844442	0.9999879988138682
0.9499929526944015	0.9938884913733332
5.692005766047416	0.9938884910056001
-0.31274741701637687	0.9938884955108385
-0.6267307561512414	0.993888493946484
-7.579766104584156	0.9999997765491461
4.334294084866205	0.9938884910057726
-1.9602237506967501	0.993912420175883
-8.83041915523819	0.9999999874529432
7.622564750936071	0.9938884910055931
2.670843853270144	0.9938884910140497
-6.131527245677595	0.9999937328627517
-1.0550793261959548	0.9938884998019143
6.162568338349352	0.9938884910055957
-7.727876585994866	0.9999998411177214
-8.605636957558737	0.999999978946546
9.92023715528136	0.9938884910055928
3.212016893738671	0.9938884910084487
1.9176934583062177	0.9938884910513577
2.6663597084202095	0.9938884910146637
-9.435159470726004	0.9999999968825278
5.591863899343782	0.9938884910056038
5.422349208723487	0.9938884910056033
-7.2330344428969395	0.9999995035243381
-8.142379303744033	0.9999999388243554
-8.47783463287195	0.9999999717430714
0.047173599537222444	0.9938884935985582
-1.067955934184731	0.9938884998325084
-0.8572715303579734	0.9938884951451095
3.8199742182253704	0.9938884910063115
-8.1082543298151	0.999999933823597
9.428958467432938	0.993888491005593
-2.231298750340134	0.9940429318709276
8.702467887886549	0.9938884910055931
2.4111959663770257	0.9938884910159462
-0.5610322362347109	0.9938884936134718
2.3071520533984557	0.9938884910283754
-2.710638757202597	0.9949868538293549
-5.412735479713318	0.9999673171572662
-5.657527492103496	0.9999813641992626
-5.906424133364903	0.9999894822039644
-3.602212452350737	0.9983488791448538
3.6085078834862028	0.9938884910062488
2.3741489746388353	0.9938884910213108
3.1328849851904383	0.9938884910084642
-0.5931455958374663	0.9938884936470983
-2.3799900149370368	0.9942166592498511
0.12487914650208154	0.993888493568167
-2.9221209924776037	0.9957481056514174
0.7846344131238769	0.9938884917122284
-9.962068366974663	0.9999999990447562
3.957827078816983	0.9938884910059602
-0.058326594345569305	0.9938884953293925
4.086908114156657	0.9938884910059524
5.36173807376068	0.9938884910056144
-0.7109338239138516	0.993888494708337
-9.94557397215818	0.9999999990375276
1.5573854171453192	0.9938884910987013
-5.186717795933156	0.999945167115906
-6.322456358146562	0.9999959610377528
9.25732948401673	0.9938884910055936
8.842734780476775	0.9938884910055932
8.4622410778181	0.9938884910055934
2.309851912898445	0.9938884910284078
-5.905864840878561	0.9999894686693973
6.047235577173442	0.9938884910055955
-4.624700557963983	0.9998038044414949
-8.2699815019498	0.9999999543986978
8.653016278487765	0.9938884910055935
4.301922678503306	0.9938884910057716
-2.6277026624667332	0.9947405632579975
-0.5692402520578899	0.9938884936233195
1.9301257183583242	0.9938884910513823
4.352008614037981	0.9938884910057726
-5.18633102124856	0.9999451186205157
3.6497197377898516	0.993888491006322
-3.0129136300845083	0.9961156057695731
-1.4349188993897641	0.9938885196455228
-1.0862575492394555	0.9938884998855904
-7.197180414643047	0.9999994608004641
-9.3538223611628	0.9999999962404169
1.8441586346699381	0.9938884910520882
6.578675457194649	0.9938884910055941
-6.31198102507744	0.9999958624872239
9.881701998243493	0.9938884910055931
8.601736451194796	0.9938884910055931
-2.5276385402715684	0.9944897854079588
2.952960480669468	0.9938884910110001
6.650802822984993	0.9938884910055934
-8.850049399188435	0.9999999880074457
6.323192646065653	0.9938884910055942
3.516765961418148	0.9938884910070253
-4.089483915642407	0.9993676027410784
-9.990177780239677	0.9999999990447562
-9.754384253967947	0.9999999985052185
-9.440670467256304	0.999999996921837
-9.867329238248308	0.9999999988475223
-3.3254106751064993	0.9973957867141386
2.783225199537039	0.9938884910113207
-8.584998833355266	0.9999999779219128
1.3243378609152892	0.9938884911874729
6.789514905389623	0.9938884910055936
5.9523833146343375	0.9938884910055991
1.5802770209967996	0.9938884910966974
2.5638680508524114	0.993888491017068
1.539705038739756	0.9938884910977599
5.768009895826376	0.993888491005599
0.1798470863050241	0.9938884935649291
-5.055494112218377	0.9999260155436415
-4.411190774674467	0.9996844958604237
-9.881322940415735	0.999999998884066
-1.6568163632753254	0.9938893641284086
-7.909841101071335	0.9999998955005017
-3.0541478978909486	0.9962861447135729
-1.5059369950280566	0.9938885753254254
-8.114687987032458	0.9999999347967086
6.4791716395288645	0.9938884910055945
9.92519230202809	0.9938884910055927
-3.5004979411975823	0.9980290420416911
-8.591868240316085	0.9999999782683829
9.145459276859889	0.9938884910055931
3.0439832327285288	0.9938884910084845
-0.19668587319830344	0.9938884955264963
-9.691489598668465	0.999999998272284
-7.143194841204461	0.9999993894364051
-8.337581910800832	0.9999999609719193
-6.455712208161191	0.9999970278132165
-7.78832964046114	0.9999998617632158
-1.991828700058047	0.9939195487614912
-0.06962732980230868	0.9938884955606334
1.5903179469069393	0.9938884910964224
-9.23080061909404	0.9999999950093017
8.656310506025527	0.9938884910055934
4.011081698188699	0.993888491005951
-4.947518042316519	0.9999053974273698
-0.09555304983406288	0.9938884955074739
-9.031385932027053	0.999999992100936
-3.51388743054172	0.9980733087392963
3.906573813937676	0.9938884910059261
9.76327683756946	0.993888491005593
-1.1819585730395268	0.993888500264162
1.2705556160898546	0.9938884911883411
-4.132396344600817	0.9994224897549958
-6.530490228753121	0.9999974977805755
-7.103694073731144	0.999999331304675
7.676247971431295	0.9938884910055928
5.347362595709031	0.993888491005616
-9.261491008794383	0.9999999953498072
8.45026296746341	0.9938884910055933
-0.5578442715705112	0.9938884936085514
-9.917779316839912	0.9999999989739149
-7.291261926657957	0.9999995658156892
-8.170851546922563	0.9999999427063849
-9.12610744896365	0.9999999936488211
2.9401733046347225	0.9938884910114091
-8.425791344796858	0.9999999681456916
3.366479928012547	0.9938884910070541
2.5727624627012435	0.9938884910170758
-7.873236247326756	0.9999998863110662
9.948986839976723	0.9938884910055928
-8.67496754346024	0.9999999820529556
7.936590668858088	0.9938884910055934
4.3526352389473555	0.9938884910057726
1.0913020341788116	0.9938884913641919
3.958453572802604	0.9938884910059602
-8.682782316765746	0.9999999823730087
-8.610108025826829	0.9999999791621785
5.374544822748547	0.9938884910056114
-1.3541048687037396	0.9938885045028988
2.4339594290295796	0.9938884910168329
1.5813523247463301	0.9938884910966425
-9.52893594796485	0.9999999974879621
-0.2627937151432125	0.9938884955269746
-3.7494752424156985	0.9987433100260905
1.8998944459257583	0.9938884910511554
-6.967805034620649	0.9999990856704487
-3.903418862630601	0.9990715482853881
-9.895210807628839	0.9999999989191866
0.07634510438530384	0.9938884935629225
9.167446915603293	0.9938884910055931
-8.100374488149713	0.9999999326119346
-3.9229918222661064	0.9991075570438415
9.150948842847932	0.9938884910055931
4.960261081052364	0.9938884910056378
0.5371458236457016	0.9938884923679013
9.199570484860331	0.993888491005593
-6.417737087912978	0.9999967563392282
0.878295330313783	0.9938884914248111
0.33574380356698796	0.993888492383533
0.7944954105002608	0.993888491709661
-6.701006427788707	0.9999983101172629
1.635655402153219	0.9938884910969155
-3.2424072925062486	0.9970663632646597
-8.004467528178507	0.9999999159594429
-1.1938227380516686	0.9938885003535262
-8.893561281693657	0.9999999891507448
-5.161291786038369	0.9999418868452468
-7.188792170607692	0.9999994502855744
1.432814075340394	0.99388849119064
-9.255134641818096	0.9999999952812461
9.30601027397347	0.9938884910055928
9.438887959400049	0.993888491005593
-3.550415050287463	0.9981907733204176
-2.2226909341462964	0.994035597452282
7.104683538335209	0.9938884910055937
-9.950425744979064	0.9999999990447562
-3.7608437437151254	0.9987704066666871
-9.036604886987899	0.9999999921952907
-3.9116134002814595	0.9990867731207868
8.588596335636424	0.9938884910055931
-6.593565106701869	0.9999978359352323
-5.9425738382929705	0.9999903211465709
-6.599361439392086	0.9999978646181056
8.424637225571686	0.9938884910055931
-9.902433636207641	0.9999999989370124
5.648311308619984	0.9938884910056041
-8.577792044247117	0.9999999775524888
-0.30615207785306353	0.9938884956241564
4.322844229718466	0.9938884910057721
-2.591733177672073	0.9946443152576906
3.454997925763106	0.993888491007028
2.3940215066474657	0.9938884910169682
-8.568646774755315	0.9999999770747852
1.2481878602152552	0.9938884911911565
-6.404141490756854	0.9999966532362335
-0.46454397481355514	0.993888493464016
7.777135505647628	0.9938884910055931
5.77025107498196	0.9938884910055987
-9.508172579817732	0.9999999973649458
-7.278789183447394	0.9999995531662912
6.345006794034678	0.9938884910055942
2.9900441800662705	0.9938884910086938
7.8837748744288305	0.9938884910055935
8.475876593180736	0.9938884910055931
-1.1086140635990205	0.9938884999505107
1.434872468821272	0.9938884911899294
0.10499010964948852	0.9938884935656749
5.5844919769981605	0.993888491005604
9.031415180833022	0.9938884910055932
-7.647794071985303	0.9999998089459989
3.8690431468641293	0.9938884910061735
9.843111823806304	0.9938884910055933
-5.161192430431525	0.9999418736525039
-4.569838222545579	0.9997781721806615
-2.409563299339421	0.9942627590067394
-1.039467016510013	0.9938884997661036
-5.34488881198548	0.9999618191891478
3.972676134780304	0.9938884910059572
8.928777506471182	0.9938884910055933
-8.63069205665525	0.9999999801267754
2.9585389387859085	0.9938884910106984
-6.615752191237716	0.99999794368649
3.9863457600009475	0.993888491005952
-3.412522682960417	0.997722807230267
8.020307197853835	0.9938884910055933
0.42166885478062355	0.9938884923755501
9.612217503209092	0.993888491005593
7.445693601995348	0.9938884910055932
5.722759160550805	0.9938884910055982
5.087819841591216	0.9938884910056214
-3.9527872699640865	0.999160053606102
-1.0408025694912393	0.9938884997698063
-6.328653677010521	0.9999960182328839
-2.476665576595689	0.99438236617524
4.692125484012557	0.9938884910056831
-1.4609343861256043	0.9938885323952333
7.169020128239051	0.9938884910055936
-9.579741687588733	0.9999999977652939
9.674333190124056	0.9938884910055933
1.514984834339561	0.9938884910891854
9.763712910471007	0.9938884910055931
5.388746203157044	0.9938884910056074
-8.866871585183954	0.9999999884630889
8.448091965158042	0.9938884910055932
2.4302762652813747	0.9938884910166467
-5.099654666036124	0.9999331045794901
-9.361741543669101	0.999999996308351
-0.6062506041285065	0.9938884937045601
-0.5150604751001566	0.9938884935293941
-3.499226628847696	0.9980248057833103
7.006345104800555	0.9938884910055937
-5.502948288328122	0.999973425567372
6.625547493212338	0.9938884910055935
7.889877799854741	0.9938884910055934
7.796879375434415	0.9938884910055933
6.488452620168459	0.9938884910055944
-7.879207755476125	0.9999998878635388
-5.22034500083747	0.9999492247996689
-2.8043024236167247	0.9953024517408694
0.8241487180353602	0.9938884917281653
-7.836623675899839	0.9999998763111735
-9.340438536380958	0.9999999961227521
-8.653747338626715	0.9999999811542613
2.309280765899718	0.9938884910283992
-6.63529520130254	0.9999980341439987
1.3745979321828514	0.9938884911875824
-8.385293271796176	0.9999999650323792
-4.329828305332364	0.9996227775672362
-0.9531302044412637	0.9938884987201309
1.1365588940683846	0.9938884913681032
-3.818378307443022	0.9989004063713552
0.307956453077356	0.9938884922738984
6.723127813042407	0.9938884910055937
-1.1104860077231606	0.9938884999558779
-8.610326669264703	0.9999999791726665
3.157302986962925	0.9938884910084628
7.163033102654197	0.9938884910055934
7.460970217886356	0.9938884910055932
-4.52505477722875	0.9997548686085195
6.71044208543503	0.9938884910055937
-9.920775559793311	0.9999999989809693
-8.071798481662945	0.9999999280288172
-0.04766503925381471	0.9938884949370682
1.517869205562583	0.9938884910900418
6.047754299274963	0.9938884910055956
8.312723316350503	0.993888491005593
4.965671364319446	0.9938884910056378
9.948590321420859	0.9938884910055931
1.8543712781706354	0.9938884910523519
3.593447350977712	0.9938884910063527
2.114970864563448	0.993888491026429
-9.41181482661349	0.9999999967103677
1.2639653562481001	0.993888491189663
6.300351002119392	0.9938884910055945
-0.12186908055279666	0.9938884955122762
-7.469897282406848	0.9999997122288832
-7.499132633399981	0.9999997309623769
-7.341011133834225	0.9999996128068857
2.8542999318963034	0.9938884910113284
1.462300177191178	0.9938884911494491
0.7317804275343764	0.9938884917140479
-1.5743774899441743	0.993888744573245
-4.819607502579442	0.999873546241906
-2.5387837346360964	0.9945150827681689
-5.614170220394126	0.9999794130721988
-4.221535326455768	0.9995227886986057
8.603407321832904	0.9938884910055931
7.63337796815852	0.993888491005593
1.3678985148163392	0.9938884911876248
5.1554890684508905	0.9938884910056159
6.529077894001794	0.9938884910055945
-7.806841590839455	0.9999998675316951
-9.482305052530124	0.9999999972032277
-1.9512123338545884	0.9939106521019749
7.070899232155099	0.9938884910055931
8.023474332788002	0.9938884910055934
-8.367434764827323	0.999999963564519
2.6391738868801973	0.9938884910172171
9.598627874140494	0.9938884910055931
1.9070359759306932	0.9938884910512404
1.140132066453985	0.9938884913622464
-0.36118290299189226	0.9938884935048277
-7.020308521608203	0.9999991897750239
1.1399384776964183	0.9938884913626257
-7.991856205344741	0.9999999134832667
6.124541106081693	0.9938884910055961
-2.1454046414946504	0.9939811136179632
6.455364447660607	0.9938884910055943
-2.2938491140876716	0.9941047137018745
-2.47303099713843	0.9943752576838425
9.23966358256245	0.9938884910055931
6.564893850474675	0.9938884910055943
6.467080573724097	0.9938884910055945
-7.2391566027845045	0.9999995104734799
-7.105264192261953	0.9999993337176405
7.891602291958453	0.9938884910055934
5.210775061791342	0.9938884910056154
0.8801940299738131	0.9938884914119147
-7.438752395103623	0.9999996908346058
4.245431383965981	0.9938884910057727
-5.969486999024198	0.9999909020297237
5.599615584499716	0.9938884910056041
-8.802725060387724	0.9999999866267818
8.25132743079746	0.9938884910055928
1.893185037419487	0.9938884910511161
3.005126106985937	0.9938884910082304
3.188628870835238	0.993888491008461
-6.668876276873581	0.9999981803878045
6.530204954129228	0.9938884910055946
-0.055554152876645446	0.9938884952399542
-8.814350361303912	0.9999999869800098
1.0492304081254176	0.9938884913658862
-4.873409051704205	0.9998880591684909
-3.9049369590075944	0.9990743851142647
-4.852080441776296	0.9998825131674524
9.208545460458453	0.9938884910055931
-5.0069805142161705	0.9999173685128636
-4.34322639081389	0.9996336741968248
3.417078932749277	0.9938884910070265
-5.702481147516285	0.9999831925815629
-0.1977553417161957	0.9938884955272
7.468338726801225	0.9938884910055936
5.674141053648993	0.9938884910056023
-2.939890690307543	0.9958188108200001
5.011362670479267	0.9938884910056376
8.837059055642914	0.9938884910055933
-1.8851088439787311	0.9939006671958676
2.5349188601675987	0.9938884910170643
-9.109776355603195	0.9999999934054453
3.2845563374820195	0.9938884910073243
-0.16610221693168725	0.9938884955163382
3.356983921490432	0.9938884910070601
-6.158541633638315	0.9999941105217556
-6.090099839693255	0.999993106176164
-3.15755190915449	0.9967173683300108
4.221079370158991	0.9938884910057559
1.064114245144058	0.9938884913664016
4.447322421498633	0.9938884910057739
-4.575622999945628	0.9997810211249706
6.436658169260472	0.9938884910055942
-0.654790084882432	0.9938884944466719
-4.524792296837412	0.9997547252839634
-9.193768629148376	0.9999999945650787
7.36154112387943	0.9938884910055927
-7.538569821140602	0.9999997543158101
-2.5786883613826506	0.9946110957273419
-7.5362173163328094	0.9999997529814144
-2.6944771126904454	0.9949363194742218
7.941275021079335	0.9938884910055933
-4.054432729385997	0.9993193045975929
-2.755924493837978	0.995134352624308
2.09331379018737	0.9938884910282406
-7.308924742448282	0.9999995831187759
-4.465619395106897	0.9997202655448717
8.228168794249857	0.993888491005593
2.165729264178516	0.9938884910288383
8.57640130413472	0.9938884910055928
3.6194804723993546	0.9938884910062445
9.146853144113464	0.9938884910055932
3.2792613170093574	0.9938884910074933
-4.841189027265118	0.9998795776462107
-7.328344176211328	0.9999996013480403
1.264972841083969	0.9938884911894645
3.610285487138869	0.993888491006245
6.123317573647338	0.993888491005596
-4.988228569431592	0.999913764649049
0.4395387474587764	0.9938884923746331
6.404107484407536	0.9938884910055942
8.896448282996246	0.9938884910055931
-7.186462659244648	0.9999994473292786
2.038754432598026	0.9938884910517747
3.4292277530690605	0.993888491007029
-5.827741954686769	0.9999873966687056
-6.107275582272407	0.999993373259195
4.384145440964851	0.9938884910057725
1.9546975677358258	0.9938884910513581
-3.731057543353038	0.9986984076733467
-8.260934559805495	0.9999999534388025
-4.934288032693317	0.9999025094155143
9.667274216052864	0.9938884910055931
0.6977462998625619	0.9938884917114678
6.992097837376239	0.9938884910055935
0.8019092218269197	0.9938884917099461
1.6646456792308673	0.993888491097003
9.355240892149354	0.9938884910055928
6.382321960346719	0.9938884910055943
-2.331042637981695	0.9941490770285786
-6.277328706032557	0.9999955190333193
8.49153139426528	0.9938884910055933
-5.355227255301984	0.9999627128724162
8.790046124067121	0.9938884910055931
-0.9426127488831249	0.9938884979280829
-2.37602749303071	0.9942107842805533
-6.844073927637915	0.9999987843274477
-0.3769874797741366	0.9938884932853755
-6.799573519186253	0.9999986531805934
-0.7786760223732827	0.993888494894932
9.822902422174145	0.9938884910055933
-8.369421425969454	0.9999999637308111
0.09076365008415799	0.993888493560153
3.653289744837469	0.9938884910063253
-6.9705347972582254	0.9999990913987213
1.607030599794811	0.993888491096693
6.5723583398246355	0.9938884910055943
-6.903741226883002	0.9999989403599848
-9.54114952955456	0.9999999975576238
-8.150806396751445	0.9999999399999747
9.500687295903095	0.9938884910055931
-2.1999708377511373	0.994017475033789
-4.442852880100756	0.9997058040303848
0.20032829486503445	0.9938884935548952
5.9909403000710615	0.993888491005597
5.153880675555413	0.9938884910056158
-7.940655826960765	0.9999999026580938
-8.591584593698297	0.999999978254185
-5.876010520097803	0.9999887203928632
9.31337296139326	0.9938884910055927
5.92271382278566	0.9938884910055987
-6.524870361009336	0.9999974652018814
-3.5515796560494683	0.9981944378962783
6.926188709129612	0.9938884910055935
3.4283209761029774	0.993888491007029
-4.108188629547205	0.9993920860279045
8.33870595962128	0.9938884910055931
1.710225556728723	0.9938884910966852
-8.355917112609452	0.9999999625853094
8.548854160631304	0.993888491005593
9.149306101826518	0.9938884910055928
-0.3120927119919159	0.9938884955251662
8.999553791700219	0.993888491005593
-7.183685215584599	0.999999443783747
-4.718224327662881	0.9998410048602422
0.13353157600021426	0.9938884935673314
1.146758782455727	0.9938884913455123
-1.5637042190315587	0.9938887047710083
8.241075251025723	0.993888491005593
-7.212678533061401	0.9999994797017221
-8.376161671770127	0.999999964289362
-1.1240580249242793	0.9938884999967582
-7.987806770606771	0.9999999126728036
6.316253191191549	0.9938884910055942
4.083097170842699	0.9938884910059528
4.836504172058046	0.993888491005636
8.550208313548783	0.993888491005593
5.002648744649495	0.9938884910056377
-2.048482132784253	0.9939365349131806
-5.594859562788201	0.9999784797305186
-0.18806289891113437	0.9938884955213698
-9.895391859569367	0.999999998919637
2.9865008990322863	0.9938884910088808
-0.7701291910873351	0.9938884948716982
-9.605236619596123	0.9999999978927041
-9.08488106961277	0.9999999930163818
9.250694354722981	0.9938884910055932
6.6738942284568346	0.9938884910055937
6.939419648471894	0.9938884910055934
6.219474815663336	0.9938884910055957
2.21258119824971	0.9938884910284767
8.649385659643855	0.9938884910055933
3.095795186497149	0.9938884910084474
7.060497699632094	0.9938884910055934
1.2646773927596655	0.9938884911895232
5.117764112656179	0.9938884910056129
0.23604400708689965	0.9938884935560737
5.443200411753871	0.993888491005604
1.8846653900975419	0.9938884910511805
6.144482572864494	0.9938884910055958
-8.352592498379337	0.9999999622977953
9.761115828994619	0.993888491005593
-6.443218268420132	0.9999969411019229
4.46142738844209	0.9938884910057566
5.3567384220429215	0.993888491005615
3.5538478083786487	0.99388849100696
-1.0604554209264805	0.9938884998136986
-6.490755645862358	0.9999972581351431
9.674203394488238	0.9938884910055934
-6.471337140354438	0.9999971328046294
-1.9019419613798974	0.9939027648989849
9.980053316417195	0.9938884910055932
3.49568867810342	0.9938884910070237
6.523283222245901	0.9938884910055944
-6.668404129584777	0.9999981784090168
-4.503000080346755	0.9997425394580605
1.4331817772374897	0.9938884911905362
-8.274455277585169	0.9999999548660333
8.944841919400307	0.9938884910055935
-6.467819193444617	0.9999971094940537
-2.138906993225551	0.9939774315022273
5.84144030895315	0.9938884910055987
5.302945247966475	0.9938884910056155
7.904291617595547	0.9938884910055934
6.5446665206062065	0.9938884910055945
-5.541999251187133	0.9999757033715905
-4.689611640412572	0.9998304231022928
6.253263811450207	0.9938884910055962
-3.4149456371494757	0.997731583776183
3.8837024694233957	0.993888491006049
-6.534284354554432	0.9999975195382479
4.384253278784751	0.9938884910057725
3.1473913205660597	0.9938884910084621
5.634856793577292	0.993888491005604
-9.534106930971905	0.9999999975176947
-3.5386604194747173	0.9981535057697685
-0.16232042343202302	0.9938884955167437
-4.644558238388585	0.9998123526968336
3.2343206687050206	0.9938884910085234
3.453077724697117	0.993888491007028
6.345591797855757	0.9938884910055943
-7.173648941223187	0.9999994307813133
-7.49305219599274	0.9999997271692945
-7.5741244180672185	0.9999997736276094
8.03371503705051	0.9938884910055935
-2.3163245942967636	0.9941308127103623
9.322550072929015	0.9938884910055924
-2.2517458565004667	0.9940614534793394
-8.372659056947608	0.9999999640001896
5.7107755370772395	0.9938884910055986
-9.003828587828625	0.9999999915834723
0.6580069611886685	0.993888491724464
-0.798674466653182	0.9938884949438342
-8.971344179382967	0.999999990929793
5.593337934707474	0.9938884910056038
-7.077133184677846	0.9999992891356175
-0.578778765005481	0.993888493629333
2.7721901475964863	0.9938884910113843
7.173571159767697	0.9938884910055937
2.085475712892233	0.9938884910309511
-9.109994261408168	0.9999999934087532
-7.097845694774669	0.9999993222397011
5.152511243819422	0.9938884910056158
9.008907947706923	0.9938884910055932
-3.8954939258980614	0.9990566179749114
7.633975590520173	0.9938884910055931
-8.873007202263219	0.9999999886249336
-4.070437074257187	0.9993417559718514
-8.640440975757976	0.9999999805679137
-5.936049556288889	0.9999901748398214
7.560262505765451	0.9938884910055934
-6.266683767552599	0.9999954079123828
-4.948497616683896	0.9999056078723769
6.838502879668702	0.9938884910055938
-6.33180158409858	0.9999960469742635
8.073408825031443	0.9938884910055935
0.9783126608205919	0.9938884913651662
2.627028664732798	0.9938884910172605
-5.935306103750615	0.999990158028356
-9.539289681020842	0.999999997547142
7.861203546228044	0.9938884910055933
9.172688270604993	0.9938884910055928
-0.5752869187463183	0.9938884936275008
-6.18069975891987	0.9999944032519013
7.666080375510504	0.993888491005593
7.009592090622707	0.9938884910055935
7.998778281153168	0.9938884910055928
7.4863969931814545	0.9938884910055932
-1.4950016800783352	0.9938885616466823
9.83405038107335	0.9938884910055933
-8.884871070045751	0.9999999889314651
6.331756414762012	0.9938884910055943
-3.0677969691371976	0.9963428991963281
0.5600687619200517	0.9938884920870271
1.733080938752467	0.9938884910986397
-4.850329176133328	0.9998820459529325
-1.3235053677380328	0.9938885029456798
0.7921340834220167	0.9938884917100903
3.2370806256530216	0.9938884910085207
8.992943153252014	0.9938884910055932
9.05041641414001	0.9938884910055933
-5.931227165100865	0.9999900652799579
0.5670756886134942	0.9938884919771866
-8.510614602359086	0.9999999737973375
-2.7802556273207912	0.9952175009482199
-3.1843993145847937	0.9968286958084913
2.415993322643253	0.9938884910160176
-5.033112134947189	0.9999221435101433
-5.95746788538404	0.9999906470455184
-1.2614173854835506	0.9938885017015884
-6.299487215297068	0.9999957417985775
3.6213889079966943	0.9938884910062477
-7.815576785584608	0.9999998701694522
9.460629101244699	0.9938884910055927
-0.7204715361283363	0.9938884947375292
3.75767263141217	0.9938884910063108
4.216884377675267	0.9938884910057553
-1.15236411191718	0.9938885001061936
1.7124707565095179	0.9938884910969155
-6.25106637911764	0.9999952398804642
3.119637576893215	0.9938884910084615
0.7698873415575491	0.9938884917149281
-4.75656891434078	0.9998541783378109
-0.2843173703037891	0.9938884956494092
4.661309493629799	0.993888491005683
0.4614579940308836	0.9938884923767227
3.8505417635744124	0.9938884910062992
-9.521379680343834	0.9999999974438727
-1.2950606122852157	0.993888502225164
5.364446902771167	0.9938884910056136
-5.315407608360467	0.9999591520466325
5.261622738098692	0.9938884910056154
-2.542990437079453	0.9945248044722788
7.469589874911371	0.9938884910055934
-6.166475563880223	0.9999942170544824
-5.422892004446198	0.9999680693820073
1.8036837318615628	0.9938884910472389
-7.7475613068581595	0.9999998481582594
-8.452755592511384	0.9999999700632916
-0.7616492730874427	0.9938884948487184
-8.879720990998194	0.9999999887994284
3.256676839229918	0.9938884910082286
-9.310681722913664	0.9999999958477805
-5.236529562643919	0.9999510700014614
-6.669467764075403	0.999998182863716
-8.903602173933605	0.9999999893987022
-6.415382257212814	0.9999967387113275
0.888745597570626	0.9938884913649959
7.648083235430505	0.993888491005593
1.971423161857988	0.9938884910514235
4.925925332056643	0.9938884910056378
4.4362673586319445	0.9938884910057763
-9.334003851251564	0.9999999960648779
6.034226052371764	0.9938884910055956
0.4437427981003985	0.9938884923746405
-9.379725832825653	0.9999999964581021
-3.7874465963115878	0.998831984463708
-1.4844245109210075	0.9938885506242194
2.995372481194188	0.9938884910084648
3.404536286977846	0.9938884910070217
-8.10379782899	0.999999933141034
-1.7529065765794307	0.993891516216463
8.605488248124729	0.9938884910055932
3.332491639149392	0.9938884910069709
-0.6208761603463451	0.9938884938559622
-4.501684850769663	0.9997417856071217
-1.435800348164534	0.9938885199814972
-2.3459715493857702	0.9941685589114304
0.19125455296021698	0.9938884935541157
-5.617925203025473	0.9999795898191091
-0.05717717617445217	0.9938884952936052
3.7124985694987664	0.9938884910063092
-6.71877335197709	0.9999983778405375
8.785492005852245	0.9938884910055931
-0.6817839522312674	0.9938884946709324
1.0615573948872647	0.9938884913663251
-1.151407490436128	0.9938885001018453
7.146432105572611	0.9938884910055935
-4.404976066477815	0.9996801436072847
-4.921023803119455	0.9998995266346783
7.066823026627542	0.9938884910055933
8.854394418846717	0.993888491005593
-5.597407311670524	0.9999786052465005
-8.484724280483391	0.9999999721877938
7.493604051786271	0.9938884910055932
-5.59862573499379	0.9999786650143315
-1.321405316732971	0.9938885028722692
-5.488675856712053	0.9999725409960055
-9.78432579957667	0.999999998604801
-7.243522149429054	0.999999515369294
0.4650565360930834	0.9938884923769699
-8.74820806086964	0.9999999848381321
-9.868710384018513	0.9999999988511816
4.1848325462303215	0.9938884910058211
9.394371171472606	0.9938884910055931
2.4132494806250406	0.9938884910159633
-6.953858131584951	0.9999990558347404
0.22411191795535856	0.9938884936174905
-9.430601019008726	0.9999999968496336
0.3349557957324034	0.9938884923814961
7.805264223139957	0.9938884910055932
-5.179655189339409	0.9999442748415869
4.784619943472439	0.9938884910056522
5.681043329485803	0.9938884910056011
-4.247363577903855	0.9995486736263477
-5.552278728531017	0.9999762698989214
-9.30986056943173	0.9999999958399222
-5.274178926335709	0.9999551086818973
8.4789788676111	0.993888491005593
8.833549338248737	0.9938884910055932
6.287480559986868	0.9938884910055952
7.647231876241868	0.993888491005593
-2.250625461178095	0.9940603977193236
-9.945723253000951	0.9999999990378584
4.130878666508121	0.9938884910059582
2.867943519790085	0.9938884910113358
9.605121058445285	0.9938884910055932
-4.7610203568590626	0.9998556365839932
-8.434443770654752	0.9999999687740359
7.528834276951116	0.9938884910055932
2.1664486896325066	0.9938884910288206
3.549420821949507	0.9938884910070053
7.302716450827592	0.9938884910055931
-9.795444592400727	0.9999999986400674
3.8800049965662353	0.9938884910060797
8.835833714390233	0.9938884910055931
-5.286194471027854	0.999956326493291
-9.950725821477535	0.9999999990447562
-8.659093367475744	0.999999981384824
-0.0931599784240511	0.9938884955180431
-4.581885889079169	0.9997840655345172
9.51021736551203	0.9938884910055932
9.639623603408527	0.9938884910055933
-7.76000578756967	0.9999998524473744
-3.646780644413581	0.9984768486850025
5.592592526936269	0.9938884910056041
-6.2019449154528505	0.9999946702586879
8.121130796905511	0.9938884910055933
-2.9787995470559414	0.9959758660334637
6.478409484198515	0.9938884910055945
-5.6635013515179145	0.9999816181600429
-3.7736379939332787	0.9988003400628733
0.8919208792990005	0.9938884913532111
-8.027856230729235	0.9999999203656418
-1.3770457929044397	0.9938885065968764
6.57705116967383	0.9938884910055944
-0.5668963204031563	0.9938884936209776
-4.002650676676782	0.9992418829004216
-5.713193533208578	0.9999836011864439
-2.721219113368538	0.9950205425215316
6.558380812994898	0.9938884910055943
3.6351613773055913	0.9938884910062875
6.737656323665057	0.9938884910055937
4.160339190541208	0.993888491005921
9.266230444437351	0.9938884910055932
-4.444971287327002	0.999707179364628
9.109951516721178	0.9938884910055931
-2.2123761811335374	0.9940271539242753
-5.246962116687697	0.9999522239497267
-2.484868796986861	0.9943987077080434
-0.9377456124619918	0.9938884975391055
4.398410183210029	0.9938884910057716
6.54457153029567	0.9938884910055944
-5.653468389461929	0.9999811896444027
3.4212781945698634	0.9938884910070278
-0.4299218747692013	0.9938884934165664
-0.29296695497355785	0.9938884956851687
-8.023838744037214	0.9999999196255622
5.933646379020857	0.9938884910055988
1.4828846240248303	0.9938884911075238
-7.498209822573232	0.9999997303901219
7.758894471224551	0.9938884910055934
-1.4683064983195457	0.9938885373101505
-0.3856489069083846	0.9938884933202806
3.9063201216474184	0.9938884910059267
9.686995545942196	0.9938884910055931
3.1637712342850843	0.9938884910084644
-8.997872119834884	0.9999999914672426
-7.252189083970637	0.9999995249444322
-0.7465820061835373	0.9938884948102443
-8.547262289943895	0.9999999759177068
5.93580162553231	0.993888491005599
-7.910983033079311	0.9999998957749079
9.918122167019895	0.993888491005593
-6.853011630387216	0.999998809086087
4.71116602958617	0.9938884910056826
-2.7801180507874124	0.9952170223748212
8.220108177175007	0.9938884910055928
-9.989608462736822	0.9999999990447562
8.658076757633925	0.9938884910055935
-3.449348849711753	0.9978541594215122
-6.014845248235661	0.9999918033054781
6.352618073243757	0.9938884910055944
-2.396068769965156	0.9942412372089207
-9.855272693557385	0.9999999988150794
1.7052367513043798	0.9938884910963803
-6.598097784987971	0.9999978583975345
-3.1313042919801592	0.9966080318545711
-9.769780607466835	0.9999999985572823
5.68780156722033	0.9938884910056005
-9.8276523765268	0.9999999987372725
-9.650223093822534	0.9999999981000642
8.043892431034436	0.9938884910055933
-2.8965733351927003	0.9956478150953049
1.17257492980659	0.9938884912433653
0.6468377197802546	0.9938884917272445
5.934743535933018	0.9938884910055988
-9.752361771115318	0.9999999984982411
4.832892345756008	0.9938884910056353
4.810228750859022	0.9938884910056348
-3.6087505854197577	0.9983681215412693
8.369685241394336	0.9938884910055931
4.783488049246332	0.9938884910056536
-5.245971223749715	0.9999521155186643
-8.656910306419254	0.9999999812910156
-3.3913949818944866	0.9976455010153906
9.89728231149606	0.9938884910055932
9.288635828021459	0.9938884910055932
9.902524404357571	0.9938884910055932
