-9.711993545502867	0.9999999943916452
-0.7029014404755394	0.5689921157761445
-3.2927384332197462	0.9869941374492773
1.1331349877615082	1.1878669963294728e-6
-4.188720031906827	0.998162336257808
-1.5709957563853436	0.8142267087820663
9.598759837764732	-1.8871709871046023e-136
5.137383535634768	2.4570243489245906e-68
3.047389489983882	-1.2224631057396324e-36
-9.375387975869845	0.9999999878258012
-1.7517750407612311	0.8474584765854751
-6.122387859252121	0.9999782054866481
0.218203087140596	0.10232218034761328
2.3381273815711126	2.860481993013695e-26
2.714340815539721	3.0854153653409897e-31
4.1923307508881145	-3.6854900830914085e-54
3.7823269108988455	6.562786912337055e-48
-7.033128568252218	0.9999973227531566
9.020355229423185	4.215975280737117e-128
-1.9140367667626101	0.8735256959750698
1.5655932176749445	-3.00470399668971e-14
7.4370872899624985	4.9893720818764065e-104
0.07506169682144659	0.1708112237075417
-8.27329017395558	0.9999998459939771
-5.645362846972444	0.9999346590318912
-5.945564556043976	0.9999672566151256
0.1744129726231325	0.12173457823093028
8.735750779126981	3.4484779114718696e-123
9.737631869373494	8.127558823442824e-139
0.9284309047008641	0.00013343885962232674
1.4144441929439644	8.027063493659475e-11
-1.7016643993645797	0.8386835247607209
-3.4164252950260288	0.9899449016288149
-7.781126565612424	0.9999995217006151
8.474829191715102	-3.2324841094784953e-119
2.947526144556445	-1.1714187893972026e-35
-9.266567785039882	0.9999999843591337
3.738509471356899	-6.223362194716897e-47
8.954401556134805	5.215167725136552e-127
4.505576253849393	4.319215277355217e-59
3.9075436360296045	1.023145528971463e-49
5.027312928258967	2.381571873966785e-67
-3.022921406786443	0.9777350426267982
-6.944940633921259	0.999996720000797
4.737392330402841	1.4107425134550153e-62
-5.05552066503038	0.9997463580718835
-3.4920937550660636	0.9914335798871488
9.882084518114013	-6.006290374082176e-141
2.2079095934642456	1.2885638760767436e-23
5.800489753072577	1.554680342558511e-78
4.549466211126592	-7.330318945527144e-60
4.613949574485844	2.6827297487596205e-60
7.834400097382019	2.0620770624352948e-109
-1.3980101536334821	0.7784942971422694
9.679983934514151	-1.3193598452772968e-137
3.601335422855012	2.158886098540721e-45
-3.931737005353262	0.9967253322685371
-4.995596326213381	0.9997089382114834
-6.2462926123423035	0.9999836142759579
-0.9651289575918653	0.6631529188979267
-7.167554227675992	0.9999980354378586
-6.540253596350727	0.9999916720297823
6.425246280112233	3.6961816683726133e-88
-3.566922595749622	0.9927022182939677
9.336849105974192	2.2329793421990213e-132
4.151698875956612	-4.8482811288922255e-54
8.27697449746097	1.0438149652339377e-116
-0.5867248692996441	0.5206613683325659
-5.981266894608286	0.999969839935171
-4.043991728261234	0.9974532407060159
-8.801108141303597	0.9999999543206065
9.725489773253049	2.7320140759733023e-138
-9.588427095771234	0.9999999925457881
-0.694357833959236	0.5654752203933945
-3.8729483847341317	0.9962672717403478
-7.868059932565119	0.9999996084685973
2.151279834739128	-1.1092863418317613e-22
-9.46807849311301	0.9999999901655462
7.46450496524378	-1.7882384554484534e-104
-2.6266543885971583	0.9544808584611367
6.048337266741758	9.836241195996933e-83
-8.278811367936987	0.9999998479394576
8.5962576279328	2.5343484500275905e-121
-0.2869937433247891	0.37131455233346455
-2.1277693121650554	0.9035695374721131
0.5889645322989487	0.010695524257406316
4.286746386716885	9.228691744032869e-58
-2.7210164782784663	0.9612590673760811
1.492567310642281	2.4977171662692318e-12
3.1911689496469187	-3.472150634172294e-39
6.644338275311917	2.0782020589476542e-91
4.186716656825794	-7.014811549331337e-54
6.993727448658461	-2.834473653867225e-97
-9.752185738559284	0.9999999948873838
-1.2447778437365642	0.7423328786717496
6.1573744654930636	-4.863005901234569e-84
-7.504329493586135	0.9999990953198017
1.761582673496033	-8.490096876280628e-17
3.9750049428276277	-1.4966265749765248e-50
7.662315879362676	-5.1571683094736235e-107
-3.6571949387961356	0.9939980759655739
2.086824682855145	-4.134443056716492e-22
-5.814228717710068	0.9999556993729742
3.245607126493052	-2.9162741221627115e-41
-8.330404404974194	0.999999864972093
-3.6119261020029647	0.9933780785101566
9.339943366140897	2.1056221411063404e-132
8.804775601552212	6.901037480568795e-125
8.379902921356539	-6.131278894943907e-118
-1.7671902421005434	0.8500848098233528
3.415038846576607	3.419803959291423e-42
-9.96158040994645	0.9999999967492681
7.361288062144872	-2.0399300339127484e-102
4.134087278294679	2.318150577835221e-53
-8.02077467452067	0.99999972454372
9.113008949668743	4.432141900821558e-129
-3.7007890318286973	0.9945428600631486
2.920425508675276	3.834381636117885e-35
2.870395955309508	8.80008311141291e-34
-7.465806515068851	0.9999990114066443
1.6612014131774	2.6439481063670848e-15
-6.845582876258165	0.9999958768614068
-0.30527441784855114	0.3812858888658392
-5.626160994454885	0.9999317072333614
7.115093698509934	-9.513348383681874e-99
8.041665459314654	3.876277424479445e-113
-5.845519222833104	0.9999587776672633
-9.676563482598276	0.9999999939149352
-2.9242583652084697	0.9731558161099587
7.020702784881415	5.040557348066127e-97
-6.700535983975158	0.9999942420502986
-4.235547225222693	0.9983471842795143
5.385819415304551	-4.0338521976058676e-72
-2.88429803668361	0.9710886787244776
1.6230538704929032	-5.160288293536939e-15
7.128355639811961	-1.3567595938726316e-99
-0.30848548802501874	0.38299521384081786
6.947330994132173	4.0124639431053175e-96
-6.304893616355267	0.9999856822949145
8.41588171241101	3.206108351905354e-119
-8.534902539639479	0.9999999156809624
-0.2676760379036338	0.3605329462452233
1.498071315874947	2.361136483607895e-12
4.109837440392404	-6.611315336275956e-53
1.6827174046259419	2.268265796539547e-17
-8.270678461283364	0.999999845065045
-8.530093748208202	0.9999999147421379
-2.875905002243355	0.9706382348077712
-2.738624003586545	0.9624294080491348
-6.5066642711278	0.999991002421582
3.673044200500808	-6.4760532884952075e-46
-9.610230354826971	0.9999999929107789
5.474072555659033	-2.4172902330280372e-73
-1.1352000709863574	0.713885732324785
1.2365907300089738	7.157699777909811e-8
4.005233074295539	6.26682597950153e-51
9.87909169285944	-5.395554004687968e-141
-9.02172266844496	0.9999999725143651
-4.998734642475555	0.9997110279526166
9.3375464149279	2.2119635683433236e-132
2.264580404420226	1.4915412016846192e-24
-9.111689850871683	0.9999999776571397
-5.8824653690846285	0.9999621382395538
5.036615297952549	3.802990267362267e-67
1.4990971028945808	2.3251220675993436e-12
5.135517307505122	2.9088613791541604e-68
5.929721694469228	3.3096999082535246e-81
6.7596866473799935	-2.9996193916955136e-93
-7.373659749002912	0.9999987777402645
1.2930431014522128	1.1718211922549459e-8
5.56137936042958	-1.6213851631851394e-75
4.374230051060124	9.46967192241692e-57
8.510053005086338	6.649372736277079e-120
-8.132576697081625	0.9999997870631135
-6.654121173516483	0.9999935926326612
-8.557068183747658	0.999999919876474
-4.156529102014459	0.9980236313877414
2.5530379050143015	-3.143296518848537e-31
8.376015729961487	-5.674314766527601e-118
-6.034160903525159	0.9999732974260507
-1.6283433764680577	0.8252451935448948
-0.24366552553397014	0.3470658260650858
0.32937649812822656	0.06261573436228031
1.6016996291011978	3.986340474323426e-14
-4.604396928127188	0.999286525909014
-1.2940247938909408	0.7542838247878499
7.335202905313572	-2.93324802251587e-103
2.7414686222965337	-1.2703155824434978e-32
-6.400731964469912	0.9999885172121619
-1.4265196146025971	0.7848008457822658
-9.301697580922475	0.9999999855744937
-7.04895855066197	0.9999974185787228
-2.2746185719589684	0.9212792808694794
7.384448194781669	1.009181657105569e-102
5.231868491133245	-3.853860530840166e-70
-5.046385482174416	0.9997409800273404
3.1316303997567907	-9.9231982281391e-38
-8.245588760797862	0.9999998358506836
-1.233716217527281	0.7396638572406836
-6.540687984228555	0.9999916803546536
-9.26494208421651	0.9999999843004749
0.31314654039216094	0.06810566805647372
-7.026830561483117	0.9999972836466674
-0.5798728280167111	0.5175593911870944
-3.8278174064508796	0.995874223401676
2.581413178314037	8.166494888008133e-30
-7.546373311228791	0.9999991787949316
-6.719519337601412	0.9999944883006183
-7.813517076021723	0.999999556075173
-6.5723426066429225	0.9999922651367988
-6.049567659173456	0.9999742278790882
-8.177985389544787	0.9999998082028771
-6.872787802031506	0.9999961272095412
6.067950498757909	-1.9398355430110152e-82
-8.00242773236928	0.9999997126577244
9.72746307621567	2.489722912834615e-138
5.1339208124861955	3.284377887001978e-68
7.437840224282709	5.387073460852949e-104
-3.829824627171834	0.9958925214860852
6.28148722691698	-8.673460850554071e-86
0.255993637206835	0.08763702569976548
-8.7592011695219	0.99999994969316
1.6884003835665151	-4.0748511078141616e-16
-6.6977192122366125	0.9999942045858002
0.6599197210240924	0.0053768333444320455
-2.692492491915579	0.9593005946166809
-8.291931191200188	0.999999852464438
9.003757585764593	-1.8514948309638434e-127
-5.367810765351582	0.9998762664912108
-0.32045569031444643	0.38921699846330593
-8.51264937171598	0.9999999112478561
7.1067761240327165	-8.087133691889023e-99
-8.435909787148464	0.9999998940945501
2.8753624367779764	6.452290970000737e-34
4.884191158327514	-9.383100610895884e-65
7.345536741083588	-4.259496215584661e-102
0.21126240491680903	0.10532568637339502
-3.630330470527916	0.9936371087404126
-8.12593164346139	0.9999997837799885
4.9143436057280745	7.1591700428811964e-65
7.517037391342708	5.388767576228073e-105
8.95213819663499	6.026263331415791e-127
3.426887406679917	-1.7674185236023818e-42
-1.1641306022701148	0.7217733735890126
-7.953292640747689	0.9999996782381787
7.801400810611714	-3.8208723601641317e-109
-8.612792955705588	0.9999999295249621
3.545686220103189	1.7561923558846226e-45
-1.2299073651426617	0.7387376875308458
2.949398300817329	-1.725835394778941e-35
3.9120624085670563	1.2310506381633503e-49
-3.2909307535310006	0.9869457304452824
-4.245305679277549	0.998383336621936
-5.783587304983024	0.9999524623850877
7.76512400509651	-4.1932492068720894e-109
-0.3809889777959228	0.4197591064028099
-9.612117791792297	0.9999999929415219
9.00107609807542	-2.290153033429335e-127
4.009077708618495	5.191278469753844e-51
0.07987389802548428	0.16829061691799127
6.2970250133426475	-3.400718157415702e-86
0.20305073151140363	0.10892083415519924
3.513589480134577	-4.3908905212181597e-44
6.752137683318658	-5.85608895736579e-93
-0.617275937057089	0.5340038317086389
8.886547805479989	1.0773629539332734e-125
6.770836894501258	8.28973840368234e-94
-0.18785810169591244	0.31533662312500127
4.000332899004944	6.890714429916689e-51
1.3920719131407733	2.098537875654929e-10
1.3129878153956476	5.445530475865361e-9
8.31584502775776	-4.07595975891348e-117
7.185553730382523	-1.3649800357200484e-99
1.2907900525779112	1.265771297574558e-8
9.001680642605507	-2.192538050127163e-127
6.267675771799517	-8.276173609985823e-86
6.485626121566767	5.152927628194679e-89
9.14527437450782	-6.635041502977468e-130
0.042610242565626066	0.1880570225273687
-7.7309105771059405	0.9999994630725807
-8.591810091338576	0.9999999260363793
6.713556473941512	2.719247366173842e-92
6.450713896256929	-2.3616134166421338e-88
7.2446011114085	1.6172510844183765e-100
-4.511084287933258	0.999116987691653
9.137346506725418	8.151335338240848e-130
6.927519782472579	1.3551077915120528e-95
-6.477765591791247	0.9999903833971573
-5.738855842831918	0.9999473077501593
-1.3483757046710245	0.767184264681938
3.5314424994160873	3.6899496609017016e-44
8.907419790429213	-2.5936468602926428e-127
-7.939986546471913	0.9999996682273907
1.1011278600643504	2.8986080676318173e-6
3.80298288484196	-3.6190681283970856e-48
-3.591578463931966	0.9930801371811847
7.266141701146758	-7.214208582652212e-101
2.762084185867373	-6.461091524383956e-32
7.920623313357119	9.884099587234453e-111
1.2228454388795473	1.1515889686949421e-7
-3.747101234660879	0.9950699313510561
4.511337611173648	7.179506378503509e-59
3.537740882772024	2.474183966491378e-44
9.274300829523213	-7.129394106387435e-132
4.349669787394275	-2.2501140476732056e-56
2.601938308445714	-7.832567889368603e-30
0.9403076390610501	0.00010644852110235394
-9.601642601970145	0.9999999927692006
8.499015955037791	-2.729996079682995e-120
-1.1519155370334033	0.7184707045438805
-4.2295372986964175	0.9983245245698946
-4.094127230908207	0.9977248877748276
2.3676546314226865	-5.105037368868405e-26
9.9416918110934	1.3556171467535778e-141
9.693980215030958	-7.098318078361811e-138
-4.735100146713025	0.9994709906773249
-3.4512077753229287	0.9906565894450741
-5.414180683677867	0.9998887830377843
6.1360033942269965	-7.292620015433224e-84
-7.777665718685056	0.9999995178739027
-9.10471147798457	0.9999999772952279
3.8469887088943278	2.593927839297185e-50
3.4422283415149124	-2.0123307927242512e-42
-6.56864200391706	0.9999921989518622
7.030950060231781	9.354275274211754e-98
8.100049296961704	-1.2101658842912764e-113
4.952768917467999	-1.27050354994894e-65
9.357549461628679	4.667319716202739e-133
2.8764634102308495	5.800283681986538e-34
3.932457186855448	6.503107728878103e-50
-9.4933852541519	0.9999999907222317
4.2434976844966386	2.0828717215600707e-55
1.1116598219314113	2.1791623137878226e-6
5.100109934182072	-1.8731585063681006e-68
-8.13456245283211	0.9999997880345075
2.1452522467663027	-8.337428021170749e-23
-9.391962602703142	0.999999988281663
-1.2680832564863387	0.7479409083289292
0.7011591967005018	0.0034120860590357155
8.646119898188758	2.645671724066536e-122
-2.3553525107533746	0.9300572869297801
-2.457301723187979	0.9400983066438766
-6.182039935385983	0.9999810020340447
1.7039463903063634	-2.8876034864921727e-16
-9.214156723362287	0.9999999823529594
4.668295741975129	2.2371722695507316e-61
5.710930994534603	2.0856749125687046e-77
-8.31769699092932	0.9999998609628113
-2.5329825003269724	0.9468824039659297
-1.6865355771096535	0.8359676915221037
4.208764258892636	2.617322300202893e-54
-1.486417679823461	0.7975412919649596
-0.5486578470352335	0.5031887058976178
3.646358853641445	-4.518801862682363e-46
5.523493633938896	1.763700809353026e-74
-3.8217285741283114	0.9958182355451086
6.53518875384453	3.461593566768919e-90
-6.7696189119716355	0.9999950887898863
4.037501759835177	-1.6240227401485023e-51
4.373039399756799	9.709020144663706e-57
-8.106084109146213	0.999999773669325
-7.740451660698495	0.9999994747397315
1.7645804020274412	-8.155884446191369e-17
-8.583847868594908	0.9999999246678438
5.047727977040925	1.1017425779388244e-67
-4.370455478535802	0.998783330200278
-7.2194906690451255	0.9999982568680971
7.880812805965903	-4.316805538525513e-110
-6.3842889352347365	0.9999880741761389
4.3207170740139045	3.0758691407673485e-56
-0.6629364066731469	0.5524561236988529
-4.098661818519567	0.9977480110685913
-8.141087254867587	0.9999997911952344
8.134801755404286	5.2867303661982986e-114
3.498410444840637	-1.4559669578444572e-43
-3.868076864885208	0.9962266507192498
-1.2552292389475639	0.7448422695141642
-6.516660736843409	0.9999912071420543
2.132005161838073	1.1907779779761119e-22
-8.455305474539042	0.9999998987202752
3.9288241464099727	8.593684199857803e-50
-6.377883971319069	0.9999878970153969
-9.564431976283338	0.9999999921223461
1.1744553657553602	3.928715231422282e-7
9.572951559744169	-1.416047099192425e-136
-6.719988570886386	0.9999944942522172
1.379664282390376	3.7898439758759906e-10
-3.5207210659399557	0.9919414401198823
-6.849862635604604	0.9999959172916053
1.7270345300040155	1.3648343936437934e-16
-7.965381151816326	0.9999996870708555
5.0462320907676705	1.5631745749057065e-67
-3.3254925525427392	0.9878436419066204
-5.608459193053075	0.9999288681013481
-5.45729524485369	0.9998992833516196
-6.026933606335296	0.9999728494600773
-1.8712277696545385	0.8668712039873638
-3.440582799371388	0.99044427368459
-8.497904954964355	0.9999999081829667
2.164926534207998	-7.915272020492328e-23
2.859463210611395	6.844863632577036e-34
8.91647392464689	-2.5532817481777023e-126
5.765415541000646	-7.67795516618668e-78
-9.612004472620846	0.9999999929396799
-1.6548675189196551	0.8301875012379247
7.1906454696382625	-1.1267721146426074e-99
6.253606806026234	2.322926551092861e-86
-8.190324049287344	0.9999998135752108
2.220774658969109	-3.0847474570205275e-24
1.8400522113476914	-1.6804082397852128e-18
5.488247621648323	-3.186662340590294e-74
7.568781192496878	-1.9214933124540272e-105
-5.808332490348809	0.9999550940878922
9.469396048684409	-1.1838463368469588e-134
-8.827270297168251	0.9999999569911191
8.752203539930647	1.2603310966156306e-123
-6.139812528955759	0.9999790624337583
-8.730243840018051	0.9999999462244983
-4.273559830356319	0.9984836746113886
0.3368587354701127	0.06017875833122314
-8.374545044433063	0.999999878021607
-1.4108047441625082	0.7813425466376932
-6.832570388691592	0.9999957514587873
5.9702577677121695	-3.615273625610933e-81
1.0595928062778306	8.404385422107396e-6
-1.1092517772904955	0.7066112497022974
5.015575674996562	-7.955091550360161e-67
-3.8854727566934244	0.9963697764264688
4.767525853393835	-9.024577488562784e-63
-7.287383027992442	0.9999985091325255
1.5303751474143468	5.680204549987247e-13
-7.944997431919787	0.9999996720333549
-5.163806692596156	0.9998022238017469
4.884485348980206	-8.712297071424357e-65
4.947265176790715	-2.089688597678659e-65
-2.217745507248221	0.9146692419965126
-6.888383396964155	0.9999962638089729
5.253063162207766	-3.510257244482268e-70
-4.433704467088004	0.998946536683321
2.723659045145892	2.243904198225182e-31
-0.8537233577781969	0.6265264760004926
-4.960458300439821	0.9996844860549596
-1.4692879952409363	0.7939664781271162
5.928309483379524	2.0045884968115587e-81
3.5809591921282227	-1.4343238725387238e-44
5.092753990767992	-8.479951950181059e-68
-6.209555188065421	0.9999821681310616
-6.950355709683658	0.9999967606434955
-7.136123530808942	0.9999978879905425
-4.771031174588756	0.9995127957989254
-9.485002493981094	0.9999999905414123
6.924103448885809	1.3469178607437099e-95
-3.9272514402669634	0.996692392981209
-9.569352313634063	0.9999999922110926
-5.353453092110287	0.9998721127447444
-7.370598478027031	0.9999987690944475
4.822072069976997	2.0177809897227747e-63
-5.8830881455072515	0.9999621924742338
-4.239106897033653	0.9983604631403841
0.0021314462026786885	0.21027464678358218
6.82607637463386	-8.629631959396434e-95
-2.436816086768352	0.9381737058414658
-1.8363142430920334	0.8614073785757772
2.8252620682330623	-2.911284569961231e-33
4.814793248503726	1.9709027211706022e-63
-6.0275299163877305	0.9999728867034106
0.9579525975928007	7.603771788067341e-5
-6.078506738721887	0.9999758888310532
2.712473488115542	3.1335307647414927e-31
-9.979372538070583	0.9999999967492681
-8.262307656458301	0.9999998420497902
4.551876006236203	-1.1621157748258728e-59
7.669697703779331	-4.545418799939511e-108
9.430062873594458	7.676145921075981e-134
7.052448979366357	-1.530964958684614e-97
4.442132333937252	3.412373136376734e-58
-2.6626407532622487	0.9571676007927392
1.9283327154278886	-2.460456881321211e-19
-2.5395965271651466	0.9474478707251499
-6.916193167268911	0.9999964955473757
5.844234955019685	-4.20996290463405e-79
5.682216193795412	-1.250744370637993e-76
4.325129334085807	-4.262724819687378e-57
-6.442660474762594	0.9999895738655579
-1.3564054101658662	0.7690438470901899
3.772353909885382	1.4750883678660587e-47
0.4645101805765748	0.027588530100147907
0.13022231538478124	0.14272539791569333
-9.484561609062974	0.9999999905318054
-4.995915699625066	0.9997091515627641
-1.5880848364035582	0.8175490367057339
9.300935983078887	-6.257605125446967e-132
-6.652876825013734	0.9999935742487236
-7.226050759512614	0.9999982829999297
3.027145125247994	4.833061438933248e-36
8.642604338733566	2.315670488546528e-122
3.1706998055147153	2.2814132392055792e-38
-0.14901126987950875	0.2931531008746386
2.404241376024947	1.0954211858674271e-26
5.264311713697394	5.117521449627043e-71
-9.19981674640431	0.9999999817605464
-6.11870408810288	0.9999780198745896
-1.0075897894008357	0.676521078025609
4.166793627328591	-1.4257139383668182e-53
5.34733650353655	3.8928164029228057e-72
-8.9892950550455	0.9999999703835206
8.135451579601352	5.20894569625903e-114
3.6316472920230183	2.5212098505980596e-45
9.57595636377393	-1.8881786016745512e-136
-9.89555879584504	0.9999999963248958
-0.2490737142144681	0.35010574018204876
-2.415122883600813	0.9360868043875722
-5.5585384277488625	0.9999202100792831
0.6362801430333231	0.006856338820706057
-7.95427056454713	0.9999996789618906
-8.794703293720243	0.9999999536419537
-6.918094623890068	0.9999965108566986
5.0869500051555185	-1.4023509151552834e-67
7.495557510601092	-2.2780246398371317e-104
1.2566009272934764	3.5720585959346164e-8
-8.811522028296679	0.9999999554029178
7.58720435385743	-1.033142748178915e-105
-2.128613073244918	0.9036767745815539
8.503103775541096	2.125354204499483e-120
5.83204077216045	-1.5252735196321322e-79
7.365715783318233	-8.660313177029272e-103
-1.301526422261169	0.7561064456613998
-5.038499217790009	0.9997362458929838
-7.88481978480656	0.9999996232901309
-6.099801952816448	0.9999770423114239
-3.1720193763117033	0.9833844455514412
9.302678050742806	-5.5547415907919576e-132
7.260735719552713	-4.616036962732981e-101
-4.952706534559694	0.9996788217850161
-7.922616479762632	0.9999996546888813
-6.81511002237797	0.9999955771774476
8.9074320717387	-2.6527500221722237e-127
-1.9056676462214384	0.8722411312733249
-3.568422846951078	0.9927257564146698
1.116304879034594	1.9158551501066574e-6
2.723150718867519	2.3087363159834994e-31
-1.542022743282141	0.8086453350781416
-8.26299051342584	0.9999998422979461
2.7932120767633286	1.642825539781593e-32
5.760789266025924	-6.937138383066588e-78
-2.3079678804046555	0.9249923585323874
3.227642755614868	1.495237325163929e-39
-8.454824741849931	0.9999998986081018
6.175870738280139	2.5195011695378163e-84
-8.624978616568146	0.9999999314749011
4.658741395185544	-7.631664553094329e-62
-1.5294282000840642	0.8062024988020636
-8.092793573618007	0.9999997666359458
1.333017687693836	2.3969103989662185e-9
-6.514356487145845	0.99999116036946
-2.1180706607922994	0.9023295390145842
7.880401474536853	-4.3904577304274355e-110
1.0146644968256382	2.3775042622471767e-5
-2.590584839889223	0.951658974463604
-7.20958371026001	0.9999982166480962
8.327793396362754	-1.880238806274561e-117
-3.039184718619121	0.978421906506513
4.1820199145809624	-9.713193253412589e-54
-0.5433237350827049	0.5006971370871248
5.735586991447029	2.155655714683495e-77
5.5248131856413085	1.2638422040970618e-74
-3.2828332051850095	0.9867268939113584
-0.2318643682278534	0.3404102470100672
1.8046595325758972	1.8564647287144073e-17
-9.696709557718899	0.9999999941907586
7.905067662442164	8.242582502976112e-111
-7.172379423487785	0.9999980571438108
-5.4126447754522955	0.9998883894508732
-1.1409527650905673	0.7154725459268276
-8.47963607548921	0.999999904238301
1.768219612652672	-7.434192624212827e-17
-2.8454307583723093	0.9689539904628833
-8.903625216799638	0.999999963925258
7.043872311620362	-1.6562248775551692e-97
8.916157495227747	-2.5326782333894636e-126
-3.8673760820766256	0.9962207722543435
-9.881537451911235	0.9999999962043082
-3.5703047117313824	0.9927551811504604
6.0861925702030995	-5.8710950091615934e-83
-7.3721000401937475	0.9999987733428611
-8.347050175102929	0.9999998700495464
8.549691270408111	-1.7393879887811965e-120
0.28418858311981765	0.07807725613589112
-1.8830039370288354	0.8687146434334814
1.7246436198129587	1.4765359533106667e-16
-9.683430807264157	0.9999999940103983
-1.7941030944923408	0.854590504275822
-7.2171632468234925	0.9999982475016091
3.743935215272213	-4.86638935270497e-47
-6.245679505425605	0.9999835911312147
7.754474550847519	7.899074294888379e-109
-9.6793936934422	0.999999993954461
2.123184945360981	3.182447226395123e-22
-3.842469852540531	0.996006012826846
-5.122939679745984	0.9997827509475737
7.552337871520791	1.4279874130914764e-105
1.4971885023841267	2.389665277019265e-12
-5.159809544802645	0.9998003987121822
2.5866106243005724	-2.2228394999300545e-30
-0.3126552350099221	0.38519074110341406
-7.211273458894771	0.9999982235731757
5.830769426996124	-7.630822771420225e-80
-5.2482707439909815	0.9998371230089795
-3.721144922764279	0.9947808271905186
-6.44197746903	0.9999895574574414
-5.184817716305616	0.9998115469224669
-2.4851993137856754	0.9426615505639196
-3.8520781019980666	0.9960902211612461
-4.56953297688552	0.9992273387042748
-6.872067902382142	0.9999961207848115
7.832989045658888	2.1241129088730397e-109
-1.7333851135438607	0.844280503295378
0.2314597969762069	0.09678894844427498
-0.029565573141434598	0.22695621154797055
6.5382269955322805	3.977138771814049e-90
3.2698016076169836	-8.40696510932037e-40
8.08219341161837	-2.4464926800842403e-113
1.289359029817989	1.3279742101687436e-8
4.0196942076441555	1.2144651816242021e-51
-0.17543505656833247	0.3082466913358862
9.69443641666686	-6.790497693744991e-138
4.672334600621518	2.484298292601729e-61
1.6491674058736585	3.0982468186547965e-16
6.557304274428532	-1.76308750685491e-91
-5.809905437865268	0.999955256364684
3.7680948422934435	1.5252535892410948e-47
8.146356591791786	2.9556379124927104e-114
2.5013104875170065	5.7876642124986675e-28
2.68531404686955	-4.632502583286192e-31
-0.90653907743555	0.6447463507526559
9.711287799501488	2.1579956826048223e-138
1.3503552354396309	1.2874711494944082e-9
-7.210115798681831	0.9999982188316565
-9.52923413001541	0.9999999914573092
-4.185026124152871	0.9981469186755199
4.914847944675401	6.859350544234139e-65
9.841124031434738	2.3929211340401808e-141
6.998999010834236	2.996232614466458e-97
6.356407994323465	-2.296401219135011e-87
-4.004860933676797	0.9972194552412511
9.19991684716166	1.3342135922780124e-130
0.1859279574538384	0.11651503113799046
-9.65159703638546	0.9999999935548666
3.8194028870789687	1.0000977527115385e-50
7.620090349992221	3.8127267195944007e-106
-3.382666064462141	0.9892068388038031
-3.814092561842659	0.9957469872949518
4.828962838022196	1.632696028026918e-63
-4.136762965860483	0.9979334242223171
5.813023578962664	1.528817724263422e-78
-0.9301376662903227	0.652333117123883
1.6566934678174619	2.3524263977027094e-15
-4.530837280509812	0.9991559268502108
-6.522737092193793	0.9999913292992904
1.1694980707702207	4.406395832067218e-7
-9.58631398178479	0.9999999925094306
7.499200768515578	-1.7000687119884688e-104
6.3163665938529014	1.764913293844967e-86
6.363919682530806	-4.610781824353378e-87
-7.082304050439618	0.9999976093599021
-8.127698975186508	0.9999997846580853
9.287079068500134	-9.938405388317104e-132
-9.176179255134054	0.9999999807403086
-2.542821150029675	0.9477219681173016
-6.131788236975777	0.9999786720658866
7.148302118068809	1.988256071957473e-99
3.303144392763109	1.3177934184151136e-40
9.26320138166393	3.385613127427207e-132
2.985198350787348	-1.3379148617869228e-35
7.0513971099235135	-1.596742834168623e-97
-4.851747200743333	0.9995951008283409
-6.4767763000866285	0.9999903614683421
5.505940310806356	7.092123243713923e-74
2.6393848090592655	6.808548953260405e-31
-6.877231927370855	0.9999961666360456
3.903335629345431	6.566575451578891e-50
-2.450540105745662	0.939467502632331
2.645553467632581	-3.397865111798405e-31
-2.154410208270554	0.9069162123721963
-3.7085000641621457	0.9946341958987373
9.47388992192499	-4.141294150422096e-135
-1.475686484368385	0.7953081693139272
-9.784465278513803	0.9999999952536079
-2.5012434302999553	0.944105913947207
3.464830406007424	5.6642643652119306e-43
-9.863982805240452	0.9999999960477359
8.901867244473358	3.147173855563205e-126
-8.40426785676788	0.999999886090434
7.132216296709515	7.278230794802871e-100
-4.543495179452033	0.999179979474324
-2.8806892537708917	0.9708957021764996
-5.010326025610072	0.9997186175780333
6.369604231699917	-4.882335496842689e-87
-0.2540702690405148	0.3529100194960198
5.4885050622195095	-2.844089385127549e-74
-5.801582034261958	0.9999543909550475
-7.111043729517541	0.9999977624374976
1.43304869722094	3.3493745489827927e-11
-4.502180874139201	0.9990988589115668
4.9000730128654535	1.0732181956426658e-64
6.913487983966196	6.810629515079617e-96
4.447800633743494	7.193443373588497e-59
3.7520454587564966	-1.771462438934714e-47
7.142798267134147	2.555503185068449e-99
1.912940112167977	1.5979423840761338e-19
3.9325968983558823	6.419957547157696e-50
-1.5859029372919853	0.8171245245359401
-6.446862537760141	0.9999896742478982
-3.828675317371202	0.9958820538111386
3.603024886232582	2.897456768889484e-45
6.877089025426262	-6.009733937202429e-95
-5.205656650984816	0.9998203604111462
5.15646323626064	-9.548399105587534e-69
-6.525950770467612	0.9999913932184941
9.604000397713182	-1.3735463489827348e-136
6.973787760496052	-3.0240230187984802e-96
2.9554355552777167	-2.96005737531166e-35
-7.667271590168641	0.9999993783381292
-6.188502800477642	0.9999812826044749
3.3002547004697202	8.446578323826979e-41
8.46826079173136	-2.650924233363656e-119
4.9711635036473645	6.09095385166686e-66
7.699488708931245	4.792086680941359e-108
-2.3869511582391967	0.9332948073464944
-3.2846435904865157	0.9867761039886607
8.454590948385174	2.8104315207713334e-119
3.8434328412611087	2.8323474994872494e-49
2.1966067057085716	2.572278214046772e-23
0.17023110396467978	0.12365838242657654
9.63749002619917	5.667928259132241e-137
-7.695542686039154	0.9999994175169546
-4.802394405771069	0.9995465887321151
2.955806027897374	-3.010546808587902e-35
8.860446165163829	-3.633003727311122e-125
3.8104775923760936	-2.203689428805363e-48
8.993824402555411	-3.3288591800032834e-127
1.5275593875495588	7.206907712873871e-13
9.27202256488922	-5.675174478957349e-132
-1.2220463438615283	0.7368087598129378
-5.966719587950329	0.9999688128907864
2.6107494719901236	-2.5597517157541194e-30
7.7544205527258185	7.967851174578712e-109
6.222747823867696	-1.8962825290182422e-85
-9.560186346489195	0.9999999920449572
-3.907818820080129	0.9965459457985364
6.994680291206649	-1.5797010025312633e-97
-4.539857201780677	0.9991731370361228
-1.0298643226371205	0.6833324720945628
9.050057052794092	4.517916351152592e-128
7.077171339038252	3.844395832696701e-98
-9.580200269770769	0.9999999924032378
-6.994321450762642	0.9999970725159815
8.12829912877951	5.500207528180351e-114
4.618734899313557	1.500136145988074e-60
-2.2177595168285746	0.9146709131746865
-8.709546955544383	0.9999999435997078
6.899695308371886	-2.019698327585417e-95
-5.661812742454626	0.9999370861890922
-3.0664915492178357	0.9795344950927043
4.533063163010382	4.700896643017991e-59
6.614383933053766	3.507703159218088e-91
-2.8679940846245877	0.9702083950328064
2.542383245518259	-9.676104413753449e-29
-3.2027189467622996	0.9843780219339768
-4.610661257000448	0.9992966731283035
-0.14833639061290427	0.29276701947425043
7.713565279756107	-6.37282577633888e-108
-5.253553489276279	0.9998390891231573
8.780079211432536	-7.863340791690984e-124
8.68815589858595	-1.493657440586363e-122
-0.5693155096167821	0.512736263086324
-9.001044867614215	0.9999999711740465
3.6001472778080945	1.563540553545003e-45
0.6381731155282377	0.006725858337854203
1.1392735745120408	9.958679865714414e-7
-7.882233425655132	0.9999996210400623
6.717594714953776	2.2856100513021207e-92
-8.610065717972004	0.99999992908101
-3.8485270571864483	0.996059300537284
0.36191457705223584	0.05250840793889615
7.7357101978771325	8.205820021633643e-109
-6.4294986159213785	0.9999892530861245
1.5818073797934584	5.4135825060572644e-14
-6.007603194195834	0.9999716140451816
-5.708546450664942	0.9999435011322994
9.130492859376464	2.6522435431977965e-129
-0.21433588846418417	0.33045499674897366
-9.731237596989741	0.999999994634733
1.278443734461657	1.868644422192515e-8
1.186855500198746	3.005383908370895e-7
-7.794029558667321	0.9999995357018334
7.266291569995694	-7.257244410259011e-101
-0.1325572570261926	0.2837427791439782
-5.760816502747028	0.999949904704611
-0.1623060062560011	0.30075272795594
-7.630225823533592	0.9999993229827266
-0.11680931269667383	0.274763354339402
0.24528201459015264	0.09146949602418014
2.3553800070690034	-5.011921908609842e-26
5.016436560372384	-7.024933474901356e-67
-0.74707371180601	0.5866315847100407
7.307476146048003	1.7427876982444896e-101
-3.4361981047178736	0.9903553664806932
0.24597557900159828	0.09121485518581937
0.6907311492507429	0.0038466220148999173
-7.319281628277925	0.9999986147092402
6.516317610118158	-1.26432281982907e-89
-2.1247591083581163	0.9031861519865022
-4.582275785868295	0.9992495163110019
-6.620110257045155	0.9999930707147878
0.12998411178083202	0.14284216046414028
-9.868833148467813	0.9999999960916315
2.3324227667178654	6.82026795259699e-26
-5.393336466770018	0.9998833212076723
-5.226576491604855	0.9998287942751856
7.7897101478573845	-8.156855603864211e-109
6.251563759195477	4.852479895976961e-86
8.991108335438579	-3.617594799808635e-127
7.074100076286708	3.047985626830832e-98
-9.211742456531265	0.9999999822545861
9.64836198243523	3.85313974653162e-137
1.7647038080294486	-8.136701583100572e-17
-6.726486001746466	0.9999945760058995
3.6343011325886962	1.891978220799622e-45
3.229928803215593	1.475820824410018e-39
9.618586576963164	3.525188753873353e-138
-0.5014703349028782	0.48071150057790785
-1.9982379002007598	0.8860008592849093
6.393855073055089	-1.2143970816742965e-89
-8.012309706929752	0.9999997191220703
8.34216997341603	9.526498452973691e-118
8.201518542608149	6.204124264346582e-116
-1.7507096736958196	0.8472757226622223
-6.519410645237516	0.9999912626371111
-0.8464170934429802	0.6239224700525198
9.847165776770929	9.732939294920693e-141
-5.619285155338827	0.9999306181458223
7.5035898545423265	-1.0015192979336743e-104
8.155167255825127	7.338477348851801e-115
9.934959047254942	1.4398539651521524e-141
5.426088730425466	1.240743377261163e-72
0.19461672963076104	0.11264136810488107
0.4353701362544129	0.03361134424584665
-0.38236099305104077	0.4204850721205772
-7.31213846793902	0.999998591736194
-7.434061185027736	0.9999989364382713
9.825176237140433	-3.885179363944331e-140
6.532431422432161	2.440981805888633e-90
-2.703814416141217	0.9600872645566413
5.0652363202353	-2.14589495440586e-67
-6.076474412964297	0.9999757757650325
7.0394287889448535	-1.2272618674720177e-97
7.079469266200036	4.101945360409652e-98
-3.985135975527654	0.9970938103538132
-7.114747186823571	0.9999977814367969
6.662809408413338	-1.0629146173221469e-91
-2.5205746378775196	0.9458096702416131
-5.595893841348523	0.999926781510011
-0.808652757382621	0.6101351127456842
1.8706450748117156	-1.6129115857244479e-18
-1.2351542181831796	0.7400123694493149
6.41863527974327	7.895491816444231e-88
-4.090686893382736	0.9977071895504358
0.4596874747061275	0.028530832104699103
5.4793457389299824	-1.6691087491776974e-73
0.1004362134901271	0.15764536779219984
-1.42190759612709	0.7837907493045679
-9.896507422182097	0.999999996332914
6.258894447054686	-3.1813062668541467e-86
-8.889352851792651	0.9999999627200233
4.490610552340462	-1.3401300125659635e-58
-8.475801135731494	0.9999999033889647
-8.325997628034889	0.999999863594988
1.9939627777815527	-1.423902891157372e-20
-6.66576664660254	0.9999937621518367
-3.366312804270719	0.9888318450234085
0.9353690420831384	0.00011696285323225234
4.285842293870683	-2.4654305292676797e-56
8.045507731882697	4.143127025812229e-113
-6.664032597789955	0.9999937371971626
-2.7075006288711956	0.9603407472763007
-9.322463836600843	0.9999999862480368
-9.77076420121091	0.999999995101482
9.235730795079853	-8.246743818360849e-132
-3.9209156261030564	0.996645319068201
-4.891504452365667	0.999630392348602
-2.494959891221198	0.9435433029781625
-1.830437855348638	0.8604781609185068
0.09339798753496353	0.1612628391713433
6.673818412414153	-1.1672586011029887e-91
-4.726559821047722	0.9994605403816672
1.2200645207675578	1.2597074660006563e-7
-8.284450955151357	0.9999998499012885
6.005311615132452	-4.7773311439626646e-83
4.829786892203774	1.5677603011651823e-63
2.7434459102994033	-2.9353462870673143e-32
6.7722239693087545	1.0787829727246559e-93
4.826050259743958	1.8340042083569598e-63
7.101207767950779	-9.358079328051452e-100
3.9975171456189926	6.729444696612981e-51
-6.427932348241918	0.9999892142618978
8.756343396223599	5.9988899738759495e-124
-9.784342345173322	0.999999995252264
-9.360240790219287	0.9999999873936984
-1.3109524693413057	0.7583724092705297
7.098445630222674	4.989457259452985e-99
5.239721038791876	-6.616352838988661e-70
9.679788021486125	-1.3199495001522437e-137
-4.673148700626943	0.999390364673015
-8.600771793614648	0.9999999275469886
4.764325730198742	-8.518437474360064e-63
5.33870530427691	9.29689275275133e-72
0.171181816668188	0.12321970711027429
8.36228444742563	3.9853616812004926e-119
-3.63895740503267	0.9937552058693275
4.5208655662760435	8.004337426162074e-59
5.985702391103098	-2.868788315915905e-81
-5.957395967576753	0.9999681363231699
2.7665610471840374	-5.196681169550217e-32
7.8457555232083145	1.1258085191810465e-109
-5.739101679807517	0.9999473375536231
2.753715032890316	-7.127171600148515e-32
-6.20867933454035	0.9999821321391895
9.460899006644539	-2.5248039215442287e-134
-1.570899903639651	0.8142081470315443
0.048863555137273806	0.1846930789290724
-6.6969946047578865	0.9999941949088061
-4.245243344693588	0.9983831081790963
2.5490613507786506	-3.283528146377053e-29
-4.828303906103466	0.9995727375067303
6.9015829282593835	-1.5550299382597892e-95
3.5667389654550963	-2.2309419457571285e-44
-7.578973002739731	0.9999992381805957
5.311235811582211	-3.2904992147307016e-71
4.118981078897139	-7.378252045747586e-54
-3.6784940142504574	0.9942703893191562
-4.652989925593483	0.9993615809154439
-9.683242471450502	0.9999999940078003
-6.280723575954079	0.9999848629941652
4.065700276747112	3.390846305895019e-52
3.4939798428594138	-1.1391061066322883e-43
4.806923633311161	1.1456255466078551e-63
-0.9599105806472519	0.6615336374438784
1.6186998944801125	-6.585067281848864e-16
-9.643019273261704	0.9999999934263033
-7.322607351831798	0.9999986252768518
9.236087799010846	-6.780062113117294e-132
-2.455949059812208	0.9399724420810586
3.6040702015828217	3.2935588828165333e-45
-0.1540831566016898	0.2960539438630205
-4.333002161985222	0.9986751545523139
-7.457444667107067	0.9999989921880399
0.7714191223536826	0.0014121647737593602
-4.669762267176432	0.9993856211086837
4.858603414671583	-4.44695511182143e-64
0.15716487364866083	0.12976131284682693
-4.8064028890285115	0.9995507360669684
9.96254622571034	1.2198322486805388e-142
-4.373893723135103	0.9987928120798459
8.177353251384929	-1.2468641589517559e-114
-9.419462887809882	0.9999999890006802
-8.412357947451351	0.9999998881927272
7.877991266870467	-4.756035460279418e-110
1.7403463005115647	-3.7185102632595473e-19
9.800672944972245	1.0010203666866593e-139
1.0755449491585054	5.651041070192859e-6
7.557256740812292	-1.6951451091258154e-106
9.830530098860947	-2.6489236823102736e-140
-9.588352018651829	0.9999999925444994
-8.577782582706357	0.9999999236083897
8.1734615551374	-1.2769668227889614e-114
-0.5207063581687077	0.48999056488310444
6.221470922772475	-2.460180456493627e-85
-2.450316191298989	0.939446541720592
-2.425889867205182	0.9371294271397432
-4.965908200010363	0.999688408599835
-1.531182349656067	0.8065445538882735
9.935402604119353	1.4440729453933126e-141
-7.050988849297211	0.9999974306182446
8.45914773402584	2.805773976483818e-120
0.4940447938979986	0.022290187504612403
-0.5530186404651829	0.5052171024956998
1.4086877232159267	1.0181575251191085e-10
-7.039748322134982	0.9999973632506244
-7.365802395673069	0.9999987554259328
9.846094590293298	8.980099974787986e-141
2.2295676985124615	-6.229679140734493e-24
7.882221111703657	-4.043180482995851e-110
-5.759934680516068	0.9999498029345099
-8.278042416045972	0.9999998476699854
-4.357497294411727	0.9987469286621901
7.747379182915616	1.5211641195929207e-108
-6.8048216331299916	0.9999954711553328
-4.7032320534267935	0.9994309371956582
-0.9841956005169283	0.6691668648614559
