-7.264003516616153	0.9999989931077098
-3.548208196263243	0.995407956951775
7.844979811017886	0.9290757729780607
-7.336948513315877	0.9999991487832243
9.035416779029106	0.9290757729778761
9.631522647720871	0.9290757729778671
5.052197660758875	0.9290757731807722
-6.938886628571872	0.9999978714363289
-3.9891685948950117	0.9981976312957814
5.908728819321114	0.9290757730035148
6.8965374769253245	0.9290757729798524
-7.714120954796604	0.9999996428310055
-4.862495542097225	0.9997479698353264
7.441168660860143	0.9290757729786997
-7.957614051302175	0.9999997961162977
-2.3024050039979294	0.9681395827072634
-4.870878193539059	0.9997527547483356
0.34556875840657497	0.9290783467910009
2.4992484323358433	0.929075823035096
-6.674369563641807	0.9999960863508105
5.621359489446833	0.9290757730289971
-5.196357133696603	0.9998827201831054
-3.7801920562902325	0.9971680523800096
-5.39458130513768	0.9999256094054225
9.026827800264744	0.9290757729778761
-7.583899535443979	0.9999995179483963
-5.619811374652168	0.9999556747056982
-5.408498564615711	0.9999279508245483
4.5294035082647	0.9290757733546176
-6.920103229315835	0.999997777361645
2.6858547755803563	0.9290758016229227
-5.329780283606382	0.9999136674550827
-8.946842501029124	0.9999999790995137
3.633968744088257	0.929075776054077
6.944719318102791	0.9290757729794381
9.698673525862858	0.9290757729778681
-0.002667551835816795	0.9291681989268261
-3.664250964855169	0.9963838765635852
-2.0681894275075496	0.9608145610736515
8.12867038133222	0.9290757729779584
5.901366585064318	0.9290757730035953
-4.390639972061656	0.9992630853649396
-8.822722798194103	0.9999999721851947
-8.25324811802921	0.9999998967833662
1.8312567644124211	0.9290758186256929
-2.6315523114704265	0.9781240127242039
-6.276051168184247	0.9999902089473156
4.854614457008388	0.9290757731847831
-8.854811647690969	0.9999999741662647
-8.271615258193199	0.9999999010575683
-4.507576090318142	0.9994343278829579
9.377724600483411	0.9290757729778711
-5.539443155624353	0.9999466774316526
-6.775876082134036	0.9999969019710623
6.177899816017206	0.9290757729908252
-0.9891756595810453	0.9352621346965339
6.208795971859615	0.92907577299075
9.907736232634065	0.929075772977866
6.15393449392581	0.9290757729908131
-6.702952029385845	0.9999963356013974
-5.94383256599301	0.9999789664716566
5.08885273058096	0.9290757731051531
-8.034676075031282	0.9999998292656755
4.731417170798732	0.9290757733888011
-2.1887503109863315	0.9645439862606872
-3.233182530133951	0.9915415822707989
-0.8653971384586345	0.9336672946023875
9.538920467892943	0.9290757729778713
4.7815721617894	0.9290757732603131
-2.289932123382399	0.9677453740117263
0.24315755881145762	0.9290845247295372
-0.34277160045073884	0.9297963629906324
4.365529557568832	0.9290757737852544
8.334676493288889	0.9290757729779685
-8.112603837620709	0.9999998573100511
-9.126655374026287	0.9999999861852288
9.269830755192089	0.9290757729778775
-1.2584814655456036	0.9398082673514839
5.390520818088373	0.929075773041076
2.9435770460670074	0.9290757982162718
5.455044833109103	0.92907577302991
-4.066383804945071	0.9984791430697001
2.8006405321244365	0.9290757980291975
-9.528884792921719	0.9999999945283993
-9.285186968370084	0.999999990410142
5.823908292100665	0.929075773003609
9.018057420605658	0.9290757729778772
5.252942166451318	0.9290757730801067
1.1664170894525228	0.9290757963894363
-8.68185566505458	0.9999999615281651
1.2485608076982366	0.9290757245514168
-1.9011841200437551	0.9557442411399919
-4.353589204651085	0.9991989013334043
-2.2916091040417452	0.9677983886877958
6.002773707116415	0.929075772991341
-2.0588359352172025	0.9605257805022547
1.4969650366335596	0.9290756831104062
-6.6811922506268795	0.9999961473455242
7.271847421175458	0.9290757729787057
1.607142654446335	0.9290756830580982
4.773079997093754	0.9290757733012261
-4.100916255874254	0.9985909468568582
3.721630128784387	0.9290757761728702
4.867373878058281	0.9290757731856986
-8.39522723619774	0.999999925566073
5.921047058022255	0.9290757730035203
1.0985682326212434	0.9290758584080496
9.378451535627057	0.9290757729778715
-3.1790943686384754	0.9906691673146475
-8.6018680521906	0.999999953748007
3.920800149371427	0.9290757744387841
-9.924233642935402	0.9999999977982575
-8.561931486779324	0.9999999492931086
1.7637921220462616	0.9290757379191869
2.302483890792315	0.9290757163950247
-1.650996223607324	0.9487950074051064
9.098304868584695	0.9290757729778775
-2.6783145909547956	0.9794374761543408
-1.587797663951637	0.9471619879151846
7.369878986630148	0.9290757729786874
9.91791700151678	0.929075772977866
7.820661101459141	0.929075772978056
-9.077460255045562	0.9999999845282839
-8.830809043564773	0.9999999726982958
-5.805509592137361	0.9999710838933452
-1.9703980902006712	0.9578162717889434
-3.4642553709569723	0.9945642387560742
-2.985646371233388	0.9869986096651474
4.698946771567162	0.9290757733821267
-4.82303964156531	0.9997241834379544
5.750474819181868	0.9290757730036442
1.5642388728738474	0.9290756835728978
9.674357982856318	0.9290757729778678
-3.4297548673263645	0.9941807091886338
3.98194877991131	0.9290757745896371
3.6783405904200386	0.9290757761932074
-8.384883036411486	0.9999999237719092
3.7782738361709676	0.9290757761786949
-2.439982439632611	0.9724235841529015
6.693913352591085	0.9290757729811319
2.0941832115452677	0.9290757146499915
-2.47961158483486	0.9736280229593934
-1.8438553764357835	0.9540889270274328
4.763121525177594	0.9290757733453101
2.3822825114997936	0.9290758012744585
1.4136743871122626	0.9290757223545207
5.995277399168199	0.9290757729930745
8.080512983598869	0.9290757729780391
-1.277985890644512	0.9401853179406333
0.4987907525373103	0.9290760203422487
0.8880300278715403	0.9290758308149621
3.3203049270062657	0.9290757787861408
8.122372272280373	0.9290757729779602
-2.362035749433642	0.9700152848741869
-7.502356926771632	0.9999994183857702
-3.4971253188009577	0.9949093166362866
-9.798482538368013	0.9999999970588557
4.923349061162213	0.9290757731812919
6.394421076039592	0.9290757729843624
-3.63813812999199	0.9961820948246306
6.244048872026834	0.929075772991085
1.7983420195685795	0.9290758206390641
-6.795384716182307	0.9999970380451396
8.161179852604459	0.9290757729779692
1.4969437952610676	0.9290756831167049
7.835464020073552	0.9290757729780533
2.93827536634549	0.929075798584575
-1.6299988296075973	0.9482461240258808
7.281741774004161	0.9290757729787007
-8.889080724739431	0.9999999761263867
-2.919253045310577	0.9855376464828159
6.362199054514846	0.929075772984491
3.4214096374721734	0.929075779338405
-3.27319992531097	0.9921449680130205
-7.721662935872939	0.9999996489800222
-7.456227941746465	0.9999993532100704
-9.582791506610878	0.9999999951671033
4.335640445736409	0.9290757737855294
-7.834410873370832	0.9999997292397746
0.11303733321533471	0.9291101110571104
5.696086925420193	0.9290757730072187
-6.261156844947338	0.9999898674303647
7.605295483213567	0.929075772978276
0.7569547868195947	0.9290757376554383
-2.7809480303476475	0.9821752619935273
2.8871097201586693	0.9290757981333851
0.962770684734906	0.9290758573935056
-4.305225749371004	0.9991068445093332
-8.659015197132685	0.9999999594506936
0.8882073577921581	0.9290758310823551
2.4377651408569	0.9290758230182342
8.220909268581075	0.9290757729779681
5.295918833778725	0.9290757730800435
-2.934272801712381	0.9858771672639204
-9.446116674869982	0.9999999933796258
9.887428301866134	0.9290757729778671
-1.082079071084138	0.9366904625614683
7.2457508700919036	0.9290757729786546
-9.807072850947103	0.9999999971164598
8.672403445614094	0.9290757729779137
4.359526277573718	0.9290757737848665
-3.7875528356364807	0.9972121323128955
-5.946320603095749	0.9999790865561972
-6.89780459704378	0.9999976602680466
8.868464386407162	0.9290757729778903
-5.6903153208872	0.99996230984156
5.2650224250217725	0.9290757730801097
3.8147759574750637	0.9290757761598389
7.279370214696716	0.9290757729787027
8.711249642757593	0.9290757729778918
6.188673471775704	0.9290757729908308
5.283061353628135	0.929075773080264
-4.498889555852195	0.9994230813492639
-9.772470138710743	0.9999999968773107
-3.739139668836189	0.9969102091610201
5.370249918931602	0.929075773065122
-8.226966170847767	0.9999998903442179
2.8172867728623565	0.92907579813008
-4.54139456721077	0.9994760932755168
-0.049635054802568135	0.9292038493595152
-1.7174267111333243	0.9505769586509734
1.8031337998946526	0.9290758240567137
-5.334933189448243	0.999914683320279
-3.5549132701071517	0.9954701261431526
-2.1549258545897665	0.9634872794436461
9.113728456768172	0.9290757729778775
-8.772504303776469	0.9999999687755966
8.143703286224554	0.9290757729779621
-5.193362891525082	0.9998819114644432
7.04956439102633	0.9290757729795048
0.688422921359436	0.9290757431386522
-8.317173574990049	0.9999999109109329
6.953340739743993	0.9290757729794972
4.479320182840251	0.9290757735519185
4.976325930417168	0.9290757731817183
-2.127675904395274	0.9626510073063045
-6.556914408012187	0.9999948711196887
7.228093390362442	0.9290757729786083
1.774627692692139	0.9290757708880947
2.3915240896690104	0.9290758188790439
5.279096104222658	0.9290757730802501
5.127551179433771	0.9290757730714975
8.245623337962638	0.9290757729779684
7.690788624497145	0.9290757729782786
-6.762751646153968	0.9999968069278594
2.8585217552986784	0.9290757981481446
7.01526926962897	0.929075772979496
-1.409517734579687	0.9429745802033747
-7.977343696973076	0.9999998051712797
8.865602991806675	0.9290757729778905
9.335089269047494	0.9290757729778704
-8.419225964415936	0.9999999295676554
-7.6898215040202444	0.9999996222774348
0.5845312342622613	0.9290758055635777
-9.07311553725993	0.9999999843727273
9.750332394299122	0.9290757729778673
-0.4063106529453506	0.9300377291511444
0.3258462226487815	0.9290791337235604
-5.286275434185579	0.9999045953289797
-8.401002452690808	0.9999999265493359
4.988622307077954	0.9290757731816729
-9.84490926114692	0.9999999973570456
-7.210966143362341	0.9999988623229192
4.605274693661073	0.9290757733812401
-0.7909905716132393	0.9328197024926801
-7.445234813636659	0.9999993366294962
-8.775169993340018	0.9999999689666635
-7.551926662172774	0.9999994811211895
-5.940963602450258	0.9999788271463098
-1.1474587265253877	0.9377982535173901
-6.158992106747472	0.9999871810665194
9.058675518525654	0.9290757729778775
-6.898327512081739	0.9999976630833564
-1.1743327193890494	0.9382756168621713
-2.201947345410722	0.9649620319597347
6.202081850289982	0.9290757729907876
-2.917501902979125	0.9854977232927143
6.784265723875254	0.9290757729811341
-4.717684906410495	0.9996491950983306
1.4421957447880374	0.9290757209499045
6.935333848292853	0.9290757729793743
-8.44072089878809	0.9999999329687415
-9.166978760601939	0.9999999874101565
-3.3460834600891243	0.9931550667994169
-0.9095049181900592	0.9342150840615613
-2.2821726297071665	0.9675000211859066
9.119889831476922	0.9290757729778775
5.386933475671052	0.9290757730451656
-7.170318378304881	0.9999987507037482
5.2620997457712	0.9290757730800923
3.7258966110978964	0.9290757761749434
-8.302967537105243	0.9999999079486067
0.7032312880346758	0.9290757411562951
7.725039133565346	0.9290757729782756
0.07975605154077137	0.929122383263139
2.845285275555449	0.9290757981421036
-1.2795817275999521	0.9402171389555464
1.8254313020383286	0.9290758214296251
-6.621151653665409	0.9999955762173598
-9.529290445750052	0.9999999945335077
6.623469541722514	0.9290757729808163
-7.036922676283797	0.9999983015382676
7.0766301961953815	0.9290757729795048
-1.4800243701462037	0.9445926556356088
-7.202419158578199	0.9999988397120545
-6.861500154705151	0.9999974562873629
-6.122591691620842	0.9999860607707628
4.503638000206699	0.9290757733695825
6.045812277149114	0.9290757729905308
-8.138084407822976	0.9999998654409205
3.2869402631879687	0.9290757803430959
5.352388122017345	0.9290757730801573
-3.997983611416145	0.9982321191294736
3.676461188661637	0.9290757761999843
1.2968413990978114	0.9290757218040813
4.171578423301781	0.9290757742488895
-4.237055464906017	0.9989593686824003
-3.776176930174957	0.997143737505445
-4.645151250094921	0.9995861582149724
-7.557269811982965	0.9999994874658857
-9.144858253890806	0.9999999867522902
-3.515141217133362	0.9950903029829135
-8.578632574875545	0.9999999512060552
7.678447675302596	0.929075772978278
3.2791749491725	0.9290757814099014
9.184111970649035	0.9290757729778775
-7.741711390702859	0.9999996648158019
-9.090778165536397	0.9999999849955254
0.025883063298950404	0.9291494909686893
-2.41981820851334	0.9718076071182541
-8.02735780285634	0.9999998263642682
1.0526354911464288	0.9290758599752005
-9.334474685151646	0.9999999914389995
-8.46231278188942	0.999999936219889
2.559156302752701	0.9290758225849994
0.33615945357631105	0.9290786976452392
-3.668063748576418	0.9964125214212671
-0.7218938395834016	0.9321276652567904
-6.448923624543936	0.999993423484121
6.417860869468129	0.9290757729843417
3.1699470808610197	0.9290757856864177
-7.810456300671671	0.9999997138859531
7.304730947304034	0.9290757729786843
3.507111507722449	0.92907577929858
8.458596788488745	0.9290757729779164
6.198154085270822	0.929075772990808
9.346698612786092	0.9290757729778706
1.3116566702274746	0.9290757220738435
3.223552208821566	0.9290757857891927
4.246440363004984	0.9290757737875852
-3.4502812674585748	0.9944115704931622
-6.226412674068174	0.9999890237604772
9.009262933595142	0.9290757729778788
9.189873559273028	0.9290757729778777
0.6068279641001073	0.9290757784630402
6.522631934967848	0.9290757729843322
-2.8925277598285826	0.9849207733998666
-0.9562502605057546	0.934804454095832
3.022369030439801	0.9290757847057248
7.470581382155622	0.9290757729786249
-1.3951722405896518	0.9426546809942783
-3.455729352920849	0.9944715208750072
-3.282851849479802	0.9922852489489091
5.79576532941716	0.9290757730035771
6.009537731416351	0.9290757729902827
0.7869825149332943	0.9290757378733419
-1.1042094816543333	0.9370562100065882
-9.123556221589375	0.999999986086293
-8.744388468892343	0.9999999666872664
-6.421514521741547	0.9999929951349058
-8.488774537569025	0.9999999399899857
8.365722164685568	0.929075772977967
-1.4789771404577081	0.9445680995614498
-8.728661044342036	0.999999965458787
2.6084622055058926	0.9290758222609516
9.751887436409099	0.9290757729778674
-8.191588783257018	0.9999998810378516
5.470236760023003	0.9290757730302538
-9.845755382439911	0.9999999973621898
6.009127757407576	0.9290757729903316
6.180739875409962	0.9290757729908288
5.922466124396992	0.9290757730035428
2.402161953880885	0.9290758298699278
4.345599363083439	0.9290757737851656
-3.7999409378860793	0.9972848889508229
9.15969422602888	0.9290757729778775
2.6401303587557976	0.9290758230830427
-1.9645235601562163	0.9576385135129947
-2.177321539061441	0.9641834721295587
9.839097418896987	0.9290757729778674
-6.25253341910347	0.9999896642826853
2.3151850505108804	0.9290757147682066
-2.9208575977533346	0.9855741658712702
7.8063041527325865	0.9290757729780892
1.790132087416323	0.9290758094788533
-5.821602223925244	0.999972134948813
5.769509531146477	0.9290757730041961
5.846275681900295	0.9290757730036605
1.2822812457620145	0.9290757219369832
-5.004849542938712	0.9998180517526951
1.349368959075079	0.9290757221018346
5.24681548861869	0.9290757730801447
4.757257888730791	0.9290757733662456
4.2423458382338595	0.9290757737763959
-8.860136158773333	0.9999999744810568
-0.6614763182552288	0.9315961477877146
2.9937886534170453	0.9290757859720529
-1.5981074893822367	0.9474253382069145
-6.139142700695377	0.999986581805977
0.18544980160509894	0.9290924021843927
-2.7119667857551555	0.9803578393136261
4.864666040695642	0.929075773185905
5.214706801155341	0.9290757730797516
-1.2290685235746768	0.9392700503345105
8.411933752786922	0.9290757729779181
6.2712296177488405	0.9290757729892093
-7.1750055053376105	0.9999987641138355
4.416591952363431	0.9290757737813147
-8.521448769396681	0.9999999443391727
-8.757358611014507	0.9999999676674491
-9.018126240393624	0.999999982263307
-9.39590648762264	0.9999999925682208
-4.985406192700728	0.9998097648252635
-3.072409922689263	0.9887516082065377
1.8149392816319079	0.9290758253569015
2.9208953420386905	0.9290757983108279
-4.49916474509394	0.9994234409922051
-4.630738210621641	0.9995723585190568
0.16700328449227442	0.9290959459982562
7.83238111357668	0.929075772978052
8.915198032958696	0.9290757729778905
2.1459537713592027	0.9290757166458975
2.0636280049107913	0.929075776452674
4.125982916054479	0.929075774597596
9.520338518126433	0.9290757729778713
8.892045921732343	0.9290757729778903
3.73506041932281	0.9290757761759367
-8.793515456630395	0.9999999702502518
6.0809320837739165	0.9290757729909739
9.492209893063794	0.929075772977871
4.196774317090512	0.9290757738158594
8.343295542003403	0.9290757729779697
-2.6973280693393287	0.9799601803478903
-2.8056723626807445	0.9828067761081608
0.7531357923287594	0.9290757378546507
-7.979854315708832	0.9999998062943095
1.6982974302488074	0.9290756847182885
5.096026566188536	0.9290757730904762
1.7585242091986153	0.9290757223638053
-6.647705468127798	0.9999958385651533
7.041491761382698	0.9290757729795046
-2.951281266972856	0.9862552916567491
7.627430416681953	0.9290757729782768
4.399724223724073	0.929075773782064
4.16936750840633	0.9290757742902953
-8.821479556290868	0.9999999721054558
-9.788476641693418	0.9999999969903064
6.72484321810305	0.9290757729811226
-5.643125646128908	0.9999579887721342
-9.4810191905382	0.9999999938908604
8.268905421416108	0.9290757729779683
-0.2595865134093387	0.929553920066656
-6.253160417184436	0.9999896791895552
9.780529556483188	0.9290757729778676
-4.2014505980031025	0.9988731955814911
-5.866277204142576	0.999974856959682
8.451532854488288	0.929075772977915
-8.921965316478842	0.9999999778673409
2.901073661056884	0.9290757979955871
3.3991181375627164	0.9290757793065509
-6.934941163320172	0.9999978520118652
2.5845349335870704	0.9290758225406138
4.981776107124443	0.9290757731817724
-1.030113210892086	0.93587109592098
-6.0442291842810825	0.9999833057127212
6.8738803291667985	0.9290757729807048
6.581182174765697	0.9290757729829029
-4.331079323268026	0.9991572700543495
-5.304507625612933	0.9999085076420573
1.0757867033945026	0.92907586014214
-4.696405424451253	0.9996317577783824
-7.0934648729782435	0.9999985088680804
-6.589796625377069	0.9999952450616104
3.525753121000088	0.9290757794107865
2.449299314789677	0.9290758204797489
2.65722812079912	0.9290758173329406
-7.692495853297117	0.9999996245962562
-5.387753071785379	0.9999244330204629
-0.1246027195966537	0.9292900184096377
-9.651909615276356	0.9999999958781769
-5.2018176516306	0.9998841808350227
-2.1097401018567785	0.9620992011701989
3.9353871322783274	0.9290757745269241
-5.148061383650737	0.9998689755282562
7.962915908478493	0.9290757729780716
9.63164298290588	0.929075772977867
-5.583835067508955	0.9999518516169535
-2.631040117925081	0.9781094114193661
-7.851995640026108	0.9999997399839734
-1.800485104590038	0.9528797563321532
2.0800867458917125	0.9290757383074357
6.557130207874387	0.9290757729843511
-0.1818604995038342	0.9293828068744711
3.6822761710062224	0.929075776180068
8.480919814417177	0.9290757729779179
5.840362986648465	0.9290757730036653
-0.5875353570539268	0.9310575915496213
-4.738988010467331	0.9996658323537516
-5.905007095135204	0.9999770007417647
-3.9581009863071204	0.9980709194944039
1.8101500646742341	0.9290758258364565
0.556848665060814	0.9290758593788196
3.805531003480791	0.9290757761540009
2.6400812933617566	0.9290758230898639
3.262138885849346	0.9290757839342012
-1.5715240941386242	0.9467533213724632
1.0323449531323767	0.92907585960912
-0.596603229110082	0.9311218496162237
1.9901999712209353	0.9290758156422084
5.642841701835568	0.9290757730302963
1.0565457951259773	0.9290758600992223
-3.3773259323188487	0.9935542397983367
-4.58741377500874	0.9995280819284412
7.382734803056593	0.9290757729786885
-6.89827554412584	0.9999976628037189
-9.741304901410906	0.9999999966449887
9.014593660153164	0.9290757729778778
5.238444037816286	0.929075773080179
6.342072038190967	0.9290757729840871
-2.1763153688758585	0.9641518777906829
3.0449844002968938	0.9290757857944869
7.8313043404855165	0.9290757729780518
3.398136806567944	0.9290757793063379
7.767407076610908	0.929075772978261
3.249474320443415	0.9290757853765671
1.239196099599873	0.9290757242744181
-0.8547034210385931	0.9335392290905751
9.443676880974152	0.9290757729778707
5.84830622020403	0.9290757730036575
-7.654859539455252	0.9999995906125455
-0.5529479605858967	0.930823229365838
2.505224617834454	0.9290758229041794
-8.265760323987505	0.9999998997146496
-7.1900026012569285	0.9999988060614737
4.46639296549797	0.9290757736734818
-6.322441138831687	0.9999912006334039
-3.080901073459832	0.9889138546245657
7.119780769315209	0.9290757729794935
1.7550992538132082	0.9290757129056454
8.597442914149298	0.9290757729779167
-0.5491230171755213	0.9307985832689566
-7.612048645339962	0.9999995482013443
0.7272978559225898	0.9290757392536019
-5.7908317158861955	0.9999700907378871
0.6182648075085915	0.9290757694353149
-3.3318130839551685	0.9929661163133122
-9.002586809679975	0.9999999816171783
-5.63887868995494	0.9999575764190777
-0.3543750215616104	0.9298345311267249
7.895917364890192	0.9290757729780723
4.187457263075643	0.9290757739533074
-1.8067886611648518	0.9530562555675558
-5.515173924053407	0.9999436176364508
0.4468531198435155	0.9290763492190226
5.313983629473086	0.9290757730794554
-8.913133883240501	0.9999999774126643
5.757211696081237	0.9290757730040492
7.535135544558301	0.9290757729782421
7.001443472272733	0.9290757729794983
-0.28144969102185335	0.9296129504029969
-4.26721694465896	0.9990273303265806
-4.858039391887523	0.9997453888739763
7.828739751499029	0.9290757729780517
2.0842316162736374	0.9290757299292729
5.5037153471268	0.929075773028943
-9.805987420595233	0.9999999971092437
3.8003168570307047	0.929075776158787
6.774665862642117	0.9290757729811309
4.413333545125848	0.9290757737801559
4.807847619056105	0.9290757731691754
2.1999496864966304	0.9290757145820425
9.48426339423882	0.929075772977871
-3.7095555470813046	0.9967112421638253
5.717565546628162	0.9290757730012953
-7.048515654629344	0.9999983462747278
4.17930984029641	0.9290757741012163
-7.977086635926698	0.9999998050559264
3.108678702865536	0.9290757856311609
3.247065853700647	0.929075785559509
-4.180680132528862	0.9988197725473005
-4.996189325223872	0.9998144060100472
-1.249765515905441	0.9396462565127117
1.9447380196877475	0.9290758161032394
-6.355400641206197	0.9999918435816318
-5.859580884057722	0.9999744665568878
8.66276169381976	0.929075772977917
-4.1113392548428696	0.9986231119447033
2.904330967661867	0.9290757979839865
-7.197524191340117	0.9999988265607154
-9.627244588556941	0.99999999563731
-1.043474806180015	0.9360766099176927
-4.370396989587566	0.9992286686849052
5.27951625899442	0.9290757730802529
-3.606409092635743	0.9959233576558307
-4.561880833542933	0.9994998999544561
-9.695972231523239	0.999999996275854
-0.0682690151453933	0.9292213463648202
6.877196568726106	0.9290757729805852
-1.6800033345526302	0.9495646931588433
-6.743444669836314	0.9999966617875399
8.745561319324935	0.9290757729778887
0.35199819551675837	0.9290781303998192
1.4491474034915761	0.9290757171807809
-5.2107628557321295	0.9998865345361805
0.05190089205973969	0.9291351047153944
-0.6874169662072216	0.9318145603618244
-0.7570415395947272	0.932468412629909
2.5204800094259525	0.9290758224822562
2.2165912920726782	0.9290757150225244
-6.484672948126189	0.9999939430663974
-4.770294490123539	0.9996888732826026
-7.9646056300219925	0.9999997993722716
1.0990545367745277	0.9290758584097655
6.84894938523755	0.9290757729811967
6.555929562416395	0.9290757729843853
-2.7706371602057667	0.9819087708030555
-1.342081291024794	0.9415052122393044
7.762854748145287	0.9290757729782737
4.484180495302574	0.929075773506113
9.458787484923931	0.929075772977871
4.049521600525118	0.9290757745842492
-5.826525585060769	0.9999724488158552
5.841355589234215	0.9290757730036653
6.336470873532658	0.929075772983929
9.164805623973251	0.9290757729778775
6.7516179163438395	0.9290757729811305
-1.4103555500390819	0.9429933810557689
2.645751998333999	0.9290758219060424
-1.1679310061230233	0.9381606746662611
-0.40927910153482294	0.9300505236070874
1.480610654303165	0.9290756918033302
-0.22004022984878446	0.9294599915494243
-2.73975850561877	0.981100636691594
8.56430450229687	0.9290757729779165
2.5149466396196196	0.9290758226138338
6.650110659836134	0.9290757729810889
3.9431244305534463	0.9290757745778957
9.035693385730909	0.9290757729778762
-9.989224643523876	0.9999999979195785
-8.011167137248973	0.9999998197689106
6.904051118079863	0.929075772979618
-0.07303478236467242	0.9292263106215561
-7.120542899485742	0.9999985989967066
-3.5288202970952476	0.9952239631265867
2.4922831298851698	0.9290758230542038
-0.05806575495244992	0.9292114089800959
8.797509825090366	0.9290757729778908
9.399573666951369	0.9290757729778711
7.414174532937274	0.9290757729786835
-9.744547743296517	0.999999996669947
-8.598228798771874	0.9999999533588009
-5.038142746130432	0.9998314159431018
6.906226683600156	0.9290757729795618
6.301210778397884	0.9290757729849042
3.828701543698209	0.9290757762192384
1.8511433560236377	0.9290758137609917
7.639200569571614	0.9290757729782778
-8.18445180016445	0.9999998790667759
-1.4591126043831792	0.9441053613482487
-3.157954780527108	0.9903101282653609
-6.376469214269602	0.9999922297379076
-8.177991969567397	0.9999998772545685
-2.9299892350928847	0.9857808703319649
-2.0760534607012726	0.9610576032014881
-3.417825114024855	0.9940428614137564
-1.360284221097654	0.9418934903300096
5.4288014532918005	0.9290757730249175
-9.84813945067688	0.9999999973766304
-2.144078768049642	0.9631538594991249
-5.497867049480649	0.9999413291320867
-3.925423657575169	0.9979285623107153
-3.273017393076212	0.9921422956128044
7.1464658058069475	0.929075772979538
-9.762858480660398	0.9999999968074298
2.2780133988807663	0.929075714715546
3.1126618214284996	0.9290757856451768
6.250214245991728	0.9290757729910266
-0.6269342196611039	0.9313388050207246
-8.238006085337188	0.9999998930965709
-6.16031592246713	0.9999872200678255
4.924715643375279	0.9290757731813564
9.185675067479622	0.9290757729778775
9.762135647149783	0.9290757729778675
6.501782454864028	0.9290757729843574
7.322645340842957	0.9290757729786849
-1.5432646976722975	0.946075922745628
3.9284407104955665	0.9290757744781122
4.840560880207407	0.9290757731760505
9.547871882497954	0.9290757729778714
-2.1420916800644685	0.9630929120855274
-6.691517930054509	0.9999962378542314
-3.917827800227567	0.9978940790939244
-1.268866786561226	0.9400061671146606
2.592388157424402	0.9290758223747647
-2.727164160421629	0.9807660143710508
7.624685574251853	0.9290757729782765
3.542375008267049	0.9290757794250726
-4.604861049318503	0.9995464322222857
-1.6819855198468403	0.94961775304077
0.9309876201356317	0.9290758539607831
8.537887969525663	0.9290757729779168
-2.8501729591932756	0.9839104004009411
9.583999441680536	0.9290757729778703
9.930090310421615	0.929075772977866
-1.6548728793739187	0.9488971465182781
7.76035043866505	0.9290757729782785
4.575928613866317	0.9290757733882635
9.826374061932349	0.9290757729778676
0.6627295660592871	0.9290757489824686
2.020738568604564	0.9290758185454866
6.4584652410244345	0.9290757729843653
2.831606365451753	0.9290757981594009
1.090743575737232	0.9290758588240982
9.496692479833303	0.9290757729778714
7.106143864635271	0.9290757729795002
4.165170468200721	0.9290757743658498
7.464026920092714	0.9290757729786681
6.219091733381397	0.9290757729907332
5.2209813348955905	0.9290757730799315
-4.644335391985326	0.9995853889619597
4.589545127210254	0.9290757733826639
0.10168958250796223	0.9291139571826853
-6.074802703709552	0.9999844400574773
-4.978747024737888	0.9998068411550657
-4.839320744019142	0.9997342573281806
8.40489255681129	0.9290757729779244
1.685301908592617	0.9290756834664005
0.7474106379760102	0.929075738171037
-4.077570981559013	0.9985162638003623
4.216709905831721	0.929075773707281
5.923154989072152	0.929075773003556
7.911320403797166	0.9290757729780706
8.833339752216055	0.9290757729778902
-9.400411428243093	0.9999999926449117
-9.012134527232778	0.9999999820169064
9.941070493899815	0.9290757729778663
-9.41469132531061	0.9999999928828194
-2.1270576896109628	0.9626320424111957
8.339895093555572	0.9290757729779694
-3.004427600423454	0.987393138070784
5.74348896396379	0.9290757730029434
7.9989045870457645	0.9290757729780721
1.5775990459710556	0.9290756831536282
-2.6989574111650683	0.980004651994099
8.766905683481806	0.9290757729778911
-5.120731196315096	0.9998604980948389
8.114104630110461	0.9290757729779672
-9.693515182043164	0.999999996254725
4.930608927714166	0.9290757731815454
7.627452181713505	0.9290757729782768
2.0702811759315445	0.9290757606948583
-9.263546570398642	0.9999999899201835
1.9482436164507853	0.9290758161704779
6.445029900668729	0.92907577298437
-6.402496326915381	0.9999926816321654
-9.804384734389933	0.9999999970985566
6.382496705708238	0.9290757729844434
-6.970630705699148	0.9999980214633812
8.72108591172261	0.9290757729778889
4.643064788948422	0.9290757733834462
6.9677424236176435	0.9290757729795394
-3.6985503321140722	0.9966342925118065
3.908631643267203	0.9290757744530779
-9.527953389159002	0.999999994516652
0.7817183918036399	0.9290757375313251
5.160586358699305	0.9290757730822683
1.8060135861942825	0.9290758252015351
-6.174908528236087	0.9999876422024891
8.95245683101992	0.9290757729778911
5.955154016155193	0.929075773003577
6.904725356223935	0.9290757729795999
-8.573172719861528	0.9999999505887587
-5.406997686061095	0.9999277018998803
4.497564370467746	0.9290757734002189
-4.440742503734874	0.9993419263686631
0.9171618932280712	0.9290758525082456
1.074232095735642	0.9290758602053772
-1.9526005107366338	0.957278699979502
4.322267316105176	0.9290757737844871
-0.5545303418630034	0.9308334970668681
-7.339705011415405	0.999999154168705
4.3259647215643415	0.929075773785052
9.556366863527707	0.9290757729778714
-3.379315721603553	0.9935790004131737
-9.60165888916443	0.9999999953725663
-6.837771166443751	0.9999973134476332
-1.4788201104026797	0.9445644185956356
-9.134890773089467	0.9999999864447268
-8.232425844540149	0.999999891714112
3.7573814514657844	0.9290757761733872
4.491436718466261	0.9290757734435628
-4.371171618778127	0.9992300141817543
-2.085202125052472	0.9613406035927515
0.5740692858904737	0.929075823646006
1.0099814138129393	0.9290758596693025
-2.9826808752969347	0.9869355559283801
2.8724419510215817	0.9290757981809984
9.101098528963977	0.9290757729778776
-2.900700692339777	0.9851111328316872
7.987446768172912	0.9290757729780721
-1.8948248071261666	0.9555556487845902
1.057815835987018	0.9290758601374334
-5.36874043797412	0.9999210587893435
-5.022040616528098	0.9998250790377043
2.9523260681946173	0.9290757968468377
-4.674501196172942	0.9996129125055282
9.13272546210294	0.9290757729778775
5.888729240872678	0.9290757730036835
-3.2259047176939726	0.991428027819128
7.548593977277363	0.9290757729782644
2.3493722334524527	0.9290757245598054
-3.7392243530701297	0.9969107625450069
7.431796379090176	0.9290757729786875
2.585091136471007	0.9290758225309447
-4.346951936858061	0.9991868394915241
-0.43696956707593415	0.9301755752412685
-9.961060567053956	0.9999999979195785
-1.2659735485320667	0.9399504105786808
7.008344415696829	0.9290757729794953
-7.48245109875096	0.9999993911076878
-8.509100453331747	0.9999999427338514
-6.3094550219996925	0.9999909336127853
5.006501306083084	0.9290757731803537
8.179647146431101	0.9290757729779705
3.8897760454315886	0.9290757748108419
2.666308157243261	0.9290758124223726
-0.3579647355741997	0.929846833868762
-8.315354143337895	0.9999999105369227
-5.398552034853461	0.9999262850724195
-2.489210388331866	0.9739203153757174
8.095480449092758	0.9290757729780025
-8.20195482669131	0.9999998838436764
0.6677048124519693	0.929075747565528
9.175150951691549	0.9290757729778776
4.831302642477233	0.9290757731677699
-7.9563273034911	0.9999997955113277
9.769230312499083	0.9290757729778674
5.932981440032577	0.9290757730038952
6.516790858997776	0.9290757729843242
-6.452035034704799	0.9999934704233735
-1.064160015331339	0.9364019043481364
-7.873983100699511	0.9999997528203821
-2.3906064213797507	0.9709055652407204
6.212537453590571	0.9290757729907348
2.642206222170497	0.9290758227420743
-4.774829989896556	0.9996920780174345
0.0736811432481197	0.9291249559297607
-2.921643037882622	0.9855920208025156
5.3579156598305	0.9290757730768798
-9.655344197275326	0.9999999959106457
-6.860465474406512	0.9999974502202851
-2.349400027502102	0.969619683968423
0.26158996314085137	0.9290829402580044
4.893015161471164	0.9290757731808691
-2.650883104644861	0.9786717126845078
-9.732215138066799	0.9999999965740282
-5.704083181632527	0.9999634847551058
9.062659903443414	0.9290757729778777
9.178865573535106	0.9290757729778774
2.772121807655541	0.9290757983752475
-1.7541430481655205	0.9515869941226502
8.100609010967837	0.9290757729779907
-4.645757175375338	0.999586728614265
0.9820928486035108	0.9290758592035625
-0.4093119502812961	0.9300506657845106
-1.5365537365777868	0.9459188743179049
0.22584634580491425	0.929086408271721
7.592577114763216	0.92907577297828
-9.203872737690627	0.9999999884355127
-9.796600653889378	0.9999999970460834
9.204632361181627	0.9290757729778775
-9.858668662844	0.9999999974394677
-1.0102059098927363	0.935571811250177
-8.8795272169809	0.9999999755954028
-5.298574797246625	0.9999072524518173
6.1562387698974455	0.9290757729908112
-8.23065737279122	0.9999998912722667
-7.064265214755059	0.9999984051696694
-6.617578958804784	0.9999955396800306
2.8234793612165667	0.9290757981535865
8.427955693752889	0.9290757729779118
-0.482112879442953	0.9304031581812809
8.209381704512065	0.929075772977968
-2.8832443354997617	0.9847027336522792
1.7500394330540523	0.9290757003743585
-4.644529694515027	0.999585572293264
9.460534176675786	0.929075772977871
-6.7973164311535905	0.9999970511893932
5.4903497791018765	0.9290757730292213
-9.438897470065474	0.9999999932686564
-7.560799100545688	0.9999994916141016
3.0964736937156054	0.9290757856059226
-2.199632437043957	0.9648887014954011
4.424064654829367	0.929075773787835
2.0439718610814026	0.9290758133774465
-9.528765192479206	0.9999999945268923
4.525059928157514	0.9290757733486379
-9.295585436311079	0.9999999906370268
0.6488067209455437	0.9290757537751179
-7.660049871929799	0.9999995954760472
-6.518328347367359	0.9999943946481797
-8.184651652730611	0.9999998791224125
9.641617866206285	0.9290757729778673
4.96027474667191	0.9290757731814248
5.321911226060614	0.9290757730798143
2.801765432693495	0.9290757980339046
2.3663542997536613	0.9290757620408165
6.768488317501493	0.9290757729811291
-3.297318229117958	0.9924917379374343
-7.879399075558164	0.9999997558836959
-0.8397781040622512	0.9333641593264697
4.195007385924946	0.9290757738382037
-7.088330153589459	0.9999984911342914
-3.1076016772972848	0.9894133892168179
5.1501469225069165	0.9290757730806163
-3.912033131907595	0.9978674097574929
-5.650781335101556	0.9999587220091309
-7.128177522404893	0.9999986234094208
0.8285760021222277	0.9290757333692847
-5.86323042442463	0.9999746800743408
2.36880419951925	0.9290757682744246
-1.4928868737617087	0.9448950869485203
-3.9919543500476617	0.9982085988148847
7.917534961710977	0.9290757729780705
1.6683756813137052	0.9290756826720933
-4.11425486014259	0.9986319822714718
5.99814936993393	0.9290757729923527
-7.750140382779547	0.9999996712584013
7.558260597495607	0.9290757729782798
-8.584048539435493	0.9999999518107702
8.483428968036897	0.9290757729779178
-8.184178463611559	0.9999998789906405
6.2418466531301995	0.9290757729910704
-3.6281663691430577	0.9961024098486865
6.7939745640767555	0.9290757729811333
-1.559881633214486	0.9464699175904704
-1.414402852470742	0.9430843737570404
7.956053847315484	0.9290757729780716
6.437454368537885	0.9290757729843694
7.741307787512312	0.9290757729782835
-6.701294838290219	0.9999963215933965
1.6447515628790441	0.9290756832609235
4.408447856865379	0.9290757737798696
-7.434115876635392	0.9999993194267888
-3.2884028667665977	0.9923650148580554
1.5768488270453496	0.9290756831726565
-2.292558901152826	0.9678284130250663
1.2924250414268545	0.9290757217728581
-8.408849834552313	0.999999927864623
-6.722947943439075	0.9999965004779722
0.41048264439557336	0.929076787174492
-4.587235119427211	0.9995278902866467
-8.900155395362273	0.9999999767274776
9.995475282370585	0.9290757729778664
-2.1465223130748923	0.9632288495789546
1.760512779397331	0.9290757281219499
6.9254688968426095	0.929075772979346
3.6824565502055187	0.9290757761795194
0.5571023197789451	0.9290758588109806
9.969273516169249	0.9290757729778663
8.33586591331622	0.9290757729779686
-5.9587406303886015	0.9999796758403775
-3.281041878386901	0.9922590965799231
-0.5432476774984671	0.9307611902678263
-5.722512632362142	0.9999650003956776
-5.43393817753087	0.9999320422472138
-4.779051944605941	0.999695031779974
1.232997768652373	0.9290757234131163
-5.820303013921548	0.9999720515291669
-3.831894086921408	0.9974645078354727
-4.947996683551037	0.9997927501364214
5.228255389326657	0.9290757730801054
-8.794734900358666	0.9999999703336667
-7.612815703520663	0.9999995489986057
4.361337220895699	0.9290757737849518
-3.5155140252564676	0.9950939884428674
-4.853609418232359	0.9997427970463215
-4.7267109923418715	0.9996563421603819
-1.8590085336132134	0.9545143652141825
9.738801593942938	0.9290757729778671
-6.726660178653088	0.9999965302607046
-1.2223931988737569	0.939149524165968
-1.3002614520385123	0.94063692493801
1.2649606791544734	0.9290757233098539
-0.8006346428585509	0.932923732755886
-2.7846234309386197	0.9822698629849268
9.07482208291265	0.9290757729778779
7.431067000024942	0.9290757729786872
-1.159637147142213	0.9380129261154182
-4.800446098086444	0.9997095731975637
