-6.924556019996011	0.999997483975065
-7.85364409012276	0.9999997037577476
4.577235244679745	0.39132314458483686
-5.990821921714939	0.9999784088633348
-8.050401988851785	0.9999998116826921
-9.732813148476955	0.999999996087263
3.135805416989644	0.7448988638855927
-2.7548098025150347	0.9772783136587853
-9.410908868906205	0.9999999917892077
3.716985618529126	0.6716876837399695
-6.260540435695683	0.9999883949285696
6.778390342629578	7.335504526429742e-18
-8.530844343038385	0.9999999377056037
-4.125752121106925	0.9984669719722307
-0.5207964308078683	0.873825038401603
3.313527981446276	0.7284766327281083
-6.399387914615202	0.9999915699658859
4.608646638976811	0.3755029229540997
-5.584347715114895	0.9999449895115388
-0.8985646159115781	0.8903163981983752
0.36607705423497094	0.8415916388969639
3.3619520373644374	0.7230912337967232
-5.540534984867338	0.9999391577627588
2.7115197035008833	0.7723422085004945
8.50825823112396	2.6487084982919014e-44
8.711374258454889	-8.454068827769924e-48
8.911186676350361	-7.582992516910289e-51
-2.6122877719783544	0.9720267367338208
-7.194521587228251	0.9999986486742571
1.3950446369745997	0.8136044964247445
-9.340371964141102	0.9999999903412273
-9.616991523715669	0.9999999948913965
2.295795443655898	0.789067698629466
-6.823147899098241	0.9999968222693877
-7.3256299075839415	0.9999990007942867
-7.947922923346686	0.9999997615656344
0.31659276605818576	0.8431779702542641
2.2253542547539684	0.791387964257371
-8.552055412168297	0.9999999406749699
1.5420819429553312	0.8100087892182208
-1.0027560973559346	0.8949984052423161
0.43143214869887814	0.8395425972660293
9.614352126280806	-1.4110770314642539e-61
2.2098328862959313	0.7918856168968668
4.110631543622105	0.5769530792232275
-8.68377088676433	0.9999999561951157
-1.6548661147250154	0.9266661961097433
3.801921225941145	0.6551148032899219
4.794394228970518	0.2802143203218536
-8.457309713411787	0.9999999262124051
1.0086903103527725	0.823360332241398
-7.819263694362046	0.9999996793529728
-2.7673391515909707	0.977708048932869
-0.2050130287026377	0.8612736676408472
7.931006189462401	1.5348755756244513e-35
-6.4056505096559	0.9999916906352512
-4.709853371947035	0.9995910073141023
8.97215976817327	-1.151126359155644e-51
2.793646275719679	0.768011553321337
-2.545834145638608	0.9693585174119699
-7.420454707384931	0.9999991967848187
3.6248285863192606	0.6877861199699354
-2.4443287334992947	0.9650600849980985
-0.7328018972947561	0.8828300604663676
-3.0507278614299382	0.986042607009529
7.97994271903778	2.7525162244453525e-36
0.6908364928481667	0.831947111948652
2.420873649894041	0.784743166116438
4.532056639232142	0.41373282135556777
-3.5592110225724394	0.9947748759649233
1.6909931145133825	0.8062380383262184
-5.855553266224267	0.9999705237404178
1.1686990448023025	0.8192744566259913
0.06375609085733203	0.8515489558242172
-8.600433840548153	0.9999999469287216
-2.4406124562026443	0.9648993540324339
6.812426320333916	-1.7593293642097025e-18
-2.721708736652082	0.9761194371685357
-9.809003745779359	0.9999999967168552
-3.9950963042522947	0.997951280856561
-7.855589322901624	0.9999997050816822
-0.9894476104487246	0.8943719364499643
2.7805823483978678	0.7687262891274911
-1.7495772768802489	0.9314582932929488
-9.221958041918503	0.9999999873136753
5.843149891451498	0.00018811007908236876
-1.8752349065031062	0.9377092242722337
-1.1190656889417916	0.9005039907227362
2.2976135544974863	0.7890062776233092
2.650978801822168	0.7751138430786159
7.851193476355096	2.5685327385366602e-34
-6.591993683755399	0.999994589330499
8.850775182883773	-1.9816295797358573e-49
9.137248550888973	3.779949181482547e-54
7.9444293434345035	-1.0631494749781141e-35
9.16564999422657	-2.962113741761858e-54
-2.042506416308467	0.9461237085493246
4.9411099621032015	0.2010151886833869
-6.915057552791297	0.9999974283440896
0.36031102347104493	0.8417741022917347
-6.317105124103564	0.999989811834816
9.361155877678584	6.0031510669296984e-58
9.425850016436339	4.5714361590726194e-58
4.46920537149138	0.44175757111016756
5.722540329175732	0.0012461587236038795
-8.83884509138408	0.9999999693487285
-2.012219369627477	0.9446111358454237
-1.0615581276090502	0.8977645742566688
7.752835043053249	4.473843957441261e-33
-6.496758875477324	0.999993262889103
-9.749739780294885	0.9999999962368284
-6.6931857030859465	0.9999957138313699
-3.3500676042808797	0.99202561291843
9.821642682890758	-1.8930861501801342e-64
9.702981260685576	-5.410897323385155e-63
6.7032779028124025	1.1519325017578605e-16
-5.348467482658372	0.9999053838614498
-3.2482656020520517	0.990289205891043
-6.713740620939985	0.9999959119507843
8.235264012739979	1.5893998079344416e-40
8.635853867766563	5.515721346958348e-49
-0.8724153962884138	0.8891218841129613
8.666856786028575	-2.20428640778942e-47
-3.5084392998525926	0.994198622137781
-5.7478321920655295	0.9999622325361063
1.9727699895640782	0.7988323608520131
-6.194374845369519	0.9999864856225315
8.135373164772556	2.3495439704382944e-38
6.94380133626073	2.8148584068640927e-20
1.3113236524787055	0.8157005148882195
-7.6349443912904835	0.9999995098318947
-7.848705845384325	0.9999997003699976
-9.783071559427219	0.9999999965148438
-9.611886626653522	0.9999999948309928
2.4084123051232087	0.7852097714432046
8.859927060744685	-1.6847532679788988e-49
-4.0735535055186745	0.9982780547778223
-5.786324697622187	0.9999654335608449
-4.368240782796806	0.9991109049944289
6.672116185954366	-5.207499385987305e-16
6.882872432039456	-2.5333487547122393e-19
6.4486085050587505	1.1566551724844627e-12
-8.190846740237866	0.9999998637156673
3.5846897527905632	0.693990392664841
-1.2392266534230743	0.9062119860588189
8.394369577811716	-2.1088728086897198e-42
8.935451544931823	-9.273015574829754e-52
-9.39202155129507	0.9999999914242472
-5.796780674107258	0.9999662552531755
-0.6138318835151146	0.877772652999558
7.561989926138285	-5.4244626473435495e-30
9.679384392242014	-5.943573389569189e-62
-5.4419121010185245	0.9999236714539436
9.04182891713696	3.410840677981503e-52
1.672559823701679	0.8067078536772195
0.6447986215004562	0.8332698152875123
2.484668805915117	0.7822704956173423
-8.463062562743087	0.9999999271833943
9.37028233575029	-1.7793935718390482e-57
2.253425008928197	0.790477170474537
3.8468477001354007	0.6455035003329554
-8.451091274872446	0.9999999251482621
-4.924239789437381	0.9997495197552819
-0.22988049368157704	0.8622332338612095
-0.5641874535484739	0.875661926487334
6.35245230931509	1.3616438600196493e-10
8.552613607403746	-8.03443780361212e-45
-9.02016424933057	0.999999979810321
-8.213493932241963	0.9999998706403409
-5.505764084608962	0.9999340932351881
-5.258098568415441	0.9998835511135835
6.268751625586681	2.080183021675794e-9
-4.563035402081477	0.9994284540236267
3.883085949026581	0.6380283845182768
-1.0980160972284825	0.8994965987536729
2.283749750284599	0.7894722028541682
7.956679020099429	-1.0525433782037237e-35
2.9208988021497717	0.7604634819807168
-8.043102423745946	0.9999998084907582
1.2169848338742195	0.8180905923390512
-7.619486500265458	0.9999994920712212
3.4094986104409983	0.7174964819128358
0.2466564472324606	0.8453483694786805
-7.399821321588962	0.9999991577036783
4.932977200630205	0.20529170764358842
8.806088635556417	4.37143918449106e-49
-8.317295125691949	0.9999998981413564
-5.208611324004471	0.9998695347047766
4.742200226214845	0.3055954476482229
-5.8701319903186056	0.9999714962162162
9.586595002512361	-1.1382073120994986e-60
-9.456989463330402	0.9999999926157839
-0.3640364193612733	0.8673810699804311
-9.011258222645683	0.9999999793920171
-4.490316058128809	0.99932573030368
3.317125781942565	0.7280903863378253
1.887969870616022	0.8011610787359844
-8.454958960624065	0.9999999258119179
3.232410051139132	0.7362394406380587
-5.275402437289656	0.9998880889908894
-3.279068057035479	0.990845045826829
3.32058952412992	0.7277148869253607
-4.115125640510651	0.998430214924727
7.583738779946458	-6.1948049609705995e-30
6.070511300298854	1.466548813769008e-6
2.1083394188915605	0.7950283518268064
-7.444205435236526	0.9999992395309392
-1.090148107555077	0.8991213812861804
0.9461185672504904	0.8250174398075386
-2.382367253015061	0.9623286254812258
-7.563799503187392	0.9999994225839122
3.5514506102883026	0.6985675551587925
-4.5314115310950775	0.999385832963523
-8.12861812720115	0.9999998427197035
0.9331820689382475	0.8253644701932457
9.887001073944607	-2.8767663368282385e-65
-2.304201718328587	0.9587441165909465
-1.6397996183328836	0.9259054837231969
-8.975007434783727	0.9999999775980296
-7.346019374818646	0.9999990466203428
-3.6557525175526173	0.9957303557006527
2.7155397999208386	0.772139895550991
-4.110191081560131	0.9984128575612958
4.526807486694246	0.41633343089769204
-9.598703639305564	0.9999999946716814
1.2621433209536228	0.8169414485417749
9.909158973058393	-1.0671406328550242e-65
-6.678832192836772	0.9999955698211526
-7.153463796619097	0.9999985146916589
-7.558807041348388	0.9999994159079062
-9.197201649888331	0.9999999865695003
-0.7614402419242552	0.8841029916698245
-2.974618521891914	0.9840730525957682
4.630831687415666	0.3641449607366354
-1.236432459054484	0.906083835808962
3.6327688850770414	0.6864590555628378
-3.1463078838792136	0.9882491492483625
1.413623568620217	0.8131383058754504
-8.682656210415814	0.9999999560825404
-6.302430300519961	0.9999894617704963
0.3142966997180263	0.8432525355037197
-8.689621713432034	0.9999999567812948
-0.9645150450332807	0.8932187770048248
-0.36879022905437964	0.867566504343927
3.7263896650721264	0.6699381131536847
-6.260635962167744	0.9999883974803114
5.350363638207352	0.03749733512272649
-3.882583798089012	0.9973774254797061
-1.1897432724282453	0.903894266849368
-0.8882244967781094	0.8898453713449358
9.560894274152037	8.909154888024204e-61
7.253028899921226	1.4544871681878575e-25
1.37710534828663	0.8140520405790124
3.032198737339499	0.7530730585567154
2.565036151709439	0.7789512643486428
6.921340197161662	5.741671036321113e-20
5.91295936603149	4.897915385096521e-5
-5.529659825651145	0.9999376169974166
-8.916360675370782	0.9999999743591149
3.482845178722105	0.7081627726292099
-3.3067568068605224	0.9913218382929035
-5.603225311164479	0.9999473268614699
5.881835551261236	9.17466462803002e-5
5.223338921855657	0.07499211120300943
-8.211548057390242	0.9999998700594395
6.72802228190686	3.042842346711394e-17
-7.656602433907356	0.999999533676551
2.3866881677066143	0.7859835167571099
-5.353864386680938	0.9999065500867964
3.8011514948702008	0.655273494580227
-7.3500931475016795	0.9999990555212419
3.6918772674152756	0.676269550489581
2.2284105359420927	0.7912895709781629
6.8143720422779595	-1.6742998928796922e-18
-4.893767614284177	0.9997314155883232
-3.2952113469085687	0.991125620840363
8.91879142552208	-1.1713472765831033e-50
9.884622916935363	-2.833373239043174e-65
3.7917194130471277	0.6572027975454664
-2.842375420633858	0.9801809609014238
3.839284198369146	0.6471253671422129
4.3197844545375865	0.50453184333579
-3.7929637190821275	0.9968145307562467
5.048977740006503	0.14653808304054144
-5.935730824324312	0.9999754901872816
-3.860945301025156	0.9972508203672693
-6.884071350398173	0.9999972381670553
5.961039534930901	1.7070592842880304e-5
-0.218066703992994	0.8617767519448625
-1.2104098798489495	0.9048776247803726
-5.335983429682378	0.9999026302237247
7.304853070844018	6.862204840352243e-26
2.619337534113688	0.7765557984769506
5.784111074785381	0.0005028926009413776
-0.9647791431389265	0.8932306319690173
6.515259832664022	1.5348910283911715e-14
9.325977268879114	8.098590495032845e-57
9.327482785786469	8.820472616004692e-57
8.725585038988001	1.3915011402826786e-47
-8.544645714463822	0.9999999396541188
-9.286828915469286	0.9999999890739071
-9.311096519873626	0.9999999896676923
9.409371570976969	3.437827807462686e-58
1.6411007411468326	0.8075075790740719
-8.444338660562988	0.9999999239753246
-7.150598253583413	0.999998504859265
9.199651004956202	6.222589140832606e-55
-9.628104729644903	0.9999999950204631
0.3376990407056457	0.8424945593011989
4.209532959059965	0.5459700162216189
9.344958402829207	7.850303359215012e-57
5.816817012105675	0.0002976762613818532
-0.257383469990188	0.863300087867667
9.435981822610046	1.6359844043552567e-58
-5.575185083637066	0.9999438179606459
-6.711236278313488	0.9999958883110885
-8.94158647173497	0.9999999758060274
-0.19844680372591128	0.861021481030576
7.743769694337669	7.403776865747771e-33
-9.19441291475569	0.9999999864829812
0.08263298924557816	0.8508880828053125
5.080528771808851	0.1332359432946746
2.4679037041461083	0.7829312442828027
-6.808266203548996	0.9999967115004302
-2.5360579180619736	0.9689553464802414
-1.8555675984802136	0.9367331421687545
1.1333726612331887	0.8201239713913548
-7.593226985880501	0.9999994604122783
9.778013364452395	2.990576377174879e-65
-2.3263212325598337	0.9597723663200407
-4.529501170208552	0.9993831600563468
-3.0922228968329835	0.9870362877352233
-0.2550402721869549	0.8632087488525378
1.5715960467545784	0.8092667289871579
1.273159699801404	0.8166639687065411
1.8179185244509064	0.8030379596367316
5.031938558468397	0.15478163345034726
6.428348264156973	6.343910388609028e-12
-5.1461156290160925	0.9998494061548386
-4.561458762129296	0.9994264000998889
-8.646330918796616	0.999999952251194
-9.543479764839663	0.9999999939491828
-2.488870251951476	0.9669717723399804
3.799925438855132	0.6555258338451642
0.14152157566573287	0.8488540798518611
-8.394454203618423	0.9999999147216192
-0.208343544742009	0.8614018331555957
1.985442130987245	0.7984782241575386
9.063115992255646	-1.6553336038546707e-53
2.8756732582973754	0.7632788800054119
-3.2407065189613826	0.9901486192928162
-6.0800900820080495	0.9999824189931269
7.9847426201213665	2.9934083194869353e-36
-7.214371434300948	0.9999987090463895
9.502088256662347	1.282455069259541e-59
7.424324233903047	-5.551625997935017e-28
-5.595160212126871	0.9999463406644592
5.9737780535903084	1.3077026544010014e-5
-4.391777499981915	0.999156991037401
-3.0800142049088963	0.9867495409871554
5.007444899210839	0.16701100280650344
-1.986942185875158	0.9433431236153125
-8.396483255679797	0.999999915119114
-3.182039676880657	0.9889999699788412
-2.8116870068069177	0.9791924570010481
-2.831038211490875	0.9798195067154838
-0.0330029622083714	0.8549462961571709
6.929404556359131	5.972794133886497e-20
5.555883645444029	0.007834099713134104
-3.358861265051134	0.9921624235961908
4.839523876286421	0.255862253784051
-1.178968065105046	0.9033769594975992
2.9960165670544434	0.755670422578524
-2.525774298622454	0.9685285116148961
6.04588731990453	2.8907019219819867e-6
-4.668151137514132	0.9995501729616219
-2.4547216734834088	0.9655081505474901
-9.474806888801982	0.9999999929126
-4.020262833684387	0.9980620989408989
-1.1409774477157129	0.9015543612288235
-4.620269991485375	0.9994982889810379
-3.0493460012102025	0.9860085745081509
-8.216282905452434	0.9999998714684069
-7.941035488329389	0.9999997577542167
-0.9836143497375716	0.8940976849922256
8.140918495500884	1.9162770773830304e-38
6.830173460384749	4.7669978064226405e-20
-3.1322021957567037	0.9879418073679148
8.341111161408161	3.977740623581483e-42
-0.05403946310512886	0.8556523753318277
-5.021772968150562	0.9997996924667346
0.6729325560003971	0.8324602563318286
0.3599809029679726	0.8417845583499445
-1.952887043731156	0.9416303277279253
5.0663698954067815	0.1389569653494731
3.654445958916046	0.6827863658574576
9.962057605810987	6.740550033976761e-67
0.8532956251193813	0.8274454908191892
-8.657273928885632	0.9999999534392939
-5.297822293175232	0.9998937071442016
-2.8355651520266356	0.9799643535330409
5.071104678192761	0.13701733230967897
9.850471582467016	4.869057325534802e-65
2.7999703212916494	0.7676610952563881
3.0718520387126915	0.7500659978940906
-5.275833200070874	0.9998881996776335
-5.028038372148704	0.9998025496555834
-8.269640195833565	0.999999886328213
-9.58951978854882	0.9999999945578065
-2.22667225063796	0.9550740517845597
0.30338309699724064	0.843605349861785
7.379602618118476	4.588771271449783e-27
-9.275280109908511	0.999999988779462
3.4341709779792673	0.7144531047146824
5.179914300707026	0.09129414165382317
7.3890840540165605	3.653179887336624e-27
-2.2086939740520917	0.9542102181567155
7.369560195156808	-2.5260427993607007e-30
-0.8000416830213464	0.8858339012914539
8.481566027457887	-1.3056016542159262e-43
-3.47611007616087	0.993802872213842
-0.591727058383702	0.8768405581984738
6.217380211498632	1.536903200340722e-8
-3.115976251108221	0.9875804948224975
-3.4986535109062578	0.9940812625824749
-9.523721426105517	0.9999999936675406
-8.22677632432281	0.9999998745367702
-8.954309855831305	0.999999976504545
-8.040919558285875	0.9999998075257726
9.30814921977856	-1.473867605188014e-56
-3.4239130413918906	0.9931136853307158
-5.57962002353698	0.9999443880994568
9.420542620098896	5.4148754425960524e-58
8.407465622107658	-6.401437050885999e-43
-0.6618732947984327	0.8797240623292151
-9.42766203269744	0.9999999920999136
7.6123859038369055	2.1082581579000258e-30
4.013898431334134	0.6051218875621378
-8.627049102182403	0.9999999500834761
5.561124366506842	0.007443116057917379
-1.9643014883747725	0.9422050381488699
6.1647781486806394	9.586535866950986e-8
2.5456290314232746	0.7797749924858208
-6.630716812541242	0.9999950508335331
-9.296057264442798	0.9999999893036251
2.3746919704617486	0.7863873781232311
9.139191166870276	1.6943149176211554e-54
2.302265631432231	0.7888485367104219
-6.567471277982442	0.9999942750663012
9.3139657943296	-4.54455595242348e-57
-6.799701604270991	0.9999966460100181
3.3980764433947908	0.7188777612950342
1.745895783227196	0.8048300743159883
3.2662334252096947	0.7330887475987369
0.8259471700031007	0.8281650745916777
-5.815754998132072	0.9999676968460686
-4.534229407834571	0.9993897547905186
4.924266234364119	0.20990890309575347
-6.4273324408993115	0.9999920952250453
-8.409816312074984	0.9999999176854135
3.9500763657534996	0.6219928213656555
5.15121384091529	0.10297115079231745
-8.27442298026849	0.999999887573181
6.466274636283053	9.16439473468966e-13
-3.5479216007469905	0.9946513694904164
-9.297186976286982	0.9999999893314129
7.51823061541473	2.7491810708672443e-29
-0.10550842320788512	0.8575252576879707
1.0831208492056543	0.8214214651677628
7.740391002891055	6.82036932019015e-33
8.445239519835859	3.9773111029507944e-43
1.984834917188568	0.7984952151687467
3.3021084137701973	0.7296715548430571
2.1114392862533116	0.7949357369742704
8.388913165178217	-2.5584761143249316e-42
-6.595793707746345	0.9999946364615458
5.849346094180259	0.00016834351585398756
-8.321494338541937	0.9999998991214853
8.069988200675322	-7.745056607326225e-38
-1.9668037732283494	0.9423309415879214
8.277191530991	4.869732029663216e-41
-5.425389443119895	0.9999207164983984
3.7855397857826922	0.658454681845235
5.273171880509233	0.058469816215044504
8.460708809919325	-1.936733249642964e-44
8.964168453263163	1.524116291638788e-52
-1.5758571700627666	0.9226827216357989
9.652994570897725	1.1936348754398366e-61
7.974257892170911	1.2541537531155972e-36
-5.274037916373446	0.999887737648202
-8.93420258601557	0.999999975391164
0.30994913463747054	0.8433934870673077
9.13015648495736	1.2345618924219166e-53
7.2642635565228275	-2.948358597947051e-25
8.48352900074877	-1.2058926053288446e-43
1.1724644731691214	0.8191861118152267
2.5730457572859464	0.7786064385179083
-1.9680937571468426	0.9423958351390109
1.9602735660651849	0.7991802681622187
-4.7421371526227185	0.9996200760226178
3.603914629264162	0.6911524706478619
9.284631909893768	-4.501017459430069e-56
7.789852060687316	-3.653554383468133e-33
3.513641704279383	0.7039607553411482
-5.484394100629859	0.9999307739193807
2.9087413314741752	0.7612414537516609
9.66144293623077	2.2462099850897905e-62
2.26217598048796	0.7901893024609797
-2.8454547837445343	0.9802783894309169
9.792063980899503	7.672483012778916e-64
7.572381775563617	-9.023317675486479e-30
8.109154455246962	-1.3874859857630725e-38
-8.125329919011355	0.9999998415243677
7.2851850993965925	-2.0200152010608717e-25
7.801742821007444	-1.6576733322088212e-33
-0.012508225508032211	0.8542541182805953
-0.9370629276011933	0.8920170043694933
-9.888729653628548	0.9999999972674769
-4.001356613213369	0.9979794021050739
3.318372988681798	0.7279555672098954
3.501669388648171	0.7056200412045669
-8.398905994410871	0.9999999155913079
8.733169544325598	1.5947646597058623e-47
-8.426352784802038	0.9999999207607553
-6.541620202271372	0.9999939239910771
7.033107455497863	9.088484887269805e-23
-5.792384698739181	0.9999659121957089
-7.536807014626614	0.9999993855573783
-1.1183828472356048	0.9004712616320261
-2.0032270420624387	0.9441603906730918
2.553558356588166	0.779440562841476
7.488946314667384	-1.4390392494897716e-28
-6.869793575299683	0.9999971458664609
5.123867958427425	0.11504540212939098
-9.38110709845998	0.9999999912059983
-6.400552649178253	0.9999915925401668
1.7819621845765088	0.8039597904253086
1.773600548383083	0.8041620498372973
-2.0081123124253875	0.944405331322348
9.386947691860712	-1.9168443608581364e-57
-2.9950004226083227	0.9846196912481668
-5.703700210359588	0.9999581964506801
-3.363917012862516	0.992240173721272
-6.9154926610808864	0.9999974309191345
0.2946357793560175	0.8438845136595824
0.7976435016378947	0.8289496575218237
7.954083938625711	-1.1767005815333754e-35
-3.9539600979918488	0.9977569647280636
5.782959830939284	0.0005117556313136273
7.295920064443369	-1.4953044336737812e-26
-1.1443991682813746	0.9017183429057155
-4.595558581290509	0.9994692375319789
-6.492889903476913	0.9999932026110688
-1.0601028607635108	0.897695711194486
-3.5402046579411506	0.9945654458305181
1.997651828257263	0.7981355937598833
-0.6225293027721932	0.8781293528471792
-5.343299273933875	0.9999042534489758
0.14674026786439498	0.8486762169894531
5.110108892388109	0.12111652639864073
8.267986166314234	-7.815765901001976e-41
-9.34856647944529	0.9999999905217661
-4.127663461242488	0.9984734942534179
2.363650997300958	0.7867520509070486
-3.001443380003068	0.9847895610552007
-4.348244777809156	0.9990698158165858
0.772385944846171	0.8296486631693583
0.23703032869912377	0.8456495693553775
9.866384800183031	5.572693680606285e-66
-0.505027419188453	0.8731608796784365
-5.287976363664173	0.9998912753910376
-2.5733685393570793	0.9704797005348287
2.8722412274394706	0.7634859914252787
-7.820798814740124	0.9999996804843677
-1.0691252146142372	0.8981228921646073
-9.574062955910932	0.9999999943606275
0.06238143215735903	0.8515971529362508
-0.18445503997485702	0.8604868605407466
-4.78395371711839	0.9996547007145509
-5.199537280676609	0.9998667877843312
-7.336447023148205	0.9999990253739691
6.325388736327863	4.547789113815823e-10
-3.076092976909224	0.986656450765077
-7.542689159380487	0.9999993938232842
7.642255820544726	-3.8294889913530725e-31
-2.594327969264252	0.9713183885640736
3.590180552324753	0.6932060192632999
7.396840763859469	1.3361214668904694e-27
-8.44246272607677	0.9999999236462253
-7.278583772104992	0.9999988864753678
1.3402428101049768	0.8149748315817529
-7.0922667724147725	0.9999982899391722
-7.50970855243128	0.9999993459976011
-3.976494240586912	0.9978654919121536
-0.46000976591638043	0.8712870405053269
-3.242750663298426	0.9901868014620608
5.790521152433756	0.0004558902058133818
-6.108609143340673	0.9999835360148746
9.778914811932932	1.5044515882392133e-64
-3.4602550999250203	0.993600225194261
-4.523943156315364	0.9993753180571181
-0.5076178655355079	0.8732697875030278
1.498135949242787	0.8111154184682109
-9.795862201060284	0.9999999966159903
-1.3006100160992808	0.9091410752046464
3.748156160434961	0.6658221644900416
1.8383122631946858	0.8024919155291848
-9.334621401015276	0.9999999902124848
-0.3627334847007191	0.8673308031211262
-5.048031768565218	0.9998113985015624
-5.435374711009047	0.9999225156587076
-4.245181879477187	0.9988266964838589
-3.244320654792694	0.9902160441613866
1.678018792716749	0.8065687358089735
-4.330183984777798	0.999031106142353
3.4727902500415766	0.7094976341183475
-0.4382233876605959	0.8703898158989664
8.678626072159613	-6.73133452795913e-47
-7.146804599546739	0.9999984917421464
-2.679458761142519	0.9745857931297779
-5.576475113668269	0.9999439844012521
5.622586008689554	0.003888928103482432
7.007950704941823	3.2303283935141822e-21
8.546986381893745	-7.014812281079888e-45
5.152995022216809	0.10221443160070906
4.952433407765495	0.1951050363551861
8.568220953114643	-2.3577949835576614e-45
-7.37378074043904	0.9999991056550783
1.4145607863538068	0.8131146145270022
5.863503042973349	0.00013001125042809054
-8.234481145909719	0.9999998767429865
5.545860302297934	0.008625967884710466
-9.046323200236571	0.999999980990504
8.87208779338652	-2.6330572342506836e-50
-3.791868472897715	0.9968069968635778
-1.7004113955087696	0.9289696447775844
-7.0499861559295285	0.9999981150899757
-9.049579932859722	0.9999999811325225
2.0784811442501514	0.7958788435093822
-3.976125609548413	0.9978637576237869
-9.11596828350229	0.9999999838070651
3.969471198191412	0.6170129259326214
-3.764454427447559	0.9966129072813859
-8.13488642072706	0.9999998449734442
1.8806920486980374	0.8013578266314336
9.69582831686968	-2.6301837904058587e-62
-2.666759505325964	0.9741132085015275
-5.821187615752845	0.9999680981447615
-8.474293121044557	0.9999999290422471
-3.6801075630997415	0.9959447605157253
-0.6687348596307974	0.8800130050450916
1.9949298801232551	0.7982121948400812
2.6061861417571066	0.7771521665713464
-5.309288228346309	0.9998964706868976
-1.8758220063439666	0.9377387116653612
-0.5694089856085363	0.8758847203215852
-6.41570899357192	0.9999918808409944
4.201192059879437	0.5487984885934706
-8.049168143489695	0.9999998111469202
1.8592275363149824	0.8019332605365613
6.238051418704792	7.153473555790912e-9
-8.442451605418597	0.99999992364427
-0.6716512486732249	0.8801378326017584
6.545792365413149	2.4777586665358567e-14
0.7982728485854551	0.8289322625175756
-0.4934858038137424	0.8726769761500559
3.983210404275802	0.6134231627033144
-4.790733814701897	0.9996600117076014
-7.923108284815021	0.999999747545359
4.968590809824089	0.18673444711172188
9.040016695503418	3.634982232763773e-52
-6.766085673994149	0.9999963761079501
-5.161365368479114	0.9998545865624567
-3.2193782922959535	0.9897429053767745
-1.6219819853706383	0.9250078060076371
9.176146498073106	8.88748624398558e-56
-2.8308917029022185	0.979814807422981
-5.004331532649555	0.9997915200303396
-2.8014699132087584	0.9788561083974827
0.4731626237199329	0.8382610565776976
-0.08873603367579364	0.8569017916841595
-5.268497464363788	0.9998862997317042
-1.3787981533269509	0.9129876036911239
1.5986956171272872	0.8085819059568226
-3.356794696129266	0.9921304527405154
6.4477549131272625	1.225542567149397e-12
-2.532979714412593	0.9688278743004475
-7.182340625111303	0.9999986102374617
7.97864222366853	2.5395217640926905e-36
9.996955010033272	-6.572279189711857e-67
-9.361538992456492	0.9999999908007015
8.464229355708476	-7.663647384865299e-44
-9.458674019802444	0.9999999926443706
0.7039790459415265	0.8315716463343812
-7.738150890902675	0.9999996135089184
-4.976337765596877	0.9997777036877843
5.595247814717489	0.005248770860949938
-8.111663875064918	0.9999998364583044
-7.63076641969898	0.9999995050937032
-2.2313518970736235	0.9552980775210096
5.063162989726653	0.1402941406658682
6.54354697374233	2.8335058628543277e-14
-6.3202259029822505	0.9999898847672681
-7.9224805619286975	0.9999997471802015
0.33705154466465714	0.8425153620036904
-3.0963926442018908	0.9871331389955283
-6.521301072026522	0.9999936329995208
-9.739438160515896	0.9999999961464977
8.84025039656855	-1.019806978334131e-50
-5.822471252662487	0.9999681922349027
1.4076168298714151	0.813289734040259
2.329027162188302	0.7879218669569844
4.055780002878443	0.5933382820522547
-3.0002932697937323	0.9847593413083175
7.1537948355859236	4.313204357328745e-24
1.9654680302753658	0.7990358547390614
-9.882061754193954	0.9999999972251996
-3.774819901809603	0.9966875544013083
1.0107236838200464	0.8233068023844002
-7.939174105259794	0.9999997567137333
-8.689116910351036	0.9999999567310307
7.41662026834404	-1.0637797823024422e-27
-6.827217178647564	0.9999968519033983
6.974755680690166	-1.3313606864734773e-20
2.3737364804097147	0.7864191019807643
-9.100180384000618	0.9999999832075732
2.630533679007577	0.7760399277971448
3.149144056740308	0.7437719893461809
7.070108274372796	4.9357708341984844e-23
-9.57527747725603	0.999999994376376
3.7146583521057153	0.6721182919132699
-0.21670525434331367	0.861724199683817
-5.068481712319799	0.9998200408968115
7.54590328163475	1.790316375846713e-29
0.34293151438182434	0.8423268727270766
0.5339055006022786	0.836424151913934
7.93217461233715	1.1948392141903634e-35
0.34901036909604777	0.8421328975201083
8.374439264377141	-2.4093770341658084e-42
8.703816328330284	-2.976418085807081e-47
-2.851333000294689	0.9804634799902656
3.108680395456563	0.7471395769405287
-4.75092215736582	0.9996276250390056
-5.576331515826181	0.9999439658985327
3.5698943587580345	0.6960407237700633
5.102905383008501	0.12419091706089966
5.276466743022027	0.057459254693149914
-8.226505924997621	0.99999987445863
7.8695685145830865	-2.1724570206793943e-34
7.528722014190983	3.9129923450210673e-29
-9.809123074542763	0.9999999967177572
-0.4313752812201077	0.8701091421505713
-6.118267095624197	0.9999838979831268
7.952130558740194	-1.235927195457812e-35
-9.967901583256955	0.9999999976207155
9.0141092958443	-1.0803842316291924e-52
-4.073717913401658	0.9982786836940888
-3.642061648116459	0.9956053213790941
3.3142110736269217	0.7284036171899205
-0.8127114116261414	0.8864071333336557
3.905037147750443	0.6331947173182487
2.6532092132040486	0.7750152881713467
-8.794613108022432	0.9999999660624519
-7.9826087425358105	0.9999997798679869
9.975895330116241	-1.3919359748848865e-66
-9.428623502382326	0.9999999921173842
-9.025398364284847	0.999999980052186
-9.666172322869407	0.9999999954383577
-2.992263048010999	0.9845470940573752
-5.28448608639124	0.9998904000965555
8.167853785563175	-4.905598441150588e-39
7.654436029790826	-4.416822856532055e-31
-9.60564100390803	0.9999999947561191
-7.181209578925936	0.9999986066134734
5.2811948619896185	0.05602717281983823
9.589532351541212	-1.1150591699078873e-60
-2.3571718753285165	0.9611885341872384
3.3138047668748527	0.7284470658550534
4.153139002411166	0.5634868502066412
-7.711013471491102	0.9999995885882268
9.060808892445777	1.3714521592454843e-53
-4.661864551798782	0.9995436764282787
7.681349501404998	1.176527993753051e-31
-3.0900108341126753	0.986984682478822
-7.888156514471918	0.9999997263881664
-4.841324992606197	0.9996971614265817
5.933572904587567	3.1484597544739674e-5
3.5003810304834424	0.7057962676474203
4.849518252302589	0.25027137805817773
-4.502650367989287	0.9993443543546424
-2.8795506057642806	0.9813355692356139
-5.481499837509758	0.9999303117176369
-4.931034754999546	0.9997533882506474
5.087839242869636	0.13032588497306336
-1.8723929057777777	0.9375667827117117
0.9091984635431682	0.8260134647534741
-2.093547577642294	0.9486466063384477
8.83591136871351	1.6334366383666408e-49
4.171541241000046	0.5579785898763201
-5.572905396092036	0.9999435226255653
8.509998540439604	2.984810135933544e-44
-9.632461407865542	0.9999999950701659
-1.8279848295758363	0.9353820012124324
9.779195312197402	1.8546549208522098e-64
-2.175412329954969	0.95259778721424
8.624482476133316	-3.4947268528158045e-46
-9.60464153147742	0.999999994744037
-2.8734491072382484	0.9811493075809088
-5.1910605491613016	0.9998641696081144
1.5758628022891976	0.8091593464618704
4.5884755350430595	0.3857206771816637
4.892473903877882	0.2269896271619695
-5.681176841884414	0.9999559732780904
7.6976796094169195	3.525095002068478e-32
6.017878994204132	5.75039095372939e-6
5.517890103940527	0.011176927599906655
-4.931113312254949	0.999753432625289
8.880772014900444	3.7709119062762564e-50
3.7199074957498155	0.6711456651333382
-3.309653248643789	0.9913704876271868
-5.50998219077357	0.9999347293903205
-4.297800913237548	0.9989577093417241
6.345929732620739	1.9571275531379558e-10
3.779512645582411	0.6596676079358565
2.854125276704851	0.7645654491516358
-3.343525988849869	0.9919225286395805
-7.492651482350126	0.9999993198005711
6.009356182510238	6.822713065552527e-6
9.926805347299297	4.7146020365848745e-66
6.927034354835492	6.117804317803355e-20
2.6361359345523248	0.7757824035177673
-1.419427130706751	0.915004019580219
-6.950181029146951	0.9999976281284605
-9.154526331503998	0.9999999851827533
-2.238510292652731	0.9556402594142797
4.665938404133293	0.3460471235598347
4.567770063520641	0.3960050327555061
6.7020005188533815	1.0551724011274593e-16
-3.8906136200973096	0.9974229876683234
0.5825370763599924	0.8350767175246274
-8.599890017472092	0.9999999468622245
-6.238731231294405	0.9999877974216115
6.741170351990206	-2.7067767697516405e-17
3.792397349379568	0.6570649504687341
4.0011655570908555	0.6086097235230871
1.9848202426793762	0.7984956257576628
1.3766183337460483	0.8140642089924075
-9.516412628680374	0.9999999935600691
-0.7872324234216332	0.885256923404747
-9.655832326373993	0.999999995328446
-0.36035515847735766	0.8672396091737065
-0.5515908364134958	0.8751266179644052
-8.145993296797842	0.9999998488878951
5.933018805517079	3.187224931816261e-5
0.3111319472545446	0.843355179197466
6.601193978884751	-1.6377487454821171e-15
-3.800489017100057	0.9968658468367277
-9.48709331718064	0.9999999931102962
-9.083647919764601	0.999999982556016
0.4073998781648882	0.8402895694192308
4.08589836607867	0.5844721382279152
-8.587373486258638	0.999999945308488
-0.0023368319763328316	0.8538988267113243
3.041054048904467	0.7524086020950976
2.017068516680345	0.797582707275187
-4.357896102948184	0.9990898755000653
1.6222022520208448	0.8079860311112316
0.1553057914926228	0.8483848173800729
6.435886477666195	3.3896854452220013e-12
3.5655334746658376	0.6966361298984679
-7.632053585926104	0.9999995065583267
-6.606119075729744	0.9999947624630492
5.299146768852516	0.05079378151204944
7.524743744257112	3.790151632083803e-29
8.523833821086342	2.672781502605038e-44
6.820602528302562	-1.0748358415917505e-18
6.802399509774403	-7.997700928027704e-19
-7.304709600984407	0.9999989514845702
-2.420450307771933	0.9640210242946194
-8.948132932597193	0.9999999761679856
-4.983119677579548	0.9997811323623935
-5.070835765838222	0.9998210100691847
3.471240321001737	0.709701897931932
-3.2072939480883145	0.9895070469555807
9.007957163734474	-5.21683176695606e-52
-6.728752800401017	0.9999960508361694
-9.22006905376701	0.999999987258375
-9.36998024503469	0.9999999909777813
-7.477697957644138	0.9999992959727273
-4.060152703824813	0.998226040254673
-6.106004600980386	0.9999834370148779
-3.7890740523347244	0.9967876992000684
5.632034161854715	0.003486137654908618
-8.816541935170076	0.9999999677335123
-4.155162549890163	0.9985644075239327
2.9636950550090457	0.7577341622136088
8.691701238374261	-6.151939893530437e-47
6.334680571554024	3.279202815935756e-10
-1.3004462733380464	0.9091330249713964
-5.94506162826181	0.9999760108990734
6.073632931354492	1.3508516905924141e-6
4.655890525619384	0.3512613372129706
-7.64636722109358	0.9999995225560778
-2.199408506261289	0.9537614780485849
0.35651913770615806	0.8418942830837123
0.8669156037949719	0.827104678558443
7.1671901245506575	-4.910842216622925e-24
7.483319418809078	-1.6687854881900624e-28
-7.922924947320067	0.9999997474387631
-0.30782124044000625	0.865278615093363
-1.8509805682525418	0.9365079223662037
-1.1586431727538162	0.9024011413362959
-7.494311942533529	0.9999993223962047
6.564510233200551	-2.800154886548e-15
-4.667127411834917	0.9995491213269326
-2.9097279109344365	0.982238099251713
-1.6300330143237076	0.9254131155474339
3.805966115335959	0.6542772211136212
2.695619643328584	0.7731180280732817
5.276829964919791	0.05734847882356952
5.8398120604714965	0.0001996142154102315
-9.907000474793076	0.9999999973800459
6.287249119944004	1.0747504344620245e-9
-4.005482062275982	0.9979977308887248
3.3510949170928086	0.724319076816747
4.931017054030455	0.20632714042410966
-2.4260074348562233	0.964264316865517
2.089143305099096	0.7955844641881944
2.9703775921633344	0.7573191798194182
-4.786209013186058	0.9996564764096465
-2.807748317194365	0.9790632336716287
3.574246179361129	0.6954441747798874
7.3754235270076975	3.582722431901086e-27
8.061860596210174	-7.767655038602859e-40
3.167534847758148	0.7421833867626071
-8.511461585927865	0.9999999348623971
-1.17281869183115	0.90308146597213
-1.1739101690613438	0.903133902955916
-0.6922956530195634	0.8810434734360907
-0.9876681989527203	0.8942881529798001
4.834978293825056	0.25842290978882615
-4.595969854026309	0.9994697343898571
1.6627747967777928	0.8069570939566707
0.3553708637302222	0.8419307141160254
-3.6591337411680946	0.9957607298865442
-9.588870976021756	0.9999999945496701
3.8087715427949185	0.6536923688373187
-9.623615173664742	0.9999999949687195
-4.738057603520658	0.9996165190263876
-9.1300437522679	0.9999999843234655
1.0177414749036409	0.8231224494857162
0.8672130183418414	0.8270972687836926
-8.50308224426993	0.9999999335934203
-1.5151968309183506	0.9197464362595612
-5.335974747105987	0.9999026282810275
-0.3134903591848506	0.8654954641793495
9.419045588014331	5.489250552410923e-58
-6.361347751092112	0.999990798425883
4.369597452095855	0.4843849983448413
6.873572459760201	-2.6368442495015884e-19
-7.044329620787919	0.9999980903801182
-4.881430211392814	0.9997237208820565
8.743327416926114	1.2023325223324775e-47
-5.192752080488825	0.9998646961305737
5.64890873291526	0.002854438575402658
-2.30409026766222	0.9587389118762037
-8.701023300119264	0.9999999579011514
-7.628041517996715	0.9999995019787665
-9.468219170521284	0.9999999928042732
3.7079623047457932	0.6733512246912375
-9.069729853199187	0.9999999819879288
8.600543087591412	5.975797632272989e-46
1.4068882294351646	0.8133080466859075
5.078994183684905	0.1338473769331984
-2.5674528213300407	0.9702406575700628
9.493799140174342	2.7745790223171355e-59
1.1922179775435016	0.8187139568134094
-2.166942873471527	0.9521893475117881
-5.773050871847585	0.9999643615754052
-6.384805312641673	0.9999912821530373
-9.141577544836487	0.9999999847343165
-3.823328920209219	0.9970168894770063
-9.95814814014468	0.9999999976207155
5.91177827627642	5.01990475597364e-5
2.588341749477605	0.7779412243004897
-6.0105322500619085	0.9999793664583845
3.038896410019687	0.7525708768339144
-6.958411582189279	0.9999976726543067
6.524723549107854	2.5718133565566958e-14
6.316058724593482	5.876639571686423e-10
-2.8874701648180645	0.981575432109055
1.5195825533383847	0.8105793640205655
9.256197679005599	5.563572141086377e-56
7.37999751917615	4.628811137498613e-27
0.1694440501229888	0.8479058155256457
-5.599773004938116	0.9999469069510142
9.847574774126361	4.486423890626449e-65
-0.1806057481804899	0.860340478931795
4.771482139820925	0.29108314831919585
-9.211210632231698	0.9999999869958132
