7.002418800581275	2.3155175469490037e-87
-7.824215895748221	0.9999996164908465
-5.974228062566533	0.9999728601956782
-2.090113457542455	0.922085994154101
-4.440686113992993	0.9990838996262225
-3.5902304927885442	0.9939394571766188
-3.165230256505631	0.9855533612014463
-6.704817731111774	0.9999949516824679
1.46935345765122	0.0004461666319896769
8.895956530455784	3.1585123106548065e-116
7.143484688700852	1.0924583615454408e-89
1.3295685074526986	0.002962800161363595
-2.040590669449829	0.9174898865342404
-1.1028133167575547	0.8039513531896832
2.165565207374488	6.358752635360228e-14
-2.270108139362521	0.937598563063522
-0.013121372973504464	0.527546751227509
-1.1495021509894343	0.8111837046905154
9.349797001196123	5.523469531478578e-123
7.74569748486207	6.954508851846717e-99
4.8844867310824736	-3.767908004158421e-55
5.369748925287222	-2.4978358137641722e-62
-8.904410144994381	0.9999999681152019
-6.911633257730885	0.9999968642443763
1.261567614494945	0.00626500650499208
-3.898367333839068	0.9968988972854849
7.217829996862957	1.1033630309771422e-90
-2.508271585476347	0.9551946431885352
-6.256702049216765	0.9999858352524726
6.9046216113521055	-3.6616284783999765e-86
5.342175262067732	3.2864096910324876e-62
-2.563370210566993	0.9587647764252257
9.39228197676318	-1.2915502230700282e-123
-9.420876948841471	0.9999999902922841
3.565471083967587	-9.673198375466082e-35
-0.02852080602452034	0.5334802936740786
-8.457731714044305	0.9999999108212178
-7.390479020781808	0.9999989588607666
-3.746730741184523	0.9956744205592789
9.870342668874382	-6.970908042908819e-132
-2.477896861000164	0.9531411894911361
3.231195870034407	6.1718426042891276e-30
1.3813981528452466	0.0015423717725245826
2.1896316885341918	2.298013449714421e-13
-3.4231854196430156	0.9913915505297909
5.9538975237555025	1.3206950840931946e-72
7.262601472246985	-2.489711704045228e-91
-0.5131617815532419	0.6885139633253422
-3.1305200109189757	0.9845523002936539
3.1452503949605912	-2.4646565335638707e-28
-6.146388766320858	0.9999817401103588
-9.154358070876354	0.9999999820677051
0.8319649765412827	0.10238455902163383
3.678946295040273	-1.2731856025744122e-36
-6.879659209764166	0.9999966246804592
9.285260455910894	-4.328656260727738e-122
4.657455978548297	-6.350826042474012e-52
5.95684570572978	-3.891278929649008e-72
0.9525823128781532	0.05991537758398253
-7.194964475971273	0.9999983668731678
9.28610269801506	-4.322197594598389e-122
5.701861244586537	-5.857780323750128e-68
-9.819725626712996	0.9999999961250308
4.357338164419776	-1.6463052303890263e-47
-0.836102365072513	0.7584818089990834
8.758323666658349	1.3545319071351488e-114
-6.017378596700276	0.9999754262631816
-3.583459141222227	0.993851415266272
-6.938818306188721	0.9999970545043304
4.756148730254349	-2.117302976098959e-53
-6.436667491486885	0.9999906400922092
4.305583673587098	7.009601920817419e-46
1.816989046601968	2.569365872598703e-7
8.287364685656197	7.07913844720955e-107
0.063760795035531	0.4944154073118166
-0.7736186383033328	0.74625165562457
-1.5784878843508778	0.8682550783755154
9.30519494708875	-1.950674892905929e-122
-5.105368091337095	0.9997998053847408
-8.104068384234594	0.9999997986626349
3.474839704789172	2.1618767253235955e-33
7.249036315957337	3.9295232859501845e-91
1.99598292119461	4.456916850715365e-10
-6.110345366551941	0.9999801604279765
9.483582448955783	2.475946139174024e-125
-8.17939864085191	0.9999998307244988
4.004391937790155	2.787229796497176e-41
-2.58983507477645	0.960409631705345
0.05978469589276969	0.4961894688414114
4.242858834209544	1.2432849068366595e-45
-0.524877203234734	0.6914679575389131
-3.353934847725677	0.990076492947153
-2.8780617811988574	0.9754142682029288
-1.329899035916565	0.8367700132932637
-3.87497288521637	0.9967344641628585
-1.5173259516505855	0.8610419120120282
1.5502791859563523	0.0001221383546409834
-3.8090509781748683	0.9962249984849016
6.4276042242097695	9.603866197783397e-79
-1.6267241965672863	0.8739737970906182
5.258887008492753	-5.0633800301492154e-61
-3.4241967267558726	0.9914095380873383
5.0056425049934425	-6.545051771375229e-57
8.185716492260568	-3.82384816830565e-105
-2.683971383584085	0.9658891438451686
5.642738613486479	8.610978670736597e-67
1.992328852560167	5.24229691975782e-10
-5.451413699259384	0.9999096245982572
-1.8797114703479956	0.9015759534946465
-0.575413920466513	0.703808991053837
-6.161830813583786	0.9999823778127606
-6.893154099074685	0.9999967279443452
-0.902383507304986	0.770745138953901
4.059412599878897	3.4148618696683038e-43
7.38957770490844	3.387629723850411e-93
-3.2632704782942534	0.9880871998261445
-2.188818544000868	0.9307745689549414
9.673758895722475	-5.056072620225312e-128
7.808799540277352	-4.2590758411181796e-100
7.332874545383849	6.7601838768092616e-93
5.631926280717172	9.149429282904778e-67
-6.308692495939949	0.9999874331137596
-3.9647277423532623	0.9973231433470644
-6.47751283770619	0.9999914801651302
6.092685310107235	-6.430854964769227e-75
-8.107589966722308	0.9999998002886354
2.8404747062340405	-1.336698517115663e-23
-1.8199779468961008	0.8954596706397437
4.279042240818512	-1.134810734507158e-45
1.926025041067284	7.010700718047995e-9
3.348727552026535	-1.3822695679529154e-31
3.330445970521602	4.384912470364025e-31
2.2438574248190726	-5.099053060596446e-15
-7.6850096034535165	0.9999994715775423
-8.713899406751274	0.9999999505582046
-4.527291076906796	0.9992478622187673
-4.201275455430831	0.9984242116134822
-4.2606151649017665	0.998621799763604
5.975518840080056	-1.6022773043171696e-71
9.08826170346973	-6.397300549818421e-119
3.282170684317265	-2.110528226130342e-30
-9.390589853143126	0.9999999895911191
9.052103501022518	1.5831422573687973e-118
-9.136232880813964	0.9999999813034697
-8.782470532292841	0.9999999577795331
1.5633906238595898	9.595118811346405e-5
4.400929401317892	-1.0050170163746105e-47
-4.858372592778988	0.9996471797347453
6.724977121389543	4.962038928506103e-83
-9.112492937717484	0.9999999802530047
7.822132245189785	8.138830169437406e-100
-1.2898230482610895	0.8312210446665478
6.413241097114678	4.550415144097278e-78
-3.5241931617923017	0.9930288353988538
-5.616425714305935	0.999938169071959
-1.1712828973298528	0.8144691330760897
8.79488533123855	-1.1730093708936064e-114
-9.132753944501339	0.9999999811530982
-4.333811848120148	0.998832260790966
-2.091938301226026	0.922252361828481
-3.5668611271563355	0.9936305743117421
-8.663108832306289	0.9999999444243144
8.647816109830686	1.1420333722186651e-112
-5.893642672906729	0.9999673292040584
-3.358457767979006	0.9901675394759173
9.938029059241451	6.224997098308942e-132
-8.392772567728294	0.9999998964331475
-1.1889978408646726	0.8171026908004674
-4.522638256429747	0.9992398430422238
7.042211347251314	-6.679475585427434e-88
-5.042003550458443	0.9997684560993937
2.279176414176618	2.8057529358233603e-15
8.760224736743627	2.819089249820452e-115
6.590287604308159	-6.985205475947471e-81
0.81936471050264	0.10774753632758906
0.8892651085821157	0.08183286765975195
-2.2154648301084157	0.9330567775755294
-8.687187162234782	0.999999947421707
2.798634296696733	7.113065642921565e-23
8.159428665482025	-5.52200508037626e-106
-2.1369195011130593	0.9262699858910648
6.512333552911752	-6.57492014017644e-80
1.0162303205823875	0.04179232530909994
-5.841080125687035	0.9999631279166376
-1.248461800862625	0.8254846184212324
-9.643988318349432	0.9999999941922822
-5.66757834203421	0.9999450341047889
-4.254264196235251	0.9986018723210525
9.187003936892598	1.1734559180200806e-120
-7.401742827757558	0.9999989855161218
-4.299524176249001	0.998737933552679
-4.211114005412981	0.9984587918059321
-0.5789969912459512	0.7046636212451601
3.07261632221239	-3.724916618415688e-27
7.885681791589704	-1.4094008961335049e-100
-2.5201288817848555	0.9559796372080338
4.977646923206294	2.5039268816221423e-56
1.9211989737947057	8.482702363429357e-9
-7.734810252353186	0.9999995288264555
-9.599191990871274	0.9999999935612454
-1.9410356547743355	0.9078075788500316
0.2453480220291926	0.407280891106095
3.9162694562522162	5.5369030828809205e-40
1.191586710999788	0.012112106338870207
-0.1091730200216734	0.5641148780482601
3.455804627753526	-1.8174378535017445e-34
8.051239560915366	1.405474818290144e-103
1.8156756322241563	2.66780469701789e-7
-5.626012437060841	0.9999395178931252
-9.573104712469839	0.9999999931626293
-5.5619674116233275	0.9999299165146789
-9.946015313849589	0.9999999971027952
2.427211941439463	2.764898276716618e-17
9.80458559491938	2.3814197501135293e-130
-1.8506113408982472	0.8986013408957643
6.345424044532216	2.653064157681912e-77
2.8003835964100396	6.807893377394855e-23
2.694011093122409	-7.156845929234602e-23
6.987256730192488	-5.515541113853183e-87
9.605305030190276	-5.3508978963446605e-127
0.10424546764109088	0.475933342098378
4.214493276807168	1.379284947051665e-44
0.3888261605228962	0.3323439488245807
5.054848241075142	-3.440013092179353e-58
-7.420033871111742	0.9999990273549417
-9.919236475936021	0.9999999969185265
6.4168365189829615	3.85094769395291e-78
8.267144814090372	-9.050161048530362e-107
-5.338027022028586	0.9998827050369244
-0.9892046726726136	0.785393820058434
-3.1160379848883446	0.9841176865570445
8.793922352455343	-1.3485428201588368e-114
3.233545352004219	5.517756929488558e-30
-1.190430569705864	0.8173137231032994
1.87741902873681	3.838489517567549e-8
-7.052658312424129	0.9999977336741119
-6.466395337618498	0.9999912592769782
1.5384916596286544	0.00015190249638956024
7.608089884376696	1.8768488745648497e-96
9.830564318103114	-1.1418260823564387e-130
0.49158867047949784	0.27507442785409925
-7.816371133373883	0.9999996095005402
-8.37678607084612	0.9999998925498134
-0.01680880656005712	0.5289996743184902
9.844192113832161	3.068356376151387e-131
1.8437254241169665	1.0704869013643319e-7
-8.549526525472611	0.9999999278116646
-3.2665672820682623	0.988165244633099
-3.167127893398476	0.985606466971741
-3.027216138401121	0.9812250947915705
6.281087208337279	-3.788105960616622e-76
5.4109264086035935	3.975801704802513e-63
-7.520189267577919	0.999999227675053
4.722777805344389	4.463543058916715e-54
6.538583250547937	1.7309245607539563e-80
1.49541388521547	0.00031538432354803075
9.832847619800734	-8.51335081387993e-131
-0.01086332383732902	0.5266455620014762
-6.433676076483397	0.9999905754071546
-2.3711475376852675	0.9455145003760541
3.909045523840229	4.811146346157966e-40
4.920299876175992	1.4958482137853175e-55
7.9597384613414945	-8.233972641804e-102
7.6827140736661335	1.1430778212239024e-97
-4.821554487292037	0.9996161248674711
7.954726118128601	-1.1054824126756665e-101
-6.722969741518998	0.9999951583230167
7.522603843420519	3.434022973022676e-95
-4.463223764970574	0.999129691550404
0.35187515854257256	0.3526640931637
-8.033122081861617	0.9999997629333579
-1.0303430538477087	0.7922839199692508
-3.913345382992932	0.9969999666189093
-1.4680521338638854	0.8549526004578925
2.7878799178902547	5.271816703846034e-23
-7.988168674619862	0.9999997370799242
4.212582414388022	1.329863326756418e-44
-1.2827669960398538	0.8302270507373245
-8.418568297726079	0.999999902405581
-7.421535994665014	0.9999990307132547
6.152237440992344	-3.490141818263377e-74
9.338177261946946	9.470186486549626e-123
6.605365920424401	-7.983248311937209e-82
-1.0098475579998158	0.7888876800181843
1.1455217959717103	0.016956159609804775
9.85193431938399	4.659846682405731e-131
9.93435863059059	6.193813506497357e-132
6.4155818688517705	4.1244254459712573e-78
3.130306884620948	-4.150109392153263e-28
-0.2777131423638437	0.622802956788415
4.645264394006778	-3.78027868097436e-51
7.683697170015947	1.1383269874382571e-97
-6.178961248456649	0.999983059220259
0.5179242644884816	0.2602357242580911
8.319061756044114	-1.6874599692971154e-107
-0.20131508385897057	0.597376767670745
-0.5442051557513228	0.6962587613932535
-6.433653866846374	0.999990574925235
7.755228518611865	2.998658017106151e-99
7.393925677391056	2.158060041763607e-93
-1.403604126521918	0.8466476014235147
3.001388067089339	2.0747680237092674e-26
2.1446083835274585	6.868241010302474e-13
9.599834232162777	-7.738010908326815e-127
5.33020363013463	3.3955656619896336e-62
-0.7215765539250629	0.7356106431836951
-7.296101316984833	0.9999987061465179
3.920922908091015	5.207329503612594e-40
-0.024092944017093387	0.5318068788089909
-9.428834706106981	0.9999999904685435
5.346141282725174	2.0836022266605584e-62
7.046843482585999	-7.496065526828681e-88
5.448608857452367	1.617145595457274e-64
-5.91851819361334	0.9999691471796461
-3.087066917373691	0.9832173371986171
7.3853501988679895	4.2504962000921365e-93
8.883311353729859	4.3271200339546437e-116
-1.6197440068625326	0.8731571234181711
-2.0246426653569394	0.9159765396784502
1.6728244328918827	9.320112298227794e-6
9.37182381498797	-1.9068607594975164e-123
-9.278845513416233	0.9999999865367974
-5.901771936444891	0.9999679347948538
2.496987102734556	2.8462410409775904e-18
-0.08716942226534741	0.5556515516997306
5.921975284108836	-3.053872825931747e-71
-6.4140263303180856	0.9999901392527162
-8.503055422450053	0.9999999196588365
1.4847147123441182	0.00036545048049855367
3.345579684103587	-8.266915497526162e-32
9.44741470797748	-8.56884749769434e-125
4.321789903327682	9.208759060875476e-47
-4.224295643700704	0.9985039587605486
-0.6546304738377664	0.721330854449245
7.02416365251619	1.5855497059668142e-87
8.195774427725283	-1.0238512368384027e-105
-0.6074627197182103	0.7112845216582396
-0.08117723561160162	0.5533017402190838
-1.034331661795962	0.7929398973532925
4.750559305929919	-4.0813214077857636e-55
9.618906078944896	2.500159342549802e-128
1.0618590745719168	0.03125976701491465
3.0063780633212502	3.037303838099585e-26
4.726728194173155	4.413877668210663e-53
-0.9850901234045963	0.7846892992367622
-8.099356282347303	0.9999997964662195
5.884394430068358	3.293229947446096e-70
-2.4443116323366487	0.9508198050617539
-0.6336210896107364	0.7169566223527053
1.8417477903659076	1.1457017967357202e-7
-3.656576941863676	0.9947422213335689
2.7079451143327447	1.3053942765952466e-21
-8.147773629344632	0.9999998179380314
3.308465061320941	7.99183337107789e-31
-2.016587980187592	0.915206143475843
-0.9957612044853548	0.7865131668062159
6.79282595632591	2.9253468903677654e-84
5.806356103069067	7.772325243075737e-69
-3.0247707439370064	0.9811397651620873
7.260553532935003	-1.9426058229117873e-91
-0.5671078048873888	0.7018178759689242
-0.8232322512710066	0.7560130124878729
9.002548425663104	-8.873011145582994e-118
-1.2894105797845423	0.8311629535173258
4.373082893783593	4.197622088597447e-47
1.425916741321691	0.0008226931241403653
-4.979207856943217	0.9997325646964983
3.3938007017818617	4.347160465437999e-32
5.078283922307097	-8.979990395012118e-58
-4.5569997050895195	0.9992971270529899
9.325984903821176	7.786441463285133e-123
5.954840115408562	-4.6314729398417555e-73
-8.7679978469934	0.9999999563488562
9.713063868580292	1.0955704660152764e-128
2.400555090997983	3.775717121233482e-17
-5.109416168545358	0.9998016577824204
-9.716106327325154	0.9999999950808791
-9.07879678904914	0.9999999786598802
7.134554735170635	6.828683722730331e-90
-9.271265112756172	0.9999999862997399
9.121690503547	1.9646091881169314e-119
0.25028285858695654	0.4049517700845303
-0.7602705585123104	0.7435649759852558
-3.3017213752306462	0.98897005795733
-8.757975428010889	0.9999999553297728
-1.7522168029492224	0.8882053202402184
7.172460253433208	-6.117827735579101e-90
3.25071571676796	-1.9718453046074748e-30
-0.9446121630852389	0.7779128510449452
-4.095468520077898	0.9980009008463283
-7.989980538499095	0.999999738174535
7.434557286746095	1.357350699986815e-94
9.933243982044132	6.093652404771119e-132
3.0455204971142447	-4.034857955539554e-27
-7.614200074453934	0.9999993780001695
-8.520773815367647	0.999999922870642
8.377733641101468	-2.5669025487782978e-108
-4.627245493725773	0.9994012565214002
7.156012076227391	2.2058607061543476e-90
-2.795578538382384	0.9716440318207599
7.110558251626593	-4.2624257840837176e-89
-0.43970622676292237	0.669281700979175
5.06010126935298	-7.23130624696289e-58
8.188524155130494	-3.0641238839930317e-105
6.522347770867157	-2.764472570654287e-80
-5.487975007547994	0.9999169132197236
6.463873538760119	-1.5035431286362703e-79
-8.229419365874415	0.999999849140141
2.696335671225123	3.135944775954797e-22
9.045262661126728	2.7789031634996796e-118
-1.480964469117584	0.8565744894912644
6.714053932931272	1.1584305257407528e-82
1.0271228903791965	0.03909217458641238
6.978363148436863	-1.1245599668760454e-86
-1.9147788808862654	0.9051675735981511
-8.11618822608063	0.9999998042036947
1.3559589006165886	0.0021460521128355346
-1.4279952332666426	0.8498332340132024
-3.336172624345033	0.9897116663035987
-0.3715917578275061	0.650169560508722
-8.40395531485286	0.9999998990658716
7.321652128569713	5.544531275971953e-92
-0.8218668808675478	0.755749303602364
-4.17083826295173	0.9983123516272014
1.6496827484025989	1.6059149561760176e-5
2.1778274233566908	1.8825174266851984e-13
4.689881534139673	1.5006807594679814e-52
6.203993135015324	-2.2279236093215604e-75
-7.831849655730707	0.9999996231729484
9.172678230508478	-7.5839258403950135e-121
9.991445795784728	-1.0266100845077504e-132
-3.213708609481163	0.9868588293117024
1.025390659214537	0.03951331267598626
-3.4956761737586195	0.9925980253034904
5.283606096286476	4.64581273971794e-61
6.157291008871191	-2.1278155059557594e-74
9.413836078907053	4.804185552367476e-124
-0.8562229032340163	0.7622817647474391
-2.6494039979444794	0.9639449149906939
-8.888542781069454	0.9999999669287152
1.3171894572319474	0.0034260835116212453
-9.845088431802345	0.9999999963448479
3.216871048642549	-5.6426676291182e-31
-5.208373085273594	0.9998419863158107
3.0557464306691564	-7.876288303761615e-27
9.012570384035946	-1.9507860902694972e-118
6.7856493292970335	5.989208940306154e-84
9.185313012713099	1.1345088973133062e-120
7.225534597894345	1.478597032207699e-90
5.5466325565191035	-6.6031142064652e-65
4.8971762941091015	4.111143285210472e-55
6.4032569660378655	4.459899906550435e-78
-5.054624908913015	0.9997750682891074
-1.4887963181953587	0.8575510307028326
6.3844473947446545	-9.460212174701154e-78
-0.9256940743492628	0.7747767773978693
-0.0695340548974599	0.5487642660015082
9.782714714140795	5.102696755587915e-130
4.873212273544478	-1.5323522470440617e-54
1.5792638689660734	7.142505319486616e-5
9.679162703332423	-5.70969011671468e-128
-1.2712552958433587	0.8286136259146643
3.392712113413996	4.143297461001798e-32
9.436205672355914	1.5065554441644562e-124
-6.637241135532412	0.9999941018169028
-1.5927309873346474	0.8699596655582413
-7.408347805614883	0.9999990008279313
5.102561325909868	-2.670558725464714e-60
-4.729931535534293	0.9995265346171148
0.6035612248627409	0.2157933332726632
1.051476032270564	0.03348287485108957
-4.473779302233329	0.9991503529145522
-3.4825341054552883	0.9923914146754621
1.668371111582001	1.0375897768720789e-5
-7.281015682251333	0.9999986604150154
7.307236421827696	7.475958942375234e-92
2.7867487056271933	4.597287774176375e-23
-8.681247029149555	0.9999999466976225
-0.026108128499714667	0.5325711230946023
4.871881964762327	-1.648161471310338e-54
9.85245217751945	4.624100922633564e-131
7.6033864903629755	1.3021059814778571e-96
-0.2007821002383423	0.597192184676884
9.170935751412284	-1.2536184714176456e-120
4.162402371580942	-5.790579817092058e-44
1.9245883754478132	7.418040302874989e-9
6.953929414745211	1.3165453734175025e-87
-9.940783554720007	0.9999999970676785
3.7288384502050285	-2.137894018941746e-37
-8.3428040105666	0.9999998838045212
-4.556720202346511	0.9992966788019039
0.5971636450339837	0.21925121663387126
3.0057827161066797	2.955524536245411e-26
-5.622980171178824	0.9999390944733727
-2.452958929687199	0.9514226640620632
3.075707956705994	-2.462855594834539e-27
-0.9082895157733972	0.7717881568968299
-5.134932272441239	0.9998129467286812
2.436226018189238	5.806572732406942e-18
-3.848756182243167	0.99654026726733
5.5225414252062865	9.243635006620534e-65
-6.661120304094608	0.9999944173471105
0.749201361745433	0.13983061023244017
-2.8085213358905747	0.9722632218382108
2.101790884667629	7.918719198524823e-12
1.4691577041838713	0.0004473039334633722
-9.275896479283666	0.9999999864450655
-3.548824535884618	0.9933822995817425
-3.725367215944515	0.9954687673256597
4.209246971770501	1.1651359501760524e-44
5.810192915940849	7.344205087911191e-69
-0.05185368851785199	0.5421104523301015
-1.0198773405513428	0.790556036347726
-8.920999266815933	0.9999999693101613
-9.410068565787979	0.9999999900476539
-1.8356903768908985	0.8970790096774599
5.63866086584822	1.051354601367072e-66
9.501307078988322	1.3875785977395877e-125
5.452078662132669	-4.4293550790698646e-64
-4.809729987859632	0.9996055856761709
-9.404954646965207	0.9999999899297698
7.927221887944732	2.5688810388332398e-101
-0.13141850497229157	0.5724083178205028
0.3298321627790024	0.3646970349547206
-8.95548021793223	0.999999971652572
-7.854620645248822	0.9999996424217802
-0.3596143933675542	0.646798170330623
-8.715388177419019	0.9999999507274027
-0.5323361285797379	0.6933291087287303
7.64958278992264	-4.781106320045508e-97
-8.982966186935828	0.9999999733910575
8.578855415932015	1.2955508348111982e-111
7.017022883729041	2.713826702116595e-87
9.381707426344136	-2.1917690742396636e-123
2.4014279430105034	4.0649950348500045e-17
-5.18642889173059	0.9998338153055704
0.173772534987231	0.4428675991139446
-2.6237125894657654	0.9624488189042782
0.820540161732449	0.10723556914219376
-2.8146945889441755	0.9725548270453134
7.712708591264587	-2.7273601604997622e-98
9.347908058809729	6.351750548450562e-123
6.0794668165731345	-5.42187507962409e-73
-7.940026469111494	0.9999997062581988
2.0764054760391915	1.0658674658633676e-11
-0.6574948474469942	0.7219286419655587
0.780319536076135	0.12520214205311986
-0.6395590367214332	0.7181977479810961
-7.753143234884967	0.9999995483020787
-9.738077208403828	0.9999999953235472
-1.7566307531065242	0.8886880621896962
0.7919417134488871	0.11992901600610792
8.847573429018013	-1.655569148491559e-115
7.189768135582902	-5.076355531119676e-90
4.218025278076091	1.3953235894070527e-44
6.478129867198049	2.7974318609928705e-79
6.990699908186148	-3.1373517434908994e-87
-7.247911666335258	0.999998554314831
-6.749662755399997	0.999995446928047
6.553707853681097	3.7831716844621335e-81
5.8169433503308365	5.200218030115357e-69
1.6884091048394811	6.344966905234087e-6
-3.9859139098649177	0.9974463763799531
6.1302122934542425	3.787003663640119e-75
8.541438593964031	-2.9052010604712692e-111
2.3718671023469096	-1.91238796073512e-16
-2.703985775701936	0.9669792216635442
-6.577436576135711	0.9999932311073757
3.308781047576005	8.073657154553461e-31
8.453687110853028	1.4583257681322772e-109
9.316138330941378	-1.2264401579214796e-123
8.354450890139024	2.8924213524822282e-108
-9.984926781712353	0.9999999971216308
5.3519378801111195	1.7624877273298936e-63
-6.641694492218835	0.9999941619849737
-0.6448417798218422	0.719296318597582
-6.480070990234288	0.9999915301968998
4.044397179951854	-5.5233900172631686e-42
3.879597756203651	-1.7889924991385207e-39
3.9663866085892394	-1.13310478384001e-40
6.109235621349001	1.9354222968554587e-73
-0.07918272915929059	0.5525198861251644
-4.2641641730066615	0.9986328136940275
7.268140656991314	-3.3196249480605355e-91
-2.2665221523106815	0.9373059035008273
-2.853622042888806	0.97433993773128
4.248339547000107	-1.2211958754428129e-45
0.20799150364654295	0.4259328596114726
0.7331036877872865	0.14764066076534718
-4.809117181686013	0.9996050317014031
-4.649803081340584	0.9994313313459267
-8.833617480327366	0.9999999624701952
8.698361557297872	-4.3753873729525534e-113
6.354419780396391	-5.294259300428433e-78
3.569163130571198	-9.447016490714051e-35
-4.165848344672729	0.998293286720191
1.1740386021422253	0.013817235360249078
-4.763333172784705	0.9995613778094531
-6.411107134482581	0.9999900727572512
-5.044394857954302	0.9997697235802563
-3.022793899196885	0.9810705511700117
9.18430464033515	1.0918040354521183e-120
-2.8440588054135585	0.9739098431783352
-3.3699926137154224	0.9903963925703065
-0.6601277285284759	0.7224800120167102
-8.030551964578954	0.999999761526259
-3.7997339616867887	0.9961471476609628
1.2893125756279353	0.00468923149730738
-2.736360824188231	0.9686867251564095
-9.206998760384234	0.9999999841147094
2.785582749796083	3.785434387211583e-23
3.435010567776695	-1.1026317349867144e-32
9.543004850499656	1.1816116015769425e-126
5.980680779295371	-1.476527976272531e-71
-8.336190554809303	0.9999998820215554
0.5582106277482701	0.2389160894404823
-5.910918969231345	0.9999686027990934
7.731043456732259	-2.665344411912349e-99
-0.025742364853279298	0.5324327551009407
-9.69529453304856	0.9999999948394115
-7.369391648059409	0.9999989070610876
5.027674766957503	1.1000975238247868e-57
-7.399679295266237	0.9999989806844477
-1.5061442430065455	0.8596881408509532
5.514850445913799	2.22324287525782e-64
0.42729531021608125	0.3109425397550735
5.738173947018685	7.642610865118686e-68
2.250072637302223	2.5986690279858766e-15
1.4982958490200193	0.000302371817492607
-4.919576739009561	0.9996933660799516
4.683786907621803	5.745850813084103e-52
-6.5103594601027925	0.9999921007075886
0.7711987173522594	0.12941500620498403
-3.79211813184849	0.9960823793203101
-7.070105037993546	0.9999978229112025
-6.916179190969842	0.9999968968950512
6.554535247933984	2.6742309294343614e-81
2.9741242558128853	-1.2312658778325374e-25
0.3102052446238943	0.3753872302653158
4.830469151756134	6.540468195037555e-54
3.4221094663155416	-1.2653081205879654e-33
6.883714697649694	-2.3870676520940953e-85
-4.606266268433625	0.999371872146674
-9.053698887381461	0.9999999773902924
-0.26180415774443944	0.6176587416412648
-2.7531629786937106	0.9695463715024277
-5.721363645237889	0.9999514325236697
6.577466184048326	-1.0241861382145623e-80
4.512693130747234	3.272524194112355e-49
1.780323638106541	5.992732169096989e-7
9.632055627014452	2.403951783856619e-127
-3.6359603613011515	0.9945040637854166
-6.616402805092232	0.9999938119364429
4.426504347601782	1.9619161290689784e-48
-7.7070982436643165	0.9999994977814418
-1.284993966482869	0.8305407064905886
-4.483379065730717	0.9991687219241762
-4.072874409863925	0.9978970789892444
-5.8229435167342825	0.9999615563121345
1.7266199625443779	2.3291386230546204e-6
-5.715981607116771	0.9999508273072623
-8.209784100732564	0.9999998421629406
-9.271612123507062	0.9999999863106823
-1.5628235239345365	0.8663984807502693
-3.3171528792792637	0.9893078847934251
-0.8210605717568953	0.7555934179751914
3.921794765906025	5.091785476032004e-40
-6.128183514012111	0.9999809586043247
-0.2442578051343638	0.6119118009771015
-6.355168286624493	0.9999887083029685
7.814398904263726	2.7669791580579565e-100
1.7158252623467476	3.123642715946484e-6
-3.23562705875581	0.9874149739243352
-5.7658156332638155	0.9999561549061704
-8.01794093226519	0.9999997544999375
-4.856998219250812	0.9996460667394027
7.571561466636169	-8.656188712542758e-96
3.8042337284158876	-1.5064144283766162e-38
2.732315659942067	4.372845196553601e-22
0.4631351906692629	0.290951963864404
2.0056703845505695	2.955613534559526e-10
2.54458554197916	-3.277324167955976e-19
2.5588600299323936	1.2312972629548008e-19
-1.6947503735416305	0.8817997773098868
-6.216687755747277	0.999984468437847
-7.415327628344066	0.9999990167576494
5.416810905967111	5.440988363209927e-63
4.535563365658719	1.6244428798061601e-49
7.092817605943466	8.63151977700031e-89
-7.0453546793859845	0.9999976952396756
3.8632496587693907	-2.3822506958790273e-39
-5.899319589197192	0.9999677532985611
2.0002308332939123	3.7072828373509633e-10
8.595675681580484	1.1644947997776944e-111
-8.37384025929766	0.999999891818503
-7.225410288129188	0.999998477439091
-8.949153360475997	0.9999999712365825
0.8224906738388249	0.10639030681623993
3.3975586070595654	4.6669104301811894e-32
-8.40075298661015	0.999999898318866
8.718724988778682	6.3687787382234766e-114
5.007284696478047	-6.359247149814397e-57
3.4432647618060397	-8.123176406804515e-33
8.453909641873615	1.3980823210057988e-109
2.4966163077874004	2.8610113385640433e-18
-7.3996500812933785	0.9999989806158794
8.774779580698105	-3.507336005925598e-114
-2.613596355701806	0.9618477227546542
3.0354368141056476	7.794675680599904e-27
6.904561646436086	-3.7193542512531396e-86
-2.072514109873982	0.9204701696335467
7.5655151902384254	-7.26029363105271e-96
-4.760067155416676	0.9995580864181991
6.6806766762471135	-3.6804431917554846e-82
0.5403100011506226	0.2479499045316361
5.364969646997665	-2.2506268278477375e-62
-8.652563407991183	0.9999999430583227
-6.7552166552666915	0.9999955047801308
3.7842020024969614	2.0113139986747342e-38
1.631341804600023	2.4169156101721374e-5
-9.787753022607424	0.9999999958289939
-0.6508634979272188	0.7205470035542334
2.6306462605644665	9.058267927910985e-21
-3.5577294960387906	0.993505971830825
-3.250034958308632	0.9877693443993463
-1.5997996839632922	0.8708032415414392
4.592651560155879	1.1507524005399613e-50
4.653099343413789	-1.7969902316979104e-51
-1.0867813780680002	0.8014148522422585
7.36673970131659	-2.6579262716231582e-93
-6.9177380950194145	0.9999969080132207
-0.8875396452430184	0.7680724525747786
-9.59529560534358	0.9999999935032186
-2.9335201386961307	0.977722058312271
3.287976384645063	-1.1849437987159337e-30
-3.4271663261483676	0.9914621610109805
8.012587995802836	-6.6850441103176535e-103
-3.3324988585443727	0.9896347428763723
8.310676186345617	-1.3972208535560108e-107
7.185509025753678	-5.912760480872106e-90
6.491649163110367	1.184902309421933e-79
-3.4385862419452273	0.9916618298155868
6.548966211940936	1.0214207078113171e-80
4.140513413861289	6.299655359351133e-44
-0.7072503257697438	0.732603805827234
-3.3069103888329288	0.9890846908251844
9.815303823765564	-1.360402138148261e-130
-4.45261862391245	0.9991084329317204
-6.4879959050982405	0.999991683333873
-8.466552458954375	0.999999912614234
-8.153016710868425	0.9999998201228154
-6.071749649278186	0.9999783171205189
-1.373916059364797	0.8427150466272977
-8.72016156916942	0.9999999512660006
-1.8326373957203081	0.8967661218412445
0.07834214262780392	0.4878440673271787
4.057255705173549	-3.1725664446316696e-43
5.766899424366443	-3.32094410969992e-68
2.9137317170833743	-1.4833220281811088e-25
1.6671442774064396	1.0685067018321714e-5
6.539304171750832	1.7424464089791595e-80
-4.630313325732782	0.9994054375898301
-6.6111959204548265	0.9999937373057045
0.48962817148089144	0.27616793339976065
-4.365568250600083	0.9989134144802758
-2.4567073238913517	0.9516827449290938
3.976620298642949	-5.409221124993798e-41
-6.3339523952298205	0.9999881430753712
-2.3038356767906487	0.9403129197310992
-2.163758660266044	0.9286039474320351
-6.285528610137212	0.999986744759089
3.878190598833031	-1.909315460877535e-39
8.412491812433537	-1.235484088362927e-109
-8.829259574955337	0.9999999620917074
8.275908084296688	3.6280173242674405e-107
-9.255228854501043	0.9999999857844026
-1.5787319535351774	0.8682842299147
-9.474622975495958	0.9999999914222982
-4.355689645384975	0.9988887839795555
9.482313770204698	2.188666721308994e-125
2.223830986489631	1.093791798871712e-15
2.1037513196601267	7.614532193843064e-12
1.689006920513716	6.250321675082065e-6
-5.374087199543838	0.9998920372757888
3.723155795865578	-3.2699815353833856e-38
-6.520836415368807	0.9999922889714473
6.613194153777336	1.3087974731589615e-81
-9.833177631685333	0.9999999962432159
-5.645078792695708	0.9999421136947955
5.247004461616438	-2.4547806000704798e-60
7.325072544915692	4.06195397855246e-92
2.604846980344764	-2.733522831538995e-20
-7.442865297703927	0.9999990771667748
9.740592824789754	1.458485352135161e-129
8.054530670304949	9.976458846325606e-104
-9.093450649885138	0.9999999793679099
-6.171949905418899	0.999982783569249
5.324426003325922	-6.512145327140721e-64
3.9226678627363754	4.961551834684119e-40
-1.9961564335203938	0.9132353249806732
-4.242562207467184	0.9985644112903095
-7.86009412810011	0.9999996469001605
5.764123102783344	-3.283948432718648e-68
4.442830611994296	1.3356812401180615e-48
-7.700788154559803	0.9999994904312514
-8.221542660377562	0.9999998463790597
1.5346287694065097	0.00016317598753070602
6.359986514321356	-1.6085106938396934e-77
-0.4257776010656755	0.6654875650895427
5.08339812502847	-7.413829758835988e-58
-7.779524458111782	0.999999574923655
4.7463620279742536	2.063108628093579e-53
7.703186533559471	-2.167722730596051e-99
-2.780657583175823	0.9709175870359186
-4.161344033920806	0.9982758964001299
-0.3991021290641683	0.6580746620695701
-8.286396545604134	0.999999867688787
-9.41838789368116	0.9999999902364867
7.185220766137377	-5.959321453073594e-90
-6.7970445125095535	0.9999959175068043
-3.9412875937355363	0.9971801089286125
-9.649153259766532	0.9999999942609428
2.590859930972451	-3.042558953142257e-20
7.267603505043514	-3.2766578883437365e-91
-8.432824749948695	0.9999999055572516
-8.765497632637711	0.999999956096832
4.640688313881846	-4.4274613416357364e-51
9.796872353229617	6.0246576517472475e-130
-9.064326324730727	0.9999999779368589
-8.547227109683213	0.9999999274284443
5.587737977483087	8.289053063649484e-66
-7.904199378127217	0.99999968099847
3.2799834636249905	-2.4471318630057775e-30
1.4256942703695152	0.0008254248860373691
-9.615685041620443	0.9999999938011842
3.0369484396430337	5.545757966165647e-27
6.030669662165494	3.182721999020484e-72
5.188425502350661	-2.7810631021981723e-60
-2.0839889416538115	0.9215259597048726
-6.916616074242814	0.9999969000149486
-5.280763147045113	0.9998662029528356
5.606659021448204	-4.192375041725375e-66
1.9944574981409104	4.767689744547517e-10
-5.697916494183488	0.9999487401982522
-9.61878449683394	0.9999999938452665
-7.630129170790423	0.9999994004005179
-7.752268185037781	0.9999995473910527
-1.710524402103161	0.8835788033095224
-1.7284106108776207	0.8855782784181039
2.061288789676997	1.9972126960350212e-11
5.423848554658708	5.59902438552104e-63
-5.78167423147288	0.9999577261447824
6.50495451058195	-5.597456759039884e-80
2.5753004399123025	1.0066928911130966e-19
6.720817056412578	7.876554827223466e-83
3.814681021259002	-4.7314485733125183e-39
3.448441255095677	-4.770850621551931e-33
3.579294137133431	-6.820955095360741e-35
-6.221786460144587	0.9999846496786441
-1.48036839243305	0.8564999198422067
1.065630223181513	0.03047721572906936
-7.111977307369233	0.9999980230073069
-3.1994829479905995	0.9864866604764765
-0.7947907760613617	0.7504584299095269
-5.1189645164989495	0.999805959640667
-8.426874130202467	0.9999999042543211
-5.2647566243329225	0.9998611890678974
-3.0225294843927264	0.981061277505031
2.8040320340900404	5.816405166715227e-23
-3.885514979594018	0.996809571174897
-5.219654175385546	0.9998460295907656
-1.3108023076303699	0.8341493664705826
2.813593240118312	2.0663712578213563e-23
0.2857483656509263	0.3881219308521872
0.6927634427809473	0.167965091274075
-0.3634229921579326	0.6478595472547198
-1.4936589073615778	0.8581539840362976
0.20470265810268984	0.42759573190179984
5.639341784049719	1.0307438964536415e-66
-0.192676384892966	0.5943749697213951
2.2302896442085896	-1.133824840080848e-14
-4.192373786762285	0.9983922701344393
0.6189920757092295	0.2072965548093906
-9.1600611106421	0.9999999823016479
6.785780160510914	5.945239085437519e-84
9.004548705968961	-7.442684680693822e-118
-2.378482676420921	0.9460631943674902
-9.027351752529466	0.9999999759761803
6.8713285185834785	-2.413722233743904e-85
8.471800163408993	-1.33963705146155e-109
9.565771986489345	1.5476720853204213e-127
-0.685765311696338	0.7279847978053432
-0.9645778111715089	0.7812092855852194
-6.485196044082908	0.9999916295496655
8.774507892196503	-3.496123333843328e-114
-4.744869639291971	0.9995424449575945
-2.1137825604935223	0.9242243878030673
-1.783305091879006	0.891578276376829
0.47741974473759186	0.28297181150861644
-1.6589846763162974	0.8777170114500215
-5.242920177266788	0.9998540452381732
1.3463433565739749	0.0024191496244545625
8.522571582725426	2.7464808676140505e-110
8.600733842151811	5.511948367918778e-112
6.48307982492916	2.5530788882481338e-79
9.379158450823777	-2.2568672423026934e-123
2.736515161454939	1.8559660544347807e-22
-1.8208784376410634	0.8955531827107014
-5.962287897585119	0.9999721039668539
-8.0754275836718	0.9999997849373274
-6.272914335016888	0.9999863541831966
-9.834809111473017	0.9999999962573023
-8.77789566438338	0.999999957332437
-9.80569061012436	0.9999999959977593
-1.8816584774995384	0.9017764383268204
5.80975069597744	7.429598532480216e-69
1.095032453971383	0.024836925858370527
2.179730843476996	2.0550603256286085e-13
-9.431397452012224	0.9999999905246229
-9.904358909708826	0.9999999968111424
-2.247524436473727	0.935742448839828
-5.91283499130145	0.9999687409542413
-0.4042468504426022	0.6595259670474005
-4.3640391579296	0.9989096374697414
6.6406284480195445	1.3019233016478205e-81
-5.665185386125486	0.9999447306336171
2.323929140765344	4.472435907942185e-16
1.4615934417761078	0.0004940674527158942
1.6443987368727786	1.809185926128934e-5
-6.674860486225236	0.9999945911923301
5.9571828643375735	-4.4193910948304023e-72
-5.426680800892778	0.9999043351554162
-5.669543890608617	0.9999452821263867
-7.504064675953677	0.9999991984612105
-9.442085190189665	0.9999999907549612
9.179959476324406	7.159374538409251e-121
-5.976096737789289	0.9999729766784398
-2.760533684230415	0.9699181382514805
-4.909215596260621	0.9996859938263827
8.93568212118116	-7.3715141208042035e-118
0.8173787110926778	0.10861638318123917
-6.076858888871772	0.9999785706358202
9.695056223455069	-2.7556769859502214e-128
-5.273301721957644	0.9998638886280002
3.2910953588676293	-7.075881012714603e-31
8.105263922265152	-2.933612066170648e-104
-9.076434305679957	0.9999999785434784
6.525120451798223	-1.4431906723811874e-80
-8.906568171128315	0.9999999682732454
-6.35163340901669	0.999988616033669
4.756689967772424	-2.2717451983558827e-53
-3.0560636910278305	0.982207990557747
-5.7163643612277815	0.9999508705963154
-2.7488748594528367	0.9693286135105903
-6.934397656631948	0.9999970243704619
4.937369773419768	-1.108809502477872e-55
2.9390566218206295	1.0197020376572991e-25
-6.448065248807224	0.9999908825107169
-6.152316787350212	0.9999819876007406
-0.2719667173932905	0.6209515826997732
-5.239670544178137	0.999852951199223
7.674592928587135	6.673634783653863e-98
3.7918208075228055	-6.649737385274222e-39
4.180847292651958	-4.4722585879636617e-44
1.2178758605781113	0.009628349922389479
-4.330956464123168	0.9988246778779422
6.69335669499732	-3.351761029842674e-83
9.9294268514521	5.3838107269372664e-132
-3.74158981569924	0.9956257538777068
9.28208080795292	-4.235957945818731e-122
-9.471528817127348	0.9999999913609677
9.876048984394089	-1.9206735074697948e-131
9.789764339282328	7.527755131637722e-130
-5.0870854348504935	0.9997912219388914
-9.624663246250766	0.9999999939280179
9.143943920399526	-2.132194527880808e-120
3.367251634663573	-1.5555158142852044e-31
-5.443846751717514	0.9999080380850397
1.3728394445972434	0.0017272910148173138
-2.0865983705177804	0.9217648794618761
-8.300889435250568	0.9999998720313046
5.877042038307895	4.3816456214993823e-70
-8.767511885724604	0.9999999562999846
0.7092451116325371	0.1595254618400032
2.5054366106185597	1.962210225366975e-18
-4.560225967224754	0.9993022806987436
9.09005540420846	-5.640564785834082e-119
-2.110120182576596	0.923896416227334
9.649799303631845	1.5110852781044878e-127
7.900709677438332	1.2149363758908787e-101
-3.7916559385785664	0.9960784154831921
-9.133877486964032	0.9999999812017929
7.781431262879938	-4.182536484696681e-99
-9.780338974432086	0.9999999957571777
5.184139196292229	-1.3018263669634302e-59
-7.200174740199454	0.9999983863485339
6.922627068259519	5.695513093620332e-86
-5.57538450168567	0.9999320466123003
1.4956777732643687	0.0003141840809863389
9.83900787292255	-9.409542828369451e-132
