3.5479175274751107	-8.815117855602931e-41
1.889226689367046	3.490620914154411e-14
5.915012669483065	-4.2942024736916313e-76
1.3343170277329754	9.348249703905198e-6
-5.425491114720242	0.9998980963352541
-4.16837299343892	0.9981938592461629
4.205812847417874	4.651936431568628e-50
-1.2661685619360838	0.7913890247262135
6.347765928330968	8.962486733019591e-83
-0.1752658728899945	0.45213776530971017
1.0186846334499133	0.0021145071179805843
0.6586037831880418	0.046951775056685914
-9.849314662298273	0.9999999961551455
-0.8601412662735086	0.7021660006536029
3.162517669756566	4.783450478299117e-34
-0.4523898185386521	0.5725224795472919
1.87454393803816	8.67975296436865e-15
-3.8486858845722827	0.9963098297875366
5.408431330291865	1.5377108829666878e-68
-7.953984799288287	0.9999996978601403
-6.1348428160444834	0.999980081752766
8.95200336387596	1.390108607452005e-122
8.874560773554443	-6.964892544000948e-123
1.8331982804752265	2.548327490924188e-13
9.174278777352765	-1.802860312329334e-126
0.6380115945732392	0.052795684302526596
6.8489689991953995	1.540584399389008e-90
9.251666450188246	3.712829969607087e-127
-1.6616974676658458	0.8566911880077652
8.684950729662834	-3.5670562863682654e-118
0.18083253958205425	0.2612567930187544
-2.1672080071184086	0.9194105424831465
9.2820264119092	-2.241890054257243e-127
0.2237687602049121	0.2370090924824931
-7.111151374419196	0.9999978960648456
4.427380244960478	1.1438145137991705e-53
-1.43835103313371	0.8221091044078201
-4.952669241619763	0.9996980019162758
3.5583212160916045	-4.492078004096588e-40
-0.26301677930419487	0.49408642428944194
9.254279202364984	3.2775017195237505e-127
3.008452685405132	1.725901041556342e-31
-6.029761906454305	0.9999746309277223
2.1659470513580956	-1.6890470910901233e-18
-6.427864301862112	0.9999898543736477
1.7234793502852455	2.4933945983696805e-11
3.7378832931419446	-1.4452668761972906e-42
-2.228427683806844	0.9256582533189178
2.0944470991609787	2.8209889206196664e-18
-0.34068139992640667	0.5276772902488389
-0.41379106148991873	0.5573337542381872
-8.13733385027708	0.999999801911392
7.091269429855444	5.533263951089788e-94
-8.998306855316901	0.9999999727172894
-9.91688760343651	0.9999999967091527
5.469972718241568	-6.507192176050309e-69
6.837194821042605	2.1380608648827864e-90
6.104686186295783	1.0149294896455718e-78
-5.565107640405644	0.9999260881140986
7.2562138320224925	-1.5050857378300075e-97
-5.946395890348386	0.9999692642672963
6.785282345723044	3.235672933831791e-89
2.0161052413970424	4.6907678013438594e-17
-8.065826802807416	0.9999997664572893
7.976343949343153	1.0086548588782257e-107
-4.577227851590306	0.9992865292523407
-9.09669702252597	0.9999999782480893
-3.2558869709308436	0.9869856583005705
2.818662291439363	1.1079303042902507e-29
1.4536245744349294	3.595438774981424e-7
-7.636645767559327	0.9999993725987655
1.8430341218982562	5.5225808483562684e-14
4.362732731789279	1.1779203054250394e-52
-7.231139513283811	0.99999840394906
7.412641145613069	-5.782106261355482e-99
-8.751469511700956	0.9999999518357732
-0.08753852893200964	0.4075122570380084
-9.374022829356147	0.9999999885139309
6.77715109646574	3.617971966914479e-89
-1.3488082132926493	0.8065768596153717
7.571726992517469	-4.588062647828592e-101
6.425084856932955	8.708065816171886e-84
-2.014456239780884	0.9026454322281858
-5.587210820977004	0.9999297527152124
2.743181130722313	-6.257222890019351e-28
-0.285012285849259	0.5041670941685377
5.6044972249623335	-2.1377389537645704e-71
-2.651754759557914	0.9604380374723757
-3.121884547060172	0.9830293975699231
9.335710812194307	5.171414549351428e-128
-4.521382447858708	0.9991895350401695
9.776515005588841	-1.0051035918814846e-135
-6.953315668396667	0.9999969740398249
4.741860116737477	2.313533883729127e-58
0.412223114856074	0.13974450426545237
-6.023057635471152	0.9999742363840768
-0.05040824960150658	0.388427019445785
-4.1565274431537835	0.9981449633184136
-5.592484853858615	0.9999305999519418
-4.76141255122271	0.9995318073532545
8.89293920440035	2.080276837438621e-121
-8.40032733515184	0.9999998918898452
2.3060462065480802	-4.4836221104184176e-21
-2.3356528366694063	0.9358725053146401
-0.5524108699868115	0.6095078159966397
8.347735494753593	2.354125020830287e-113
-4.456246524166962	0.9990598035688818
9.475005269819526	-5.573044623636992e-131
4.334331843388487	-8.94008995063275e-52
2.592165648498316	-1.8115520409698228e-25
9.274141889689275	-1.6129476623636697e-127
-9.147615368814481	0.9999999806545395
6.558820000056794	-1.2703931288892723e-86
4.7735757787170705	-2.033364137678692e-58
9.38418034800208	-1.0901034010274926e-128
9.24181505355881	2.40529366584399e-127
7.083786461367588	9.058403304009236e-94
-8.891421216264352	0.9999999651042081
-4.122970931210377	0.9979993064042803
-8.545467265196702	0.9999999226025401
1.1845698258424253	0.00018947543581726133
8.940263830077086	8.545634623763636e-123
-6.954538536120789	0.9999969825480409
-9.752316302923965	0.9999999951929535
-8.69688505646418	0.9999999453853605
-9.534516335523563	0.9999999920625994
5.740339758403179	3.275433277733928e-73
-5.154204824046267	0.9998098783589284
6.977297015908221	-6.235520818407452e-92
2.7454729059597085	-9.909992644482341e-28
-9.409862339722924	0.999999989423736
-4.682492464518515	0.9994391089022563
-4.9943903966355	0.9997255761783056
-3.869539690461501	0.9964761392901119
-2.3867078641019557	0.9403931987765011
-4.3414350880274455	0.998779262306274
-6.091245847416191	0.9999779789737179
-1.0198461510647547	0.7406049624475786
5.137522705186974	5.552405109706548e-64
4.943439594734835	-5.693294077574452e-61
7.054795706999705	-3.0916914327274656e-93
1.7651326629327926	1.8234782567776885e-12
9.410061651374658	1.9130522844342778e-129
9.458353107375721	-6.337904188562169e-130
-8.77264728839426	0.9999999541281145
6.849470356391603	1.4571697672873318e-90
3.768717510124171	3.518267425798492e-43
0.10696288756641081	0.303022006587376
4.7607290302903404	-1.6890339884084507e-58
3.46745856285413	1.3893906072089806e-38
-1.2527404996801685	0.7889248534851057
-4.639529970265319	0.9993812005256364
-9.95058631521963	0.9999999969426373
5.064356066210296	-4.7862743765124507e-63
-6.571975249076951	0.9999927191464297
9.571828682590656	-2.7520079358467147e-132
-3.7432649399409534	0.9953473749716626
4.35934876242329	3.523785705257213e-54
9.355261716252393	1.6045340198001914e-128
-6.239974596955866	0.9999843634510291
-2.3777202456262714	0.9396137027328897
3.0733025861576415	-1.8241380193001887e-32
3.1361409683003885	-2.2481820878639108e-33
2.2079696224004977	2.932169912448378e-19
-0.21452180089332806	0.4712702056067699
6.768897928104277	8.89209859257298e-90
-0.9781882721694437	0.7308516990034295
2.6568422651041637	-2.940845272941548e-26
2.744589374989861	-8.609679312795486e-28
-8.954448149486275	0.9999999698181276
-3.5302098529605974	0.9926312822747383
0.16048336276550224	0.2727365181477487
-2.294241344093133	0.9320397837142336
2.55977318710765	7.11347929797466e-25
-3.620325816923957	0.9939240270328785
-9.307987476282866	0.9999999866276719
-9.754941468929932	0.9999999952219224
-3.4254890810382443	0.990811374552757
0.7167667211342668	0.032711745134764915
1.1223737542690948	0.0004829009532359939
0.9146231093981072	0.00684855239058266
-2.1074763364173332	0.9131177195957386
1.7293405657321372	1.8759186976979946e-11
-4.632680920659116	0.9993714354567023
4.7251588218330465	1.6451732285494302e-58
4.904140123528649	2.5397565520502474e-60
-4.255763450182108	0.9985175441064394
-3.9193827027729045	0.996844923153043
2.378843270452693	-7.0464485634001755e-22
9.908322579837812	-5.944277364892187e-137
8.795776752752452	-5.3624899650257455e-120
0.0831722864135287	0.316517268460735
-9.23886296912288	0.9999999843205267
-2.8313431437509617	0.970872266695856
-3.8429319536898676	0.9962626308016733
-6.53994457710708	0.9999921619104963
9.339732903533676	4.851016860302854e-128
2.2164722168943918	2.0739977322111046e-20
-9.74191106235169	0.9999999950763909
-0.6794325598704241	0.6503455661024031
-3.912212457435942	0.9967942621941435
-7.294601810505634	0.9999986209322489
-2.6208297606001496	0.958388159883537
-2.903971332049373	0.9744278774303944
6.284924942779064	-1.7886148961054122e-81
-0.5810311630753908	0.6194489096015355
-5.102933875471316	0.9997861136690348
-2.620545490111641	0.9583689556848397
4.746938678965776	9.318962139210596e-59
-3.2589598879199144	0.987065994128102
0.324154742242019	0.18485692901865583
2.082003013814205	-1.9184981965773245e-17
3.1293381195154844	-2.115100863795288e-33
9.97929280303298	-7.608175253105661e-138
7.32864403314041	1.2943521273517135e-97
5.873620596339602	2.2089753892235637e-75
-2.3990645986405834	0.941453333447508
-5.546161745551692	0.9999227953234333
5.841200096903748	-9.615884659105695e-75
7.518873885294074	1.4786804813125849e-100
-7.664321744018694	0.9999994113331228
-1.595725688370603	0.846866727495453
-7.822276553506193	0.9999995908188497
-2.7289670915680686	0.9652215767707155
-5.853776942933826	0.9999619612966295
-9.641600723623318	0.9999999937971112
4.129389750074189	5.397044200243745e-49
9.196594215610649	4.374952756884222e-126
6.566048624886957	-4.178660090789503e-86
8.558298967184534	-3.500767394187202e-116
-6.6338827223531105	0.9999936863603092
-9.767442551339713	0.9999999953574981
3.350216292291277	-8.353834721599187e-37
5.41677519083402	2.879335030584275e-68
-0.6013738164273708	0.6263041327238807
-2.9426360295942766	0.9761729995177789
2.767873193595012	-1.0894928285859875e-27
2.1265249393685757	5.587659619562814e-18
-5.70464052050164	0.9999463853376817
3.296979256034227	2.955534064070315e-37
-9.420767354874	0.999999989685997
-9.306584962370238	0.9999999865844169
3.8655474260386935	-1.2914413540252613e-44
5.297076715911251	-3.765240695157114e-67
0.1478663687527657	0.27987732190493503
-4.1373367258028315	0.9980629839258561
-7.8849018329634335	0.9999996457657094
-8.775464972103194	0.9999999544247646
8.796517416047553	-4.6668597949740754e-120
-9.020946049941593	0.9999999741030734
-2.664268158648917	0.9612454537794172
-5.942777141647624	0.9999690071858824
-8.140898566240882	0.9999998035306522
8.691582859313755	-3.1429404038004474e-118
-7.301357196879015	0.9999986422171093
-1.565474990409994	0.8422428104569348
4.841800806260746	1.0374621794217837e-59
6.624396084093121	1.2330124111045983e-86
9.784689372474482	3.3347247770830747e-135
7.76206971222156	-3.2015313639335428e-105
6.724304037723957	2.882297969295526e-88
4.073524200799646	8.508729791193198e-48
3.278972609902695	-1.375420618770576e-35
-0.5052257135383087	0.5924844527041031
3.37641082758414	-3.473863269450288e-37
6.9875962686988125	-2.7949265638585986e-92
6.9887290214714	-2.3751186737919695e-92
-7.391429719661522	0.999998896533841
-1.5783823244965145	0.8442094866803544
-2.119369955121999	0.9143971605629674
8.909794449714703	-2.8530655585223897e-122
3.714036690197368	2.6987993447878993e-42
-2.873963059368365	0.9730034649108505
5.686932373056269	-2.3256811894904925e-72
-1.1931227789911212	0.7776826322047217
-1.0836257816627572	0.7548570094865191
-5.387889687218945	0.9998888921116924
4.6410327940274865	-2.3305973755584987e-56
8.061211776725091	3.901358554123617e-110
-6.688334390808763	0.999994430299148
-1.833328427334827	0.8803104848671321
-1.311074521167308	0.799751054662753
1.8253662595729292	4.920886160669937e-13
9.246115459190435	3.678342808132248e-127
-3.567885225656835	0.9932001189808958
-2.4417077558346456	0.9450043686789111
-0.3451270166347431	0.5294266727301462
5.207878281710254	6.131447958300455e-65
-7.237638315026502	0.9999984276540782
-2.7981841792352125	0.9691239144367204
9.981629188834532	-7.61904643152611e-138
-3.2337446849617457	0.986393655918935
-9.440770647258159	0.9999999901502793
2.3653275325590286	-1.2215168725947764e-21
-5.034793773322326	0.9997498843892864
9.976431648274936	-7.21122791690225e-138
3.1298161655081813	-2.1591099971486985e-33
-7.44915045745695	0.9999990338623646
-6.6647857785448705	0.9999941199826299
-1.0708141987697992	0.7520510366303972
-1.2763710175214094	0.7932853289197046
3.240957801735661	1.1286517364331048e-35
9.84894166558852	2.413683236120818e-136
6.974085426218387	-6.885954736604058e-92
0.3638000040790601	0.16400303248608675
-6.966376552511506	0.9999970636848243
-4.428341279275996	0.9989981234328571
-9.841834269822778	0.999999996088347
1.4434417215946294	4.847512513676337e-7
4.686085352021564	2.1740817854095293e-57
4.251964056043192	-1.1999579609938669e-50
1.430301173271861	7.179446234792754e-7
5.754820660780208	-9.04239010158889e-74
7.183231853557398	-3.304805929379002e-95
-4.83477100454623	0.9996042411933801
3.6477953958362885	-1.418745466845705e-41
4.361984138950241	9.656148594783285e-53
8.878029419348508	1.246049323416503e-121
3.6101229350879294	1.0908683697987633e-40
7.944307763289483	-5.364790943069566e-107
7.451415159695305	9.431627371550232e-100
-6.028648994597714	0.9999745658538474
2.4164564100645727	2.628740733271961e-22
-6.079189289423068	0.9999773592483439
5.885389612648929	1.6104510380258412e-75
-6.392090583411965	0.9999889833826244
-5.160162813863511	0.9998124631740666
3.081255594212964	-2.167757902185906e-33
-3.9905175154995653	0.997307353500848
-7.830453587261488	0.9999995984508782
3.8551303201019635	-8.75022146092962e-45
7.599703560010628	2.5803233205405538e-102
9.781324000934177	2.1097795437295065e-135
9.558623450542054	6.213923940564937e-132
-3.1582452526175064	0.9841941311396237
0.178807523047686	0.2623954367500094
7.746908414215486	3.5516200724624724e-104
0.40556877445184547	0.1429916358020475
-7.810125009776709	0.9999995792083414
5.192037386408481	2.0282299819238058e-65
8.514689881923108	1.7288044721341577e-115
-1.4918520834922724	0.830900708805201
-2.639498172209671	0.9596349288106839
6.032650200212522	1.5572377301481016e-77
-7.808535120160922	0.999999577665057
-7.492207797657313	0.9999991250522411
7.860684626510157	-4.375069151623819e-106
5.943398835797527	1.1836506545674919e-76
9.028237332122092	1.9066387647547222e-123
2.965740404079945	-7.9500594700315e-31
-4.018502012719716	0.9974706484721099
-6.423999802613554	0.9999897637021428
-3.6738320401696845	0.994587723900407
-2.400446800788729	0.9415710687077634
2.6102137040507998	-6.654419935489291e-26
-3.2706193554674368	0.9873668369317737
8.788413288376624	-1.237449519166172e-119
9.142278458979789	-5.402039276652684e-126
-2.462167851699726	0.946653813812801
-9.953731234632901	0.9999999969426373
6.938059408166325	2.2336268034246392e-91
-2.5674450685942674	0.9546673152352786
-3.1022031337584854	0.9823687843326754
4.092627710913174	-8.198487590182776e-49
1.9950105072690416	-3.029960848624714e-16
-6.772782530535477	0.9999954144790338
-3.125802847747785	0.9831583488232659
6.42150237326376	1.4034857244056006e-83
8.742617155163344	6.342588346340939e-119
-3.5669751768026448	0.9931868738784067
3.1137576935705766	3.2384405725164265e-33
3.8412807348789357	1.0209005258312451e-44
-1.202308587449977	0.7794876915501134
-4.129408604631335	0.9980280911460621
6.860794558094408	-4.454970927971437e-91
-6.062679727494804	0.9999764822489073
-5.296416976628904	0.9998628844917498
6.219357414613036	-7.775964692410332e-81
-4.335190067112542	0.998761830928772
1.7043369510153106	5.549687852072045e-11
-8.697698469596586	0.9999999454875549
-7.362190632964092	0.999998819685543
-8.114441669882947	0.9999997911898888
6.498863359300753	-1.4319950433805165e-86
-7.61691970195852	0.9999993434446641
4.29600400975438	3.5787398130670263e-51
-4.685371031485563	0.9994427905353366
3.4700603159899135	1.3756809731838092e-38
8.594419585863385	6.915253597041609e-117
9.560960337550828	4.4841222939693373e-132
6.6347236670472896	9.94108657509783e-87
-5.583820437727041	0.9999292026232703
8.731933461084466	8.129428888940897e-119
-0.6812987197203579	0.6509274398027034
-4.873054720952563	0.9996374949345798
7.12967757618447	-1.2641130435314026e-95
3.8742922424902293	-1.1615493675992997e-44
-4.207493153795698	0.9983465326850728
4.246992815375403	-3.804299204440482e-51
8.806317970255453	2.327615668008669e-120
-2.0489559955660086	0.9066201946675748
5.500869256797776	1.5085272079533243e-69
-9.749967858270669	0.9999999951668888
4.873484535203536	-7.984705521395829e-60
-5.830776220747622	0.9999598933867702
1.2985187950591293	2.1455886603867976e-5
9.261338082280716	1.3438158896609349e-127
-6.053979267893781	0.9999760064833664
-7.496133244223406	0.9999991329248895
-9.15760000962278	0.9999999810942263
-1.058428393671953	0.7493111717203181
3.089371774245361	7.384605907530778e-33
3.9989123288155426	1.572859015566335e-46
-1.9504264796075788	0.8950075863808409
8.29128228952785	3.1808995192941993e-112
4.900398679637888	2.4784936921325275e-60
-5.505125494654961	0.9999151520453569
1.4218488344914668	9.22397813898387e-7
-5.780625728726023	0.9999549866094429
-2.758726454274334	0.9669405495941502
8.248819027892715	-1.5826916723936117e-111
-1.6517951720043023	0.8552418145358358
-5.46137691427989	0.9999061694235624
-6.1158058634236	0.9999791894479046
0.6026330341472175	0.0639240888645753
5.409343264990213	1.7633708100572786e-68
2.887693563271853	-1.3338618741545385e-30
2.7031110910316656	5.6274295947656285e-27
-4.002399209103573	0.9973778991326753
-3.673576910541465	0.9945847277810649
-9.654278987546444	0.9999999939755739
5.980802210264663	-7.79658007312825e-77
7.51148578199907	1.4964586077171414e-101
2.6935807624279295	-7.978607918959464e-28
3.8307174494895833	2.1934084793968797e-44
2.054983683864865	-4.593631404384298e-17
9.887931009670808	-1.4633505263718023e-136
0.740462628198987	0.027857257028557462
-4.407652123863364	0.9989498265858148
5.949075613028981	6.0632555792716974e-77
8.673375278157408	-2.7734359575544895e-118
-6.313080946045382	0.9999867856233793
8.924190202465638	-4.941427844404691e-122
-1.3788942097817127	0.8118997373669353
3.8267000982570707	1.9883091853358588e-44
-1.6331004647183143	0.8524823477929341
8.641169037553702	4.64447055964946e-118
-0.07697389671031729	0.4019172054671009
-1.9662838709309192	0.8969296646326155
9.633948365956325	1.3056821702440231e-132
-4.264757829287005	0.9985474295256582
-0.9136687301361945	0.7158023408118841
-2.188628405222701	0.921625110982193
3.4146060175971726	8.43742813798813e-38
4.598683396411602	9.63573416886271e-56
3.497415790498529	-3.258707971184737e-39
5.931670614835308	1.0738024487871985e-76
3.008305837616705	1.7192762631741798e-31
-5.256306446307595	0.9998496406566639
9.256450304243362	2.7669147801553516e-127
7.502895196544181	-2.543258498258553e-100
6.48723888719384	1.0472530676327093e-84
-4.001455904078677	0.9973723646211742
3.5774914362468238	-3.9436133730434905e-40
-5.663306542776252	0.9999410355008439
5.647731041163176	2.5401123743706746e-72
3.219384486499983	1.2789986193187071e-35
-9.879559271465826	0.9999999964137968
4.482139816010026	-5.907312191827929e-54
0.9572783530231188	0.004355375856835649
-1.9022854223735841	0.8890521322561874
1.7615535180106754	2.3425636569380462e-12
6.635624146141179	9.52685589615424e-87
-4.849457560604042	0.9996173429305256
9.889008990616453	-1.456052014846549e-136
-8.007783241781553	0.9999997330624123
-9.778554794299135	0.9999999954747786
-6.133115506624658	0.9999800023932752
0.19403745624673974	0.2538361828443808
6.959380528755652	-3.9798273456267314e-92
4.287898977037727	7.014476560758484e-52
6.096540372722785	4.983002163687273e-79
-4.5945827531620065	0.9993142580687238
-6.811765714139453	0.9999958081330275
-1.5510943292949833	0.8400717033586917
-6.402290401094959	0.9999892390717467
-0.39605372800535577	0.5501468654201292
4.621934138520153	1.6837448828442814e-56
-4.260135658478368	0.9985321463501144
8.497716580990126	-1.0538669696683e-115
-3.4173815019661458	0.9906546000556576
2.203987075637258	4.2400131693084335e-19
-4.21934960472802	0.9983902510608126
8.89484383138068	1.8341704629770601e-121
0.9712346186636687	0.0037335465215776855
5.772592608954913	-1.5627318531114706e-73
0.3647829106429299	0.16349927858513197
7.293667405132439	-2.5238730165424164e-97
0.4272807713526383	0.13252978788975958
1.8699364230187534	-8.474840796873951e-15
1.4262615540529833	8.09626969477563e-7
-1.4010531454638517	0.8157529621808945
4.345808742317644	-7.213320877682127e-52
8.734657104807319	8.022985066124417e-119
4.871492311991865	-8.899145908121012e-60
1.1989873650423313	0.0001522904267298039
-4.3650209442967824	0.998842939967894
6.299435788240892	-5.654388041010505e-82
4.12351803861721	2.8926600837662783e-49
-2.4231786335341976	0.9434820535969757
5.868598470814735	1.4031731561826236e-75
6.3501698356279626	4.146123433503184e-83
0.21520966596984437	0.2418448033544954
4.535688144997291	8.49459218532801e-55
5.291562319528161	5.9017247223091404e-67
2.4219968309810582	2.1074006486161409e-22
-7.9030769081480345	0.9999996602841872
0.9401462859796936	0.005239921061680657
5.670100194266055	-3.319584411913917e-72
-6.97103515980757	0.999997095012654
4.799028504801225	-1.7353599002238961e-59
-1.119997122533615	0.7626835784206836
-5.748846243613741	0.9999515711810689
-5.996995724585594	0.9999726434877297
-1.8887064989189426	0.887332940295535
-6.409173786885645	0.9999894082630029
5.954941951451662	-3.438972885645617e-78
7.7594879365293465	3.432819127467446e-105
-3.479468528479863	0.9917954518619011
1.523446396613327	6.051746161691354e-8
7.6473583764272846	-2.5053646055277043e-102
4.607349336740976	9.154592617228686e-56
-6.299906354877622	0.9999863786771164
7.522741408003768	1.8277340229476138e-100
-3.966272626639662	0.9971576486069944
9.80337220493223	1.582218593215375e-135
4.196450011944467	-3.3089226047825354e-50
6.764338009944659	-2.5003369026708236e-89
0.1805044513730678	0.26144122610300957
-6.997110850767121	0.9999972642920466
5.084426784578913	-3.7290419822732094e-63
-4.96797588117309	0.9997084251720186
-3.3161088413657014	0.9884820866216307
-8.119320540959766	0.9999997935225368
-6.6796437608001025	0.9999943177310083
6.005476823940583	-6.706958253173486e-79
6.073686457904156	-3.94036954579961e-78
0.054858560225401476	0.33245118626502085
-7.378832949508309	0.9999988640593022
8.918956935375682	-5.955321030972919e-122
7.289446414214829	-6.294492651725243e-97
-2.6293922272678705	0.9589635298828094
-0.4539952005402714	0.5731433434972242
-5.127687993915893	0.9997979361917317
7.277066456940698	-1.6497375143804974e-96
0.3802699359234474	0.1556153281519772
-6.063382541812574	0.9999765202662654
-6.547023123151368	0.9999922886157433
6.06749304084547	-4.452233703064954e-78
-5.2538416139957755	0.9998487863649904
-3.5360410233639428	0.9927221195452671
0.45142914437351855	0.12131134527987376
1.2915034287801994	2.5025452153609023e-5
3.896649825086712	-7.633139107963556e-46
0.464535635976171	0.11539646609190554
8.459021870850222	7.835036610689334e-116
4.632639014724994	-1.9454674299470892e-56
-5.960654725791228	0.9999702566646287
-7.300535442850209	0.9999986396455751
-5.057610315117107	0.9997626504052655
4.193872047665469	-6.446995210711702e-50
-4.9378821780811855	0.999687580008891
0.12285166589760976	0.29402371919379416
3.066605166030193	-3.191811745356232e-32
0.6998835267912629	0.03651507260861972
4.961366741218676	1.1487684486808467e-63
-9.145189513351223	0.999999980546179
-9.248212511219815	0.999999984654468
-3.7973150920075227	0.9958674082003469
8.563999048005819	-2.259722309315583e-116
9.462070385667076	-5.452470590890046e-130
4.26781907956741	-1.494105104595014e-50
8.129306023960847	1.2702086983365066e-109
-8.67996857608114	0.9999999432160702
1.7738753090078738	1.1818173914756051e-12
-5.196450105294348	0.9998274658165812
2.781272376886861	-1.7815880954112556e-29
6.6126398641210535	6.367418679806158e-87
-5.054105241387514	0.9997607323771609
-6.724621061731213	0.9999948767279141
-6.51117322131098	0.9999916251139412
-7.738826190288117	0.99999950413256
9.458710624055946	-6.276379550551038e-130
-5.087674205542969	0.999778484364315
-7.030458381340994	0.9999974664869701
-5.451472523259029	0.9999040073586208
-6.468233807058246	0.9999907548509485
-6.681616024160846	0.9999943434752535
-4.434354628794086	0.9990117444474448
7.050023646146968	-3.8156740467270606e-93
4.741834490199377	2.3199477423879946e-58
-3.778007501975469	0.9956883549553598
-7.219176306181527	0.9999983593737833
1.9184579810075775	6.164747058530802e-16
-0.17931631474635523	0.4541314914352209
3.7336625661824385	-1.4517641352924618e-42
-9.726335499854804	0.9999999948966052
-9.878033160641536	0.9999999964011725
-6.511059970834077	0.9999916229299624
0.04675897606338353	0.3369829983921525
-6.648921742958556	0.9999939012377352
-4.727139376533511	0.9994935861704267
-8.78643383147475	0.9999999555614156
3.968828577617982	-5.397380604733577e-46
5.101982457024107	-1.0638434619995923e-64
1.1521606883240523	0.000301184058845661
9.18155181478108	4.7266359407630716e-126
6.252546746114767	8.301045375507159e-82
-5.141956444338844	0.999804452269468
9.378480347399286	-1.197047443111107e-128
0.2765121647150224	0.20999876613199017
-2.489607068553674	0.9488253891094255
-9.611117621662459	0.999999993346088
-2.4654500860182527	0.946915824149174
-7.669711744731131	0.9999994185938271
-7.306427646840086	0.9999986579770194
-7.6917662758689564	0.9999994473817211
0.2572535672463303	0.21948115759684667
4.59280257953457	6.233219633652175e-56
-1.8459857949834646	0.8819185921992345
6.240258672296683	3.594283338617359e-81
-7.596668517344272	0.9999993121046306
1.9926775551557583	-2.91978875298851e-16
4.174877961869509	-2.971554230403762e-49
-7.094819311199467	0.9999978154400553
-1.6264669049601963	0.8514964963394606
5.147665160215409	3.026959897074758e-65
9.634596918995776	1.3107153738934276e-132
8.569635110824642	-8.571070441954575e-117
-8.434349150119607	0.9999999000357558
0.1662604793299458	0.2694701939057051
3.7251734199272626	-5.956359017417486e-43
-4.134439334071689	0.9980503026973544
-1.2670564533662443	0.7915530319490246
-8.920029569602823	0.9999999673288258
3.816663396410661	-1.3559119855792215e-44
5.732493745181003	5.912969046238887e-73
3.3612565358130766	-1.0236299009691692e-36
-3.709292161808553	0.9949892688413254
5.509116873699069	1.5410746668230168e-69
-7.133894376528982	0.9999980034056759
8.471358078940234	-7.008931391289721e-115
5.079981321195639	-4.513973090725878e-63
6.297979903924109	-6.937938312646881e-82
3.77001832733054	3.519728399426472e-43
8.809062984508227	3.341008157481174e-120
2.9726835750237726	-6.873090317647857e-31
6.684547733262466	-1.4031117735442367e-87
-0.02723312839720826	0.3771010363324206
9.735380982667834	2.753257254292331e-134
-1.0534462160569227	0.7482010317460976
-9.148613384623543	0.9999999806989445
9.20243315860234	2.0126512556923425e-126
-4.203258879111775	0.9983306388242228
-1.3355159864474064	0.8041905645196007
7.205731738388678	-4.798705191117993e-96
5.451145203000095	-1.5800634947975377e-69
7.99935168746395	3.8981081027223425e-108
-4.1426605753539425	0.998086075222814
7.586220092692386	-2.5974292288280754e-101
1.911448524026632	9.154744063125705e-15
-9.777424210355804	0.9999999954629831
-9.156990992450211	0.999999981067696
-2.393966364628035	0.9410175812124424
2.067563313000136	-4.5110204519575254e-17
-1.2116743588322585	0.7813002334532357
-9.763932972870064	0.9999999953198295
-5.359788502552574	0.9998814753592202
-8.12708827353612	0.9999997971827114
-8.214163959914774	0.999999834030004
-4.541105222251298	0.9992251983391838
3.8508251649825063	-4.578675424576866e-45
4.532035193995952	1.1637805109225452e-54
-2.016104165576249	0.9028376864212452
-0.6357089680148107	0.6370992391194602
7.393076308025705	1.2774875229876951e-98
4.811696359568591	4.025710231931731e-59
6.905477528837324	-1.5108637949197832e-91
-5.114334449593421	0.9997916419467027
2.0407655272813443	3.4333471597807644e-18
8.852701413157071	-1.0340737726695625e-120
-7.765706878966379	0.9999995338936157
9.65098320095479	7.300318417544486e-133
6.777177816272864	3.62082370734969e-89
5.44722496642262	2.398827882773659e-69
3.000847840837352	1.022507877724858e-31
-7.395417159020368	0.9999989066187559
-2.7109246462084213	0.9641461740144479
-2.1992820524659606	0.9227188699665292
9.23599576490065	-1.639524322763113e-127
4.511473818337848	1.6551123823231182e-54
-8.649851109541192	0.9999999391384573
8.23933560499766	-3.697232034883622e-112
-6.5182670692977585	0.9999917607870746
-8.976418454717319	0.9999999713070099
-3.8549167369290416	0.9963602953135691
-1.070308207659414	0.751939647487145
3.2342736041822953	2.784698161180441e-35
-4.085788151010741	0.9978248389675126
9.165651761985686	-1.5074181609065216e-125
-9.271069492275434	0.9999999854412207
-8.374381440755867	0.9999998852342604
1.746190635012507	7.053385428339511e-12
-0.32115834183396785	0.519867993874264
-1.268079628973089	0.7917422603875696
-2.1332723500843542	0.9158724555241768
4.259483052336188	-1.6966804980649726e-50
-9.316204952561256	0.9999999868783184
-0.6140983646606291	0.6304324198093686
7.716957819014375	-1.4011301688032359e-103
-5.129378148677444	0.9997987192103786
-6.5201137628891415	0.9999917957440669
-3.5018635219992644	0.99217457528413
-9.687386657083392	0.9999999944177678
-2.7442543776686623	0.9661128179773915
-6.950187093376439	0.9999969521630883
9.256070888198586	2.863904292592161e-127
6.774584195149732	3.182629349442468e-89
5.077769649419599	-4.82225568935983e-63
-6.381905264127723	0.9999887219984599
7.493739163583861	-5.851230615800189e-100
2.537053683997158	-3.191340913846909e-24
-4.824584728008401	0.9995948929128474
9.5031148696848	5.449703770751919e-131
-8.88918109318864	0.9999999649237477
1.5554022408234225	1.8904621116914384e-8
-4.548489796566577	0.9992381474417249
9.788979846539199	3.966709212478284e-135
2.1791070163163173	-3.823603090667152e-20
-3.330607705123425	0.9888186067013314
-8.718285787078441	0.9999999480113849
-9.547346949564592	0.9999999922936684
-7.06961003187903	0.9999976848847674
2.0522636551401607	-4.1409674586825634e-17
3.647126573184419	-1.2476072656989188e-41
-0.020358746981434805	0.3736690112278135
0.16286404142697108	0.2713900472061789
0.8148860004178218	0.01585015359746995
6.504755197566272	-2.911853701091981e-85
5.891013100185937	7.626340820892447e-76
-8.236675779633625	0.9999998424139579
7.848905112442807	1.837903768054369e-105
-9.707473698678605	0.9999999946700755
2.5998659455878723	-1.9730890427354241e-25
4.929971328717166	-2.9234686707925376e-61
-6.430965509393252	0.9999899265549982
9.15706145827577	-2.5240736837793827e-125
-4.639560814327983	0.9993812441593434
4.146376052557347	8.16827138597009e-50
7.065767292797961	-5.445315447991166e-94
-0.8846468584312817	0.7085374833375171
-9.802562705212509	0.9999999957181459
7.399290866395944	3.147813845318233e-99
2.6923168456622104	-2.0964164067694402e-27
-2.7751498237466743	0.9678621416972343
-0.35201352041401535	0.5321378088887535
-0.6894703102806652	0.6534762625080781
-4.738948319878258	0.9995070934486152
-8.757404530983912	0.9999999524895135
-6.13586936756207	0.9999801287673703
-9.636389116932037	0.9999999937222277
6.724005500365202	2.994959979432309e-88
-1.8686465112708426	0.8847838245776313
8.648010514978136	6.033700328559296e-118
-8.89139985157927	0.9999999651024916
-0.8730942369437713	0.7055519819884104
-8.478344274047158	0.9999999096663862
-3.9317444422912518	0.9969304546005675
6.9344105771165445	2.6570240245884713e-91
2.021845250961615	8.444283211948879e-17
6.665369929578517	-2.7041674872981872e-87
8.551728877377222	-4.0922796171679594e-116
5.071748170873121	-5.274861441460496e-63
-7.8253388150493475	0.999999593693857
7.787282123085596	-2.0161549057048034e-104
-9.087939416587552	0.9999999778050143
5.662727017223968	-2.548527191033648e-72
3.627084692701615	8.139881502023906e-41
-5.31094746808066	0.9998673892267652
-6.983227661158846	0.9999971754300384
-3.955369643213449	0.9970877262509363
0.877399197378006	0.009564990892888692
-1.263821178752341	0.7909562558761343
-2.493093901628005	0.9490979457728586
5.490638670311249	-4.985782714504602e-71
1.1746817238092433	0.00021775458374117423
6.792526934220909	1.6242781188825617e-89
3.040436902266883	4.711464686096647e-33
-7.595307647208496	0.9999993099457425
1.0134861858578148	0.0022576027748669398
1.147084045747583	0.0003253842601326406
6.641106223240044	6.624984807447485e-87
-0.0679174136813856	0.3971920011035632
5.536176802299163	-3.247551993877362e-70
-1.072245562466021	0.7523658968880692
-1.4844097987459328	0.8297006829050522
9.281255271503419	-2.2136406691025246e-127
9.491578586432844	1.5263892586027836e-130
3.0753824164978596	-1.3741507649295322e-32
5.353920930006751	-2.05138434727661e-68
-6.0552664812825485	0.9999760774740108
8.193921411065478	-8.092383240499639e-111
-6.190184396190737	0.9999824643636344
-1.5933730391111744	0.8465071139736736
-2.3051481255145267	0.9330631713363297
7.349988443005138	-9.86222899645027e-98
3.3478066581792767	-6.5705089177063174e-37
5.310800021755732	-7.722124065676498e-67
5.274731731880621	3.6361483555683396e-66
-9.164492851548527	0.9999999813919186
-2.3375663935807456	0.9360460454694434
-4.374526557137091	0.9988676665807521
5.027851154771511	5.99850744407525e-63
-6.228047421052523	0.9999839281502321
-1.6197368972862627	0.8504925555719411
8.570698407043178	-6.107061285692202e-117
9.723913062538927	6.615392220270176e-134
-4.039066984316029	0.997584470969072
-0.0025799929438221625	0.3643964947118921
-3.612122021134576	0.9938157497640345
8.223553198840754	5.1435525094858156e-111
-2.9668022216396706	0.9772132358955531
-2.1273369519729	0.91524514760877
4.793765882659429	-5.92435344416414e-59
8.105893531584968	-1.4108329538383524e-109
0.3520619510426606	0.17005927709100932
-3.717447281517159	0.9950775429182304
-5.673898658391323	0.9999424552567135
-3.43208565974781	0.9909371593861673
3.0697547911012535	-2.580451710662301e-32
-9.095297784481296	0.9999999781778954
6.1380992459417705	-2.0541284022502763e-79
-9.962643213024279	0.9999999969426373
-1.2130673617143817	0.7815671433241906
9.368602202846446	-7.619237340654065e-129
3.986123192346529	1.0676613678944293e-47
5.960295026990998	-4.592425462487837e-77
0.6225675199251501	0.057529193028605985
1.5761914273501354	1.0116940935705837e-8
9.096966514607878	-1.317139068015992e-124
9.854120225488472	2.339340291842422e-136
-4.629870413822914	0.9993673842327008
3.8785833776717524	-9.939414243726884e-45
-9.061441885387165	0.9999999764086763
7.1360315991513765	4.510382095254749e-95
-1.1486326649927783	0.7686770473976391
-9.871309175190937	0.9999999963450188
-8.99229069078137	0.9999999723367218
-5.1912042256178825	0.9998253733592339
2.508251965468018	8.055417515855327e-24
8.799003672843085	-2.4435920260403556e-120
-8.851103872851297	0.9999999617095583
-5.752625014762516	0.9999519905019821
-3.0648105336975684	0.9810536384048785
0.9947616154503436	0.0028414610264989593
2.872505811896131	1.8220509292031956e-29
8.786109219876117	-1.4334706753202492e-119
2.5261812959502308	-3.1169920097376367e-24
1.371400950721151	3.7208275373129984e-6
5.632839996364121	5.169785664456842e-72
-5.968449022230651	0.9999707855302249
-8.5986739608511	0.9999999315268916
-4.1266912560131885	0.9980159908189344
-5.3416648584426785	0.9998764317335236
-6.790862331384231	0.9999956014473506
-5.536880451974935	0.9999211291546583
1.9940358020462376	-3.0114746669231237e-16
-5.521904743091031	0.9999183646500168
7.083648751033298	9.093873300707444e-94
-8.417823864229677	0.9999998961587583
-4.776407393817621	0.9995476138533675
-1.2723979357905968	0.7925438968578985
-7.375596063048238	0.9999988555614031
0.8703248984909884	0.010111592055347392
-3.6515046645377325	0.9943195247970523
0.7923695051200408	0.01900228213607798
-7.902992402028715	0.9999996602180784
8.434689969847668	3.128234919851678e-114
4.868238973981214	-1.0092409539588055e-59
6.726094054032977	2.2086270213439276e-88
-0.625822098808797	0.6340949049101174
1.3574831402244225	5.317849998942054e-6
-9.750229982970215	0.999999995169805
-0.8216669865264947	0.6918518350796649
6.627975281891697	1.2099204572816857e-86
2.7331331471241604	2.046023647275544e-27
-6.027477473037224	0.9999744971727321
4.496327616477229	-1.1814973800567176e-54
-2.2228355207554973	0.9251000874540517
2.339611582954145	4.0849945530966697e-22
-2.973613412008711	0.9774995588120061
-9.946539852836507	0.9999999969263457
7.888103797462122	-6.061119858257526e-106
0.33397456302516204	0.17957644035205575
-6.732017010459841	0.9999949632325693
-2.162453803585662	0.918918017549408
6.438350361546075	-4.873272054636626e-84
8.255235339202592	-1.5076411795610543e-111
3.6944037267042837	5.720928105785188e-42
5.533712768881568	-2.5364305117151576e-70
4.1690577878026644	-3.2615242485156632e-49
-4.937819378578436	0.9996875349924522
1.853599555328035	-2.9241412745210576e-14
8.246527080324071	-1.4585535689461739e-111
0.16017374042986177	0.272911673914733
-0.13998497608087135	0.4345249237234675
2.418999638540061	2.419244503769541e-22
9.527460486712286	-2.897159643964713e-131
7.65351523859572	-2.332332759120149e-102
4.557035757948995	-3.954548511320042e-55
8.677654236723505	-3.3456462659671097e-118
-2.7142979325180816	0.9643492050420084
-9.366304215186867	0.9999999883079653
-6.9952481461866745	0.9999972525336924
8.084753039244973	-5.476874514718813e-109
9.994173767749764	-4.4343442100082626e-138
6.5977147893561785	-2.046942431218816e-86
6.344768736915697	1.55230090597024e-82
2.7778743558914964	-2.5637480159737443e-28
2.148570429466318	-2.354273769473734e-18
3.9191061765345836	2.858645322315427e-45
-1.1854606592069281	0.7761593354765931
-3.6200071651831323	0.993919854711722
-2.5385303557635197	0.9525554235198704
8.772883857543029	-1.7957960438139354e-119
-5.879995695891109	0.9999641888568338
3.6597133051593964	-2.6700325376080235e-41
1.0061113388385081	0.0024746020426929284
2.423870769004587	1.8855942418739446e-22
9.24943163793115	3.8796147447130725e-127
9.086596979657283	-3.7307893515081024e-124
-1.3563574914370449	0.8079230405671659
2.7442580707948174	-8.087630147802358e-28
-6.750276331726117	0.9999951705946344
-2.076505912686639	0.9097175719033586
2.0086435960346627	-8.371497009450819e-17
0.9710249743510158	0.003742326311616958
7.863855861271183	-7.752282129844954e-106
4.996525537268672	-1.7180263830783366e-62
-2.7740687375116835	0.9678020339723539
9.534332175496978	-1.0995793513599552e-131
-1.1002300303007715	0.7584557216718224
6.815400185565078	-8.182442287386932e-90
-4.2460043913225	0.9984844335165901
-4.758763014221574	0.9995289578156406
6.491263747438936	6.657486697170264e-85
-1.923214360367286	0.8916645864169764
2.508241026209781	8.064799563386606e-24
-0.5339218218361772	0.6029426183299815
3.0756608038336797	-1.3145571021285454e-32
6.4818717716859275	1.412011374863256e-84
0.21702545698289555	0.24081356211942948
3.902741297176341	1.3517462386704951e-45
7.036523195537274	-1.6107807511604481e-93
5.962692617117892	-5.942316630158042e-77
-0.8378648913766362	0.6962452411350205
-1.147303897337597	0.7684025357406015
-3.3065134064474178	0.988254422412519
9.48434615979819	1.3851021829789577e-130
-0.46173138831316685	0.5761210698505386
-9.3049534559499	0.9999999865339237
-5.342050654661321	0.9998765412967064
1.2581376848467727	4.940699218843907e-5
6.1901595183838865	2.6631903365533563e-80
1.9803825821885077	2.658274870863345e-16
7.000052401951695	8.785087745771916e-93
9.613470636347866	-9.069556182624076e-133
-5.715903007864416	0.99994775701373
0.3226409698186927	0.1856762456717466
8.121400691306008	9.787869545712164e-110
9.970708297751905	-4.8949145473125785e-138
-9.994183459766234	0.9999999969426373
9.662371018272108	6.823413103386057e-134
4.448858630508251	5.675717511641977e-55
1.290616602246475	2.5509555627880933e-5
-4.919542242998847	0.9996741549284818
-1.0008554313034992	0.7362154783409567
0.8451467453725101	0.012316001349238204
-5.299446346809806	0.9998638360908558
-1.9515289370972067	0.8951418633666712
-1.956426302229822	0.895737200337245
-9.649659277411962	0.9999999939111477
5.879324199839214	2.2410352030730025e-75
-9.3085139044452	0.999999986643871
6.921848435552057	2.963484499028583e-91
-8.222284077693804	0.9999998371043594
-3.216977959487508	0.9859297476623528
0.023383974112199724	0.3500714165567904
9.632514561258976	1.2836479427529531e-132
-9.612388361501036	0.999999993365529
