0.5798645245342549	0.9064471219883101
-4.907579345658215	0.99975984765742
-4.170514499225928	0.9987227006818769
-5.73320296102966	0.9999639364301379
-6.586986249228035	0.9999949461746741
7.93185213728734	0.9064207959808642
4.848008002436966	0.906420796868824
-7.337381193275747	0.9999991020128263
-7.915089125335406	0.9999997625515218
-4.519306894330777	0.9994178221991712
-3.374466753905785	0.993085513842365
-4.302805416309701	0.9990503407980402
2.7899556007497406	0.9064206910489296
8.279349300192461	0.9064207959804048
-3.8034446283032253	0.9971421052475837
-0.8074538520198296	0.9172912436710992
-2.7421140122936283	0.9795127421333155
-5.185192496376527	0.9998729145112704
7.190349964061657	0.9064207959849646
4.8581811511841	0.9064207968850853
4.201458857528394	0.9064207994181773
7.415522640615507	0.9064207959835784
9.351626454927747	0.9064207959799662
4.3366572166858965	0.9064207995003792
2.63530482006853	0.9064208133739741
-8.46357878742269	0.9999999328445439
-1.7532569897432726	0.944317850105321
-6.486203018544341	0.9999936263355214
8.957317452086855	0.9064207959800586
0.3768511996009938	0.9065619910051086
1.161448878436353	0.9064208228614554
-6.0675920853750265	0.9999832933910247
1.7428009654097032	0.9064206629407635
-4.704240297552373	0.9996178015936616
-9.127294894881977	0.9999999854331312
-7.063985563909809	0.9999983147774208
5.660013475784931	0.9064207961960621
3.426330325692444	0.9064208243234703
-1.1918178785319853	0.9265082581872042
8.954643066222829	0.9064207959800588
-7.456735948971458	0.9999993177905442
5.114107054321643	0.9064207963880385
-0.20865447248672453	0.9088738421342007
6.113591418468204	0.9064207960366978
-8.897807487129805	0.9999999752911024
-1.8332594412584768	0.9471597575658184
-5.2284715829084405	0.9998849340840535
2.582757303746943	0.9064208088694539
-3.4339460776606767	0.9938497317515851
4.664386263165561	0.9064207977417748
8.952412918018524	0.9064207959800585
-8.198492620173013	0.9999998763576781
1.2562547457567632	0.9064207857413957
-1.7326922687247048	0.9435884518984323
1.947728582436671	0.9064207991274005
-7.950089443290151	0.9999997809368867
-6.1216088259450085	0.9999852465728297
-2.2802127197286692	0.9637625059845186
-6.577213770612258	0.9999948311800978
-7.7425561644293905	0.9999996467346537
-9.14073817056449	0.9999999858771317
4.193054424430279	0.9064207998628636
8.525678934702718	0.9064207959801719
-7.312930152076236	0.9999990500064339
-1.6403114273389683	0.9403590184399733
-3.9563167959567336	0.9979486776408918
-0.8316198461595103	0.917792302293247
8.712472956488035	0.9064207959800596
8.817615813607883	0.9064207959800554
5.397552909410926	0.9064207962256365
-5.369654801618662	0.9999168029892789
-6.685109309704971	0.9999959681147241
-8.891253544111013	0.9999999749153917
-6.811610722718657	0.9999969868704827
4.485489779702835	0.9064207982266465
4.370313672826999	0.9064207995008795
0.654623950890695	0.906433180045673
7.010762707340746	0.9064207959871735
-3.7856014547545014	0.997030649219975
3.022867219989065	0.9064206247004902
6.8527560287728235	0.906420795994612
-2.490207138670306	0.9713348271273473
-6.657268987585456	0.9999957012183843
-7.277956956209195	0.9999989703425362
-9.158102117912525	0.9999999864306511
-1.4104977175361064	0.9328882959232571
-7.934800396945438	0.9999997730876279
-8.09204736018299	0.9999998420164067
-2.1885686936541626	0.9603264983111728
0.7175683739002636	0.9064268426985612
-6.90729472492567	0.9999975826466311
1.335316016379796	0.9064207834275108
-0.7724677630140455	0.9165883702537494
8.38817681814636	0.9064207959802953
4.821044244930572	0.906420796783165
-1.6336087969949311	0.9401288461216205
2.7865448908633983	0.9064206911845937
5.486003078716042	0.9064207962059071
-0.787064780043675	0.9168780928181871
8.47090020805473	0.9064207959801776
-5.497053671760614	0.9999379220891998
-8.808086899957095	0.9999999696209686
-0.48432220310159835	0.9118398920257177
-2.702293230846764	0.9783148938024153
7.520945195783565	0.9064207959816306
-8.157933127703858	0.9999998642542428
-1.9157852182990531	0.9501492049014634
9.57439526732417	0.9064207959799663
-2.038154057128798	0.9547193287126219
-1.1598966685973089	0.9256340321734439
3.5720927234979385	0.9064208176776971
3.610363120759912	0.9064208090247576
6.771324339739802	0.9064207959943879
5.7963456643631694	0.9064207960928516
8.322460212439921	0.9064207959804018
-5.040112448453602	0.9998227306672669
-5.407932217009392	0.9999238085991671
-1.7866315525308742	0.9455064016378518
1.690031542086814	0.9064206604049733
-7.891253270412912	0.9999997491552209
-1.9979369062330665	0.9532093678309925
-2.1291422004135896	0.9581195137276279
1.025351213733142	0.9064208772382032
1.569090998529461	0.9064206606755948
-2.7608374122422763	0.9800625558877795
6.525095554491269	0.906420796008535
-3.997786443169211	0.9981270859208051
-1.9363443082015674	0.9509106931053839
3.68070565165079	0.9064208103608645
8.119797359403481	0.9064207959803746
-8.663898321070445	0.9999999576588848
-2.95036870159612	0.9851482067911619
-4.713300401706091	0.9996256193617737
4.248427497024675	0.9064207995287794
7.683537509417814	0.9064207959817826
5.146363394082369	0.9064207964235917
-5.804303480728836	0.9999693784635465
9.736822500647413	0.9064207959799528
-1.7074204215880773	0.9426952957394554
-6.711494655538202	0.9999962057543116
0.03377903048095021	0.9073916068172339
-1.8690005290424594	0.9484264591634549
2.2791119556132102	0.9064208134998877
-3.260237783664013	0.991394851407662
-1.0465905243431592	0.9226656905645532
-1.8023921142950492	0.946068342113417
5.664283305207775	0.9064207961880045
-5.5457165426004185	0.9999444933320925
4.250142561971408	0.9064207995424302
0.8307070045924334	0.9064219735074802
-8.136962829572303	0.9999998575387682
0.8453313703458889	0.9064217340330679
-6.070977296851314	0.9999834230536194
7.862706628739382	0.906420795980877
-4.659543393822534	0.9995768037124769
-2.136248603954063	0.9583815142659386
-5.1812093889668365	0.9998717473301417
-8.121677773773413	0.9999998524356021
-6.354578878535286	0.9999913704379584
-8.602656171625744	0.9999999512466629
-9.783343019255316	0.9999999967839852
-7.855179766012226	0.9999997274299293
-0.6682651248909934	0.9146506300415065
-0.027404611116335076	0.9076772464298948
1.5944715001375531	0.906420659374487
8.68526968452236	0.9064207959801287
5.8167200179496135	0.9064207960927984
9.372473041881602	0.9064207959799683
-1.4068788479823944	0.9327748019775187
4.979835100045381	0.9064207968685538
1.530267038547093	0.9064206616815136
-6.550416516662292	0.9999945022475215
-0.5254390875559167	0.912421897755876
3.03824720153235	0.9064206286618028
-1.8488662962541689	0.9477089204314346
-1.2323794809516677	0.9276126126676465
-7.029724766753795	0.9999981764546823
7.451075769579532	0.9064207959836743
2.5242077232489777	0.9064208086566784
-1.8394977668796066	0.9473789961625567
-0.19524496417089665	0.9087643578669242
-7.384997277207179	0.9999991952609373
7.354505093070426	0.9064207959836005
5.494101617087285	0.9064207962043742
-7.462214899767563	0.9999993263429773
7.250899360566748	0.9064207959835349
-6.954644128008178	0.9999978323293488
-8.683102166918054	0.9999999594903577
-7.626299308957174	0.9999995383033313
8.602743175607088	0.9064207959801727
0.9750282588497718	0.9064209479549095
6.440772327973505	0.9064207960086588
4.715535177398591	0.9064207977317428
9.934702435833582	0.9064207959799443
2.9732336659752576	0.906420657082112
-7.667185369017142	0.9999995797854102
-8.54191638742316	0.9999999439282558
-3.5149723003188793	0.9947733476478676
6.175054788940187	0.9064207960369924
4.07833306353632	0.906420803140557
1.8279130294974077	0.9064208011243502
-9.390230095661085	0.9999999920488299
3.197892866923091	0.9064206310603027
8.233764644328495	0.9064207959804044
6.256484378367158	0.9064207960367132
-0.5281283517422697	0.9124611674502995
-8.815363034056283	0.9999999701256969
3.2306283306312835	0.9064206217414045
-8.382856935398003	0.9999999191270666
4.741171149661838	0.9064207977782351
-5.756658145204221	0.9999658308880964
3.630147940230417	0.9064208095350276
9.485185847099402	0.9064207959799674
-0.13673304725974056	0.9083260762968512
-3.2652649146985	0.9914757677380746
-5.094118891917692	0.9998433788798383
2.169455570491765	0.9064208133654403
-2.1871304765146027	0.9602722479425836
-8.63440528757669	0.9999999546836147
2.822642812937751	0.9064206915834447
-0.8639807350208972	0.9184796411716282
-6.804348260341939	0.999996936064017
-6.504879126859837	0.9999938945737407
3.540208514943725	0.9064208249943255
5.500833148241778	0.9064207962038231
7.820898314456613	0.9064207959807943
-9.810698160777802	0.9999999969803066
-0.12765268067187563	0.9082634828623185
0.5654125653658291	0.9064505971819052
-3.365685480430587	0.9929661902880407
5.955595332754061	0.9064207960926399
-5.977829328288471	0.9999794595527295
-3.277395841816957	0.9916684908911966
3.949971601154548	0.9064208032289358
6.326126572094907	0.9064207960059129
4.990194266250194	0.9064207968679014
-7.723517841144991	0.9999996309041072
-8.167943634321189	0.9999998673474222
7.002941239569882	0.9064207959871818
-5.100838411273352	0.9998457743366096
4.077931522447971	0.9064208031405111
3.031639533376813	0.9064206269404803
8.70751282020652	0.9064207959800696
2.282355239668913	0.906420813492429
0.009882793880260365	0.9075002314037456
-5.990396755410448	0.999980045132187
-6.095125225721851	0.9999843192593693
-8.182152537950834	0.9999998716171672
1.216164008960261	0.9064207883773815
-8.78620336439862	0.9999999680510022
4.976728485431305	0.9064207968683876
6.60975020646093	0.9064207959940604
-5.682613491462867	0.9999594855363714
-1.2207726315257297	0.9273001567427009
-4.296944686953341	0.9990377419374682
-3.4055289603855776	0.9934940927509104
7.964915443136103	0.9064207959808651
-1.3519764955894331	0.9310806964521373
0.3507029880693189	0.9065904107369778
-0.3893150216884109	0.9106334960353193
-8.466367015683831	0.9999999332743128
-3.1210381513820096	0.9889011264135452
2.0791192265754166	0.9064208095137385
-0.28564101827560506	0.9095664948079236
-4.604574791516409	0.9995203777672742
6.908625573800073	0.9064207959872286
-1.5029786121184863	0.935834581959535
9.343578742794403	0.9064207959799652
-1.4187546092572045	0.9331479461064022
-0.8653310276655404	0.9185087818639255
5.255494361209344	0.9064207964267127
-4.719183513064413	0.999630610729907
0.756311008429428	0.9064243927793897
5.159426152904887	0.9064207964358342
6.944740722919207	0.9064207959869206
8.55054046370325	0.9064207959801729
-3.429090862488886	0.9937901746875263
-6.685486608459192	0.9999959716155467
3.0413440912173293	0.906420629326553
6.654199607764582	0.9064207959944125
5.123190337848946	0.9064207963850041
-5.37092760512786	0.9999170459589813
9.273283914193904	0.9064207959799946
-5.821580243651163	0.999970571844112
3.2216145456931713	0.9064206268270477
-3.3590543041295895	0.9928749508231898
5.981598943118577	0.9064207960644315
3.688239984447076	0.9064208102744219
6.437996773782704	0.9064207960086563
-9.971085146584532	0.9999999978030835
-2.4339191492118806	0.969362512336875
-3.6878245143715604	0.9963451743689312
-2.2244945403735006	0.96167873305053
-1.147953015009362	0.9253109989568431
7.768365963264962	0.9064207959816919
-2.383097876036735	0.9675462832707818
2.4078933158305915	0.9064208083244673
2.8693453431123253	0.9064206917116975
-0.012598232388686625	0.9076067524343293
-1.6293819392599005	0.93998405979501
0.44395810069899255	0.9065056716639277
-2.9520228340923227	0.9851883739478938
0.9365139061820891	0.9064210612348386
-0.5340570241662856	0.9125481932726114
8.840867235616795	0.9064207959800559
-6.904433292677421	0.9999975666677019
0.23373042706037594	0.9067676938850175
-3.2630465917600526	0.9914401379712318
-0.9510979403200572	0.9203737019764157
-0.9614179978304449	0.920602503669526
-9.24518984848278	0.9999999888962096
-2.1465436446769592	0.9587607715643218
-3.2930529043307155	0.9919119810354561
-2.471746342316221	0.970688853899032
-2.246335966763775	0.9624972128551736
4.015580771940179	0.9064208031143535
-7.760276305014235	0.9999996608583954
9.73882788021946	0.9064207959799531
-8.533765177342616	0.9999999428659172
-0.1741064005787507	0.9085988619769028
2.6342135638090944	0.9064208135483016
3.6724221331324536	0.9064208104924237
-4.91340355059303	0.9997630280192364
-1.9767520203110767	0.9524164327226751
9.057996775143849	0.9064207959799961
-6.446054483146795	0.9999930091320839
0.41554229647756813	0.9065267386388091
-6.8777051323853255	0.9999974122167257
-3.086730445619641	0.9882089520912534
-2.068984817767525	0.9558759361356923
3.973158742700562	0.9064208032241667
5.948249832609864	0.9064207960952425
3.617201675137851	0.9064208089660142
-5.510388688558701	0.9999397964234897
5.249699893513288	0.9064207964268484
3.68925494784785	0.9064208102669815
8.355503268667412	0.9064207959804139
2.907644315024246	0.9064206907913288
-9.309311432328492	0.9999999904203475
-8.267905198904524	0.9999998946208438
9.313829030604186	0.906420795979969
-8.221694693878128	0.9999998827898775
-0.24322153830693694	0.9091707121674624
0.7248976030235923	0.9064263025915218
6.662695029469944	0.9064207959946552
5.365859121242469	0.9064207963820619
-4.772813961261617	0.9996731755821422
6.421646634082844	0.906420796008562
-6.151814911907119	0.9999862374932248
-1.1580085174855057	0.9255828145039262
-2.9966925052002225	0.9862447513745944
-5.466279629695028	0.9999333712492905
9.15589795310035	0.9064207959799971
1.2742276407846873	0.9064207845221429
-5.899770516006719	0.9999754175539043
-0.815377615536379	0.9174543188167286
-5.303988174481882	0.9999032551006001
-4.669149815499747	0.9995859672656177
9.246300141612132	0.9064207959799979
1.1273435724938885	0.9064208427516954
-4.254030757916549	0.9989403890291854
-2.776469803188517	0.9805159895959021
-4.907693376027793	0.9997599103300947
1.2062675027880765	0.9064207902353237
-2.849756588605925	0.9825654696909041
1.8362120621590918	0.9064207985208591
7.730438217171574	0.9064207959817762
2.3153729460525483	0.9064208135010836
4.450276978175079	0.9064207994834995
9.07031866373671	0.906420795979998
-9.84240499564384	0.9999999971929119
6.268091050302669	0.9064207960317274
-8.345485863646406	0.99999991185976
4.2341525034948155	0.906420799329408
5.0349873685488475	0.9064207968824574
-8.2827758752487	0.9999998981680389
6.789625836956425	0.9064207959944082
-9.425233221763119	0.9999999926645284
3.2756798178962434	0.9064207443272537
-0.15759883766271798	0.908475403446142
4.441663340073587	0.9064207995679079
8.028134246842775	0.9064207959808609
1.1298553102841993	0.906420842457237
-0.4509349005247856	0.9113949137572961
-7.627052771151748	0.9999995391036333
9.828295417602199	0.9064207959799526
9.938978961022737	0.9064207959799446
-3.291753410835967	0.9918919956942635
8.60403073843441	0.9064207959801726
8.17014349407335	0.9064207959804145
-9.904799873737172	0.9999999975685727
-6.835511455129226	0.9999971482020531
7.916200067606454	0.9064207959808608
7.242849980921843	0.9064207959834051
-5.346131870612343	0.9999121825479591
-2.074260951058182	0.9560737224524347
-0.6176438006199003	0.9138432755108221
-2.1945454144402854	0.9605520782536867
0.8162128022104032	0.9064222845976894
9.010136089188777	0.9064207959800025
-1.8709132342553083	0.9484955837757486
8.92956301744104	0.9064207959800554
4.5238520202449415	0.9064207975846201
8.058714820605136	0.9064207959808757
2.0442782612692945	0.9064207995781889
-2.0090820290334133	0.9536274915122094
-8.13441026638241	0.9999998566989972
-0.5364931763047132	0.9125841376056525
7.1413264628734865	0.9064207959873275
-3.191591724790319	0.9902270073378496
8.409419457707475	0.9064207959801881
-4.62176410463607	0.9995387787741348
-2.541440258463603	0.9731018394679236
8.190354780315268	0.9064207959804094
-5.535631931276841	0.9999431911906306
-0.7833109055841092	0.9168031164672359
2.530271883044586	0.9064208086101242
2.3710552890935723	0.9064208108962317
-0.7824088084806924	0.9167851483167672
-6.290374962487539	0.9999899958985972
-5.427842115557082	0.9999272164933826
4.213116766166758	0.9064207991589847
-2.7180888763775846	0.9787949433247303
3.668747922429638	0.9064208105466847
1.5968034178818833	0.906420659371935
0.5301406964368702	0.9064613578847086
7.310564696364107	0.90642079598358
-6.390996813709244	0.9999920644214837
-6.900875078620712	0.9999975466503538
6.794965269278151	0.906420795994401
-3.3002734609374462	0.9920222951520995
-0.39499498364722996	0.9107009996007401
-5.421735255919882	0.9999261877104748
-4.273367301212572	0.9989853889846333
-5.1402617599864175	0.99985911088878
6.42326509831673	0.9064207960085751
-1.9041665635865144	0.949719508189215
-7.693270985230929	0.9999996042820362
-6.139460215721435	0.9999858404988153
9.722414286550357	0.9064207959799526
6.475562510320245	0.906420796008658
8.464961731760866	0.9064207959801754
4.768569261479136	0.906420797476785
5.8868039817153	0.9064207960933627
-7.207186285255589	0.9999987881144595
9.988371328217148	0.9064207959799454
9.839872678476162	0.9064207959799526
-3.4165244295696517	0.9936337299063873
-7.146645083258636	0.9999986068402548
4.152743813346579	0.9064208029520047
6.582743134874256	0.9064207960016633
7.687811644253884	0.9064207959817832
4.265917387267159	0.9064207995727603
3.7097936054688994	0.9064208102621928
8.317553272666704	0.9064207959804023
-8.219260656308025	0.9999998821311201
-4.28241902984257	0.9990058085933065
-5.833518994152951	0.9999713692379676
7.718049467401915	0.9064207959817698
7.1613047890055945	0.9064207959871133
5.752522529474028	0.9064207960938486
1.7157714480887076	0.9064206582733676
-2.852193139951291	0.9826312113636974
-6.659726040682941	0.9999957254680322
-5.672632670724527	0.9999585446399356
2.8745894178444544	0.9064206917413931
1.877738077241382	0.9064207990255416
-4.3054271386633935	0.9990559244521713
-4.2003942884905765	0.998805156470114
-0.8117479876511258	0.9173794595487622
6.151893508749918	0.9064207960369646
-1.434347994035603	0.93364046720131
8.60384498616601	0.9064207959801726
-6.3662255441180715	0.9999915987385086
4.667529207088265	0.9064207977423291
-5.2024696720507935	0.9998778559857859
-4.9856815222447715	0.9997991786435081
4.8783635785351045	0.9064207968767274
1.047098824825481	0.9064208623301088
9.670723964373089	0.9064207959799532
0.8360476725330823	0.9064218772492391
7.999037086268103	0.906420795980866
6.0651584745355045	0.9064207960381846
2.062856595017678	0.9064208043182496
6.021568527037925	0.9064207960315106
-7.558244508194747	0.9999994599792185
-3.0021818538277767	0.9863707996043937
-5.674519419067794	0.999958724162822
-7.292884777136117	0.9999990051317784
-8.216915879590694	0.99999988149302
3.9124377824220637	0.9064208024565413
-5.784515568785973	0.9999679521091033
0.8158778243899647	0.9064222926133304
7.812187943191837	0.9064207959808622
2.663072200328278	0.906420769296975
-2.0711313239139972	0.9559564061988558
-2.3896484510215688	0.967782914476013
1.7435140873901123	0.9064206640050703
7.385713626815814	0.9064207959836041
-0.8890989482118794	0.9190277615944511
6.857010144032461	0.9064207959944257
-9.696550881648438	0.9999999960725544
1.3177941427319375	0.9064207836293301
-1.9218590386130163	0.9503738784024426
-5.399437623666645	0.9999223065565858
-9.939200369479146	0.9999999977537299
-0.5939115345518076	0.9134679671125362
6.515630708553772	0.9064207960084583
7.302725745455238	0.9064207959835857
-2.9307928367783287	0.9846671334736744
-9.515399583903704	0.9999999940397893
6.575456420185731	0.9064207960040966
-2.6064237020497716	0.9752740524379437
5.484794776636374	0.9064207962062023
-2.59458936444549	0.9748845760955286
-7.698865069283163	0.999999609346494
-1.1028932918007328	0.9241109010276645
-0.8003278818493786	0.9171457348157693
-8.529753524140355	0.999999942335714
4.5231492123441885	0.9064207975817212
-1.7445122619921847	0.944007451223983
3.048516606783963	0.9064206303173338
-8.500613321996276	0.9999999383338067
-7.241806350427007	0.9999988809677314
-3.706798969773475	0.9964886084062671
-2.749388483920887	0.9797272869966835
5.130119652752988	0.9064207963931207
-6.2116289334587504	0.999988007695464
1.8719511447507884	0.9064207984599468
7.495720566498992	0.9064207959822855
-0.5351662692798076	0.9125645459995004
-5.112444724566636	0.9998498262222612
0.42499518559943716	0.9065193065833621
-2.05252665669319	0.955258720896689
-8.405759676634323	0.9999999232814222
-6.18011145737472	0.999987105325753
-3.2678455450727117	0.9915170656037644
-6.30403769988416	0.9999903056519301
6.341078496482769	0.9064207960072871
3.564819882552076	0.9064208200815134
4.063271307574983	0.9064208031310835
4.710545528023333	0.9064207977302969
-0.1811999864656535	0.9086534357539185
-9.158323144929472	0.9999999864375553
-3.42562537885164	0.9937473634903068
-9.351737720318747	0.9999999913119265
4.852136738104713	0.906420796877875
5.032736474006958	0.9064207968797198
2.403625569563861	0.906420808389518
-8.385034806158123	0.9999999195316047
0.07296828130930244	0.9072316765942255
-6.925591102347064	0.9999976823659424
-6.317227555114284	0.9999905955834055
-2.509594331111007	0.9720093037890133
1.5143090615048003	0.9064206611963849
-9.506589544305108	0.9999999939176469
9.395066583194964	0.9064207959799677
-9.155923522583436	0.9999999863624108
4.22091310453261	0.9064207991589973
4.397981219664793	0.906420799487869
5.983305833428663	0.9064207960621284
-2.5707726873711456	0.9740923862351072
-8.665569253127794	0.9999999578214789
-4.575440762638996	0.9994875196404628
-6.158239086912114	0.9999864395051807
-5.25760547772252	0.9998923799318424
5.1261930816902215	0.9064207963876938
9.83050086602681	0.9064207959799527
1.6532889721675836	0.9064206594790314
6.603952962873485	0.9064207959951698
-6.007879906851241	0.999980832119569
-2.520296590235156	0.9723784827515982
1.5023251760298137	0.906420665915821
-3.4887151887353385	0.9944882373687963
-7.244571493847389	0.9999988880698377
9.008938300318995	0.9064207959800036
-7.704921001726257	0.9999996147560185
5.841945653458671	0.9064207960932686
2.7687883723126703	0.9064206930371489
1.527311045657033	0.9064206613439848
-2.7696060742408513	0.9803174855615006
-6.062519721815796	0.9999830972047399
2.3314202003245157	0.906420813686648
7.382930218719469	0.9064207959836034
-1.612021137133958	0.9393919308554761
8.813065275960795	0.9064207959800554
-8.09689859879093	0.9999998437713125
-0.6453252608273896	0.9142753440702267
5.988863223802872	0.9064207960547522
-0.02614206137275943	0.9076712072048775
-8.266486314998719	0.9999998942759971
8.194466965815835	0.9064207959804074
4.5550791294741835	0.9064207977738677
0.06734996817444383	0.9072533394514747
6.756891468023895	0.9064207959943871
2.996769384830177	0.9064206286789337
8.868197922772389	0.906420795980056
9.18442675478445	0.9064207959799974
6.395988919464152	0.9064207960085923
-3.0976203430751648	0.9884320694229606
5.491450624982338	0.9064207962047676
-5.5982231194130705	0.9999508066125827
5.494361606341327	0.9064207962043415
-9.585400060933086	0.9999999949270452
-1.1470245151050094	0.9252859775824206
-9.533728970584615	0.9999999942861056
-5.50775152348125	0.999939430287974
1.4097207934261178	0.9064207830812945
-3.6915246166274507	0.996373557822951
-3.1973423206864116	0.9903294002325445
7.77935065458237	0.9064207959814936
-5.014679148282015	0.9998120891476796
-2.5641722102005593	0.9738708907182223
-4.886825228790195	0.9997481658494451
0.0499775387541348	0.9073228659956029
-0.8274769177949448	0.9177056585282843
2.6264201661842677	0.9064208126238682
-0.38656786478733807	0.9106010604818773
-7.34401950165489	0.9999991156340848
3.2477504896652007	0.9064206341465043
-6.1104113435116325	0.9999848613802658
-9.366709232709951	0.999999991606333
9.378951788852685	0.9064207959799682
-7.913626329186969	0.9999997617503996
-1.5614582360820997	0.9376936579179983
-8.52753906093136	0.9999999420409328
-1.7546278716292996	0.9443665455281334
1.0917036802938895	0.9064208459469474
-1.2638494587734694	0.9284699228115066
5.340899636406803	0.906420796436162
-3.4854145366081735	0.9944514545775921
-0.3474486344591021	0.9101726601922077
5.271027202081942	0.9064207964270437
5.619044093427753	0.9064207962036948
-5.226821746973487	0.999884497385664
-4.953352837858902	0.999783742242675
3.320714977331658	0.9064208410996349
-9.602362474086977	0.9999999951213614
-9.357862965086078	0.9999999914336041
-8.97491988742344	0.9999999793109288
-2.749429811014279	0.9797285023851047
-2.14301639952585	0.9586308141573799
-5.075132923373373	0.9998364084254575
-7.88497735428805	0.9999997455040727
8.425146697682244	0.9064207959801523
8.400789368620138	0.9064207959802271
2.612516290007388	0.9064208080361862
-0.3183952223104125	0.9098875758473843
-0.0553301678092577	0.9078165600397298
8.618482214750166	0.9064207959801713
7.657567605326285	0.906420795981781
5.033462014382373	0.906420796880656
-3.2468333213798806	0.9911760594752929
6.7138063196320985	0.9064207959943174
-2.7129031245222057	0.9786380462048244
-3.3606341953280694	0.9928967777334038
-3.2649951913039077	0.9914714419736208
-9.144031182904996	0.999999985983812
4.256486321243544	0.9064207995728416
3.7429686355903833	0.9064208103145726
1.1416143235831289	0.906420838609645
2.745304528226997	0.9064206929679944
1.5903924863404573	0.9064206594141272
4.513480350560343	0.9064207975800247
1.4903499830496116	0.9064206789930936
-3.828770306680447	0.9972936232940115
-0.736540707099941	0.9158945667713456
-9.103558781865333	0.9999999846148282
-8.254386026113414	0.9999998912889025
-1.535293849787367	0.9368609952030367
6.345936449692747	0.906420796007908
-3.2843502507613165	0.9917773690290391
-7.7896699853757845	0.9999996830522816
5.109929184687774	0.9064207963968496
1.4425715277275373	0.9064207797241599
-6.724058180503345	0.9999963139344915
1.5518464861278503	0.9064206622661192
8.079143319797645	0.9064207959807334
0.362235765494896	0.9065773768598583
-4.660574342222077	0.9995777966689394
7.574051024581706	0.9064207959818207
-0.5017082685655581	0.9120814631882049
-7.3693897892173865	0.9999991658152649
-1.1357948202293713	0.9249843214263103
-3.184256223718691	0.9900951667035126
7.823396972009537	0.9064207959807847
-1.3642886429369696	0.9314562766162034
-5.35097325666809	0.9999131539794821
-1.117349620484017	0.9244925164534624
-1.6982961044778513	0.9423743134222182
2.1262106647356926	0.9064208139957366
0.8996624081447724	0.9064212608161077
-7.080380461420734	0.9999983772071926
-4.938377066922572	0.9997761970026244
-1.7628743922898629	0.9446596899121285
-1.5347466681701771	0.9368437381345733
-9.814821493127631	0.9999999970088408
-3.6474618279552606	0.9960221599157658
-0.26561625645696196	0.9093748365881292
7.769950126632757	0.9064207959816676
7.0357147774636175	0.9064207959872118
-4.9937562722154505	0.9998028599122201
-2.723942570759297	0.9789712055734686
-0.2252023696544203	0.9090134363213589
4.192787422431291	0.9064207998803703
8.207105177242411	0.9064207959804029
7.015280810470962	0.9064207959871765
2.136054812708309	0.9064208135434706
3.454933832333559	0.9064208244640898
6.296276437080017	0.9064207960136483
0.13546386629874974	0.90701669297899
-4.922531684768612	0.9997679284875687
0.8437211819124002	0.9064217567995124
8.519964033023683	0.9064207959801716
-4.571225803618786	0.9994825854354101
-9.074256656711057	0.9999999835409746
-8.66211591036401	0.9999999574847525
-6.61841726235215	0.999995298970986
-1.9515278189629282	0.951475325344226
-7.479077248019359	0.9999993519974288
9.333316649867523	0.9064207959799647
4.92921666147045	0.9064207968674706
9.832736778017303	0.9064207959799526
-4.2594184461868645	0.9989531191282843
8.473507978179686	0.9064207959801778
6.364424262437268	0.9064207960092384
-4.5729508763997995	0.9994846105211307
5.831126311037735	0.9064207960932043
2.0643493175283076	0.9064208047936964
-7.6714070813799395	0.9999995838504161
2.4619344209078484	0.9064208087673117
0.4273096757381758	0.9065175535092165
5.9947498410246425	0.9064207960474768
-9.056911130450818	0.9999999828702986
-3.1589315051987565	0.9896293463338357
8.660535734229864	0.9064207959801757
-6.354090284001206	0.9999913607259349
3.357149468612178	0.9064208201842455
6.385322149062695	0.9064207960088877
5.10047049596896	0.9064207964397868
1.1073886028101665	0.9064208432972717
-9.702263585789472	0.9999999961238775
-3.6154194272894724	0.9957475596481902
-9.484822029369976	0.9999999936050199
-8.418052264115623	0.9999999254224856
-1.8134686539627296	0.9464618642682104
-1.3721201372538516	0.9316963819698455
9.268059316896778	0.9064207959799966
2.8471109462182156	0.9064206915277105
7.856917729771993	0.906420795980863
9.550477096094902	0.9064207959799685
-0.16059069741173992	0.9084974246832134
0.6341724159413573	0.906436220505386
-4.741991856809027	0.9996493460245494
8.69141992610286	0.9064207959801114
8.253525316686307	0.9064207959804049
-4.82368850934773	0.9997090434825154
-5.513744790038704	0.9999402591801989
4.5404290452594065	0.9064207977013757
9.92590005525248	0.9064207959799446
0.6801541500303987	0.9064301613148688
4.409058962698991	0.9064207994753432
4.558255647222689	0.9064207977786758
-1.068325879561245	0.9232161497469048
-6.525657122378323	0.999994179757985
8.8791636323737	0.9064207959800559
6.226506088453597	0.9064207960368724
3.9345157911905826	0.9064208028422125
1.281863085664149	0.9064207841829958
8.38057184572305	0.9064207959803364
3.6002230725572915	0.906420809894571
6.136697682969391	0.9064207960369838
5.962489590084958	0.9064207960874537
-8.297818543172909	0.9999999016348102
-5.650536516476605	0.9999563832219833
-6.778516660954805	0.999996748308857
3.7720523321324286	0.9064208103290081
-0.9723624062345859	0.9208532066823744
-6.443755172733958	0.9999929720283125
-8.067119099599216	0.9999998326829889
-9.113768352952153	0.9999999849722909
-2.7526694245805317	0.979823657303532
5.471782981110046	0.9064207962092331
-7.846637031246821	0.9999997220152428
9.706028123453116	0.9064207959799525
8.131330655118614	0.90642079598036
-1.934328170539569	0.9508358615810888
3.2395518196360484	0.9064206225113288
6.499061176707023	0.9064207960086313
-5.4373018922078575	0.9999287819491485
0.7513245111248423	0.9064246500438102
-0.667079823866894	0.9146304489580255
0.2375892591729425	0.9067601144072309
1.5680950742286868	0.9064206607751524
-2.0634491169821123	0.9556683812011553
-1.846173045668408	0.9476139282240078
-2.8648562349683315	0.9829703619636145
2.832654022585878	0.9064206916138235
-3.553933788789938	0.9951725300578391
-5.065008337401107	0.9998325658843097
-1.599273153254451	0.9389582257682286
4.7994708982676215	0.90642079689273
2.9760891900994544	0.9064206528780612
5.165932721039091	0.9064207964364449
-9.023629969883626	0.9999999815059961
4.968615560684114	0.9064207968676476
-2.100223896019049	0.9570456441131211
-7.383287563728165	0.9999991920866812
9.943304255987393	0.9064207959799446
-9.344166846806807	0.9999999911591424
7.528829591707897	0.9064207959816041
-5.179436374196489	0.9998712243498743
7.1398179388486795	0.906420795987312
0.2067317682240155	0.9068264496414837
9.804735944014425	0.906420795979953
-1.361727645465006	0.9313779649363797
0.6495572176546283	0.9064338758973643
4.697588485252426	0.9064207977376957
-0.010730496231996511	0.9075978615140053
-9.746557110737895	0.9999999964997113
5.251659685430813	0.9064207964267957
-6.805333398909714	0.9999969430057105
-4.286918796715931	0.9990158098747097
-5.645551353071783	0.9999558802217339
-6.3648459180075	0.9999915720134255
3.160870785249447	0.9064206290313594
5.770853013021515	0.9064207960955154
8.755262876553825	0.9064207959800532
-5.233874698697756	0.9998863527511834
1.1058923961466594	0.9064208434347297
-1.2487163325073105	0.928053156201677
3.743179212861744	0.9064208103143847
8.76080561873341	0.9064207959800556
4.539301608043962	0.9064207976927041
-9.10233422896586	0.9999999845713864
9.902564676929376	0.9064207959799476
9.009923071451489	0.9064207959800027
-7.861322111007163	0.9999997312578565
-4.872511044044048	0.999739781634591
-9.394345627678122	0.9999999921238208
7.0773214463074865	0.9064207959872156
-7.613286587624297	0.9999995242603451
-7.908843031045567	0.9999997591118365
0.46490925858383747	0.9064924007500329
-3.06854774633317	0.9878295782883655
-3.557871301761786	0.9952113307490758
7.12266362748721	0.9064207959871678
1.1686496413440395	0.9064208158078294
-2.8468139139628645	0.9824858650853031
-3.3373110229879233	0.9925688409866047
1.7631387476653018	0.9064207111793764
8.766100306400983	0.906420795980057
0.35431285189775785	0.9065862396783878
9.174505173910148	0.906420795979997
-4.802233399851055	0.9996944200129545
-9.756619523580024	0.9999999965798788
7.130110374583289	0.906420795987205
-5.25907124423314	0.9998927415778492
-6.3365269323484075	0.9999910042577804
1.2403506634508155	0.9064207868599596
-8.097493941317357	0.9999998439853275
2.460055642096668	0.9064208087734533
9.381265636776309	0.9064207959799683
-2.2332182296775915	0.9620057884206852
-2.4465653304171875	0.9698071977321562
7.7831919885885945	0.9064207959814127
-4.700121117003531	0.9996141939937019
5.455560232536003	0.9064207962081685
9.419317629930802	0.9064207959799674
1.0318275465156646	0.9064208720651923
-7.391271950326521	0.9999992068040108
8.913442149561813	0.906420795980056
6.042004050352073	0.9064207960347662
5.921370221262432	0.906420796092656
-7.3306129800773245	0.9999990879089597
9.811308454901443	0.9064207959799531
3.2354417442308616	0.9064206210009587
-3.6929088736658544	0.9963841246435186
-1.8445168086603392	0.947555580263994
1.1886859158696073	0.9064207982161505
8.786098063578933	0.906420795980058
-9.225909094449808	0.999999988392143
-3.6771051628604123	0.9962617998826632
0.16868671703297622	0.9069212773167916
-9.808985186362573	0.9999999969683727
-8.30873349939763	0.9999999040761685
-5.573572770904516	0.9999479373672532
7.843041274300564	0.9064207959808085
-6.940053095703673	0.9999977582677058
-7.087739668108135	0.9999984044730751
5.406434255320139	0.9064207961979883
-3.1661378829654874	0.9897635910588248
9.641022735924558	0.9064207959799514
7.699902233786133	0.9064207959817818
3.3854296698931883	0.9064208247416786
9.196128901892344	0.9064207959799975
-4.534821588714664	0.9994379701493119
-2.4888349143129185	0.9712868654226442
-1.2832498890406043	0.9290274750823333
4.070522973023198	0.906420803136785
2.127184199129907	0.9064208139502132
-6.80998042328032	0.999996975539111
-0.3252140311249274	0.9099538376543057
-8.403587925473342	0.999999922896817
-7.373474361040073	0.9999991736238756
-7.425137106984652	0.9999992663042658
-0.5396880676904523	0.9126314469875609
5.842569908099385	0.9064207960932669
9.930578542587732	0.9064207959799445
-5.481880255745768	0.9999357184058086
4.781684920267221	0.9064207972065653
2.0430878224787428	0.9064207993931696
4.069144454835758	0.906420803135714
-6.510648178833729	0.9999939751279494
-4.282824047823626	0.9990067128388571
-9.790843687433632	0.9999999968390518
-1.700266647044458	0.9424435477976029
3.1216761608805843	0.9064206293309146
-4.590392429830281	0.9995046509892622
-3.8428372617391515	0.9973745067990134
-7.489314244831871	0.9999993670929103
8.411497925180832	0.9064207959801805
7.759201739031518	0.9064207959817921
6.413985744298213	0.9064207960085081
-3.4956052177404473	0.9945643364323925
4.879468163855755	0.9064207968756122
-4.634474256819874	0.9995519343451748
-0.9852166695347275	0.9211586051633603
1.772413568539534	0.9064207391081376
-1.9666987228915556	0.9520409716656577
9.381979854522093	0.9064207959799683
8.603297817735644	0.9064207959801727
4.6951831470940775	0.9064207977395151
-1.6571886599616281	0.940941408576893
-5.541583624585273	0.999943963325774
-8.328517131828272	0.9999999083477935
9.138315631332887	0.9064207959799971
-8.605744740367411	0.9999999515921507
-8.610429647040082	0.9999999521115366
5.779461478419684	0.9064207960946583
9.83707271367004	0.9064207959799527
4.455654060015073	0.9064207993651527
2.5776579678684097	0.9064208090782325
4.743050576600973	0.9064207977757974
5.218141256625447	0.906420796425645
4.313054326954479	0.906420799486503
7.922847634818815	0.9064207959808619
1.3208990692448666	0.9064207835889947
6.477241787199009	0.9064207960086634
-8.665969942386521	0.999999957860376
8.895390858731943	0.9064207959800563
-9.491131541842353	0.999999993697256
1.5598919878148454	0.9064206616025188
1.6770013460019726	0.9064206592398004
0.36154339233557486	0.906578135943223
-5.119510622237877	0.9998522408626134
8.550102884288396	0.9064207959801727
-5.578714525691724	0.9999485493374957
2.8783841045660097	0.9064206917243413
8.980197410525278	0.906420795980042
-8.218741963244005	0.999999881990261
-6.425951604718154	0.9999926779892537
-4.180609619669409	0.998751157615933
-5.1047428755151	0.9998471494431325
3.0944111326516435	0.9064206289506552
-6.452346276502281	0.9999931096643575
-8.058071741160418	0.999999829160821
9.037334112622204	0.9064207959799915
6.778530187590427	0.9064207959943986
-0.9826786121858078	0.9210976086521124
-2.869809583127676	0.9831018678416386
-1.5608183289948396	0.9376729716979942
8.94495134576481	0.9064207959800574
8.18428436533447	0.9064207959804126
-9.752033759900861	0.9999999965435742
-6.794521327975218	0.9999968659505563
-1.3518469000153708	0.9310767557396726
4.387184986134006	0.9064207995011107
0.6881430494954053	0.9064293593331699
4.877441061708154	0.9064207968776505
-5.277370270697377	0.9998971557329979
-3.79015385037059	0.9970594630626519
-2.0563014347930553	0.9554003205822713
-0.7881783400547082	0.9169003986804688
0.6765116345386701	0.906430547459705
4.084642177974587	0.9064208031379691
-7.374095532704952	0.9999991748049694
-8.1003826867755	0.9999998450196276
0.7727346520718434	0.9064236533296748
6.0129556683303775	0.9064207960331516
-6.693200352486182	0.9999960425265665
2.3199359141146303	0.9064208135676822
6.071293415120817	0.9064207960381387
-0.6261724852565784	0.9139761713063487
-5.991447683513216	0.9999800933378737
7.439170232394986	0.9064207959836402
4.460650551895803	0.906420799216235
-0.08392270675295244	0.9079807740302029
6.914033806735059	0.906420795986829
-1.7870483499295844	0.945521274956769
