-6.697650021670234	0.9999977088052832
3.280835520935913	0.9852440240854429
0.5091715376083563	0.9852440188569315
-7.27089840249556	0.9999993878402559
4.936824068657323	0.9852440240626575
-7.116827140974431	0.9999991271726875
-5.30548728556306	0.9999436925151353
8.817757038265842	0.9852440240620883
-5.86705389397419	0.9999845028069985
2.7889556074741364	0.9852440241341873
-7.296256062073052	0.9999994225578198
-8.498758635259165	0.9999999637738194
-9.424954470949816	0.9999999957063352
4.448924970143349	0.9852440240643654
7.620694717302008	0.9852440240620897
7.351594424603405	0.9852440240620907
8.638121079328627	0.9852440240620884
5.366523662146886	0.9852440240623429
-9.333653238487042	0.9999999947017906
7.839066277110064	0.9852440240620891
2.755728865600391	0.9852440241360934
2.2313293468626973	0.9852440243507774
-1.0864975219045228	0.9852451148207051
-7.644458103865102	0.9999997409902063
-8.755035539268125	0.9999999799208187
-9.461272074200373	0.9999999960507865
-7.529239082943793	0.9999996622986846
-0.3001728518905278	0.9852440212471808
-8.016260528909015	0.9999998899681658
-8.25492204810594	0.9999999364876367
-1.867553962676837	0.9858099778568861
-9.784839938142905	0.9999999981252506
-2.9886726636906946	0.9934174562241976
-0.939468721400436	0.9852441521595752
-7.64789063141829	0.9999997430292261
8.608660302209515	0.9852440240620886
0.1171794353638731	0.985244035171699
-3.020306315731509	0.9936920660861533
4.845139632325131	0.9852440240626529
9.149304764419508	0.9852440240620883
-9.686598933876155	0.9999999976493705
6.073913922959392	0.9852440240621247
6.865345355778327	0.9852440240620974
-3.031643783093778	0.993789396061773
2.590963925331881	0.9852440242063242
-0.4820425454248767	0.9852440267553201
5.166207285332241	0.9852440240623795
7.996233239917046	0.9852440240620891
8.518431119075089	0.9852440240620881
-6.493142776231844	0.9999963311756452
9.635892584799691	0.9852440240620884
-9.985650300391885	0.9999999987149057
-6.450842276014916	0.9999959559552218
-7.374533779344805	0.9999995177928303
-0.0534025096881372	0.9852440228291514
-0.8310377894590495	0.9852440643000691
9.774974968921168	0.9852440240620884
8.433539384708418	0.9852440240620886
0.5146981753297997	0.9852440186292686
3.4120575307347956	0.9852440240801796
-9.651073024892728	0.9999999974490015
6.374821885081317	0.9852440240621069
3.347118974701342	0.9852440240804506
7.088260443303625	0.9852440240620931
9.07798642956709	0.985244024062089
-6.746333374426086	0.9999979517354127
9.472654584916633	0.9852440240620883
6.935655804418154	0.9852440240620928
1.4608545243393536	0.9852440258883265
-8.686577070744645	0.9999999764926094
-5.437592634273081	0.9999584172350784
8.284597149570171	0.9852440240620884
-2.8550725227981255	0.9922223024919785
-1.8503729222654464	0.9857697597202555
0.3130959327779017	0.9852440179507012
6.7381753822515655	0.9852440240620971
5.431346510798814	0.9852440240622201
4.729009077010993	0.985244024063237
1.7453699114147483	0.9852440251691271
-6.334067599834667	0.9999947088216484
9.460876617746926	0.9852440240620886
-2.638872580560574	0.9902817507701633
-9.985944086340677	0.9999999987149057
1.5615034552653384	0.9852440252217463
6.968434395777365	0.9852440240620931
-9.391300291541004	0.999999995360383
-8.080914504296551	0.9999999051876824
-6.81221967151926	0.9999982400164936
-8.410121707584883	0.9999999555717587
-1.6679091554791583	0.9854555083837849
-3.21843569445575	0.9952958135528401
-7.430043010337792	0.999999575648089
5.177367975543618	0.9852440240623772
1.2828543472362064	0.9852440263072098
1.3007316795371295	0.9852440263077139
-2.3467045655830976	0.9879900944161865
-6.154943782349842	0.9999920091421438
-7.339577899264511	0.9999994773772806
7.593966351177013	0.9852440240620898
8.78475285393371	0.9852440240620886
-1.879945154518241	0.9858408796705391
2.1745171651249517	0.9852440243519298
9.549022545831285	0.9852440240620888
1.9276339051418567	0.985244024637216
5.727836349066937	0.985244024062153
1.0351182645816372	0.9852440284513206
-3.8892707413909022	0.9986635723362043
-7.737586325399537	0.9999997909792255
7.807842277576853	0.9852440240620892
-1.244125652669851	0.985251468260113
-7.1002670661448875	0.9999990932505077
-6.595383821056537	0.999997100590867
-3.8667395953774886	0.9985992998191129
-3.3652827662790363	0.996316145082569
-5.897075349846834	0.9999855368368462
-4.8839277072118215	0.999852324370264
6.693963478146966	0.9852440240620975
1.3333824023526297	0.985244026315841
-3.4048539063833427	0.9965632591036075
8.350451786610247	0.9852440240620889
-5.539483130569267	0.9999670929159329
6.842091325435238	0.9852440240620975
-5.942093037620526	0.999986959649273
1.8961596721585003	0.9852440246340228
-6.857307788585398	0.9999984135522343
-4.276797556966732	0.9994206612944786
-0.0655613855679249	0.9852440204504989
-4.6507951410514	0.999749247018537
8.686708989682018	0.9852440240620886
-3.0541768228950117	0.9939810484031413
-7.778687033363587	0.9999998098530802
-9.848586091097253	0.9999999983811864
4.204348269865154	0.9852440240642479
0.2817952237301782	0.9852440207075065
6.040949618202216	0.9852440240621223
7.26896661907584	0.9852440240620906
9.64454948814154	0.9852440240620884
-4.426351614305699	0.9995845251972363
6.255454584161441	0.9852440240621243
7.2129897178725635	0.9852440240620903
7.349303652330022	0.9852440240620907
0.4979014544525029	0.9852440190610892
9.222368646945192	0.9852440240620887
1.8243837885584426	0.9852440246067712
-4.22375068817376	0.9993488227887688
5.01717815424894	0.9852440240626547
4.797749933919565	0.9852440240626889
7.533627179390123	0.9852440240620894
-3.8546305506642753	0.9985636254084924
-7.881354563990883	0.999999849885413
-2.6079884089261363	0.9900137896029395
-1.7944819705789996	0.9856531942340419
-5.715953197271633	0.9999780640690864
-0.8961404293064756	0.9852440979869009
9.942652714516246	0.9852440240620884
2.0604367405749393	0.9852440245429196
2.4766312261597747	0.9852440242071847
-1.544928877259073	0.9853427887605939
6.296653315990746	0.9852440240621094
8.652585167610205	0.9852440240620887
8.526654174277152	0.9852440240620883
8.57021354199329	0.9852440240620883
5.370296969751177	0.9852440240623314
-3.5287260905787043	0.9972587647106489
-1.911278007767386	0.9859252984752229
4.0105609311215815	0.985244024066614
-6.435987677290367	0.9999958152818065
-3.9065639023256127	0.9987110891102262
-0.3523259755211505	0.98524402482299
-3.3821886131813494	0.996423181721576
5.768798728156938	0.985244024062161
6.424490705611838	0.9852440240621065
9.205019044097348	0.985244024062089
2.006204941219366	0.9852440246336138
-4.544884489910519	0.9996815452225455
-7.239711275293637	0.9999993422652418
-8.53110391665667	0.9999999663738386
4.3644714289557385	0.9852440240643615
4.356949565004582	0.9852440240643603
-1.9747039928234056	0.9861202963001108
-4.446649374866545	0.9996029681288198
-0.5900857595547961	0.9852440301884569
-3.3846858954427628	0.9964388088441838
2.5304916724921167	0.9852440242067773
4.929564051705979	0.9852440240626574
-7.906860183815403	0.9999998584474293
2.6834008930741717	0.9852440241480428
-1.6574543105121045	0.9854431852640971
-5.663970016693347	0.9999752796964299
5.79600957360058	0.9852440240621589
-6.745120456512734	0.9999979460077684
8.414036704251888	0.9852440240620884
-1.8349302802110792	0.9857357513474801
7.387697459299854	0.9852440240620902
-0.01879903329537136	0.9852440330088694
5.27507043613082	0.9852440240623735
-4.560073805442935	0.9996922539522837
8.540636089128675	0.9852440240620884
-1.995367746904332	0.9861912811339062
-6.086617114396815	0.9999906485627181
-5.5943559713832425	0.9999709907690592
5.0088129522392055	0.985244024062654
4.176283309687182	0.9852440240654224
6.344205750054158	0.9852440240621059
-6.34866127477776	0.9999948836067352
-4.784575741197186	0.9998148594461652
-0.799938081847138	0.9852440581918755
8.08502529559808	0.9852440240620892
-5.320515596764799	0.9999456003081759
-8.787222214062606	0.9999999813551299
-6.694178547861713	0.9999976904205543
8.762340729338582	0.9852440240620883
-6.6600120178262	0.9999975014197153
2.078022629330359	0.9852440244248705
6.889145962995443	0.9852440240620948
-1.3662399161773173	0.9852688548865808
-6.173409023521832	0.9999923415941543
-5.790078729991355	0.9999815015149547
-4.56476186690538	0.9996954873824968
-3.167321092552311	0.9949044127688228
8.152342657453005	0.9852440240620886
-2.622862649761011	0.9901423593457424
-5.86890763664857	0.9999845687421837
0.7351538727360882	0.9852440323824863
2.518713205015324	0.9852440242066688
5.161427614669357	0.9852440240623795
8.730739643339174	0.9852440240620882
7.611875022200579	0.9852440240620899
9.56665417729397	0.9852440240620891
-1.4076553481163998	0.9852796161396563
-8.989615392342136	0.9999999883005198
-3.952687012129519	0.9988304318172613
8.364044837225585	0.9852440240620888
-5.798659666141335	0.999981862963791
6.738329528915212	0.9852440240620973
-7.154011049194855	0.9999991987895298
4.803977611125777	0.9852440240626417
5.5670891108929865	0.9852440240622308
-6.747803463358131	0.9999979586560769
-3.102993460000185	0.9943882038866709
-4.010162100197827	0.9989649911212591
-9.610923957613187	0.9999999972019266
-7.518080188613823	0.9999996535095149
9.162427464907225	0.9852440240620883
4.705041997515501	0.9852440240632194
-5.791306843307624	0.9999815536835844
5.821618679106884	0.985244024062159
-5.207459531492296	0.9999295051415092
8.128288183792584	0.9852440240620888
4.1239389116716385	0.9852440240666526
-5.339728428059893	0.9999479458031421
-3.535469948619081	0.9972932652883878
2.171642850386913	0.9852440243528503
7.36340799646694	0.9852440240620906
-6.962920350047028	0.9999987559912581
-5.3981669265300125	0.9999544783486486
3.4711304114320853	0.9852440240802482
-4.972404130357613	0.9998793114906463
0.7082049452196273	0.9852440324079441
8.995589971193041	0.9852440240620882
-9.0247024203323	0.9999999892085566
-4.916648580797025	0.9998629383671148
6.839316716301198	0.9852440240620975
1.67793422810011	0.9852440252045539
8.744215136046044	0.9852440240620881
-5.3597433310175635	0.9999502821184658
0.805735608701891	0.9852440323700952
1.1162759835867675	0.9852440284903821
-0.161020557309989	0.9852440205700482
8.662830060342731	0.9852440240620889
5.605822584940995	0.9852440240622304
-2.0065865229012037	0.9862314224963826
7.984903867739803	0.985244024062089
-8.250045760426143	0.999999935770501
-4.828905845203826	0.9998326132453308
5.463694322344459	0.9852440240622341
-8.757640892345213	0.9999999800409158
1.949616948991352	0.9852440246367231
-4.023449699046249	0.9989939976320914
-1.719970048564626	0.9855256329430075
4.344822592640384	0.9852440240643614
7.468393647925716	0.9852440240620906
-7.118486824460821	0.999999130501693
-2.1275164229197596	0.9867324522960506
1.0996228013718365	0.9852440284239136
8.89110111476014	0.9852440240620883
1.2564284987942997	0.9852440263561559
-8.872025072089276	0.9999999846624231
7.605957647013707	0.9852440240620897
-0.4452591287722605	0.9852440263717455
-8.0416856022343	0.9999998962248382
6.534610450729556	0.9852440240621068
-3.276885738369719	0.995721102515609
-8.24666174510709	0.9999999352680747
-9.144886489448893	0.9999999918173181
-7.449218022642472	0.9999995939759485
-5.602744430726143	0.9999715445939044
8.30807798738022	0.9852440240620891
6.74179744831757	0.9852440240620974
-5.6184570996410566	0.9999725537454378
4.523350672682373	0.9852440240631223
-1.8889337008063212	0.9858642788085704
-7.1510488360649305	0.9999991933063028
3.815295274350161	0.985244024071127
-5.089849045311894	0.9999077222242855
1.9374969158417255	0.9852440246369556
5.757865456257614	0.9852440240621609
-3.3431118718026065	0.9961724816194227
-1.718906166732296	0.9855240475736895
0.7626557002910914	0.9852440324130768
6.322539157371022	0.9852440240621044
5.379396042256639	0.985244024062301
2.7168753678419666	0.9852440241279093
9.616171326604888	0.9852440240620884
-3.7096974607487576	0.998070146094105
9.739118953723441	0.9852440240620884
3.4806021315941926	0.9852440240802506
9.969682513387244	0.9852440240620889
1.122217642463891	0.9852440285274009
4.218050948654568	0.9852440240641407
3.9964200514611203	0.9852440240666068
-0.08710632042998157	0.98524402014458
9.812353583136122	0.9852440240620887
-9.521621741667786	0.9999999965631454
8.405030866365976	0.9852440240620887
-6.686924520708284	0.9999976515263924
-8.091323449328435	0.9999999074330501
3.167174131870647	0.9852440240983662
-4.150034963958449	0.9992347972206189
2.85060233085472	0.9852440241344784
6.894715116554153	0.9852440240620941
2.9892073390133422	0.9852440241017794
0.24457912368137436	0.985244033199916
-7.779108129288481	0.999999810037356
-3.180517343731446	0.9950071224515389
-8.992104899005353	0.9999999883673921
0.40554244125177163	0.9852440188765312
-3.740984255848807	0.9981876057267027
3.2914985968723407	0.9852440240815564
-9.801629666291486	0.9999999981963452
7.109565005035595	0.9852440240620933
-9.319866950497659	0.9999999945309065
1.4520092698377596	0.9852440261022388
3.736687137057938	0.9852440240711695
4.915501175798118	0.9852440240626555
-9.4768025376599	0.9999999961895157
2.280852647698449	0.9852440243508197
8.87556141123509	0.9852440240620883
-3.020582100200433	0.9936944408303646
6.081559986691808	0.9852440240621247
6.957171452811764	0.9852440240620932
8.886099553152654	0.9852440240620883
-0.7475355088137459	0.9852440536206591
-3.238913102589347	0.9954476034331834
4.179665171300147	0.9852440240652395
-9.943677656911083	0.9999999986995138
0.683458078023067	0.9852440324504099
4.444343415597221	0.9852440240643973
1.6012553729837222	0.9852440251993626
-7.084684890905444	0.9999990601284298
-7.749988011283349	0.9999997968634842
-2.517793659043228	0.989259197387298
-8.498462735798276	0.999999963749129
3.0745273438491907	0.9852440240986247
-6.130702164723316	0.9999915506958609
1.9372652693707693	0.9852440246369637
3.9360594416492347	0.9852440240664795
6.931463287257706	0.9852440240620927
-6.391011697909517	0.9999953588216554
-9.617572309872289	0.9999999972444346
-6.775950446099754	0.9999980867438306
-3.1376747824204854	0.9946696261264826
-4.658791523816692	0.9997537425011469
-6.009798147753842	0.9999888405764261
3.90171055872457	0.985244024066469
-6.127482730784708	0.9999914878660503
1.054647406296084	0.985244028452908
0.2727869320018037	0.9852440234638017
1.2174003990485538	0.9852440261619847
8.04428194902902	0.9852440240620893
-1.5888747495536126	0.9853752230941231
-2.508657904233891	0.9891854871757367
0.25713599844030455	0.9852440291453605
7.261060866290208	0.9852440240620904
5.434006931947035	0.9852440240622217
0.8011386688567423	0.9852440323505955
0.17785655778201814	0.9852440351754215
-0.208815443085971	0.9852440206877826
5.431585483853635	0.9852440240622201
-1.388427629955089	0.9852742238662234
3.521561248878271	0.9852440240803063
-2.1219721213623144	0.9867069947110879
-8.135811969272876	0.9999999164459089
-9.310841844694476	0.9999999944160631
2.041411283277954	0.9852440246362011
7.7851204050009954	0.9852440240620894
3.214052306021582	0.985244024098206
-9.853656763701753	0.9999999983999772
-1.1107099104556752	0.9852455459179706
9.082572120261467	0.9852440240620889
-3.425961587708608	0.9966901318126283
-9.248762172196962	0.9999999935580093
-4.529793050033781	0.9996705451107711
-1.6109261256985405	0.9853948075539425
9.089135684484624	0.9852440240620888
-4.093245684841	0.9991343525003793
4.742403001592134	0.9852440240632485
3.3230099610889994	0.985244024078783
-6.941730672811364	0.9999986937945671
6.029176652290285	0.9852440240621207
1.5694034576206626	0.9852440252123046
-7.321133557426176	0.9999994547044526
-9.634909141830907	0.9999999973522681
0.8722723192848605	0.9852440296576219
-2.4667000081137536	0.9888546977139504
5.592762249646398	0.9852440240622311
-8.98775899502076	0.9999999882504036
4.428612497742801	0.9852440240643857
-3.5435524350767977	0.9973341632699791
8.904277668397608	0.9852440240620883
7.138690994211572	0.9852440240620932
-9.994405949631417	0.9999999987149057
9.53590511210107	0.9852440240620886
-0.06737250050137789	0.9852440202525576
1.579157973697253	0.9852440252019403
8.472719819107418	0.9852440240620886
-7.1817773611747615	0.999999248408667
-7.2786374972184165	0.9999993986516835
-8.199827635152385	0.999999927897145
-6.003552300216355	0.9999886790549186
8.784406966255002	0.9852440240620884
-7.045320777136381	0.9999989709655824
6.240083344077231	0.9852440240621249
-5.8849465289548375	0.9999851276511152
1.2880566102756497	0.9852440263047428
-0.4421329866272181	0.9852440263431939
3.504637903290444	0.9852440240801119
-5.138576016807672	0.9999174589422206
9.019599255622484	0.9852440240620883
-0.12121399656088272	0.9852440205035474
-9.847844464015445	0.9999999983784199
2.2544841505206215	0.9852440243505998
4.773243726409969	0.985244024062992
-6.594574131695752	0.9999970951813111
3.572730205332171	0.9852440240757286
-0.9403168850820531	0.9852441536417504
-4.843356172783162	0.9998380286636309
9.61426693528152	0.9852440240620883
2.2202641775902077	0.9852440243506853
-4.9424555884357835	0.99987077370183
-4.568306591693201	0.9996979101386443
0.22335244509379493	0.9852440358344828
-8.80399540373029	0.9999999820614895
-7.403055567038899	0.9999995484427843
3.284573663902446	0.9852440240839578
4.999904246653593	0.9852440240626559
6.3710229612915725	0.9852440240621068
-1.032766236825129	0.9852445268986145
0.9737707263920203	0.985244028455393
4.84100978063076	0.9852440240626433
0.39357044111257267	0.9852440188364747
-2.627134927715642	0.9901794609209138
-7.226418943572606	0.9999993218239791
6.547438242738526	0.9852440240621072
0.8414063828122398	0.9852440322080835
9.050748729117565	0.9852440240620887
4.762042812976794	0.9852440240631304
-0.9222680864085611	0.985244126228057
-7.337156217619141	0.9999994744550466
-5.8923983750045394	0.9999853804011624
3.422423437547577	0.9852440240802257
-7.03834622664417	0.999998954307688
-2.430845537309727	0.9885859036599552
9.836915852753584	0.9852440240620884
2.5152127579524652	0.9852440242065624
7.323869936159269	0.9852440240620906
2.8218933486036413	0.9852440241345107
7.409637243878802	0.9852440240620906
5.570023968539273	0.985244024062231
2.0951099483312206	0.9852440243418683
-2.1384466410268255	0.9867832975299974
0.23626751901340448	0.985244035001159
4.195647186407033	0.9852440240644882
-9.232959614312225	0.9999999933192901
-9.428309694193185	0.999999995739379
6.052192045700341	0.9852440240621241
7.893909701609488	0.9852440240620894
-3.6414172130469735	0.9977912252777753
0.683200827951822	0.985244032449694
-9.897357431056504	0.9999999985531446
-3.005773946452037	0.9935664425269561
4.030025652529661	0.9852440240666327
-5.549465943226792	0.9999678390035693
1.5048109191000236	0.9852440251001721
3.103157472163902	0.9852440240981659
-9.51521794811882	0.9999999965120928
0.19431208562543212	0.9852440349919751
7.10755009251271	0.9852440240620931
6.466358916778599	0.9852440240621066
-7.145492764040862	0.9999991829203448
6.365738206518628	0.9852440240621069
0.5872823613604972	0.9852440320786721
-6.774139311948293	0.9999980787494389
6.548521342396011	0.9852440240621071
-8.411295067650677	0.9999999556916316
0.5465485337244438	0.9852440208154786
-5.223573757330784	0.9999320605840188
-3.4954747293910415	0.9970836229302271
-9.511728424902364	0.9999999964839552
-2.371564147132883	0.988160655947591
-2.169357467057025	0.986933606009795
6.341540865461059	0.9852440240621055
-0.8400739088585283	0.9852440668748433
-6.874229499490165	0.9999984741710323
4.289439584932278	0.9852440240643559
-5.68743820748332	0.9999765779153942
-9.940366041944916	0.9999999986895584
-5.067689220762914	0.999902924638546
7.050395951586566	0.9852440240620929
9.857618271170587	0.9852440240620886
-0.27714620792328226	0.985244021014304
6.227270112229277	0.9852440240621242
-3.4999661593553943	0.9971077711539746
2.0210361776581323	0.9852440246436903
-9.12964769938327	0.9999999915251024
-9.124659763953268	0.9999999914272055
4.9459855283485155	0.9852440240626573
1.0302156128700446	0.9852440284524328
0.5665187721079246	0.9852440266750014
7.416635345097191	0.9852440240620904
8.660544208680573	0.9852440240620887
0.36082533951872975	0.9852440190442043
6.835430403505786	0.9852440240620975
2.9399894285242425	0.9852440241355302
-8.826818074946644	0.9999999829798378
-2.6854437058161507	0.9906920852140255
8.65911941180051	0.9852440240620888
-2.4422712744384256	0.9886703807642497
-4.450057111102055	0.9996059855083103
5.91287234157452	0.9852440240621592
-5.759636104600916	0.9999801601999871
9.212693582526153	0.9852440240620887
8.453191318425919	0.9852440240620887
-9.170761186617886	0.9999999922905926
-3.5520789566002664	0.9973767773308057
-4.138954123263323	0.9992161036213861
-0.660263601868758	0.9852440496987485
-0.9539807634197395	0.9852441807307382
-0.46294269807899724	0.9852440265421613
-3.754030224634901	0.9982347360968904
-7.113399958723932	0.9999991202580515
-3.43002483609149	0.9967141583431186
8.067988000173663	0.9852440240620892
5.301623027395426	0.9852440240623722
-4.163448929034224	0.9992568636547927
-3.1857138801872775	0.9950472557936253
9.226715071132144	0.9852440240620888
-9.367875311622399	0.9999999951032617
6.954923960467056	0.9852440240620931
-6.449545774178289	0.999995943867906
-8.722569079083268	0.9999999783622335
9.639807441510474	0.9852440240620884
-3.9414568591178734	0.9988023387566918
-9.36185092076089	0.9999999950348616
9.123097416616147	0.9852440240620883
-5.0455243031113195	0.9998978782001455
-4.278387422644743	0.9994226927178818
-2.4324684030592003	0.9885978479025445
-9.588132760439594	0.9999999970511667
2.7482474848092853	0.9852440241357632
-3.3225466609795173	0.9960358711426721
3.5447455704189856	0.985244024080341
0.8324574791424446	0.9852440325145693
-5.3644361025711085	0.9999508146015257
-4.265918408277254	0.9994065758166342
-0.5159459156306347	0.9852440271761346
-6.77281594776415	0.9999980728869686
-0.19698154551301172	0.9852440206555555
9.19202159608449	0.9852440240620888
1.0966986589111105	0.9852440284243517
1.1538946313750387	0.985244027916456
6.8744427657788165	0.9852440240620964
8.51315060562954	0.9852440240620883
2.2875396824050753	0.985244024350195
-2.673998398917159	0.9905906287198386
-8.333959302177254	0.9999999470554475
2.5091918562775373	0.9852440242063258
4.760510150377009	0.9852440240631464
4.412564707027759	0.9852440240643465
-2.1105547758876986	0.9866551794882655
7.321716775763921	0.9852440240620904
-0.7366190138245763	0.9852440531333313
1.996261222494077	0.9852440246336952
0.3928111839903856	0.985244018834876
7.302186022304305	0.9852440240620904
-7.888274953381296	0.9999998522584319
3.6331292629227896	0.9852440240707859
6.995638624822604	0.9852440240620933
9.131921007886547	0.9852440240620883
5.938754475086663	0.9852440240621609
-1.2963654548540315	0.985256789763593
-0.5815355666827315	0.9852440295623551
9.757430613667594	0.9852440240620886
6.2562994343829175	0.9852440240621241
-0.8903096696780644	0.985244093119507
9.627837635498938	0.9852440240620884
5.007341282874922	0.9852440240626543
-1.769199409145937	0.985606135910169
-5.848617978021466	0.9999838315505409
6.8904829614547936	0.9852440240620944
6.775856368363897	0.9852440240620974
-3.5080383486194266	0.9971507849793083
-5.10118920617499	0.9999100855078049
0.89270969319141	0.9852440283114611
-7.818336395635885	0.9999998264436868
-7.447592838244632	0.9999995924537596
0.6364331079479015	0.9852440323097911
0.15393423983889676	0.9852440352203186
7.9540028459136956	0.9852440240620892
-0.6939037468211584	0.9852440518577088
6.189587951310283	0.9852440240621241
-7.717636073896403	0.9999997811535719
-8.7679119224048	0.9999999805074137
8.3200234531968	0.985244024062089
3.022943774437552	0.9852440240955727
3.4395843144901725	0.9852440240802329
-5.203223931312788	0.999928817719919
-2.766921013547443	0.9914213194774147
3.2039458127718046	0.9852440240981021
9.437618169562793	0.9852440240620886
-0.536555581627848	0.9852440276513436
1.5089427154642578	0.9852440250980421
0.11025047342435457	0.9852440351877207
-8.238544850787953	0.9999999340468784
-8.972577369457078	0.9999999878324106
4.521809623481232	0.985244024063119
-9.21841367567656	0.9999999930917415
8.74914744630814	0.9852440240620886
6.698330529247713	0.9852440240620977
-9.326126751895675	0.9999999946091709
6.389328473298743	0.9852440240621064
7.864491231587593	0.9852440240620893
1.3020780489777053	0.9852440263084513
6.54345540833453	0.9852440240621071
-7.110385876386105	0.9999991141316457
-0.8135479906553922	0.9852440604145746
-9.569955514255595	0.9999999969251253
5.5966317786299555	0.9852440240622311
-3.8241890093756536	0.9984703398871745
-2.0324585746920176	0.9863282259762042
5.765912668042281	0.9852440240621612
-0.8565091196272778	0.9852440729065347
8.316469281380034	0.985244024062089
8.305530607062956	0.9852440240620889
-1.1696302888570553	0.9852472628449553
-7.0494559313493665	0.9999989807163695
2.330544008648893	0.9852440243566842
4.476157845597189	0.985244024063788
1.7123004312444845	0.9852440252035595
-8.899605261148992	0.9999999856061625
2.7098593923291947	0.9852440241275428
9.946149870769773	0.9852440240620884
4.352170225062512	0.9852440240643604
-0.042097119325518406	0.985244026120544
-4.024157381285907	0.9989955211822228
-2.7526232579548404	0.9912925072962238
6.8656547793320435	0.9852440240620972
-9.535600476354391	0.9999999966720069
8.000219314121221	0.9852440240620891
3.790108532062458	0.9852440240711605
2.2335781358132056	0.9852440243507491
-8.438025201139583	0.9999999583364971
-9.260918509565021	0.9999999937358263
8.743702236102035	0.9852440240620884
-8.773974559347874	0.9999999807776344
-9.931798696918047	0.9999999986634495
-2.558860360280786	0.9895969737899848
-5.944732748292734	0.999987038597582
-5.068886538145576	0.999903190075309
5.4719765909679055	0.985244024062234
-5.145955331741967	0.9999188416549534
2.82908862008882	0.9852440241345433
6.894216327580594	0.9852440240620941
3.315892303716609	0.985244024078484
-8.80114817665795	0.999999981943499
2.863638324201654	0.9852440241345445
0.5339771265353868	0.9852440186841127
-6.110721106791628	0.9999911531256571
-6.312092033034302	0.9999944343046658
7.704029749198167	0.9852440240620898
-3.8150373585017627	0.9984412645945329
7.0879003780845515	0.985244024062093
0.9892646032331864	0.9852440284320912
1.3510879736447698	0.9852440263151782
3.53001383965632	0.9852440240805425
2.4085153968395634	0.9852440241928906
6.4024149860821495	0.9852440240621066
2.9024835603681964	0.9852440241340418
-7.359487493903738	0.9999995007944371
-9.20297540590104	0.999999992841751
-1.114722914418067	0.9852456303880371
4.339350082127762	0.9852440240643621
2.9875440557592583	0.9852440241028828
3.6955128288265726	0.9852440240711186
-0.6451392259447744	0.9852440448930664
9.732005972826329	0.9852440240620883
8.149511923488024	0.9852440240620889
4.7229513752119665	0.9852440240632264
-9.419357691369243	0.9999999956506445
-2.38744037035052	0.9882721821669106
-9.293795951615094	0.9999999941925377
-9.51279984495098	0.9999999964926185
7.291579292473571	0.9852440240620908
9.561250955495169	0.9852440240620889
5.045303191057563	0.9852440240626679
9.398732081726582	0.9852440240620888
8.879047549778043	0.9852440240620883
-3.569143679522151	0.997460438133887
-9.332196843588946	0.9999999946839934
8.071699129520749	0.9852440240620891
1.1223268751700832	0.9852440285279285
3.6705981071660645	0.9852440240712993
5.428433458884889	0.9852440240622186
-8.901949464520333	0.9999999856836473
-6.273066672803589	0.9999939112411331
9.40016050707991	0.9852440240620887
7.173226498115351	0.985244024062093
-4.675545468694691	0.9997629061562214
-5.753626206663158	0.9999798841328635
-5.95625919819192	0.9999873777750259
5.1628276266520245	0.9852440240623798
8.967652906805274	0.9852440240620883
-3.032516436892072	0.9937968624264791
-1.505674032367427	0.9853199542120501
3.529698958991867	0.9852440240805354
3.4336272160805237	0.9852440240802376
-0.754385223831374	0.9852440539675403
-9.424726688965496	0.9999999957040826
0.8633552839697689	0.9852440304786766
-0.47594904379014835	0.9852440266855393
-0.46785695568305385	0.9852440265949659
6.8933639058228415	0.9852440240620945
-2.51465581580546	0.9892338248993715
-7.335779339017461	0.999999472786291
-9.956967655382321	0.9999999987149057
6.376788080283653	0.985244024062107
7.391133638427419	0.9852440240620904
4.818247430501232	0.985244024062602
8.49363601664291	0.9852440240620886
-5.659924140791932	0.9999750487329443
-3.713429821893657	0.9980844919631928
2.1243058355020583	0.9852440243339783
2.46277159420735	0.9852440242093303
-4.778458065880948	0.999812267731577
-1.0433941304328531	0.9852446121451136
-3.456297782427562	0.996866433713938
1.893791732342196	0.9852440246339087
-2.7414475967203344	0.991192169453715
7.139078134378131	0.9852440240620933
-9.898382520193877	0.9999999985565555
4.22119073287452	0.9852440240641496
-3.180271357933089	0.9950052182751801
-8.02049610221406	0.9999998910360577
7.2580475546206635	0.9852440240620907
-0.28743948092300187	0.9852440210587221
5.307250297116081	0.9852440240623717
3.713963300685851	0.9852440240711433
8.817887383123164	0.9852440240620883
-8.785981815193903	0.9999999813018027
4.700022999002362	0.9852440240632218
-5.929709387302955	0.9999865828178037
-2.4387960044687196	0.9886445872726821
3.108149903113734	0.9852440240982094
7.640479753519664	0.9852440240620896
7.132273711492605	0.9852440240620931
-2.610289414241649	0.9900336144568063
5.059543198227935	0.9852440240626277
-6.6108935822656845	0.9999972022896021
7.84245628469748	0.985244024062089
1.0862844769959867	0.9852440284397184
5.733614919716343	0.9852440240621544
8.642356648246082	0.9852440240620884
5.574206502117889	0.9852440240622309
8.595815044917284	0.9852440240620884
4.759025305878243	0.9852440240631611
6.017890024422506	0.985244024062121
0.2750240239913957	0.9852440227170715
-3.631121966265529	0.9977463890725808
-2.892868457923159	0.9925645126170696
-2.7227232710057425	0.9910245123006447
3.4973323936817113	0.9852440240801542
-4.029364537601823	0.9990066659777145
-5.4086649887315685	0.9999555621335064
-5.619217444444575	0.9999726016625884
-8.983584240952137	0.9999999881369139
-6.761309277336949	0.9999980211528295
1.6054269445061387	0.9852440252006075
-4.7589278985585315	0.9998037520234554
4.725371919871133	0.9852440240632302
-7.22566522167627	0.9999993206460429
-8.125565158870952	0.9999999144511084
6.566460876227865	0.9852440240621054
0.595361775099704	0.9852440330821999
-4.722364779240231	0.999786773170333
5.658445149632261	0.985244024062227
6.085464291449483	0.9852440240621245
0.3556780595818676	0.9852440191012505
-6.887646966000434	0.9999985205854397
-4.445491515311288	0.9996019378026121
-4.523938796139428	0.9996661788577175
0.6804821812160569	0.985244032439618
1.56971505694659	0.9852440252119149
9.469907808382185	0.9852440240620883
1.1183267546366196	0.985244028504448
5.212524336638404	0.985244024062372
7.8994035226565344	0.9852440240620894
4.71542127698973	0.9852440240632193
9.979818211271354	0.9852440240620887
8.662462582503373	0.9852440240620887
-7.614778063004026	0.99999972267074
-8.173103231816427	0.9999999233210097
3.479163509290073	0.9852440240802521
-5.230226759409584	0.9999330885496974
6.781672895645535	0.9852440240620975
3.8777399053785544	0.9852440240684815
3.81089071544411	0.9852440240711087
7.7022894778993845	0.9852440240620894
2.2250046736892806	0.9852440243507856
-2.369039428217534	0.9881431060386869
-5.397154672835951	0.9999543724640785
6.195500111213445	0.9852440240621239
1.3904944591418058	0.9852440263061578
-1.9452218383717614	0.9860254261967072
9.313615336507013	0.9852440240620888
-9.610973180185942	0.9999999972022436
-1.8177842135163544	0.9856997574211509
3.5871202102182096	0.9852440240727466
7.226671902745817	0.98524402406209
7.778422524810615	0.9852440240620898
-4.047696887140022	0.9990449962400862
-6.805319630527689	0.9999982118343376
-7.09565869107748	0.999999083578231
-0.9938351305533999	0.9852443053337961
2.701274066292303	0.9852440241297932
-1.8566671683471814	0.9857841698063226
9.433654640301128	0.9852440240620887
6.774401638490954	0.9852440240620974
5.389442011173582	0.9852440240622675
1.1388186475972706	0.98524402843645
-7.105869092984771	0.9999991048709146
2.358241149731395	0.9852440243136029
9.060565168993023	0.9852440240620887
-1.1494826163224516	0.9852465470275832
2.9967718419399567	0.985244024097754
7.74093107360228	0.9852440240620897
-4.31998381575895	0.999473477681849
-9.008274297156419	0.9999999887925267
-2.9146825537278387	0.992760944732573
3.842657634026212	0.9852440240713027
-2.6684764952332074	0.9905418153341315
-7.464114975853171	0.999999607666694
-7.547510621427742	0.9999996762113516
-9.18645977550641	0.9999999925642897
-5.49812409218668	0.9999638134025024
-7.542134073119486	0.9999996721779892
-4.663409903353957	0.9997563027308983
-7.544883231853339	0.9999996742465784
-9.538702989255373	0.9999999966956966
-7.418915156025276	0.9999995646347835
-7.712206980328742	0.9999997784006593
1.7536880445301772	0.9852440250873882
5.451805333580332	0.9852440240622319
5.360212896191046	0.9852440240623594
-4.562804780520566	0.9996941416117932
0.3035611815958106	0.985244017860486
2.122260600333048	0.9852440243315076
1.8184537554970692	0.9852440245931788
-7.067867937367414	0.9999990230230535
1.991678592159186	0.9852440246347117
8.41149638366867	0.9852440240620886
4.855910867317604	0.9852440240626679
-0.3904716536601569	0.9852440259159488
2.8830751504850696	0.9852440241345461
-3.0674883396456565	0.9940931725620187
-5.720010359020851	0.9999782677253969
-5.207423479131221	0.9999294993183125
-7.328797932957385	0.9999994642430171
6.9425061274904465	0.985244024062093
0.3293801671468586	0.9852440187400188
0.17702230113957107	0.9852440351846459
-1.5147626454743879	0.9853248974246746
-9.225274976582035	0.9999999932000254
3.634774755091353	0.9852440240708535
2.2935892246505887	0.9852440243494242
7.750949845294336	0.9852440240620898
5.280451692337049	0.9852440240623737
9.93872776004276	0.9852440240620886
3.7593875622948616	0.9852440240711635
2.989265080834546	0.9852440241017425
9.335302321808705	0.9852440240620887
-2.4678281354968457	0.9888633561902741
9.021594456461727	0.9852440240620882
-1.8685027799077645	0.9858122846254981
7.467044167846527	0.9852440240620906
-2.9337166661021064	0.9929314523157918
-5.033728490771314	0.999895087271175
-5.810892956684874	0.9999823660971755
-1.5503348425529282	0.9853463039275185
9.11014819390931	0.9852440240620887
6.627022763140808	0.9852440240620961
-8.465289754554215	0.9999999608716962
7.213258658477564	0.9852440240620901
0.986546886862385	0.9852440284327049
3.7936809553172033	0.9852440240711474
1.6787217360976925	0.9852440252043798
-2.3343876272570574	0.9879074415887071
7.2880593201371795	0.9852440240620907
3.046583610324486	0.9852440240988141
-7.312073758963185	0.9999994432100047
3.0861310625529192	0.9852440240982375
0.08125914524208078	0.9852440352399061
-8.041826370473647	0.9999998962584689
-5.522018506210733	0.999965745894858
6.404023785494715	0.9852440240621065
-8.816626435392205	0.9999999825756997
-0.3617481166951908	0.9852440254447392
6.818340703976112	0.9852440240620973
4.839205257299568	0.9852440240626387
0.0867317874292084	0.9852440352432857
-9.30879985915042	0.9999999943897463
5.716715423878785	0.9852440240621532
1.3637849329036769	0.985244026318031
7.1957237686990965	0.9852440240620913
0.5479051957825742	0.9852440211478252
7.095579192523559	0.9852440240620931
6.031764653468272	0.9852440240621211
-1.1120992126322626	0.9852455747110709
-2.4103810907367462	0.988436569661077
8.667266475222291	0.9852440240620889
3.481962015962651	0.9852440240802481
-6.047161577875917	0.9999897598459819
-4.804795358632319	0.9998231767348293
2.0276795255562163	0.9852440246484079
-6.14081506831798	0.9999917450578881
4.155042147876532	0.9852440240664442
5.783734374914236	0.9852440240621599
-2.284688638854182	0.9875872156170953
-1.2092809485692069	0.9852491744969342
-5.917647300094719	0.9999862053126692
-6.028128926502854	0.9999893014427634
4.730418702781641	0.9852440240632396
-5.628613601910275	0.999973186963647
-1.6008208653661082	0.9853855903850006
1.8752168597891306	0.9852440246384275
-7.157917120249548	0.9999992059629894
-4.2579750901809055	0.9993960849664444
-2.3948267285867253	0.9883247213700797
-7.503586563582703	0.9999996417512805
-1.9956660899211123	0.986192333922236
-6.737701849425148	0.9999979106254853
4.0846757125094015	0.9852440240666352
6.872640048707076	0.9852440240620969
-2.8975688507949426	0.9926069170221327
2.407285083260806	0.9852440241931539
-0.7780819033659867	0.985244055665316
7.219662654319382	0.9852440240620903
-6.821404235609001	0.9999982768418602
1.6341529340080783	0.9852440252038818
-9.421060260914956	0.9999999956676618
-6.63915178913808	0.9999973784988281
-4.02248202052887	0.9989919108793239
3.9512783264022566	0.9852440240667029
1.9994227790968147	0.9852440246332582
0.4798604393444563	0.985244018914388
4.595249669489725	0.9852440240632201
3.6805491024646173	0.9852440240711977
-1.7467122014167522	0.9855675970208384
-1.9486461088634321	0.9860360653691432
2.8236300097440825	0.9852440241345245
9.005108228524175	0.9852440240620883
7.222097215717618	0.9852440240620902
6.346696480580874	0.9852440240621059
3.895374888763886	0.9852440240668298
-2.3802724510995388	0.9882215835812924
9.869644056349152	0.9852440240620886
7.329588107118433	0.9852440240620903
-3.135435970936511	0.9946516756466691
-4.4229150216610735	0.9995813214196998
-5.942109311009691	0.999986960137445
3.282651070463549	0.9852440240847088
5.238165500230835	0.9852440240623734
-5.221972417007219	0.9999318108202396
9.057995097507568	0.9852440240620888
2.6328322716791988	0.9852440242097498
0.6056034856248651	0.9852440334843899
3.156811105112908	0.9852440240983286
-3.084248092872466	0.9942332077740633
0.9680752364526626	0.9852440284770344
-0.8436480276908576	0.9852440680251011
5.687615556449073	0.9852440240621827
