6.61901638771889	0.9407481901556076
-5.970831964374321	0.9999810314669512
0.63637337713946	0.9407481577998151
-0.39805803589148425	0.9410141129763869
3.856559603580582	0.9407481913468669
1.203283591723352	0.9407481439274603
9.842262516022934	0.9407481901544386
1.5518093736783847	0.9407481089987907
-3.5003200634845166	0.9951752957158226
5.620731921546888	0.9407481901746004
0.16163822004875783	0.9407495113703294
0.8206286619416314	0.9407481557708934
-4.245678440030698	0.999021645778142
-5.524816747685679	0.9999470821110639
9.141993194643746	0.9407481901544417
-3.525796102231218	0.9954151082119659
4.0629703044442245	0.9407481907922975
-0.49930706407815606	0.9412235860417784
5.920310030311908	0.9407481901645425
1.3831730663733044	0.9407481451308125
8.774748141575394	0.940748190154447
5.249782469412608	0.9407481901948269
6.778221776856999	0.9407481901557196
9.961582712409943	0.9407481901544374
-4.0630954388181095	0.9985325879863386
2.1609210051921366	0.940748108896968
-4.415604173234637	0.999332126438691
6.884861037883763	0.9407481901553896
-0.4645042476245145	0.9411411819135973
-4.068611656255556	0.9985503166461154
9.304858477042544	0.9407481901544401
6.6431323662322725	0.9407481901556635
7.388141127809131	0.94074819015476
-5.2373133300013075	0.999897563591301
9.013480508799727	0.940748190154442
-0.22275607460609415	0.9408286954835566
-4.168833398544307	0.9988388043537136
-6.6095943650720335	0.9999956402317137
-1.0222285297204259	0.9443034448781851
-0.4180121997843589	0.9410484222900802
5.695863229797066	0.94074819016605
3.249834302108553	0.9407481951089526
-7.631628593509787	0.9999995855414358
-7.396357386019012	0.9999992875598271
5.078908839992383	0.9407481902140422
-8.470964549598218	0.9999999400002316
-3.182592135493265	0.9911995818257866
-8.736974584397213	0.9999999674807717
5.238069890869639	0.9407481901948483
-2.866686442701507	0.9852200509974857
7.59163194885932	0.9407481901545998
0.7950064072627363	0.9407481569581443
9.33907440338227	0.940748190154439
8.07434000375514	0.9407481901545107
4.844131378642498	0.9407481902340042
-6.363616607321516	0.9999923193619029
9.629399303412267	0.940748190154438
0.37799649008150915	0.9407482138435757
0.9506805980812683	0.9407481875218338
2.007150682734032	0.9407481524746393
-0.14885457683166514	0.9407912227948311
-7.437278706252122	0.9999993516225385
-3.6748515984664243	0.9966201380741719
6.737199529935971	0.9407481901557191
9.885535300835834	0.9407481901544382
-7.940624148157869	0.9999997965356384
2.5860424918975866	0.9407482102353251
5.394027934333376	0.9407481901779111
8.037973453518426	0.9407481901545193
-7.292736484573812	0.9999990955869036
-8.352323604343432	0.9999999211520193
7.849363443147816	0.9407481901545155
1.6335107966205875	0.9407481084133388
-0.23378018460760686	0.9408359823929981
-2.481946263477317	0.9755432160016678
6.876030314940188	0.9407481901555219
-2.1765467969596886	0.9670892003142992
8.009900446153836	0.9407481901545182
3.116020127480109	0.9407481952339655
8.766155516890763	0.9407481901544471
-4.8399995974127075	0.9997454554151944
-7.922104429023862	0.9999997876716528
1.7038667907011185	0.9407481088494324
-1.1447177841079004	0.9456784296025671
3.211088280815165	0.9407481952126252
0.6990547088590571	0.940748156713844
3.3426422207726105	0.9407481926929663
2.7522895838203034	0.9407482004965749
-3.418792747161201	0.9943345669262863
-1.405666540929694	0.9494697546810807
-6.438605340325307	0.999993537138169
1.93561184867551	0.9407481528351729
4.315170802497676	0.9407481904736053
8.780786110010602	0.940748190154447
4.109056701213554	0.9407481907880807
-9.725236624471968	0.9999999966589836
-4.761601914815623	0.9996955588819407
9.72163966309256	0.9407481901544381
-9.877532683650676	0.9999999976472149
8.589989606545572	0.9407481901544572
-3.4044967455222475	0.9941751399693731
-6.79738483311549	0.999997170607998
3.9434088452179736	0.9407481907902314
-6.7914197126213205	0.999997131480983
7.293369826746403	0.9407481901547604
-1.3536345135991787	0.9486051034754536
1.4852511885089292	0.9407481125804992
3.622546523606456	0.9407481913184068
-9.419479431903387	0.9999999932448389
-9.693962992166071	0.9999999964095231
4.23544368106738	0.9407481904615127
-9.216605093792092	0.9999999892226976
5.1269609089340396	0.9407481901913421
2.9360359306407027	0.9407482004935857
2.137788600132371	0.9407481080170531
-8.848301804985095	0.9999999748340608
0.45875209264455563	0.9407481850986358
6.129577419432053	0.9407481901595307
2.9292010329829488	0.9407482004786804
-1.886484489045884	0.9595025310624936
-9.99506766899502	0.9999999980035073
-8.83157281811194	0.9999999738457603
-3.5836132052158787	0.9959212991641243
8.418754699441795	0.9407481901544565
8.725879153025407	0.9407481901544458
-1.885593414651785	0.9594804547578774
9.707759557371691	0.9407481901544381
-8.412519936203914	0.9999999313573101
5.022738114444509	0.9407481902348673
9.755900583279104	0.940748190154438
-1.6488362017082192	0.9540805617250109
-0.34617371613295234	0.9409403322590192
2.5565577267696895	0.9407482102645254
5.574777601460287	0.9407481901747102
0.41985443151922297	0.9407481930314779
-2.3253171984359744	0.971225821477427
3.828639989958461	0.9407481914430934
-8.320664956265112	0.9999999151895923
4.2180388942156135	0.9407481904436138
-1.7304873935066958	0.9558691806645138
0.44519377267783966	0.9407481870714314
0.6125793798800139	0.9407481582604489
-8.242791004055645	0.9999998985334589
1.9912954325519152	0.9407481526180969
3.5710202965792703	0.9407481921142605
7.343417305622889	0.9407481901547595
8.50177720708336	0.9407481901544572
7.178126010771386	0.9407481901549736
4.073687985612736	0.9407481907930014
6.606892663364015	0.9407481901557337
3.2183740875977573	0.9407481952461222
3.788640722895721	0.9407481914252376
-4.934337763503707	0.9997948474249335
8.447522187769913	0.9407481901544565
9.057489685851476	0.9407481901544412
9.63933755306882	0.9407481901544381
3.9049182347041054	0.9407481907529985
-5.784980869203631	0.9999709094573719
-2.4164864674010467	0.9737560373196084
8.096553676856558	0.94074819015449
9.983006970830605	0.9407481901544374
-8.648858482934173	0.9999999601657895
-9.368182797021198	0.9999999923979271
-4.755945716145442	0.9996916049827088
-7.331559594971928	0.999999172925389
0.7616416208811891	0.9407481565704724
-2.841301834842076	0.98465167619814
-5.854544427544859	0.9999752118093638
4.697248157373668	0.94074819031462
-2.8246935144794394	0.9842733563752466
0.22564787264174768	0.9407487443662955
8.65977561619114	0.9407481901544578
4.745869003696006	0.9407481903173508
8.433343580466133	0.9407481901544558
-0.08763519348635285	0.9407722514170278
3.4250748132129374	0.9407481926910534
6.470400031719379	0.9407481901569926
1.2188434464187594	0.9407481436924618
-9.911584728404886	0.9999999978246404
9.809251074894103	0.9407481901544381
-0.47652517463869337	0.9411683001892148
-5.057620331764836	0.9998453110630342
4.051268355857566	0.9407481907920923
-3.3825642046001825	0.993923324478142
0.6254691562121586	0.9407481579157817
3.960762654936122	0.9407481908061839
-5.444571688786057	0.9999363634754407
9.82023175934075	0.9407481901544382
-7.937202950875029	0.9999997949265123
9.747730755608313	0.9407481901544382
-8.197034034481474	0.9999998872595592
7.874463702528747	0.9407481901545198
4.650707908585536	0.9407481903149465
-1.5671999290435714	0.9524043471443677
2.087348875538728	0.9407481118684995
-3.781590484578383	0.9972996000983833
-4.122745019954572	0.9987137516851432
-4.594907281359664	0.9995550186472805
-6.771628513506669	0.9999969977475863
4.34550319503542	0.9407481904744858
5.072314052032931	0.940748190220319
-3.721853918946727	0.9969364788201199
6.204602444568263	0.9407481901595169
-9.146611060535008	0.9999999873379476
8.312243240966378	0.9407481901544774
3.875445179628594	0.940748191085456
-0.2524521265848989	0.9408494906255382
4.254587782459334	0.940748190480448
9.034269847119383	0.9407481901544412
-8.556805011602044	0.99999995076096
9.478390476584483	0.9407481901544396
1.8325443444603184	0.9407481536069718
-4.977354643063232	0.9998140853453753
-6.177314002672789	0.9999882064068234
4.098849237888755	0.9407481907898285
-0.7682978999191548	0.9423122877497802
2.673284627639042	0.9407482044517153
3.0416542955032497	0.9407481952458226
4.405312492247933	0.9407481904725806
9.37927182622397	0.9407481901544396
7.443053882612446	0.9407481901547649
-3.953834461093786	0.9981358174516911
1.6714951378737695	0.9407481081654119
2.1870300041147885	0.9407481078790773
-7.410742497525078	0.9999993107708604
-9.577785473735915	0.999999995308307
5.334011915466906	0.9407481901954051
-9.94654995032846	0.9999999979929153
-9.861999599728449	0.9999999975615399
-2.0181245289020255	0.9628655959087262
9.022189287366189	0.9407481901544413
9.021895453054661	0.9407481901544413
-8.034814876756947	0.9999998362059511
-0.7534304975100437	0.942226038119
7.607330520760037	0.9407481901545978
-1.0719999083672107	0.9448285858051815
4.075521426391822	0.9407481907930813
-9.838824582144508	0.9999999974278833
9.020929978590786	0.9407481901544413
6.150040975207858	0.9407481901595339
6.438590928436739	0.940748190156994
-4.003151298540737	0.998326103302591
7.75462818989018	0.9407481901546016
-3.9945210511313833	0.998294190355457
2.7043643396654637	0.9407481994941372
3.438499119320282	0.9407481926913358
5.220673866091467	0.9407481901947465
-7.130136852270947	0.9999986848932756
-5.712683595485393	0.99996564580599
-0.7546287057600054	0.9422328687316278
-8.9870556639811	0.999999981716498
-0.06522128664776083	0.9407673550049527
-6.85062436743876	0.999997497016851
3.4567804273170424	0.9407481926897919
-5.117176878767022	0.9998650531664608
2.790285941760411	0.940748200242978
8.458403986519443	0.9407481901544574
6.373484571092707	0.9407481901570446
5.348975717989122	0.9407481901953223
-2.5647449889640495	0.9777862984412811
9.19089371355139	0.940748190154442
-8.540669326664903	0.9999999488971406
4.767127287637125	0.9407481902932578
7.572433389167852	0.9407481901546021
8.876581048473426	0.940748190154447
-9.109527402266341	0.9999999862092513
-8.282663269449175	0.9999999074341623
-1.4718300584297808	0.9506375271099586
-0.5886999126145511	0.9414926630267134
-9.647876973054093	0.9999999960075618
-1.6268995742158552	0.9536189870129431
-1.1668924363122013	0.9459557716530778
-8.279098492436493	0.99999990667124
0.6407529340150866	0.9407481577229913
7.2745599942923	0.9407481901547662
5.407588761206327	0.9407481901738423
8.007757434649587	0.9407481901545182
3.763493185261826	0.9407481914255671
8.31969418366796	0.9407481901544772
-9.724241201751532	0.9999999966513171
4.335648429501839	0.9407481904746282
-6.017842241953408	0.9999829764928128
-8.658199117918075	0.9999999610133767
-8.002832287684448	0.9999998236885334
-8.288663594663412	0.9999999087042805
-0.3124543128283541	0.9409040078850281
8.613413688214461	0.9407481901544573
5.63506909499746	0.9407481901749862
4.103215049343385	0.9407481907887404
-3.1571254397016135	0.9907944871555423
1.272246743975769	0.9407481453002007
-3.2983452369023825	0.9928727421611734
1.3246094371821258	0.9407481451933354
-7.310076653767914	0.9999991309852628
9.089441638259899	0.9407481901544422
9.35819938066707	0.9407481901544391
2.8748711921995493	0.9407482003038306
-1.6642177388699366	0.9544091824443973
9.331186553583901	0.9407481901544392
1.0328688675808273	0.9407481880212569
6.991868859540084	0.9407481901550825
-7.079082430959969	0.9999985208462384
2.5550931758120434	0.9407482102554738
-7.4383309956634	0.9999993531916118
-8.053435820943182	0.999999843080352
0.6498800617204594	0.9407481575150309
9.571242910249541	0.9407481901544396
-5.615072236206946	0.9999569991050016
5.608522728023422	0.9407481901745819
-4.290256111197435	0.9991145693376419
-7.1138755526003505	0.999998634720097
-9.43391077230062	0.9999999934656212
-5.424087214472415	0.9999332961839772
-5.976696401839781	0.999981285739313
0.13301659373790464	0.9407501401803797
-7.274498902090265	0.999999056800342
3.3397233391815995	0.9407481926673206
5.623956380854448	0.9407481901746534
4.755041530648763	0.9407481903107813
-0.09128365969430341	0.9407731504434025
9.511519854020957	0.9407481901544396
2.9578070745413285	0.9407481992536296
5.2932505637419816	0.9407481901948296
-1.1877426764223777	0.9462244500136523
-6.654311104226949	0.999996066744592
4.2472839120449315	0.9407481904761941
7.2909945900761315	0.9407481901547613
-6.331473652415487	0.9999917294801446
-8.2722647493729	0.9999999051910793
-9.85181272526459	0.9999999975036666
6.125174652938302	0.9407481901595253
3.609526439210221	0.940748191311918
-2.1805300743390665	0.9671984997059563
-3.398465911999433	0.9941067729533679
6.348644975862992	0.9407481901569561
0.10498150199518719	0.9407510216657176
-0.2782818465017023	0.9408709822947257
5.933695502773549	0.9407481901647058
1.0851558124772396	0.9407481879208813
2.5258364545140477	0.9407482101335208
-4.593566358951109	0.9995536610482365
-7.604571946169605	0.9999995588995617
1.0466221297670977	0.9407481880705437
8.15977715732268	0.9407481901544776
-9.017484285229198	0.9999999829536749
0.118457461663386	0.9407505595277118
-5.748856938548865	0.9999683886961304
-0.25421063280402834	0.940850845378866
2.947438211531722	0.9407482001183918
0.6589513030394389	0.9407481572781207
-4.899177898144886	0.9997776637018096
5.0946653397432975	0.9407481901999356
9.292781140258196	0.9407481901544409
-5.15290710635568	0.9998756710988123
6.9010171758323935	0.9407481901551589
7.35472053694053	0.9407481901547592
6.56457970502904	0.9407481901568621
-3.1502842784504903	0.99068335553203
-6.825583439406189	0.9999973484681196
-9.84164183640775	0.9999999974445146
9.874259250398612	0.9407481901544383
-9.766047532586555	0.9999999969586413
-2.4476761439125827	0.9746082575381825
-9.854085584987281	0.999999997516697
7.359813602759246	0.9407481901547592
-0.07843479838143708	0.9407701055067322
4.949396948799176	0.9407481902349593
7.345910368288852	0.9407481901547594
8.602746191387716	0.9407481901544572
-9.625748920201985	0.9999999957988698
-9.098442095226273	0.9999999858527142
9.630753615635488	0.9407481901544381
7.013071929159281	0.9407481901550766
-7.738034664147504	0.9999996756034605
1.9867682968772762	0.9407481528000783
0.7856257877986152	0.9407481567905558
-2.4131997586300047	0.9736656933947924
0.06945819805137887	0.9407526457495119
-2.1733984488228186	0.9670031326778296
9.01457739122636	0.9407481901544418
-7.004623075254517	0.99999824422415
9.344027339367521	0.9407481901544389
-2.3223760808664595	0.9711436771310744
2.2838237198985176	0.9407481080423505
-9.578624987283074	0.9999999953173674
8.055210642665461	0.9407481901545202
-2.0413574979208082	0.9634783187485165
-4.986088001684745	0.9998177662811033
0.739508447324777	0.9407481566981428
-9.318722928101607	0.9999999914809318
-5.968119212266996	0.9999809126808827
4.91545102746764	0.9407481902347063
-7.58912689886734	0.999999542930484
-5.235356043105672	0.9998971023272601
-9.131497029353461	0.9999999868895333
9.735419802111977	0.9407481901544382
-2.8208009115767663	0.9841839561692565
-1.9645056811731862	0.9614714028489271
-0.19836633132019799	0.9408142223313546
-2.7947534825730624	0.9835783760440865
-4.817841710326789	0.9997322389123269
-0.1045078669044166	0.9407766250868412
3.438688318018187	0.940748192691309
8.30189103689067	0.9407481901544774
-5.686398951485265	0.9999635047486523
1.2382985585153996	0.9407481455616901
-4.436230134399564	0.999362513452749
-3.2834736043458967	0.9926729382581926
-7.508955119423737	0.9999994502657893
7.1225526383033895	0.940748190155076
8.055324989005584	0.9407481901545202
-6.968440431868239	0.9999980916880348
-3.71005307690762	0.9968596831260407
8.44160874471229	0.9407481901544561
-9.142830304040874	0.9999999872272369
-7.03096001726224	0.9999983475306407
-6.350491285517754	0.9999920837473824
5.919816943376382	0.94074819016454
-7.752975158371389	0.999999686573349
-8.940526072122186	0.9999999796488508
5.705755546983502	0.9407481901644671
-0.021511325571959006	0.9407607558744817
-8.899554537171426	0.9999999776354358
0.6785164137966326	0.9407481568558321
9.16477122605177	0.9407481901544419
7.6785063848563055	0.9407481901545988
8.193307080063036	0.9407481901544775
-7.640993578539601	0.9999995943828934
-8.611652673105397	0.9999999566027735
1.8945818658616496	0.9407481531444204
9.961400221840854	0.9407481901544377
-0.5539957749006739	0.9413777651197598
8.4568624774072	0.9407481901544573
-4.573212053007607	0.999532545044753
4.122680922078006	0.940748190794096
-5.919852436147557	0.9999786704208606
2.903383481600237	0.9407482002241945
7.214635349212216	0.9407481901547433
-5.405486678374936	0.9999303833982538
-9.276302387411146	0.99999999060682
-2.5453868919595735	0.9772673035354243
3.403085076510507	0.940748192678021
-4.480435883856297	0.9994231427335188
-0.8686999646299078	0.9429854141337947
6.687112484686821	0.9407481901557287
-1.8491946374758594	0.9586049616995803
0.5797741547150448	0.9407481646214617
5.196675244720117	0.940748190194657
0.3392669116868561	0.9407482570677722
5.46311125345612	0.9407481901751332
9.777933732066234	0.9407481901544381
6.565613418694927	0.9407481901568401
-5.684364597105707	0.9999633335846988
-3.5473867345408916	0.9956102019127244
-4.52931160288037	0.9994835922064751
-7.959090741201242	0.9999998050057136
8.38899532390478	0.9407481901544678
-4.625998334852981	0.9995853783602137
9.389326299090435	0.9407481901544394
-2.745398817361373	0.982402331349116
0.02283372082947821	0.9407559874073503
-2.84956109873979	0.9848379328020529
-2.900507744804961	0.9859581127662715
4.409487377737831	0.9407481904723561
0.0954477452951874	0.9407513967364135
3.268987894744866	0.9407481941403081
-9.877492041456275	0.9999999976469947
7.978206852161129	0.940748190154518
-8.763338300409416	0.9999999693961333
-0.6479782645677155	0.9417098436855732
-0.7611185315572566	0.9422702304660484
2.788408125155332	0.9407482002484722
4.103295810614567	0.9407481907887238
1.058458986589148	0.9407481881818983
-9.571041429904724	0.9999999952348819
6.647938879687217	0.9407481901556909
5.708997662953381	0.9407481901641358
8.411850619611442	0.9407481901544581
6.921138960082615	0.9407481901550216
-7.977279361541734	0.9999998130035429
-3.2737930634106105	0.9925405166929706
7.346644039583104	0.9407481901547594
8.03862526360767	0.9407481901545194
-3.2084041435690214	0.991596413413958
7.878425473082174	0.9407481901545198
-7.256312227024493	0.9999990164650312
9.816659998343095	0.9407481901544383
-2.8597781344999262	0.985066575806559
9.294959639329505	0.9407481901544407
-7.524792659379007	0.999999469951654
2.979218018640669	0.9407481967672656
6.533761465544519	0.9407481901570116
-9.13652949146555	0.9999999870405768
6.5926270899134884	0.9407481901560725
6.113444993974323	0.9407481901595096
-5.9683198565412	0.999980921492113
4.576579951904488	0.9407481903168156
2.684538355561873	0.9407482019491843
0.897911269289331	0.9407481859976752
-7.724795000174924	0.9999996655618784
-1.4969031714491834	0.9510971455592171
-8.327538205728082	0.9999999165212593
-4.944931705223636	0.9997997613968905
2.5952613565456275	0.9407482101499278
5.82988122092126	0.940748190164595
4.777771819059197	0.9407481902734749
7.7519841930903794	0.9407481901546021
5.724276417283889	0.9407481901636259
8.430347330099156	0.9407481901544557
-6.127336453211303	0.9999867686320488
-9.425189692183986	0.9999999933330772
2.7002905736227945	0.9407481997327483
-4.629075151083457	0.9995882692008552
9.441212665216348	0.940748190154439
-7.55495815192603	0.9999995055181591
7.569316427971067	0.9407481901546022
-2.001945291328324	0.962441502347763
2.017701651448025	0.9407481535194755
-8.277232925171045	0.9999999062694742
-0.6266245355598699	0.9416291779015089
-9.673765310283047	0.9999999962385994
8.244552310767578	0.9407481901544774
-1.8994914018682074	0.9598265164363419
2.899079739109304	0.9407482002339224
-7.51866310962372	0.9999994624177672
5.733464969688566	0.9407481901638735
-6.039810955897806	0.9999838157931343
-1.4531356432969034	0.950300782462945
-6.819438666000925	0.9999973106881856
-0.47719879129413556	0.9411698604477986
6.579574685787769	0.9407481901564656
-9.454137175801552	0.9999999937629686
8.6455062335489	0.9407481901544577
7.6487161257728715	0.9407481901545987
-4.932466926268937	0.9997939672768087
-7.534128995014893	0.9999994812246039
7.911526278140336	0.940748190154518
5.305618020539104	0.9407481901946274
2.0504801532423134	0.9407481473911934
-9.330949762444813	0.9999999917174267
8.95616401710371	0.940748190154447
-7.785308799844861	0.9999997090606116
-1.4760050083102492	0.9507135061365265
-5.68216664863022	0.9999631477554838
-7.892485416553194	0.9999997726856804
8.405040237580973	0.9407481901544603
7.1245891721031676	0.9407481901550766
-1.8326671613741183	0.9582205926714679
0.48475646091001323	0.9407481825195323
-3.9343431799544337	0.9980551170388337
-0.5270744243865089	0.9412980931401709
-1.9975333234882786	0.962326333083853
-1.0146933783439884	0.9442279511045868
-9.411081941804916	0.9999999931129505
-9.743906150843674	0.999999996799565
7.779098115054719	0.940748190154574
-3.987788374993859	0.998268894293896
3.529388999401064	0.9407481927323222
-7.722865432555266	0.9999996640726735
-3.1884405977346475	0.9912907042385961
7.593937974230226	0.9407481901545994
8.195327695842781	0.9407481901544773
0.30315464819678617	0.9407483348170799
3.0675593511915054	0.9407481953193821
8.744704722904743	0.940748190154446
8.713873313148788	0.9407481901544471
8.603199174556728	0.9407481901544572
9.053360549001436	0.9407481901544416
1.2056941036922595	0.9407481436327603
-3.7203863763835665	0.9969270223872106
8.542332076426426	0.9407481901544572
-5.2398684887889235	0.9998981626526703
-2.853358913763535	0.9849231521202721
5.043055064145898	0.9407481902365945
4.987861042097336	0.9407481902350417
1.1943475929067162	0.9407481462258162
9.84860827464269	0.9407481901544386
7.472726525175332	0.9407481901547282
6.731609664587211	0.940748190155718
1.7210464951075224	0.940748107137855
4.68679956580511	0.9407481903151329
-4.0888492574750535	0.9986136196357506
-6.226820635059429	0.9999894765982003
9.277185746033929	0.9407481901544417
0.6045798804144642	0.9407481588706219
-3.618878409825488	0.996205335278154
5.638314930741286	0.9407481901750702
4.038643526946245	0.940748190792541
-8.011344336147213	0.9999998271105136
-7.156220358379204	0.999998761549802
-2.487812306060202	0.9757038790916944
-3.898385397526458	0.9978975420335346
5.500412770407461	0.9407481901745953
9.607426692013156	0.9407481901544384
5.1114099120272485	0.9407481901917512
-6.087772267090892	0.9999855071966381
-2.1490776154130264	0.9663474301524483
-7.478355106828336	0.9999994101355137
-2.780608591239444	0.9832445457622834
-5.563930479072523	0.9999516330543621
-2.211281386530808	0.968049217884758
8.103263188532125	0.9407481901544842
7.448084772031013	0.9407481901547661
-4.5882642854095135	0.9995482529063735
-3.3658957139543277	0.9937260511450575
-0.7978465533827936	0.9424938982243477
-6.683582058686448	0.9999963230753935
-5.449491970956535	0.9999370790157905
6.866469405618535	0.9407481901556444
-4.199781948243082	0.9989161048196589
2.9027477908846233	0.9407482002249846
0.17276621484366572	0.9407493236260069
3.9647678747410353	0.9407481908052836
0.2350537046980925	0.9407486783384136
-9.110814574840838	0.9999999862500643
-3.853036970426511	0.9976817463101934
-4.288934972961229	0.9991119431103678
0.31129936383380574	0.9407483125493927
-4.539178696599695	0.9994950169950589
0.8255030622225021	0.9407481555789313
1.75554437216225	0.9407481188901516
7.055053067190006	0.9407481901550797
3.8643969707131696	0.9407481912485899
3.480043234322604	0.9407481926937041
6.130174171136403	0.9407481901595312
8.245634162524254	0.9407481901544775
-5.399506249098773	0.9999294201695529
7.724841889853572	0.9407481901545981
2.919840067457944	0.9407482003387888
2.9994390928582817	0.9407481950290033
5.955407743648191	0.940748190164556
9.682453065460109	0.9407481901544384
6.356830865730338	0.9407481901570213
-7.492198929126008	0.9999994286414192
0.23342486592244782	0.9407486894478798
5.709957376984786	0.9407481901640553
1.6143448662859896	0.9407481083254038
0.8283626413024248	0.9407481556036918
-0.8843386274281073	0.9431047693750976
-4.757938327658149	0.9996930036663705
0.2737889607835129	0.9407484490071699
2.9947564413332106	0.9407481952903562
1.9048040602910064	0.9407481530662464
-3.0035308444750264	0.9880644262767795
-9.755030860275578	0.9999999968805048
9.444916230016695	0.9407481901544392
-2.037889520329328	0.9633866397489099
-3.608480964682035	0.9961234699023992
8.109677649409555	0.9407481901544794
9.509853547119516	0.9407481901544396
-6.020567644541619	0.9999830829336268
2.304153856694672	0.940748109345887
1.4316845453186602	0.9407481465628854
2.825289664188496	0.9407482002937371
-1.206162887787631	0.9464658703113575
-6.782961267544052	0.9999970750700552
-0.6978138811726708	0.9419321902839961
-1.2180094203300573	0.9466214681084931
8.261915526345874	0.9407481901544776
8.817651857983492	0.9407481901544463
-2.7037592947890765	0.9813817874520666
-0.7406297638029393	0.9421543910748882
-4.234779014238339	0.9989975226305509
-4.6617287345844405	0.999617748453454
-8.884181300202112	0.9999999768295909
-9.338298800220496	0.9999999918564024
-4.4519684067999155	0.9993847837649811
-1.945794113597671	0.9609925939702096
1.0935747142512966	0.940748187654105
-6.383150818037491	0.9999926570972046
3.617640791246778	0.9407481913047103
1.2527079062294444	0.9407481458510596
9.946642304130883	0.9407481901544376
0.39166099438946667	0.94074820492632
7.265693133605456	0.9407481901547654
-9.225744564257582	0.99999998944713
-4.671513996903003	0.9996261690712267
9.357447217917784	0.9407481901544389
-5.880698280287744	0.9999766595071902
-4.252364421968204	0.9990361636735171
7.152623047369641	0.9407481901550915
-7.280836466643583	0.9999990704637125
-6.853680608812454	0.9999975145678626
7.464911583238969	0.9407481901547498
-2.0194569375430627	0.9629006301679562
-5.438720701298854	0.9999355020072468
-5.72540490615602	0.9999666365030914
-6.666074496636831	0.9999961718401529
2.63119852823095	0.9407482106638675
3.765331022440389	0.9407481914258194
4.612149606166241	0.9407481903143652
-5.385206087921364	0.9999270626771981
-3.573633373070182	0.9958375883116929
-8.247409846335723	0.9999998996068583
5.829011036209071	0.9407481901645933
3.4362629181428126	0.9407481926916146
-8.788602060693007	0.9999999711256168
-9.686811750086616	0.9999999963499127
4.257136668846959	0.9407481904811119
3.587934593677705	0.9407481916256386
7.483336317459472	0.9407481901546901
0.39898799032449617	0.9407482011195083
9.20941129329368	0.9407481901544423
2.1802153725246463	0.9407481080455595
3.46475786916821	0.9407481926916049
7.9138570220413165	0.9407481901545178
2.0666376308354995	0.9407481319679756
6.332507108938991	0.9407481901567833
-8.791801599781515	0.9999999713375548
-8.682214302649115	0.9999999631107032
5.737500538810947	0.9407481901640451
9.457094160635137	0.940748190154439
-3.3768043316026386	0.9938557342044563
3.200886884189016	0.9407481952109088
-4.4200514269167535	0.9993387961227197
4.560075451170382	0.9407481903184454
7.056664524459649	0.9407481901550798
7.161386162712212	0.9407481901550709
4.000161403434927	0.9407481907888575
3.1125395909646834	0.9407481952291459
-8.412855294009951	0.999999931410295
8.492020360411203	0.9407481901544573
5.123704315609089	0.9407481901910463
-4.317137428243427	0.9991663921675925
-0.5573121869054276	0.941388128035757
-5.6684779558389	0.9999619690594908
-5.2219256401035	0.9998938809066832
-2.261671300084811	0.9694489973481077
5.837792515052813	0.9407481901646029
7.444721102867568	0.9407481901547655
2.942944075117783	0.9407482003426613
-6.721503221846827	0.9999966304829396
5.1646724708982195	0.9407481901957102
-5.101884379671571	0.9998602371447975
-6.395858927121827	0.9999928688009849
-3.828502282017703	0.9975565608066591
-3.9026462468590006	0.9979168212967259
9.563751247057574	0.9407481901544398
-0.4152495610086291	0.941043493671226
-6.287896533543096	0.9999908567950836
3.9480664126584983	0.9407481907985492
-9.007422702222353	0.9999999825541389
1.621297897789752	0.940748108377064
-5.806296172052359	0.9999723015892215
7.266571526271047	0.9407481901547659
-5.358224688168556	0.9999223985591881
5.36716329285284	0.9407481901902283
1.7789027016264747	0.9407481423828717
-1.6264649365080253	0.9536099320635134
-9.236232673983316	0.9999999896989278
-9.742475017714485	0.9999999967890011
-7.067450827336876	0.9999984806970813
-7.023346737085023	0.999998318308495
5.916027722092863	0.9407481901645314
5.5185114778746716	0.9407481901746368
-1.836756638887449	0.958315368745591
-1.3627087845444805	0.9487522517584922
-3.893553101932259	0.9978754747769845
5.034387967091373	0.9407481902362733
3.541921452955572	0.9407481927270978
7.982713717325588	0.9407481901545183
-8.12673287065753	0.9999998674497615
4.219725007275223	0.9407481904441181
-7.316067467930059	0.9999991428901798
5.157693939233807	0.940748190195584
-8.22053940598039	0.9999998931992221
8.008923197640815	0.940748190154518
7.813054270968934	0.9407481901545169
-0.9720797197237516	0.9438182092039549
-1.184190857126648	0.9461782146437896
-0.5834570761233682	0.9414744459350048
-2.461244739314825	0.9749777837142656
0.9641270605315668	0.9407481877959849
3.56297195882458	0.940748192348234
2.092293834086586	0.9407481085833985
-3.033520067797162	0.9886359433267461
-9.576100653591366	0.9999999952900704
2.7863953940540576	0.9407482002565962
-3.2945334875344168	0.9928219475584638
6.875714981947517	0.9407481901555265
5.992513675765089	0.9407481901607202
-0.18797584620193675	0.940808719303347
-3.7185023477166057	0.9969148433393172
7.5899227393493085	0.9407481901545998
-1.040242785381098	0.9444882154508288
8.45740719605471	0.9407481901544572
8.022922297744337	0.9407481901545182
7.4218488964025475	0.9407481901547574
-6.589470076408879	0.9999954334829487
-3.7943377241026255	0.9973717841985931
-5.292241197750944	0.999909700325366
3.340270448289658	0.9407481926725123
5.115313559559883	0.9407481901911466
-7.806167416705061	0.999999722703697
-7.482692651935929	0.9999994159973687
-5.522587979060245	0.9999468102796659
6.545309660449465	0.9407481901570464
2.622619193049669	0.9407482104694497
7.840426024637651	0.9407481901545123
7.004439245312376	0.9407481901550772
3.4756985247958916	0.9407481926939252
5.856189451499665	0.9407481901645957
-2.241466278434916	0.9688864815598639
-0.5318221403812018	0.9413115995111968
-3.202699958283617	0.9915099030364521
-6.551726582139499	0.9999950189244449
-1.7119125796073966	0.9554529515029265
5.936664896515884	0.9407481901647519
1.3964711229667959	0.9407481447664858
8.23674307174673	0.9407481901544774
-8.388453349601562	0.9999999274460817
-9.162991283159695	0.9999999878066261
6.278325470412021	0.940748190158494
3.6905623800141427	0.9407481914204497
9.951085555877206	0.9407481901544373
8.573548966715165	0.9407481901544572
0.5076305879637388	0.9407481814431924
8.06463367005427	0.9407481901545173
4.10550622663774	0.9407481907883383
-7.339616373738322	0.999999188126954
-4.9236564791519655	0.9997897716250352
0.7314390168180687	0.9407481567158259
0.3395008442455385	0.9407482567060023
-8.565840485424058	0.9999999517747936
-4.119530275210579	0.9987045614546237
-4.039008425959918	0.9984527182601676
1.4297015264425248	0.9407481466614721
3.9570249552144343	0.9407481908058213
-8.314928679496433	0.9999999140619672
0.14694254882058644	0.9407498054646019
7.730127862271562	0.9407481901545985
9.353805475227738	0.9407481901544391
-9.218070084230758	0.9999999892589909
6.606781080607675	0.9407481901557357
6.101279953451893	0.9407481901595098
4.363332948114262	0.9407481904744495
2.944266336367072	0.9407482002879316
-4.641352639154879	0.9995996077047813
-0.7912741330457216	0.9424522720894271
5.596242822144518	0.9407481901746846
-7.708250055695598	0.9999996525754098
6.477737871409847	0.9407481901569946
-1.1925705186858018	0.9462875101743049
-6.913320257544071	0.9999978334618433
9.077526664752359	0.940748190154442
3.2891743137731346	0.9407481929838329
-5.36824733464786	0.9999241648844791
-4.408072833888803	0.9993206808020355
2.810535383349402	0.9407482002649575
0.581725761868487	0.9407481639136224
-8.61480238412872	0.9999999569163706
3.004806257391742	0.9407481948442924
-1.5515976021428024	0.9521069553843254
8.839168617676634	0.9407481901544467
6.252351813637951	0.9407481901595919
0.8180281092922534	0.9407481559525385
0.6272517891458804	0.9407481578983544
-0.6442184853126509	0.9416952141351664
7.837938012256398	0.9407481901545115
-8.521963194265506	0.9999999466479216
-2.7681235229239265	0.9829477069882948
-2.9935494729123713	0.9878699767665631
-5.581062157913292	0.9999535012196286
-2.9082394179772475	0.9861237015320394
-3.471180208788205	0.9948878739107885
-8.425612254606802	0.9999999333957421
-8.015865673337377	0.9999998289010731
3.8923629497701384	0.9407481908518471
-9.925012752923475	0.9999999978908678
-7.361148052148119	0.9999992273959776
-2.2816971268270114	0.9700074722230273
-1.4779853965058862	0.9507496444294281
7.429710904088793	0.9407481901547586
6.201505076000377	0.9407481901595238
6.6964569345480385	0.9407481901557171
-8.856997033697652	0.9999999753329089
4.032037776769988	0.9407481907926034
-1.6760013415420705	0.954663503006655
-7.290709367280512	0.9999990913557434
0.7885661388159839	0.9407481568558941
-0.30332359993520797	0.9408948080186834
1.9701128819264557	0.9407481531029886
6.5271302075313145	0.9407481901569876
-0.2056896191099824	0.9408183352979687
-6.3042601130254505	0.999991194799716
1.0497246901248616	0.9407481880963892
-0.25329104685374304	0.9408501350622183
-2.479250952381973	0.975469426292526
-7.161788376417406	0.9999987773259361
6.651663973768798	0.9407481901557098
-3.9473772455203493	0.9981094390180408
-9.10203133653187	0.9999999859691525
-1.3907676704541636	0.9492168334024149
-9.81256122564682	0.999999997267539
-3.4479037947740876	0.994647939380069
7.192164042463375	0.9407481901548671
8.436209696494167	0.9407481901544558
-2.4351790819821906	0.9742676691558867
4.366706786565896	0.9407481904745587
-1.2600785794960743	0.9471810040440449
0.21922259238970732	0.9407487931112105
3.31278091644422	0.9407481924439054
8.291498586391874	0.9407481901544776
9.869738219671373	0.9407481901544384
-6.660033940409447	0.9999961182288498
9.440674609447278	0.9407481901544391
-7.963428705544198	0.9999998069437183
-9.56284226238132	0.9999999951440646
-9.281861769568014	0.999999990726295
8.472532317161388	0.9407481901544579
9.723409002707623	0.9407481901544381
-5.506201176282333	0.9999447683903423
9.442598378000795	0.940748190154439
-7.081049713143512	0.9999985275311147
3.6997363061755806	0.9407481914185224
3.8599899323757505	0.9407481913066267
9.989555396050974	0.9407481901544376
4.385269435654337	0.940748190474798
-3.0341637629845897	0.9886480004158731
4.526967789740276	0.940748190302153
-6.405936892126141	0.9999930323435873
-9.839754128349503	0.9999999974333827
2.3255408072733363	0.9407481045772647
-9.16391162584533	0.9999999878324387
-1.83552721142763	0.9582868621865345
-3.86046481895872	0.9977184530385799
-4.071426803345828	0.9985592851742101
-7.855399103891929	0.9999997524216564
-9.12641494947923	0.9999999867352138
6.797623303621219	0.940748190155719
7.495040195084481	0.9407481901546456
-4.425415581439416	0.9993467540795911
0.2100193577823397	0.9407488706505104
-8.60535422208724	0.9999999559688124
4.531639733759487	0.9407481903050373
1.6191969523744945	0.9407481083636593
3.46575878188586	0.9407481926918881
4.039261162772627	0.9407481907925228
0.5473432574382375	0.9407481778174941
-7.910018130053977	0.9999997816796451
-3.5083328489427146	0.9952518599986009
6.568043462746999	0.9407481901567841
-6.187423302748627	0.9999884776682797
-3.877167909692596	0.9977990253410137
-3.487613829840117	0.995051713186901
1.372237126923185	0.9407481453024281
-0.3541514144999791	0.9409499389861592
-5.055673694479763	0.9998446194001485
-3.615199008994523	0.9961765422651337
2.729268374531193	0.9407481998436229
-4.303039161997382	0.9991395927837767
5.5640892062078695	0.9407481901746896
-1.3090037927127653	0.9479041165908719
7.010910225525162	0.9407481901550766
-1.823437476316908	0.9580068953678215
6.953990237043435	0.9407481901550785
9.336176564642102	0.940748190154439
-3.1392607126217253	0.9905022219165911
-0.827144326786712	0.942687855540795
-6.455179768292703	0.9999937790941764
7.720669158571294	0.9407481901545979
7.632833167135885	0.9407481901545982
-0.599521337993675	0.9415309495016588
-8.890419993591276	0.9999999771600573
8.194418469762056	0.9407481901544774
-4.060386187395784	0.9985238049658973
7.847808976450359	0.9407481901545149
4.141911451970529	0.9407481908038958
0.7409674626155471	0.9407481566929651
-9.918056497453538	0.999999997856815
5.385888385544018	0.9407481901814889
3.540861127869279	0.9407481927325979
4.627178689090856	0.9407481903149674
-6.939896390368481	0.9999979620571133
-8.664062633234275	0.9999999615362091
2.570168693538456	0.9407482103040833
-2.5227806612320647	0.9766570711005526
7.617151609463125	0.9407481901545974
8.85701300976811	0.9407481901544469
1.0174579779368553	0.9407481880561389
8.100795861394865	0.9407481901544861
6.100369368592233	0.940748190159511
-0.6221604105576883	0.9416128419840505
3.4897808981296095	0.9407481926884421
-6.944613876905925	0.9999979840732087
8.292300117359304	0.9407481901544776
-4.247355393623673	0.9990253069295643
8.457003593913957	0.9407481901544574
2.7669010014875983	0.9407482004405441
-5.696878409322679	0.9999643738990942
8.101039690201873	0.940748190154486
-6.176714581604181	0.9999881901236634
2.2700807822340163	0.9407481076823296
1.4410333528245047	0.9407481445250648
8.601352921899547	0.9407481901544573
5.522471901083952	0.9407481901746595
-4.868893822634757	0.9997617219499193
3.876780432105832	0.9407481910652113
-6.350983908515646	0.9999920927197431
4.218396605698862	0.9407481904436871
