9.311480587596233	0.9752761957878521
2.816355718886058	0.9752761961279417
-5.520300747436524	0.9999586410367457
-6.6642135125302016	0.9999970249912544
6.873000623647002	0.9752761957878888
-9.571159626725287	0.9999999963135608
-3.2949833949669083	0.9947655742694406
2.501610299843197	0.9752761964636815
2.776601829029758	0.9752761961297765
7.185543956145107	0.9752761957878675
5.796283374318945	0.9752761957881869
-9.004403024753579	0.999999986405496
-2.2228289907434418	0.9812046758518818
7.460358361576894	0.9752761957878622
-4.958065364813278	0.9998498785162103
0.25797844555296656	0.9752761962262692
-8.483776194834679	0.9999999549194538
-0.9896796640619687	0.9753058356509238
-6.704552697235595	0.9999972888402003
5.752481743529136	0.9752761957881899
5.205490878036398	0.9752761957891881
0.14608335893868585	0.9752761935423885
9.433557455239537	0.9752761957878521
7.985822252963565	0.975276195787854
3.323534243497477	0.9752761958666087
-8.600179838958436	0.9999999655185194
0.2254352604628007	0.9752761932521725
-2.9673647744734133	0.991164758082262
-2.647847949320221	0.9868248305539499
-2.907714363870131	0.9903964398290246
-1.438629380982924	0.9758245341779379
1.660646364609665	0.9752762010895759
-2.5467420060197865	0.9854021555098208
-7.442253787906448	0.9999995039768793
8.40731684212491	0.9752761957878527
3.14700030878452	0.9752761959583469
7.189874824550092	0.9752761957878665
-7.5523913029056855	0.9999996150833509
6.701115265518325	0.9752761957878937
3.490677674754977	0.9752761958731481
7.461892885379321	0.975276195787862
-2.626332585405926	0.9865213012098991
5.236778424162338	0.9752761957891959
-7.772397898688124	0.9999997680665016
-1.8277992098261375	0.9775764588923317
4.269640740465777	0.9752761957987537
6.90520310536888	0.9752761957878734
-7.501611154714087	0.9999995673408067
9.632048939275684	0.9752761957878517
-1.8774083150693954	0.9779179659123066
-4.5014095156602885	0.9995762416620243
-2.437847526562096	0.9839110515926421
-8.677991809751653	0.9999999711746879
3.2220573593930126	0.9752761959595386
8.132925669384893	0.9752761957878529
-3.2478977597145997	0.9943203217364777
0.9217391135748834	0.9752761763672769
-2.2857187434346082	0.9819558402321813
7.645597581773128	0.9752761957878571
-9.106303990186086	0.999999989248661
8.183427615032404	0.9752761957878531
9.931296284320652	0.9752761957878521
5.783554423189692	0.9752761957881909
-7.57959896281259	0.999999638457383
8.619463548032378	0.9752761957878525
2.9542552267780877	0.9752761961048565
-3.4389427088659508	0.995968874051518
-2.073078047075767	0.979609926268906
-3.2197270310845383	0.994041691907355
-4.639236815321799	0.9996897032038078
-6.25786896036693	0.9999924188808117
5.594086450619251	0.9752761957885239
7.223548446087978	0.9752761957878614
-4.8696783639391805	0.9998163043826273
-6.937746468309065	0.9999984151589628
0.3422709663767485	0.9752762009366062
-4.204535292485301	0.9991774177172447
-9.832096071881974	0.9999999979785145
2.0039081295214203	0.9752761984578493
-4.491109810651919	0.9995662899255872
6.91656067970769	0.975276195787871
7.916043015679808	0.9752761957878545
-4.784985947511671	0.99977718786373
-5.793873127941924	0.9999779496334789
4.738703551185539	0.975276195793326
-1.4845910590539813	0.9759512408964556
-3.8301547830383997	0.9981533239562614
8.63962826021913	0.9752761957878523
2.5149879763631553	0.9752761964660723
-7.315391378169105	0.9999993357053745
7.058395007395781	0.9752761957878728
5.359472601377199	0.9752761957891372
3.0623747208544607	0.9752761959618043
-6.640646999242925	0.9999968591191841
-9.033147031252774	0.9999999872761262
-5.213488881567474	0.9999163503689892
-7.077467372796056	0.999998851121135
3.4351727441423705	0.9752761958732878
-6.733776361543469	0.9999974652495736
-8.289549548010712	0.9999999294957302
-7.9056928085650435	0.999999829364251
3.88486629725759	0.975276195814462
-0.6059025806440399	0.975276485263332
7.793677609716532	0.9752761957878553
3.2837948887336488	0.9752761958921989
4.098197890287704	0.9752761958091773
-4.000875115103919	0.9987161853437767
8.644549275624453	0.9752761957878523
-2.656537976647857	0.9869473258377081
-7.937140742704383	0.9999998412834288
8.11215095398773	0.9752761957878529
5.8168049497273255	0.9752761957881868
8.555968591339045	0.9752761957878522
8.445629913834889	0.9752761957878525
6.483069080960636	0.9752761957879367
-9.968491185077495	0.9999999984550337
-3.301594751327599	0.9948260394678149
-4.510610210721229	0.9995849422424415
-0.09207309603444713	0.9752761854840852
-7.5200256817670175	0.9999995853022137
-7.463892885831833	0.9999995280854903
1.9987277084410557	0.9752761984582136
-7.618391399681039	0.9999996693504487
0.36263670922334157	0.9752762009807553
8.438594474104644	0.9752761957878523
5.071002293774329	0.975276195790087
-0.8756150895004211	0.9752862127939323
-0.4200848316964034	0.9752762317648663
-5.396549902892938	0.9999450426744483
1.864443642545691	0.9752761985124596
-7.450275158459352	0.9999995130540205
-7.677558977788559	0.999999711463166
-8.321550214036936	0.9999999345039856
2.375272047609215	0.9752761966993971
-6.120613904720269	0.9999896025365045
-9.322851935581419	0.9999999934699796
9.451463395317464	0.975276195787852
9.293719143019182	0.9752761957878522
5.628639439164811	0.9752761957885269
9.518360549440828	0.9752761957878522
-5.624063380272188	0.9999674165390354
0.011040679449777713	0.9752761934353723
4.94138597698111	0.9752761957905367
-5.3730934570667	0.9999420015960393
1.462013846177289	0.9752762040405657
3.189409891198544	0.9752761959582061
7.318447796437624	0.9752761957878623
-0.5366660045636262	0.9752763018941614
-0.6267578407590779	0.975276582441196
-3.7705650991449247	0.9979090782437394
-6.607897047271729	0.9999966131496618
4.38663985953891	0.9752761957985733
5.401256891659161	0.9752761957885461
-0.5672331266814936	0.9752763592293453
0.1265222709531102	0.9752761935566736
3.889240929262229	0.97527619581251
8.420295561460751	0.9752761957878523
5.004105610767585	0.9752761957905228
-4.9376457305008525	0.9998427080582979
-8.680993562853532	0.999999971373235
-8.175141683093967	0.9999999082465215
-6.715138958956386	0.9999973541193822
-1.4210233374828274	0.975780655738395
3.366446148611697	0.9752761958747621
-2.948841582670032	0.9909293102634429
2.985450171921684	0.9752761959867086
-4.313882313961437	0.9993546961763702
9.926011038935627	0.9752761957878521
-1.1920195310301516	0.9754177849501036
7.71498318964797	0.9752761957878572
4.4950300248880115	0.9752761957936594
-8.464041773388091	0.9999999528237467
-8.725355498153036	0.9999999741529852
4.795279774205742	0.9752761957907952
6.421836793898986	0.9752761957879358
0.8185515341145333	0.9752762005714856
4.6821905165217395	0.9752761957932209
-2.532098362685482	0.9851979210369175
7.647277002430776	0.975276195787857
-1.9231581679998975	0.9782702713808455
2.870461353574502	0.9752761961286737
6.214904967714293	0.9752761957880188
-5.783834546387001	0.9999774345927573
7.53609667097054	0.9752761957878567
-0.03713977909796995	0.9752761889025028
4.834093663323156	0.975276195790385
-0.553492617625686	0.9752763296783353
0.029790721391155017	0.9752761934836538
-0.6046720342662901	0.9752764802037084
-5.511814915443147	0.9999578266740754
8.808310664730111	0.9752761957878521
-0.5737760000341687	0.9752763759110823
2.4789795829192585	0.9752761964674594
-7.206011406206705	0.9999991454519122
2.3854022098345773	0.9752761965529397
6.105913495212359	0.9752761957880189
-7.0432190552218055	0.9999987568586666
5.9689917268453705	0.9752761957881505
-2.429487803300119	0.9838003861635547
-7.604639767215673	0.9999996587132962
8.9735255777559	0.9752761957878522
-1.6877259046526571	0.976751891010583
2.5420089581949146	0.9752761964667063
-0.09742155735991354	0.9752761855977692
6.92464467082873	0.9752761957878704
-0.7100527698746362	0.9752774750122226
-5.808559675526612	0.9999786820661796
1.8025405799683814	0.9752761982545797
-6.013440296590731	0.9999866942937736
-8.032653843900523	0.999999872617481
-7.310714161703298	0.99999932851269
-9.441125602943842	0.9999999950267416
3.8799287923802694	0.9752761958168622
-8.943596322485314	0.999999984362406
2.643674267067361	0.9752761964652709
3.919915057328943	0.9752761958072542
5.272726714982078	0.9752761957891963
7.945800819428985	0.9752761957878544
-6.831674490266932	0.9999979767566191
1.6323441812349948	0.9752762010871703
-1.0561372296842961	0.9753286533855395
-9.591809616830842	0.9999999964847427
3.0927265079480257	0.9752761959575266
1.9273980150374435	0.9752761984762587
3.0609964565117274	0.9752761959619387
7.437679084488124	0.9752761957878623
-4.786345419674358	0.9997778765605869
-7.0505808621211274	0.9999987777524881
-7.212147434307585	0.9999991574402622
8.886610769930154	0.9752761957878517
0.6285312181935065	0.9752761999182178
-5.077757924744071	0.9998858352229019
-5.685594252894113	0.9999717147812472
9.036211943311564	0.9752761957878521
4.228993191236272	0.9752761957978263
-6.739565798145786	0.999997498810985
1.872118634736717	0.9752761984902996
3.259255353197199	0.9752761959401645
5.13941380909916	0.9752761957891459
5.032918378302988	0.9752761957905739
-7.5013791458191825	0.9999995671096127
-0.25944741843822783	0.9752761894278495
-2.8779066426248523	0.9900023933336938
-0.14009759998953264	0.9752761858698172
-6.581249854115874	0.9999963988716118
-4.100974101935546	0.9989671264151166
2.592333134555025	0.9752761964645711
3.3301709347190034	0.9752761958689372
1.555797222803502	0.975276201185655
-1.4905458469197228	0.9759689725395192
6.3489863989703785	0.975276195787935
9.90696431393151	0.9752761957878521
2.5306410910612076	0.9752761964671072
-0.8049771824421761	0.9752806654538158
-6.997472261016631	0.9999986187752242
3.3779606566189546	0.9752761958736946
4.8107787054081275	0.9752761957903247
-1.8508034090251293	0.9777297695997739
3.5670020966965374	0.9752761958578502
-5.145902657700456	0.9999023334820443
9.615708980325195	0.9752761957878517
5.952908924953775	0.9752761957881902
2.9985691962638015	0.975276195952466
9.949386300032543	0.9752761957878519
-8.427862232016938	0.9999999487253047
1.8066233329418058	0.9752761982298958
-9.319688196165426	0.9999999934222361
5.335080811149258	0.9752761957892168
1.2966903407969799	0.9752762062096516
0.1306758648983255	0.9752761935555958
-0.9696586076379177	0.9753008486064405
-1.0219430023858465	0.9753156166244074
5.753895030319235	0.9752761957881915
5.374636875765972	0.9752761957889304
-2.41300114005798	0.9835827862048627
3.551992773259629	0.9752761958703722
6.426212413166109	0.9752761957879359
-4.718758048084779	0.9997409545148057
-2.4977496257411014	0.9847217580787313
6.996653923005379	0.9752761957878728
-5.857709256159405	0.9999809609680901
1.0604812787615714	0.975276177292757
6.928901985796681	0.9752761957878705
-4.059848611161154	0.9988702079575138
-2.698278809059418	0.9875343544014252
5.27317120142218	0.9752761957891961
-0.7754912572839459	0.9752792875123985
1.2683194390462802	0.9752762058677098
-3.1926214467226544	0.9937650430495613
-3.000827843252214	0.9915824901522632
-2.2346267475924586	0.9813423659839904
-8.171329482381694	0.9999999074375805
0.16701309150440125	0.9752761935132856
0.17791433586820204	0.975276193537836
-5.044320313458366	0.999876754120681
0.3183820119927603	0.9752762011839704
-5.162233972940942	0.9999059211072584
-9.429850930144354	0.9999999948959406
-0.2586542857414429	0.9752761893681907
0.45671131213954297	0.9752762010262117
3.4879159858570894	0.9752761958732331
-9.036587758369365	0.9999999873765326
-7.109991989946227	0.9999989340142239
1.1347590279661155	0.9752761767012518
4.284501371421484	0.975276195798582
3.359288443050099	0.9752761958751113
0.36611489584944756	0.9752762009968896
3.484324659327612	0.9752761958733096
-1.051460266322799	0.9753266890196484
1.7893945629856844	0.9752761985509284
4.653738945955439	0.975276195793212
7.938381914784777	0.9752761957878545
7.5344002913190735	0.9752761957878565
2.8136234540087557	0.9752761961277019
-8.966952946966952	0.9999999851811892
9.022759307594125	0.9752761957878517
-4.42923648633363	0.9995015186071179
8.321919667088792	0.9752761957878532
7.638132993547416	0.9752761957878571
-4.685957930857416	0.9997209137624524
-9.930457257073346	0.9999999983882017
8.768605649108828	0.9752761957878521
-3.17251238744634	0.9935544566989872
7.813628456728342	0.975276195787854
2.3923665180307587	0.9752761964760641
-3.431412135669971	0.9959117376340072
-6.646053464831159	0.999996897971705
-7.084783772702705	0.9999988703127048
-7.801513746470725	0.9999997831057558
2.3207714250605527	0.9752761971531622
-1.1022709626272853	0.9753515217296453
0.17225517777852417	0.9752761935192155
-7.4296724155450145	0.9999994893974676
3.3375325604253128	0.975276195871729
-9.065060189352817	0.99999998817759
3.8889546515492324	0.9752761958126313
6.511389196970185	0.9752761957879359
-5.2244338518745215	0.9999184236935283
-5.460962683409241	0.9999526002059436
5.697202804072852	0.9752761957882282
5.917605054726831	0.9752761957881858
-1.5926202965317735	0.9763184284189986
-7.110868027000681	0.9999989361621885
-8.502854371544316	0.9999999568569089
8.620152737312672	0.9752761957878526
-6.391876885342751	0.9999944311047504
4.35769183656442	0.9752761957985607
9.379142354070837	0.9752761957878522
-5.935910790267567	0.9999840958223232
5.905588757571456	0.9752761957881867
-3.6213229623702636	0.9971675898124607
6.758658380727844	0.9752761957878937
-5.947749520698493	0.9999845231778067
-3.604556107808241	0.9970715733861336
0.4392473703261359	0.9752762010196061
0.42325229304015366	0.9752762010165734
-1.984012236000492	0.9787799462051582
0.7742890958353108	0.9752761999876747
7.7673372465829935	0.9752761957878572
2.1360907963381983	0.9752761971302699
3.6137095131335517	0.9752761958264633
8.458298958322597	0.9752761957878523
-1.7924658046177768	0.9773494432991687
9.173963235256458	0.975276195787852
1.492358376897588	0.9752762009983065
1.4466951228543135	0.9752762056095837
9.51200260177982	0.9752761957878523
6.249346794915006	0.975276195788023
-4.629758406227995	0.9996829642292677
0.7170475202614313	0.9752761999271808
-8.518965157188036	0.9999999584280418
-0.5175763923567445	0.9752762786089463
-5.439429107136187	0.9999501966962997
-3.3696562580295453	0.9954191364965063
2.0934896651633608	0.9752761971236708
-1.2936090867273276	0.9755348404533254
-7.846242476694889	0.999999804332031
-6.200366451473496	0.9999913460853562
-6.572901649490577	0.9999963289926244
2.4645312848821277	0.9752761964779507
-6.4121190162047625	0.9999946846436224
6.4672100922257485	0.9752761957879362
-8.731046467533803	0.9999999744894708
8.439093292233085	0.9752761957878523
9.995242395531427	0.9752761957878521
-3.2049046545292104	0.9938914402889278
-6.619071321324084	0.9999966991667042
9.982271897467907	0.975276195787852
9.041774949152313	0.9752761957878521
2.940899876072919	0.9752761961322918
7.370146267543692	0.9752761957878622
-9.640611814238751	0.9999999968583705
4.844739387868259	0.9752761957905096
8.387286439011085	0.975276195787853
5.658977743479214	0.9752761957885024
5.331908412117583	0.9752761957892103
-4.26295150742098	0.9992772629282539
-1.4801823332248212	0.9759382944957508
6.234348337575817	0.975276195788022
7.9829944842061735	0.9752761957878537
0.7648851373652796	0.975276200013933
-4.188935430510408	0.9991485918608226
3.048134279680008	0.9752761959610744
0.7416297566025563	0.9752761999169077
-4.253328809019448	0.9992616590461207
-1.7643271513167225	0.9771767031797307
0.7247584378595651	0.9752761999161298
-7.886259733013712	0.9999998215556531
0.8071686456513572	0.9752761998424191
4.494874683432389	0.975276195793674
-3.8516280055873953	0.9982348163760142
4.169164228133916	0.975276195805368
4.02812615774193	0.9752761958092593
-7.826934198505406	0.9999997954366702
3.9236932983200354	0.9752761958074527
-5.50442600863962	0.9999571045607412
7.177306922425515	0.9752761957878697
7.681561144348137	0.975276195787857
-4.306042011606439	0.9993433212437001
-7.619990636408507	0.9999996705657703
6.482730122329741	0.9752761957879365
0.8510426362838963	0.9752761952743197
3.5209175727121345	0.9752761958735294
-8.172197669915144	0.9999999076224334
3.789862466470236	0.9752761958305839
-4.454832165274398	0.9995293845258721
9.922408992388938	0.9752761957878521
-9.449925540665255	0.9999999951264985
-4.432314085153535	0.9995049524422877
8.50777945625131	0.9752761957878525
-0.2629277023273744	0.9752761896937926
2.9686417655355246	0.9752761960521698
6.389400524977226	0.9752761957879366
-9.015287719873761	0.9999999867419822
-3.369962452639834	0.9954216849303543
-6.802017481442126	0.9999978337824669
7.844095760768045	0.9752761957878539
0.7739724905021248	0.9752761999901379
3.387592433868072	0.9752761958729961
-6.587616774464169	0.9999964512707802
3.052266734728054	0.9752761959618561
-7.853667497585919	0.9999998076489025
-0.3549359997918877	0.975276221788781
2.451464413255117	0.975276196480958
0.7385272483062764	0.9752761999118165
2.6284789039961964	0.9752761964796367
-0.4796444459031868	0.9752762500721137
-9.736277357667639	0.9999999974794841
9.36805514890333	0.9752761957878522
0.5489976629466486	0.9752762008236568
-6.519149375873434	0.9999958454199358
4.850088919258354	0.9752761957905556
7.11839121106776	0.9752761957878726
-2.7048499703405593	0.9876264528717427
2.843258520279651	0.9752761961282301
-0.06551263612505132	0.9752761853957079
3.253323239844912	0.9752761959495291
-4.456018688712993	0.9995306387313131
2.964970384098029	0.9752761960668267
-6.273588449062468	0.9999926882788136
5.756936582681892	0.9752761957881932
-4.451060352192857	0.9995253757854576
-9.29743020153742	0.9999999930763299
4.068423054000929	0.975276195809266
1.894427023744619	0.9752761984613104
-0.20439264217110953	0.9752761867789131
7.431721898020189	0.9752761957878622
0.4636699926357899	0.9752762010272227
7.912751049559294	0.9752761957878545
-7.673320441162663	0.9999997086334272
5.5098457293546055	0.9752761957885208
-6.268055846146758	0.9999925945715226
-5.440410235462267	0.9999503088050122
-0.022453811787181976	0.975276191138684
-2.552975484636164	0.9854893168366473
5.552571326133396	0.975276195788524
-0.17827099514777345	0.9752761863607208
-4.954847659931945	0.9998487705244424
8.329002037328642	0.9752761957878531
-3.519448266994849	0.9965409134190492
5.012284811125443	0.975276195790518
-5.728908905807115	0.9999743962843214
-1.7666301612098536	0.9771905026122676
8.075837542423926	0.9752761957878539
-0.7468104630314354	0.9752783199717114
0.5450411903437455	0.9752762008991794
1.6489063612923829	0.9752762010841587
-7.604475910174893	0.9999996585845086
5.64931183166685	0.9752761957885338
-5.022235818383369	0.9998703662820853
9.48509914503342	0.9752761957878521
5.0662311291951525	0.9752761957902267
8.09021229283887	0.9752761957878534
5.97656123943111	0.9752761957881223
1.9772848553118827	0.9752761984777233
2.2527634373999117	0.9752761971397084
-3.321951528203524	0.995009034893616
-8.553593252402397	0.9999999616140365
1.5113610970125002	0.9752762006351043
7.149105423786924	0.9752761957878734
4.215792758583564	0.9752761957975259
-0.5918871819884863	0.9752764318117765
-9.650686000378649	0.9999999969304072
0.7538576149798537	0.9752761999684343
3.9857504753003603	0.9752761958092452
3.4861118366882984	0.9752761958732763
-7.200028178855868	0.9999991335978429
5.725964423198349	0.9752761957881567
-4.840343831697056	0.9998035932136415
5.703307024020813	0.9752761957881947
-6.86219077889449	0.9999981140298448
3.8815647489976826	0.9752761958160495
-4.606900594835004	0.9996661146306954
0.9225727771876215	0.9752761764379261
6.362402230456908	0.9752761957879379
-8.211044134825949	0.9999999155264858
6.023212097330195	0.9752761957880034
-5.9832382075962	0.9999857367213454
5.273632000752141	0.9752761957891963
-3.5393687458304557	0.9966717695070796
0.6880785046083169	0.9752761999343227
6.184205248844744	0.9752761957880205
-6.994855642440729	0.9999986104288352
0.4658307374162227	0.975276201027173
-6.675883069391522	0.9999971038536917
-0.8872689223648997	0.975287533242288
9.424610326205531	0.975276195787852
-6.126171671354457	0.9999897346801965
-3.2359343721696954	0.9942031110715702
-5.158379560890061	0.9999050863937627
8.309011875425746	0.9752761957878532
-0.7055389032153627	0.9752773953937693
-3.586408930309277	0.9969645565844135
-6.843367855196116	0.9999980305000989
-0.6579929026140618	0.9752767934667372
-3.2777836318468534	0.9946059010858777
-1.9223396896233602	0.9782637483120453
1.7073282628276498	0.9752762010614795
-5.746936075781459	0.9999754360504364
0.14055424611989054	0.9752761935496698
-3.375599507723752	0.9954684128683269
3.2836740071584725	0.9752761958924205
-1.9786019877707695	0.978732691471457
-1.5984435652092586	0.9763422166162598
-0.5550841015906371	0.975276332753097
-6.659647460062863	0.9999969935524174
2.2721394523917517	0.9752761971419189
2.0270450169369436	0.9752761985271359
2.227131317227835	0.9752761971407702
1.170348936591017	0.9752761953353744
-7.264831186145582	0.9999992536907331
-7.400629192299908	0.999999454084491
5.079265204960123	0.9752761957898256
-0.9242251792968492	0.9752925155229066
2.3215749523577944	0.9752761971549243
9.714232147795975	0.9752761957878523
-4.584316596511466	0.9996486030572669
-2.9983408317151783	0.9915517930045885
8.698502122524655	0.9752761957878524
-5.2060840050989965	0.9999149179730433
-4.46853632226774	0.9995436730585743
-0.20659434539930466	0.9752761868242824
-4.504120180599647	0.9995788233764674
5.1186367245573905	0.975276195789065
7.175094957471629	0.9752761957878701
9.560845936957847	0.9752761957878522
9.791093295574441	0.975276195787852
-5.925480306094615	0.9999837095408475
-9.63737472022066	0.9999999968348663
-9.324689254387959	0.9999999934975471
4.322577249633772	0.9752761957985567
-8.965185587199658	0.9999999851207606
2.9126077728439057	0.9752761961269327
8.615900874739527	0.9752761957878526
7.400304552347812	0.9752761957878621
-7.058717513267734	0.9999988004372223
-5.56071864484506	0.9999623095538231
4.618501823343912	0.9752761957932029
-8.633607087649118	0.9999999680729561
9.301165991621371	0.9752761957878522
-8.330115516092418	0.9999999357830672
9.662621278104481	0.9752761957878524
2.3745547920033374	0.9752761967106977
3.333423776954918	0.9752761958701938
9.163700181541167	0.975276195787852
-1.5854526735108756	0.9762896608390748
9.054234668407748	0.9752761957878521
7.983670721997424	0.9752761957878539
-2.488961525118456	0.9846005515858273
6.276895620985382	0.9752761957879885
-2.9850260867099943	0.9913864816378721
-2.956594783450237	0.991028217286939
-0.8450757434486142	0.9752833513710112
-9.52561595144032	0.999999995905972
-9.97021454017176	0.9999999984550337
4.5009936452777275	0.9752761957931851
-4.09436165832417	0.9989520927989546
-2.9168855357104073	0.9905164122981104
0.16832242822844456	0.9752761935139038
5.903074968129353	0.9752761957881871
3.076183987238025	0.9752761959594204
-4.626059752988634	0.9996802956617398
-4.280110601486853	0.9993043022091567
7.966194209548782	0.9752761957878539
-4.0215007286280136	0.9987721655389057
7.520570560825259	0.9752761957878563
-4.5528366984013235	0.9996226801710153
-5.381284695846191	0.9999430821750978
-5.050443634894157	0.9998784692022782
2.2825014462102686	0.9752761971403583
6.306928132764995	0.9752761957879359
3.3809042147420385	0.9752761958734306
-8.24512825560439	0.9999999219026071
5.574933368778826	0.9752761957885243
7.066141413138208	0.975276195787873
2.2822856693056472	0.9752761971404345
-9.183145064206887	0.9999999909921431
-6.783341608353339	0.999997738607721
-4.235227359258316	0.9992314228197392
-7.27302905115589	0.9999992676455847
4.506899815324456	0.9752761957928836
6.634353329313939	0.9752761957878903
3.2814569446255692	0.9752761958965748
-3.8077185346391973	0.9980645517066481
-4.3671901385380085	0.9994271297126615
5.164903268770388	0.9752761957892249
-8.063170543316836	0.9999998812610125
-9.693811981570978	0.9999999972205762
7.364832331184964	0.9752761957878624
-3.1000780395030425	0.9927590185869941
-7.05113334706998	0.9999987793062821
-1.125036204033151	0.9753654143606372
4.2180805377015	0.9752761957975266
-5.906896310265908	0.9999829979238571
-9.089094709453276	0.9999999888140816
5.9600973251057034	0.9752761957881773
-2.257626007883937	0.981615214380571
1.3754784348850624	0.9752762061030413
6.583187370721852	0.975276195787915
3.8154755895736248	0.97527619583043
-3.4701815598192587	0.9961992002209642
1.014057269583022	0.9752761773862548
6.205779220493191	0.9752761957880194
-2.4205633425209028	0.9836825130792224
2.4116483765081895	0.975276196401693
-3.9130685245660635	0.9984502043004412
2.4446484475854824	0.9752761964757407
0.6000411286340359	0.9752761998740036
-7.5167286883421225	0.9999995821420808
-7.7092703955714414	0.9999997317805492
1.9123540209989365	0.9752761984719363
1.4796518370341225	0.9752762020167351
4.451826078546674	0.9752761957984305
-3.763381807369517	0.9978777615209832
-0.07093931758924477	0.9752761851899828
1.5378352426558184	0.9752762011076036
-9.177536154077256	0.9999999908750526
5.815911550143458	0.9752761957881867
3.1617767664389653	0.9752761959584267
-0.44919346797486526	0.9752762382732364
5.637011513321312	0.9752761957885355
-2.6452811613983274	0.9867886358518249
2.3117775953950925	0.9752761971361792
-2.03583396695592	0.9792515977284738
-4.678359922134452	0.9997160575424857
-2.048178499020854	0.9793686366670291
-4.240594568425458	0.9992405101438093
2.2537207087981503	0.9752761971397852
0.05722239462222056	0.9752761935420495
-8.01964303639723	0.999999868743563
0.3781880053938771	0.9752762010380466
-9.225009639442066	0.9999999918199324
4.600660875161132	0.9752761957931849
-6.0430516107572485	0.9999875707298013
-6.564588947320287	0.9999962580632786
3.849936615562161	0.975276195830028
-3.8200205325906644	0.9981136921706824
-9.360238435506801	0.9999999940086046
1.1839497651076591	0.9752762034207964
5.187777854576954	0.9752761957891976
-5.66065423969492	0.9999700454147341
0.0461775049594948	0.9752761935005452
8.765071093828634	0.9752761957878521
-3.9912116327820435	0.9986891444512549
-7.5698861326203515	0.9999996302807663
-7.033426107437961	0.9999987285104049
-4.09337400108257	0.9989498296163184
9.271379612570122	0.9752761957878523
5.584223570721999	0.9752761957885246
3.8017635391475793	0.9752761958303725
7.6366262935350875	0.9752761957878568
-7.690007846157396	0.9999997196164373
-7.318614218974515	0.9999993406166218
6.413335712761658	0.9752761957879357
1.553451633495225	0.9752762011896933
-0.7141660669080032	0.9752775516234249
8.861905724240199	0.975276195787852
2.3193898368554997	0.9752761971501016
4.043732852962997	0.9752761958092557
4.663186111782496	0.9752761957932128
-8.92267609797159	0.999999983590695
0.15820379788289785	0.97527619352005
-9.761010297512524	0.9999999976190159
4.904802163455578	0.9752761957905214
-1.2712898888693367	0.9755033514692331
1.6031642282241023	0.9752762010693525
-0.4288510622054389	0.975276233457667
1.9414111630832753	0.9752761984744547
-0.9824428913547845	0.9753039326191808
-1.0330484049372792	0.9753195223453501
-8.327586785537973	0.9999999354080652
0.556395104953813	0.9752762006590993
-2.1199107117966154	0.9800810561035309
-7.075793141963178	0.999998846683855
-1.1552328942510002	0.9753867465163083
4.985385359655531	0.975276195790539
4.573159469913275	0.9752761957932957
5.447919521820793	0.9752761957885204
2.667635145211893	0.9752761963149902
2.6335320401469975	0.9752761964809584
-4.4219615468471	0.9994933089874977
-2.585917460589684	0.9859515824264403
-1.427638696632613	0.9757968528252245
6.180467871280211	0.9752761957880203
3.6416773862596905	0.9752761958303618
1.4498086935262577	0.9752762053425067
-9.105169261383042	0.999999989220533
-9.23777720134126	0.9999999920569137
9.285361505581903	0.9752761957878522
7.686585581340157	0.9752761957878568
-1.0942019339008482	0.9753470287068123
-6.200696293721539	0.999991352652566
-4.152814513800038	0.9990780925207301
-6.178586715977397	0.9999909012288594
-8.06300733176608	0.9999998812163808
-2.2119305170899173	0.9810787827165839
-6.471026137192135	0.9999953586978563
0.2703499160801126	0.9752761981772975
-8.717910524249849	0.9999999737060794
-1.3704885699390026	0.9756686269281302
5.97433398154973	0.9752761957881311
4.770109219430303	0.9752761957923086
-3.5493151896030506	0.9967355610144427
3.7545417616507457	0.9752761958305882
-3.2347282948081046	0.9941912029138689
5.481699235392119	0.9752761957885304
1.680737386537805	0.9752762010866607
-0.31971667715469465	0.9752762015162997
9.931723564621812	0.9752761957878519
7.717896850056757	0.9752761957878573
4.820678244739668	0.9752761957902764
3.510165656325487	0.97527619587272
2.5922051500592893	0.97527619646461
0.1626079201505668	0.975276193514645
1.3257321475438921	0.9752762060505943
5.279722869318366	0.9752761957891968
-3.577075800712346	0.996908246198205
3.782768116401529	0.9752761958306515
4.943801182245245	0.9752761957905365
3.8954451994888615	0.9752761958101686
-3.772078822641034	0.9979156247362939
-8.64667009248163	0.999999969018978
7.033630160477067	0.9752761957878728
-6.498026168972473	0.9999956384000078
-3.199008592750543	0.9938309807148182
9.040685342798618	0.9752761957878521
-8.211929699879326	0.9999999156985591
6.053529838023188	0.975276195788021
-4.372773198241502	0.9994342427370502
1.5457112052511235	0.9752762011768051
-9.748077464106446	0.9999999975470466
2.700877689350122	0.9752761961071564
5.764877014353274	0.9752761957881955
-9.11006526799973	0.9999999893413727
-4.478420259601101	0.9995537144226714
0.426219037427952	0.9752762010164312
8.447861577257182	0.9752761957878525
-4.08583671364354	0.998932405161226
-4.349972344594599	0.9994046425308775
-3.5306524458832778	0.996615023410492
-8.362341166418767	0.9999999403755988
-8.895742879370845	0.9999999825408401
7.531780497069498	0.9752761957878564
1.3624309473973728	0.9752762061097218
4.67459274812645	0.9752761957932191
4.724232831750079	0.975276195793225
-7.083772014139216	0.9999988676779883
8.701929240666708	0.9752761957878524
-1.5365014880048289	0.9761133975750423
-3.194214133637656	0.993781528136041
-4.264668709044046	0.9992800138672396
5.438682574857584	0.9752761957884941
-9.544483554901802	0.9999999960800263
7.401751063491865	0.9752761957878624
0.3469266906619861	0.9752762009318147
1.587164189955752	0.9752762010619557
7.6947499142209	0.9752761957878572
-9.075957615483148	0.9999999884705508
6.8485420938161035	0.9752761957878949
4.370117288646318	0.9752761957985717
-1.6725914361748995	0.9766760708599548
-0.4490803144917521	0.9752762382414257
-4.33272421591929	0.9993812581745016
7.7790381448449075	0.9752761957878563
5.901642474356791	0.9752761957881875
-3.0646586033209777	0.9923499444032752
-1.6849328063312718	0.9767376941860354
-8.41309224490522	0.9999999469515095
-4.535506093845019	0.999607617029697
-4.062995139558874	0.9988779165177991
-7.230756419978235	0.9999991927787969
2.5674503466194665	0.9752761964674763
7.460869030502906	0.9752761957878622
-3.9069626121042056	0.998429932600776
-6.67436116170812	0.999997093688488
6.423857961609286	0.9752761957879358
-5.948440146577543	0.9999845477509465
8.932899013119034	0.9752761957878519
4.2222217526118335	0.9752761957975913
5.033149300524688	0.9752761957905749
0.8891184408382014	0.9752761777425973
2.7761792211293734	0.9752761961299321
-7.738788118292406	0.9999997494047183
-0.5877178045970624	0.9752764176497865
4.6479953833331145	0.9752761957932136
1.6391631587756272	0.9752762010851582
7.4759755142137685	0.9752761957878607
-5.79765946120423	0.9999781408324441
-4.5139610921259266	0.9995880673184601
-4.861504740206279	0.9998128469002058
0.9572690822921182	0.9752761777378643
8.51162477124867	0.9752761957878523
-8.980040173019983	0.9999999856210857
-9.36593219736638	0.9999999940866424
6.956745780123391	0.9752761957878733
-0.3967125230076327	0.9752762287136536
8.287387129776711	0.9752761957878532
6.07159260094415	0.9752761957880237
1.4908288246881582	0.9752762010854643
-4.847373082728952	0.9998067163189994
-8.21433729706413	0.9999999161646067
-7.533759099279558	0.9999995982104147
4.814666113504572	0.9752761957902872
3.950377881550784	0.9752761958095618
8.836040885986254	0.9752761957878519
6.768452805488877	0.9752761957878936
0.19207872052152553	0.9752761936076345
-4.780014976618894	0.9997746515990337
-7.467919791342403	0.9999995324409204
3.382671914053681	0.9752761958732896
4.046536680978745	0.9752761958092518
2.4418566326666458	0.9752761964716926
-9.57108109651565	0.9999999963128939
-1.6944816000103913	0.9767866172336234
7.472019863183036	0.9752761957878614
8.333279975249638	0.975276195787853
-9.603476186266771	0.9999999965779165
-8.05919839558792	0.9999998801700191
8.52767518897916	0.9752761957878526
5.266258446920858	0.9752761957891951
1.2932740664408584	0.9752762062222603
7.179791884135412	0.9752761957878692
-7.346039723950031	0.999999380967632
-7.8898430470543435	0.9999998230218815
-5.436751994431197	0.999949889511315
-8.659625591889668	0.9999999699295244
-2.4332759215397326	0.9838504945903009
-0.39408587974612885	0.9752762285865375
9.000501344832543	0.9752761957878522
1.4974993333663598	0.9752762007790443
7.207167400448881	0.9752761957878626
8.159709809640184	0.975276195787853
5.204454105532568	0.9752761957891881
-5.45711409825953	0.9999521793009902
5.399247256220448	0.9752761957885674
4.390336785343791	0.9752761957985642
-1.8447278921713952	0.9776886313706838
-3.342789115200082	0.9951913792363256
4.637917382561696	0.9752761957932164
-5.548299729473776	0.999961218325447
-7.815977793859479	0.9999997902103586
-5.971977773563966	0.9999853623409831
6.905731263933937	0.9752761957878733
-2.962847665399262	0.9911076120834176
-7.065364243359853	0.999998818655293
2.0905505970138485	0.9752761971742224
9.221999250294608	0.9752761957878523
7.1652655094714	0.9752761957878721
-1.5660931318296214	0.9762156623882706
-0.9074129945548037	0.9752901058073604
0.06855438100982525	0.9752761935827072
5.014906578111141	0.9752761957905189
0.5181094863180427	0.9752762010543267
-3.6113268385700747	0.9971106743894276
-9.334345410100248	0.999999993640527
-6.762911619224394	0.9999976296988976
-2.187066701943947	0.9807957337697659
-7.934395878622911	0.9999998402771271
-6.691122339233377	0.9999972037008935
-6.788115203056191	0.9999977633252952
8.78003635378386	0.9752761957878521
-2.2236443400827666	0.9812141425429244
-2.910988057675179	0.9904393360676318
9.230323905963726	0.9752761957878522
9.512055813277613	0.9752761957878525
1.7855428853572963	0.9752761987111471
0.9656008882592779	0.975276177576505
-2.464541245674856	0.9842676126044924
-7.332489849614778	0.999999361350214
-3.948311209613853	0.9985625674499516
-6.154221810236575	0.9999903764287692
-1.1492734829051052	0.9753822579398085
-4.029237097107599	0.9987925665506795
-7.108856897296363	0.9999989312246282
-9.369091374170363	0.999999994129502
0.4821590987796309	0.9752762010188307
6.529956532441609	0.9752761957879362
-6.580107371214812	0.9999963893875529
9.614041047924466	0.9752761957878517
7.508689424752681	0.9752761957878568
-0.9782515875825393	0.9753028813744486
7.623234007199503	0.975276195787857
4.566521267976341	0.9752761957933247
3.879483419236678	0.9752761958170855
2.4881359832180436	0.9752761964637734
-0.5987278433123002	0.975276456763121
9.172588904655818	0.9752761957878522
-5.975601180182739	0.9999854838694117
-0.30692479421303176	0.9752761962390009
-8.827510218694844	0.9999999795705854
6.123274024871897	0.9752761957880197
-8.775093424026199	0.9999999769499253
7.560040956055367	0.9752761957878572
-0.9575329889186399	0.9752982645874165
1.008365241341945	0.9752761773527961
-3.3698606506922912	0.9954208377581132
-7.077986403583636	0.9999988524932739
8.633282826689044	0.9752761957878524
0.8736094802634486	0.9752761838896471
-7.498521754508816	0.9999995642521124
-8.230734846229781	0.9999999192709442
2.790332777022847	0.975276196126646
6.413178497386163	0.9752761957879357
1.655654060322167	0.9752762010867055
-8.715318006346088	0.9999999735486479
-8.769528520760709	0.9999999766526697
4.066117978559465	0.9752761958092605
2.730464258027041	0.9752761961147529
5.971444961774832	0.975276195788142
8.169814891988175	0.9752761957878531
0.7500925329647004	0.9752761999481345
0.6123875869429707	0.9752761998666116
9.733824473184587	0.9752761957878523
5.452561457751802	0.9752761957885298
7.818695273778733	0.975276195787854
0.3778886243267898	0.9752762010374815
7.885003658527964	0.9752761957878543
-7.837182131851703	0.9999998002071085
8.659931057188292	0.9752761957878529
-3.4219029751939445	0.9958386858132098
-2.053309188509056	0.979417782016806
-2.9908588720329066	0.9914590985205254
-1.883626772490521	0.9779641363500937
7.193506805728731	0.9752761957878657
-4.552813177432049	0.9996226601170244
-2.3071286788238066	0.9822206561859476
-6.219994865548739	0.9999917283437747
-2.754198274785651	0.9883134275810024
9.03653432011555	0.975276195787852
-3.8540883113006075	0.9982439416465599
1.2814312839994102	0.9752762061716705
0.9944145625070213	0.9752761772801009
-9.494941854304347	0.999999995606356
9.924573885408364	0.9752761957878521
6.286474640406446	0.9752761957879694
2.553441793629471	0.9752761964665685
8.412579036314266	0.9752761957878525
-4.612033091545471	0.9996699731066209
-3.404280393530126	0.9957006189528093
-4.718806314930828	0.9997409829331599
-4.8744495669097265	0.9998182932814776
-0.56980201960803	0.9752763655636147
6.686991820001012	0.9752761957878942
9.354692043525429	0.9752761957878522
0.7521650718485606	0.9752761999591422
-5.016450410462507	0.9998686391791884
-9.315854575559829	0.9999999933639154
1.796608686299411	0.9752761983424207
7.801116870343602	0.9752761957878546
-7.616260207545338	0.9999996677239036
-4.648233318294426	0.9996959690427016
4.3913761505626745	0.9752761957985607
6.355600756637962	0.9752761957879366
5.832278997580659	0.9752761957881881
5.688253151242343	0.9752761957882913
-5.290669707064595	0.9999299226360636
-2.2899571225303372	0.9820079080668458
-1.5997405871292614	0.9763475587502418
-1.7973525990186765	0.9773802799802713
-7.8527130662118205	0.9999998072257122
