-5.4266010549472155	0.999900867047464
5.161013041995197	-3.065688038224896e-62
4.263800098085198	-1.9132826475884306e-48
2.5372605779496737	-3.624517986247938e-22
-4.979897869932111	0.9997233258774185
5.476624637753456	-5.4519807037259045e-67
-0.6606858623559866	0.6786043574778908
2.061179118905759	-4.80180322550343e-15
-2.9859548569901184	0.9787440815748124
-9.236854204596877	0.9999999846362573
0.04211284219525879	0.4076973925169364
-1.8255679994544138	0.886528896477097
7.853758812411847	8.532557543144845e-104
4.24914190906005	-9.049501475031268e-49
-4.8590878364550605	0.9996349902217045
5.654019634690073	-2.029398830315806e-71
-2.405593080911106	0.9445917915137131
4.3854922799293306	9.111996919986787e-51
9.492520804480158	1.7024365549886132e-128
-6.483317716118142	0.9999912906287585
-8.774026374759591	0.9999999554010668
7.991939789114806	1.2839433997882388e-105
-2.0966849015796596	0.9165541397456289
0.6218826291458548	0.10497636089973038
-3.16808336188533	0.9849775234780559
-8.570774378058278	0.9999999287841603
9.73251015663844	4.470025967695717e-132
-6.297683470877216	0.9999866464697402
4.051573896264058	-1.567285303884692e-45
7.706435090035363	-9.639477849219757e-102
4.179295812044117	-2.9207224001696252e-47
-2.7547999650993304	0.9679540808673291
6.900640867221224	-4.6902281633480006e-89
2.3347637515874773	1.3901098774652408e-19
-8.490307482713595	0.9999999142876539
2.5837277028229	7.850673515547668e-24
4.1941748689486325	-6.95182996174134e-48
9.261929233535874	1.3326562227018759e-125
2.406906236525707	3.1357696237668066e-20
-7.663878549270207	0.999999425262346
6.016603823244033	1.955073614123055e-75
-8.424042221678567	0.9999999001590936
3.734766148957757	-1.6883723706987642e-40
8.414032162202272	2.3779741822647773e-114
1.1814360665304804	0.0014228609299421016
7.4737682883371725	-9.459526807960531e-98
-6.471812614148558	0.9999910568471182
-9.151432800197075	0.9999999812966894
-2.6248993237183083	0.9603032321031723
-6.710140989595299	0.9999948336647492
-7.5933167982556915	0.9999993238689245
-6.518308380372391	0.9999919647432953
-4.359152126805674	0.9988569290559339
2.3488850054261246	-8.717911776319353e-20
-1.2099140404497675	0.7980128304848697
-5.455873385990588	0.9999073212694604
-6.76335866960327	0.9999954294542677
-1.4896430282380013	0.8423005305523837
-8.753382584500574	0.9999999532298834
-7.687549795247972	0.9999994557498195
4.104291181410812	-2.3857832810926236e-46
3.7495226390889904	-7.268192734460377e-41
-5.996434735677623	0.9999732838982163
-2.826126072835682	0.9716573862381787
-7.965130569918499	0.9999997127770147
-1.307967265979073	0.8142094725471528
8.565746103294622	-2.0888043589605374e-114
1.2303714347116035	0.0007416689998306814
6.079098322176062	-3.3826517686309355e-76
-9.25735028210703	0.9999999853444881
6.218393928861175	-9.998425234879187e-79
0.5136325366866501	0.15267553774036408
-4.8583670153430925	0.999634386618706
4.6424887230119705	-2.5763670352250488e-54
3.8487083962000277	-2.1828289527273174e-43
-8.014769335475297	0.999999743799119
-6.396225934289528	0.9999893568972363
-1.3182827480803727	0.8158932495132962
2.302703261476262	-7.216881765260828e-19
-1.6063588237652873	0.8584802288633512
7.344153586799411	-1.0704867659320825e-95
9.214785783079108	-1.4959484323267588e-124
-9.272829175020924	0.9999999858576354
-9.235130152594216	0.9999999845751452
3.979001390988408	-2.3341636296569293e-44
7.261043418243858	-1.266964585418766e-94
8.78969190682177	-1.2847399412633634e-117
-1.2442572686672815	0.8037031902330852
4.963259146959249	5.265003801588825e-60
3.6893372970250873	4.179144496081824e-40
-2.4700603395031484	0.9495522302096289
-5.496257408427336	0.9999155420550817
-2.783119654202779	0.969464188760579
-6.360927107452272	0.9999884558516792
0.7935327067574747	0.04499889895868721
-4.1575390898601805	0.9981963328812041
0.9244434997198816	0.01935690949568961
-9.90114956536123	0.9999999966718592
0.6801190361576595	0.08144788905353122
-1.2544630491499653	0.805360306022657
8.230749058032252	2.8303794463287804e-109
-5.557552675448818	0.9999266492090596
2.867037447324087	2.4976557162361766e-27
7.586411588919397	-2.926907360146536e-99
-9.194900304138676	0.9999999830780281
0.9865926280933124	0.011539367519671799
-4.180817888656381	0.9982885280597508
6.948016680567189	9.42446473122002e-90
9.707841822915956	2.903688896945909e-132
9.434168110844343	1.2821934149538839e-127
5.075510679994387	-5.806805560465885e-61
-7.42579553030656	0.9999990056245426
4.025907905863907	-1.5638325245844734e-45
6.412406744494103	2.836409751964586e-81
-9.477508351014897	0.9999999911723951
3.985991930324939	8.647151918170334e-46
7.431549419473207	-5.63715784556138e-99
4.687016628725193	2.089728918988904e-55
4.164743981092215	-3.6807758787043717e-47
6.3334017583012425	4.568025950405004e-80
1.9067783108023217	4.862821411106566e-12
9.1908848319542	6.862586442522062e-124
-3.741749268319654	0.9954564654209423
-8.81771465866045	0.9999999596692278
-5.291357407498429	0.9998647094092141
4.071404440844809	1.016952891054862e-45
-0.10589503165387626	0.4788674438651596
9.534929349117157	-1.0787980201848538e-129
7.374363669291803	1.831779943070921e-96
6.351832726744668	1.3230152456781583e-81
-4.7317050085598344	0.999511320098087
2.9617726122608232	-9.131213733794631e-29
-5.258025036922209	0.9998539363442926
3.7237323218229044	-3.4825228684835426e-41
4.552993218389387	-3.4766324480405947e-53
1.67498526884334	2.6462008087885927e-8
-0.45554811126497086	0.6170793031026993
-1.6463488749804114	0.8638777918810688
-7.998007155190194	0.9999997337174534
9.440171827783313	2.572700138313782e-128
-2.6385341674723373	0.9611647859997419
-6.668261768404635	0.999994310702026
-4.332606428869177	0.9987859425740637
-3.0310647740122043	0.9804586689410448
3.9333074447457115	1.5751054700460362e-43
-6.000320193904658	0.9999735217744625
9.962623263369448	3.091514349782561e-136
-6.684134926444822	0.9999945148709036
-2.7677122092154782	0.9686488134715237
-3.24474150284344	0.9870918811809717
7.403232730982886	-1.774613214656131e-97
-8.64293240157281	0.999999939685934
-4.660566085400424	0.9994249567258335
1.4067915653577412	3.091900209313614e-5
-7.11820814422667	0.9999979810186497
-8.418820907195919	0.999999898951513
-2.3324857984610725	0.9385680156063577
7.278038377087238	-1.8272405777940555e-94
-9.409149016734313	0.9999999896675743
-4.085616275403452	0.997879733022367
-8.156919177118409	0.9999998153152754
-6.013060121314817	0.9999742869849482
3.7555094143000147	-1.3638268550603943e-41
7.206923536148494	-3.790501345114002e-94
3.1418482859178063	-2.0051467109710095e-31
-3.2072846272200373	0.9860934715566073
-7.324484834612361	0.9999987443757239
9.709424160997806	4.321282707545961e-132
3.4978648314912686	-3.782599853693859e-37
-1.8448828870274134	0.8887804561473422
7.652289750792637	-2.77935487324169e-100
7.531375810180517	2.229328379928125e-98
8.994403940021563	-8.560555539696504e-121
-4.2341856560780045	0.9984828111907458
4.4647983473899355	-9.160404157853001e-52
3.489514908486502	-8.215059848465314e-38
-5.604061671437499	0.9999340923577577
-6.485595292664792	0.9999913361791863
-5.895705464802674	0.9999663127995622
-9.34470071857386	0.9999999880146543
-5.746004092001873	0.9999524564291299
4.440835789428807	1.0488098884590106e-51
-3.5255881273509138	0.9927656280617981
-7.673699258453568	0.9999994381129504
-6.3424099168201575	0.9999879530630704
-2.9353252343569514	0.9766743092292716
-7.007425718306108	0.9999973943767878
-0.09453679322644071	0.4735239941736283
-7.191009966816093	0.9999982926122519
-6.939623904195775	0.999996954132309
-8.795147059364968	0.9999999575180839
7.973249614856954	4.787493094532738e-106
5.222904102892629	1.6572888610621486e-63
9.201479387145639	2.760019214602135e-124
1.2819696500816171	0.00033313312312245835
-7.487304444693468	0.9999991369376043
-6.000208581935538	0.999973514970961
7.086672354997447	9.195352650049678e-92
5.657174056568564	-1.4263988470967725e-70
-2.646545552462336	0.961664495010658
-2.6438663706076015	0.9614979167377226
-8.972204809914274	0.9999999717416778
-4.484163606844969	0.9991398469119217
9.987821478374784	-7.533458603877303e-136
4.548650365790348	-1.4744909413024082e-53
8.817075702811586	5.012775232968429e-118
6.5546360157842365	1.543004293149125e-84
-0.6254653471770144	0.6694019568255442
0.17559635758749437	0.33563394523710893
-5.875670965905004	0.9999647230580753
2.6508479902510693	-2.4225958974135057e-24
-6.226993456017347	0.9999842864825118
-3.1393810830816404	0.9841124127715862
-2.9439864458556064	0.9770395801752596
1.7616121981182253	8.864307317696447e-10
0.44655482615548436	0.18730041193669078
8.774361443499426	-2.1188568130456905e-117
-5.685207178475409	0.9999453172270618
6.541767771597108	1.0302338600093533e-83
-3.3264272486701563	0.9890536455027548
-2.090761799084815	0.9159526609171651
-3.0479297991264653	0.9810693683805161
-0.46997676407317	0.6218849660071756
0.8981264044452875	0.02358446594998741
-1.2045920477037555	0.7970996742020938
-2.4251713174878864	0.9461320444320565
-6.804753404305051	0.9999958449566717
-0.22845473828165375	0.5331328242698161
0.07182926663197087	0.3920611628113131
5.744885648736506	1.922177899551252e-71
3.7915166003924305	-3.600482105531639e-42
7.204569811518333	-7.247097910208105e-94
-4.0821885325086615	0.9978633616270408
-1.4891429871851578	0.8422280709198356
1.7851089341733015	4.4733804753778956e-10
6.649722929001737	2.0416380401834373e-85
6.1726345456982585	5.758166333688163e-78
4.850986413666574	-5.508721691299668e-58
-9.53155724241254	0.9999999922053977
5.240634917285236	-1.7464501318748828e-63
2.4204190611572507	2.612954727092488e-20
-1.6886333228264263	0.8694578219168646
-7.635541351323281	0.999999386511218
7.152879261654427	3.004004165715404e-93
-1.2465778169740958	0.8040800054851027
-5.690723053825044	0.9999460068878067
8.82311057581898	4.313076879105816e-118
-2.4300106971825253	0.9465077011161975
-6.903411774169506	0.9999966892858501
3.142047449947878	-1.977779010746746e-31
5.684172589444344	-3.04751548053252e-70
-0.44541621558789934	0.6136617795850438
-5.9874944307541345	0.9999727284112132
-1.21125582097768	0.798241669005025
9.57391902380401	-4.1618086471220114e-130
6.40969901921239	2.9914501903030434e-81
-1.5248901996714928	0.8472990837360174
4.001169377201492	1.8018415317649022e-44
-1.0393801957324165	0.7662830095646664
-8.685333950128786	0.9999999452962537
-6.016475734190032	0.9999744883538677
3.763620728068906	3.250076135968926e-41
1.1026301987405738	0.0035498284808850207
1.7641841781629797	8.024544536237898e-10
-8.533126705351005	0.9999999223351997
3.013930003365033	2.0762906245609173e-29
0.3528088055583254	0.2386866532551477
-3.048635438196534	0.9810945710291943
-0.8660759852491431	0.7300761158770791
3.547304692373272	-6.288737741573427e-39
2.219335853964539	-5.0356448525331635e-18
4.592981663104037	7.329773748919212e-54
-3.8414773392888124	0.9963491752422126
7.273097135385424	-2.0626883299628435e-94
1.3722882955877491	6.388747224319338e-5
0.202183782522102	0.32087532718794487
3.6764180819499934	-1.1681132606433023e-39
7.296878632441803	-1.025856292534732e-96
3.5196552678381146	2.4769015125048516e-38
-3.2424325205963456	0.987032198704545
6.937388024939484	2.6579114313873586e-89
-3.9523534226763024	0.9971441422175303
1.3032037197366009	0.0002328626528525199
-5.443008783856227	0.9999045381350296
-9.34820763443513	0.9999999881110461
9.307461123278038	-9.351708022849284e-126
-5.508525229707497	0.9999178920369317
-8.963240736284863	0.999999971152346
7.1955471430662	-2.2024611869968067e-93
-4.341877111388923	0.9988112139279723
1.578304537508588	5.648553993165728e-7
-2.972876891533014	0.9782244244350562
6.90200240585596	-3.819359863078763e-89
7.573389301109515	-5.246733953004757e-99
-1.3588963875889384	0.8224166322617851
8.640759203130482	5.0600912420196355e-116
-2.050490138866752	0.9117894572329766
8.398236465475442	-9.930243119054265e-112
1.5309761567107305	2.0294449791964737e-6
-9.073117193538266	0.9999999776007341
-9.607096457598372	0.9999999934497977
4.42933884489686	1.501540399684877e-51
2.7646284270883115	-1.5227067152402199e-25
3.0224651239690203	1.6701281720901682e-29
-2.711133735158726	0.9655200732557875
4.541600260332199	3.9291804594975197e-53
8.155586447415395	1.6791253943508362e-108
8.040927463025149	9.774890815798908e-107
-7.182280812965494	0.9999982579481709
3.262253297799811	-2.2962310162313386e-33
-4.807335164918514	0.9995890292770317
7.27852239698862	-1.792553174866117e-94
-8.717010095429965	0.9999999491441504
-9.763789202429066	0.9999999954337256
3.701753358320916	6.969220425725007e-40
-7.841372789230703	0.999999618076409
-8.137543722797185	0.999999806889194
1.6719553417164068	2.94995514772364e-8
1.6679807747523423	3.395405881714641e-8
0.8097965879529401	0.04079510707034176
-2.987309745879103	0.9787973320573026
-6.762223852634128	0.9999954174964333
-4.237331203570438	0.9984935612273369
-6.608175064443658	0.9999934665728915
0.4757457381371033	0.17198080844504984
-6.913661102735689	0.9999967665011056
2.7732911631280963	-7.271853842441481e-26
8.48998803140066	-4.515021901124258e-113
-9.362852111394698	0.9999999885052654
5.646835565675952	3.367297205172528e-70
-7.635261440036256	0.9999993861156883
4.643716132306803	-2.4666837080165274e-54
7.369106695388009	-2.357017988068059e-97
-6.606141355386743	0.9999934359087986
3.743948762423557	-1.2772854594869818e-40
9.40352405138832	-3.6150489746925614e-128
5.271827467534923	4.000753239253048e-64
6.0410414748091625	9.831707005957222e-76
-7.195771244805624	0.9999983112281343
-2.5837299781560663	0.9576180425601093
2.808300820998827	2.5756833285834176e-26
8.471781997634068	-8.130963225352848e-113
-8.258585016478147	0.9999998538611972
-9.450068842104313	0.9999999905966546
1.6356497612128642	9.762743565754258e-8
9.270693783911604	-1.226299901626902e-125
-5.549202872536245	0.9999252266247234
-9.635111089162942	0.9999999938589869
-8.537573185523094	0.9999999231263063
8.94515216176464	1.6731418944860356e-120
-5.751182304355096	0.9999530196198558
9.306693469286454	-1.0194429937475847e-125
9.324917282506554	4.3695763656863443e-126
9.51717409277014	-4.0925408109551145e-129
1.3213093120212438	0.00016876350444821253
8.224237274230966	5.635020016060591e-109
2.963608889203053	-9.196516490588953e-29
-6.391444689410273	0.9999892390934898
0.20218190776896705	0.320876379183642
2.393253040031208	-5.487423163070768e-22
6.260757598243156	-1.2242571919858422e-79
0.39818985733605317	0.2134621718976721
-9.183929817656153	0.9999999826451256
-3.8104372449884316	0.9960910232513788
-9.13890363217642	0.9999999807492514
-6.993669742754887	0.999997310527271
-0.8857110123562695	0.7345223137230033
-0.6972442252369646	0.6884203075994685
-8.003555177353388	0.9999997370975094
-0.4039733573183568	0.5993504579587028
-1.3906042351535532	0.8273979988444794
6.829949869802579	1.5880282312961868e-89
-4.961765948773058	0.9997115720051954
-0.5959566112852919	0.66117061132767
-0.8610507877501039	0.7289258659803125
-0.25459055815755605	0.5439568530650462
-2.231440597211787	0.9295741735868572
9.146667092243593	-2.1309080093659996e-123
-8.343078033150721	0.9999998796980579
-0.6844798772465666	0.6849752213998881
2.7052026282362753	7.251411691596335e-25
4.5181465851143	2.1483666673367826e-52
-0.3119802312407405	0.5667012326146238
-5.662131110643727	0.9999423352363731
-8.157034285294763	0.9999998153642197
2.968429594653541	-8.795045895179748e-29
-2.843402060409015	0.9725029593297398
-7.196183571167589	0.9999983128306937
6.95982411930169	-4.881786969804095e-90
8.521831588655036	1.7254378279006748e-113
-9.058034159136819	0.9999999768091341
7.852008748796337	1.2883358667813146e-103
7.838392618638167	4.743096748734118e-103
9.507788585758952	1.0692630940906032e-129
2.967813397048813	-8.887855130706242e-29
-8.706990632472529	0.9999999479572256
-7.774308974187414	0.9999995543028514
4.449442309218629	-2.7657421317897927e-55
-5.383894150145951	0.9998906370935572
-9.640997865010682	0.9999999939416649
-7.592997092143849	0.9999993233710155
-6.568567943135961	0.9999928427723518
-5.8004981873514705	0.9999580600442793
6.737777183537851	-1.1773075586693954e-86
-1.5428688336487806	0.8497623746719641
5.406844138487767	1.2533236712135027e-66
-0.6140975971427665	0.6663171717210095
-1.283783884495282	0.8101946929828552
8.77951034992714	-2.088818922575386e-117
-4.7449553839824965	0.9995259191559055
3.4615956834889428	1.1588631289706545e-36
-2.0206169429323317	0.9086195904484315
4.354746385301063	-2.5607248022459195e-50
4.928586531898045	-2.1448732900667e-59
-0.838657195993072	0.723735439099663
2.489501135366261	1.5486622026205568e-21
-6.69550299796315	0.9999946565758835
2.771316992935624	-9.213857563279896e-26
7.539483318664498	1.6945698309763235e-98
-9.762716613677265	0.9999999954224343
-2.6599648766224027	0.9624907926672096
7.268487737170769	-2.030295850898595e-94
-2.5922720417588785	0.9581854572100663
2.656310399638766	-3.317221544355853e-24
7.917033662663503	2.966409456019144e-104
-4.650637772152488	0.9994117552027988
6.5222997728219845	-1.6928600214590184e-83
-4.736742925769319	0.9995169227145257
-8.106696418865429	0.9999997926740085
-6.423803787979789	0.9999900116478159
2.2029387260077904	5.2486997974965313e-17
-4.992399536168568	0.9997311507503528
-6.679846595380119	0.9999944604458169
0.4091756833015694	0.20742502491120696
0.9764147711118234	0.012617384688603728
1.6158022954143458	1.8585266314886685e-7
9.195919814988503	5.2959236472990626e-124
-0.516728208560707	0.6370415132960193
8.68006156827309	-4.029197732751348e-116
5.089557869235488	-3.0379341945464486e-61
5.338781222939971	2.4354077149244048e-65
-1.0089224039237301	0.7601725100170893
6.009698939340513	9.697128388924995e-76
6.970619995531177	-8.239749867947037e-90
2.582284865864125	1.612533388509415e-23
-2.7274076156775307	0.9664432125456494
-8.560432988577968	0.9999999270680215
-8.72695775652462	0.9999999502957793
0.04308922939020299	0.40718702859402295
3.5797227295999576	-4.047663235978043e-38
-8.618895837685475	0.9999999362536668
-5.486965185999342	0.9999137174595651
-0.5780699914832521	0.6558978249436672
0.6176754706383427	0.10681437971933004
8.434226992452398	3.6116568163562404e-112
3.3716984203656697	-6.925105531871858e-35
-1.3797727135381308	0.8257071830499334
4.603771561285486	1.1444663337213916e-53
-2.3119358632931064	0.9367995419150189
-4.2039947951623535	0.998375729232666
-3.8199854807000744	0.9961722369184167
5.471352777565803	-7.142475331542061e-67
1.5238587588197063	2.467054395113811e-6
-4.021100328453979	0.9975500897342385
-9.059585142327983	0.9999999768918083
7.697466943478659	2.1536904754533057e-101
-4.368660555848836	0.998881347001258
0.6103766591264694	0.11001764984635702
3.9614400835188626	-7.699393876342643e-44
8.018421055959774	-4.002688771519322e-106
-4.657606813152584	0.9994210529099354
5.119729976081313	1.372368652520331e-61
1.153070043846558	0.0019454685036043237
-9.501605041860142	0.9999999916488523
6.02734142192552	2.1195067303041422e-75
7.758906841385883	5.803876317645399e-103
-6.187771865249969	0.9999828016392607
-9.485750922833258	0.999999991338356
-7.790632095594909	0.999999570743479
-0.7900343984832681	0.712066864924645
8.917802477080503	-6.836405715237242e-120
7.424000473223771	-3.3924510629040694e-97
7.008887905204851	1.9116319930566562e-90
8.360327647026665	5.049570258289623e-112
8.112671879413227	-5.352533329716491e-109
-2.876932974122295	0.9740878560083049
-8.353163308663847	0.999999882459529
4.024431895137738	-6.662038089738215e-46
-1.894300740343855	0.8945200721050227
5.896753074721657	-1.9469699603201935e-75
-4.431936124371467	0.9990312276172495
7.413407008842498	-6.635398700114131e-97
-5.923699704158856	0.9999684149215441
9.39653458495777	-4.839553385374093e-127
-0.2107333285435118	0.5256180717518835
-0.26547266824552196	0.5483912775841853
1.716126145486573	5.739887883852634e-9
-4.326589645435743	0.998769258689747
-1.4513265447443544	0.8366642701272101
-1.4634190048271023	0.838460073031523
7.8575742942043725	2.015521991244676e-105
4.259758351472547	-1.949900000001314e-48
9.003968976236187	-4.772131844830178e-121
-4.926216087077404	0.9996870638078453
-1.0683796869319906	0.7719801471015788
-0.793210187021236	0.7128435533160192
-5.218112971456468	0.9998399045714025
-1.678387376386583	0.8681180364908138
6.437716263825742	-5.2488814304497357e-82
-8.245592455013018	0.9999998494231965
-8.510033861780965	0.9999999180937356
6.539240923434441	1.0577606495882198e-83
8.374203159250321	-1.3913487753971457e-111
9.886366558811108	-1.675979418255717e-134
7.240349231771411	5.992156239367874e-94
-7.892510443258791	0.9999996605005637
5.578162763675687	1.0199541467256918e-68
9.297125469200218	-2.0172222955340424e-125
-2.51468790891173	0.952833357189258
0.7336414866617389	0.06264226846408551
9.21763827373486	-1.7004226960463225e-124
-5.811800956842732	0.9999591369334346
-9.093932875776819	0.9999999786489919
7.9698953026852095	-6.045364977549314e-106
2.3908315434219407	-1.1737447082245077e-20
-5.20588766531306	0.9998353431514906
5.686221800712769	-2.7687356079119254e-70
4.073034560854346	9.885335210900036e-46
5.170118308599578	-2.8462157916777233e-62
-1.7938033023107902	0.8827282749315972
-1.5427171388679284	0.8497417254126179
-7.762701523548379	0.9999995422300331
9.530513068499879	-2.449366169564241e-129
-3.4781934687215665	0.9920049303823733
-3.821191840739031	0.996182382252217
2.5438020652594275	-2.189476120298246e-22
-6.892850024000379	0.9999966077874199
8.939130096717548	7.032741767107796e-121
9.426989940144388	2.5083039135763467e-127
5.853822928693745	-6.760288704619764e-73
-7.188178980844784	0.9999982814464414
-6.294891830688187	0.9999865603706316
-3.1215294060725807	0.9835532049280303
-7.2678289736043356	0.9999985694127991
-8.55435378326112	0.999999926039948
7.456702021457673	3.836101207483733e-98
-7.077599057939095	0.9999977831294321
-4.33606992596137	0.9987954452053166
-2.79527262430026	0.9700967789825505
-6.224744819859764	0.9999842049277028
-0.9718910434101602	0.7525112348193804
-6.140523764060832	0.9999808254768504
-6.188931718958548	0.9999828474994061
-7.056323825873982	0.9999976718285633
3.2083813763292746	-9.101520357073403e-33
-6.728028640882715	0.9999950421201657
0.41407347524895854	0.20475184816982406
-3.7535466954255137	0.9955720050556964
6.6428932447749	6.418241473360796e-85
9.782802999430299	3.1368331446217724e-133
-7.9466923042793525	0.9999997003202439
9.313940734748606	-2.6752014519430826e-126
-5.976238193765617	0.99997201258656
3.3536759564887397	-1.1410909301122267e-34
-7.1995390115029645	0.9999983258156563
6.741906110129989	-1.6626654241907207e-86
-9.974761079614254	0.9999999970180257
-7.210492731625173	0.9999983675131181
-3.247510731455372	0.9871631425180781
2.9744494900498566	-7.380290179200865e-29
0.23898192663300932	0.3003406406668459
9.231094113210059	-7.713386520363891e-125
-2.2120728449235605	0.9277669978850454
5.391844613359655	-6.874165494767958e-66
-4.360945005061048	0.998861573093917
-4.939859713019823	0.999696705925875
-5.343989592043261	0.9998801278749584
-2.7627516149695452	0.9683831742979618
3.7587669778546218	1.064594125938387e-41
3.672233279569653	-1.8262216077167413e-39
-8.970385135948668	0.9999999716230279
-5.882997338942388	0.9999653129232164
1.505468321020004	3.876662682347756e-6
-2.989394269761685	0.9788790448789948
-3.8403289267107077	0.9963399219970066
8.870759560743156	-2.4187519001392335e-119
2.8567939897412753	1.0601526979788137e-27
-2.1748155388953316	0.9242118974490365
-9.21749898605305	0.9999999839360515
6.1372126516084045	-2.188906522927998e-77
0.10362757321417249	0.3749837990331276
-0.9037626338103966	0.73850941587359
-1.616685589832155	0.8598865770370477
-7.477849538525425	0.9999991179424089
-7.267314287382889	0.9999985677164258
-0.5357981800078893	0.643033549675671
2.305109537368896	-5.753781629855272e-19
-4.850846795593378	0.9996280297132688
-1.028656613402319	0.7641465597199243
-5.576474295663045	0.9999297736691214
-1.7857625629296958	0.8817473561680965
2.4441639767207146	-4.315595573937425e-21
-8.350253958298977	0.9999998816694838
0.1543778574022312	0.34733941027211207
-7.627755144881281	0.9999993754132285
6.788213156869297	3.048562841108393e-87
-4.659047495085167	0.9994229567068729
-8.091718851000863	0.9999997853992099
7.932446034571946	6.5210960727824516e-105
-3.007639136244711	0.9795832207684735
-6.255629360915407	0.9999852889753833
0.26927968540758407	0.2848653872460225
3.1284816171463383	-2.317031641937053e-31
-7.790725736327864	0.9999995708360228
-2.864618709536728	0.9735143918257001
-6.003703346772462	0.9999737271732743
-0.2126904310023079	0.526454614481999
-1.0261715992877853	0.7636494713003922
-3.6744217340739027	0.994740519889461
6.908022892557039	-3.8600468701653467e-90
4.126334159935979	5.180594969531464e-47
-2.6162122844585634	0.9597470688058448
-5.791670857106714	0.9999571993186185
4.779702995090066	-1.9937839681604403e-56
3.468476952428624	1.5996480402226702e-36
-6.273499320371165	0.9999858819055617
-0.08949466138968987	0.47111741563411536
-2.1259997917192974	0.9194824403636811
-1.9797371874810885	0.9041755888704575
4.015191592399173	7.69138048303711e-45
1.7159104829020144	5.787422625489437e-9
-2.585805164523851	0.9577563845639089
-3.2045166369763045	0.9860170966065577
-5.423022984878334	0.9999000479543849
2.466005805504441	-5.238456975631241e-21
0.7833327621953714	0.04774916223472309
-0.3101767407680178	0.5660283394431729
2.8171906834894944	4.235561371709547e-27
0.4499485022262881	0.1855000399419736
0.07786328878491489	0.3888467772070152
-8.842756480178192	0.9999999619289652
1.7305550921249804	3.248469988572127e-9
-3.6573771838043934	0.9945430961544576
8.369806792281945	-1.0208224199220965e-111
6.404025546982226	2.7992323156795494e-81
5.570679022062276	9.080980129138035e-69
2.512557032637183	4.970777396865129e-22
1.3642864814969347	7.500446594328687e-5
9.62264957485122	7.38674285102449e-131
-6.7249394701193355	0.999995006730754
-8.401577698425537	0.9999998948587574
-5.1602719173187905	0.9998171488927017
8.457772043819695	2.5768419118289765e-113
-6.089499801183749	0.9999784356814679
-5.90632148447265	0.9999671259430027
-6.0318873611216395	0.9999753775232361
-6.011010934048309	0.9999741654121161
-9.91500218046717	0.9999999967763352
-7.283820261947325	0.9999986211293483
-3.3537941874550947	0.9896489548824872
-7.3714774742887235	0.9999988731457157
-1.2645540173489813	0.8070059525766455
0.3053363411191956	0.26561805502274943
7.517681190763959	1.520671769051543e-98
3.2028409198824406	-1.393544590245189e-32
4.7060079189446355	-1.5373418014639573e-55
-6.551976527130612	0.999992564077729
5.027444489572424	6.413795636662953e-61
3.0409827599320813	1.5036702381047022e-31
0.5205267879463058	0.1492056685388907
1.1737871996949458	0.0015478972144369397
1.036575348619584	0.0072018692624454825
-4.7206241857495534	0.9994987688963717
-2.2153074049866683	0.9280707897790614
7.212124516039932	2.4233920703827146e-94
-8.123282807877544	0.9999998004428224
3.5419189125400408	3.324501907787931e-38
3.225992681645412	3.796443957346112e-33
3.2865684835837925	-8.55310693279756e-34
2.570555087956823	8.683579425299878e-23
-1.8170967196226187	0.8855283746642095
-7.481461491574808	0.9999991252477971
-7.577772065577313	0.9999992992304049
9.989301960054213	-7.042573431481167e-136
-2.0373701466761673	0.9104060158243642
-0.5081473897850799	0.6343047977942711
-0.938257771567077	0.7457062090719089
-1.1284100368280559	0.7834028665173852
-4.43545047006936	0.9990389439495606
5.302973065385789	-9.521250798781954e-65
-1.5481556293650343	0.8504814267006455
2.558383385292501	7.071101665685452e-23
-3.5517359326307174	0.9931561929922792
-1.045401228106492	0.7674760110562134
-3.830776446982407	0.9962620785698234
7.935366607970543	1.9992076533920486e-105
-9.785690268781511	0.9999999956582885
6.0964070685777045	5.541142783492545e-77
-7.154326389322199	0.99999814213167
2.9858117330342218	-3.2793738158753154e-29
8.142994524544662	9.951465468164967e-108
-4.562637742888382	0.9992807892076893
-3.260788545483826	0.9875000513946867
0.1523788732942002	0.34843890599399774
1.859379489665148	1.927999849946191e-11
-4.68015001501362	0.9994501407132437
8.490643737148691	-4.229283284287449e-113
4.409827572299928	-4.7869421710221795e-51
-2.1281466090213774	0.9196934952182328
-0.8204198411977472	0.719420425409804
0.7763753425531981	0.04968458322099241
7.171628387035341	-3.6220886225247823e-93
3.107793501252832	7.434705861970319e-31
3.7117782347274755	4.005132754079614e-40
-5.6450757473870805	0.99994002730436
-8.608553957615142	0.9999999347174598
3.3310856333146965	2.505691986060561e-34
-5.130579357086664	0.999804241242957
5.936180523257502	1.6361567918994243e-74
0.7204632330759217	0.06699870306046687
1.690794059095353	1.4770902990960897e-8
-1.485140137336316	0.841646790254714
-2.5324466320211325	0.9540976619554773
6.769907734861384	1.6590149905565273e-87
9.26804220377759	-6.003538379298961e-126
-9.599636077829864	0.9999999933363048
9.568809731954872	-1.342095594858809e-130
1.3286699935704682	0.00014760310844833303
-2.6747432273453375	0.9633853719445834
2.222675334743869	-1.1163744722135904e-17
-5.627795267007993	0.9999375947781065
8.06627459224769	-2.848599081329704e-107
9.092405580317692	-2.784703276829778e-122
-5.259254408295595	0.9998543484847797
2.815624930082201	7.702854020992555e-27
-4.282180737476677	0.9986389346068186
4.708050365250958	-1.4332496602232536e-55
-5.56407587769149	0.999927741744989
-4.000540424533137	0.9974349424155413
-8.52394387035742	0.9999999206755463
8.924035646318448	-5.720430914140567e-120
-5.140295272831783	0.9998085619004307
2.0545678295763423	-3.970558968575366e-15
-2.309523302001373	0.9365898219498742
-0.6207723490744588	0.6681416319394646
-2.104233608736492	0.9173161671373947
-7.371885910837026	0.9999988742049611
-7.519815655807736	0.9999991991867705
9.000552766319277	-6.236320569407558e-121
4.691578815975355	2.927140102979966e-56
6.538891703575608	1.0549834186542483e-83
-8.770314320796366	0.9999999550182325
4.2760890663388516	-9.882808241466945e-49
-2.498856975120276	0.951685504777099
7.553745604070372	2.4281066618736106e-99
9.717914225634686	8.020047437843227e-132
-6.9824017552948625	0.9999972398377782
-7.011949122057692	0.9999974213740651
8.714416861498634	-7.344360172989303e-118
-2.6820718691488077	0.9638230655427964
-8.712526760199989	0.9999999486164304
3.1161315423671674	2.25431609764081e-31
9.004298244986366	-4.628679638082495e-121
7.195834215903094	-2.1553828395879676e-93
-6.979055546184454	0.9999972184899015
1.0247142527666586	0.008089748132038664
-9.914012853451663	0.9999999967689837
5.19794878931766	6.207173178509895e-63
-5.1339999664367	0.9998057733599657
-1.3830321547044022	0.8262171030751987
-4.845396365123635	0.999623353727147
-9.069975817455877	0.999999977438126
9.355836929683829	1.682531958694819e-126
-7.143886080081203	0.9999980969290799
-4.8381469803836685	0.999617043599042
-0.3292740432030641	0.5729361025941324
-6.143926828746129	0.9999809751027459
-2.241962382717624	0.9305449317318586
-9.22080241993871	0.9999999840577772
5.85326521267171	-7.123239138618598e-73
-3.986838493664706	0.9973553070346707
-6.214050341034141	0.999983811223357
6.482899930218721	1.561650098063617e-82
4.576123019271865	-2.7494706343093373e-53
7.260651093282892	-1.1974233724911835e-94
-6.1424831038976535	0.9999809117681296
5.459761171906106	-7.211540665165374e-67
-2.833470563803182	0.9720192860998518
4.157050643450905	-2.7280909288987606e-47
-1.5577600060277952	0.8517873511107851
-1.3859156789393943	0.8266674024756865
7.257435172406794	-5.001625107936555e-95
-2.072898818386215	0.9141213254088132
-2.137195484351615	0.9205786279096562
3.9530949127135706	-6.466388790832094e-44
1.304246353216687	0.00022866611128530276
-6.511446084745098	0.9999918367822491
2.118501383325171	1.1156493956865066e-15
-5.492551465511566	0.9999148190314369
-6.482154290800981	0.9999912672684999
-0.967296059933016	0.7515671672547072
-6.800440803277601	0.9999958034933059
4.175156418199579	-3.3812128587325943e-47
2.172379173031903	-9.431826916489233e-17
5.969956291185632	-9.447843830612009e-75
6.238038158726766	4.180615231631838e-79
5.501497467463977	1.768464189787629e-67
7.458356993628655	1.684299861142238e-98
-8.642869268448617	0.9999999396771657
1.641864602018277	8.018963710789164e-8
8.723203518706253	7.031556712455067e-117
-2.6082404959476735	0.9592317662210896
4.135623667811007	5.721940823835857e-47
1.9995793565923172	-6.605791807272893e-16
6.408402428752396	3.0148146114610863e-81
1.4373684405348808	1.5442668572264095e-5
6.7017976932448455	5.7858509436282725e-86
-5.345093162954346	0.999880431641908
-8.735003041410119	0.999999951208064
1.5132460216096497	3.23478086208931e-6
-8.670736383959149	0.9999999434262941
9.309908025038535	-6.711105594086589e-126
3.0661534601002174	-3.751022004145182e-30
2.714095831527242	8.12987438900915e-25
5.747318250307792	1.0185664977005546e-71
-7.249685543936115	0.9999985083819847
6.318074298881275	5.0324435156349484e-80
9.429113543543963	2.1764959406528743e-127
4.973350351782173	1.6494841063460217e-59
-8.024178626638921	0.9999997492901824
9.01600048286259	-1.2757227259068739e-123
8.308786457318721	-6.52265660546041e-111
-6.535872506188376	0.9999922831989815
6.6194203279243915	1.287289179308004e-84
-0.45507716684212696	0.6169212292779572
-0.046363932879911474	0.4510252341812977
-9.108575492472099	0.9999999793568559
5.668497834234852	-3.707134114730401e-70
-0.48511775039640526	0.6268575691300243
7.983614078494146	1.75399361060693e-105
-6.726365766403788	0.9999950231016326
-0.7392174076229097	0.6993573678899
3.3933186458977804	2.588975326861279e-35
-1.7587272902828666	0.878407257023361
-4.647027674949116	0.999406880669524
4.740943196694802	2.9080843629487334e-56
4.323838506418735	1.2584524637525124e-50
-0.49317168847322534	0.6294774010667763
5.749325500732102	3.458590505474533e-72
4.927226599039205	-7.563406331898434e-60
-4.5005641015045805	0.9991714015238281
3.6533382236106515	-2.7375542160032027e-39
-2.3364504261284313	0.938905426213283
-1.37346943537894	0.8247182308429822
0.3340078616199307	0.24927641229131955
7.284506071971887	-1.249544239334449e-94
4.607622866766317	1.0389907324975119e-53
-2.408915982864297	0.9448555064068206
0.7174817695143965	0.06800945074053899
-7.426877413205886	0.9999990080985568
3.5078279313884195	-2.7067225347523596e-37
-4.623340396462452	0.9993738872688803
8.111617388842646	-2.644866481890373e-108
-6.2147943038973	0.9999838389261599
-2.484171199552927	0.9506035926805119
-5.09131822957682	0.9997857685697998
7.072693069458168	6.534101660799984e-92
-7.43398925277345	0.9999990242091287
-1.4732602025880936	0.8399100610327391
-8.217686661251697	0.9999998394302103
6.97656763748946	-7.348550805227541e-90
-3.099451561630313	0.982838507512919
-1.7600356771413583	0.87857029765717
-8.635362721098453	0.9999999386254562
-1.437696944595558	0.8346203997395814
6.028355378003635	2.0716916732456118e-75
4.788893706057138	-1.1654746375242823e-56
4.972391194356675	1.6387482915663727e-59
-9.092148658516773	0.9999999785610965
-9.23872178680201	0.9999999847021839
-8.521327589431431	0.9999999201962356
-8.984239481844401	0.9999999725139904
-1.1086754959572396	0.7797010479451045
-9.501323376500759	0.9999999916434342
-4.184537723375228	0.9983028263102947
6.532195918507778	6.112083339024987e-84
2.688487610687078	-7.499832463765699e-25
7.596641365826457	-2.8634021662241974e-100
-9.155958733463372	0.9999999814905906
-6.452522434308525	0.9999906507095349
-2.147893745905143	0.9216174455258772
-9.198405436436685	0.9999999832140536
-6.909406422841857	0.9999967346687918
8.165550279884798	-2.4081653764403095e-108
-7.488577401199468	0.9999991394635702
1.2013299248980722	0.0011213336030843385
8.415463689370178	6.678444803454362e-113
8.681266005710782	-4.0832707868884455e-116
7.705117776524819	-6.706267835203603e-102
2.381931502020688	-6.23070272727064e-20
-7.463129621790769	0.9999990875339088
1.2516056879365323	0.0005357810498974435
8.139670721026071	1.1859447253610191e-107
7.366725000050227	-1.623254153390996e-96
-4.434617542943031	0.999037120629649
-5.5925060904184765	0.9999323166587801
5.5730409958954965	1.0168736415858875e-68
-4.529604933542903	0.9992244894820397
1.9941950208961288	5.966387127922536e-15
4.36043849703168	5.2238578213437374e-51
3.693721747493761	6.352173669547409e-40
5.775174397718672	-1.5990945882259873e-71
-0.3356590147523253	0.5751633288532644
-4.610757097131524	0.9993556259801426
-4.781780778581988	0.9995642548792556
-4.207544105797942	0.9983886927764016
-6.4935676997916	0.9999914937551877
-3.3064292639954695	0.988599525432865
-4.957104670021808	0.9997084708081778
-4.970295329263568	0.9997171618187535
1.379094623361766	5.560852197994777e-5
2.751485036794037	-1.7789427193977062e-25
-6.574786940015853	0.9999929445229417
-9.219112450028067	0.9999999839956204
-3.790875592545948	0.9959194719785276
-0.3799283578748991	0.5906908457513742
-4.254205719033903	0.9985499658820076
-2.2821425757870095	0.9341799326988274
7.313497980605305	4.785169524206189e-95
3.7793971633929537	2.5000696036240883e-41
-5.093919840641097	0.9997870447235327
-4.5552090677829415	0.9992684921722064
7.3997781970973975	2.8358216720510986e-97
-3.1057647123994414	0.9830455252249315
5.665931511438451	-3.4454038321562325e-70
-5.0579065686671765	0.9997686853500848
-9.665555654708848	0.9999999942747394
-8.246946509296574	0.9999998498919347
3.857925141329929	-1.218263093967137e-42
-6.546665251624999	0.9999924725891175
-2.5409928727950915	0.9546978012194629
-2.6871827113242386	0.9641259851405896
5.247699315643416	-1.4367329232857977e-63
7.483605516593052	-9.691760984744707e-98
-8.833420688380889	0.999999961101714
-9.096451492438216	0.9999999787724537
-7.189280426383586	0.9999982857993478
-4.323434116995228	0.9987604186545261
1.0937136160630665	0.003930344891973552
-9.698504390899455	0.999999994693028
1.9189330939740188	1.8220739484809616e-12
-8.004673895166942	0.9999997377738559
3.2728486604296236	-2.047457976512119e-33
-6.476519979913267	0.9999911532487421
1.5276458854813857	2.226068035009088e-6
4.563581824144025	-4.914425440440796e-53
-7.141205512139797	0.999998085146891
-2.544607566483128	0.9549500312374962
7.565144403942096	-4.3063795676135875e-99
6.011143801026485	1.2459117660910432e-75
9.3788368821841	-1.3718413786942887e-126
-4.002375089970314	0.9974454273568949
6.660067167755614	-2.2582510217480322e-85
-9.601191482092606	0.999999993360128
3.2166383243931307	-5.392606316457373e-34
0.5499329487016738	0.13550680264895112
-7.3514771202048035	0.9999988200384743
-3.1166581611193545	0.983397735402915
-3.182521182235445	0.985397190576008
-8.11776401423109	0.999999797890781
5.053818653099981	-1.50112399659456e-61
4.871749286301053	-1.007504863819997e-57
-5.5879178854039235	0.9999315984183832
4.118590120264729	-2.5241647892375803e-47
1.1356822734782401	0.002384786535973412
9.250620666465736	4.376587903938892e-125
-0.3821773421102961	0.5915078945600017
0.9311206673571348	0.018351475924000753
-9.56997816526358	0.9999999928653446
-1.7140842976489132	0.8727539343756204
-9.178646682676588	0.999999982432717
1.0531119363281771	0.006092819487907566
-1.2843176627944164	0.8102839037768921
4.0952490595027236	-1.734231691493091e-46
-7.294144528769131	0.9999986535210416
6.361188505068736	-1.0667217479078322e-80
-2.892405018159838	0.9747943938667806
1.1951695098028559	0.0012121388570518106
-6.622409456132914	0.9999936772238179
2.3365455303120477	1.0560282796151312e-19
-6.527539813836665	0.9999921337238366
7.647155172407363	-2.862726057679775e-100
-0.004935770603866629	0.43190826231862445
4.864415019249083	-1.2442258913818629e-57
9.626483745190821	1.1515277113615082e-130
-8.525175164967367	0.9999999209001261
9.890406361839673	-1.6476567714769332e-134
-5.026643455291837	0.9997514728069572
-5.42046933284607	0.9998994592414182
-9.422118124536741	0.9999999899715655
