1.2608077793823202	0.9786751329484957
-9.823142198927265	0.999999998039093
-2.5216999323835187	0.9863499347044533
7.924993996531477	0.9786751260971217
-2.082155339202285	0.9818524457214098
0.4967057666027408	0.978675144039668
6.021753769517225	0.9786751260972184
3.2907813346560744	0.9786751261572979
5.933324450649415	0.9786751260973403
-2.3274126279067175	0.9841432786563421
-3.4598658073869126	0.9963507410000277
9.728575693128505	0.97867512609712
4.720280675663249	0.9786751261005904
3.218568621458772	0.9786751262080146
7.021054851883328	0.9786751260971336
-0.2035125058151479	0.9786751385449798
-8.946624106397408	0.9999999852437963
-1.6015986920029412	0.9793153428813353
0.27996782860819636	0.9786751409921347
0.09384626524350992	0.9786751251738259
-0.598895284576809	0.978675175847443
-7.544661419719807	0.9999996276694993
-8.359676667009062	0.9999999429939461
-0.12181015266384598	0.9786751379582433
4.163975904118962	0.9786751261092904
-2.786155723680297	0.9896131940370871
8.20344126589779	0.9786751260971208
-6.6533126543632015	0.9999971012087804
9.403107672444868	0.9786751260971198
-4.7623330599408975	0.999777192019987
7.182907398678257	0.9786751260971304
-0.11209534177533342	0.978675137826584
7.710478008172643	0.978675126097123
4.69407729692762	0.9786751261005966
3.843931141305399	0.9786751261252067
-5.752769034389766	0.9999769707223001
-4.876970891912302	0.9998283977262344
-8.78584218190959	0.9999999786323788
-2.41678186329795	0.9851260510761874
-6.524644247661051	0.9999961018218199
3.326293770236429	0.9786751261488352
-8.629415636829453	0.9999999693674863
-6.317173325725358	0.9999937154289884
6.224002507638101	0.9786751260972285
9.533520388381461	0.9786751260971199
-1.7871024975147076	0.9800017361307822
8.10867226436196	0.9786751260971207
-7.299750206019104	0.9999993456152508
-7.462604412984675	0.9999995502369636
-0.40126984854238934	0.9786751516073863
0.6680763434513626	0.9786751194555783
8.682641138111368	0.9786751260971203
-3.5853415260232913	0.9971301201972718
-9.889403511680467	0.9999999983165697
-4.529014444633108	0.9996219875256269
-2.9440505358567437	0.9915150805045237
-9.786937474876911	0.9999999978686155
-2.1782696266761548	0.9826632914753728
9.775500433536557	0.9786751260971198
7.642190289040151	0.9786751260971233
-8.390310979291037	0.9999999468764931
-8.017723125021426	0.9999998747225655
-4.020354310083709	0.9988337138616796
5.62489198834526	0.9786751260975554
2.584774852330769	0.9786751265382561
-1.3679843631970847	0.9788699272274467
-0.06799186422353642	0.978675137902639
7.050604369165022	0.9786751260971336
-2.910924652613023	0.9911263507579522
6.196741676890916	0.9786751260972288
6.898580961825637	0.9786751260971356
1.0677803037838487	0.9786751390541483
-9.50842791184317	0.9999999959526441
-3.1207557700416944	0.9934522900671635
-2.3494801782781938	0.9843804911919591
-7.943285194449263	0.9999998513002636
-0.4485295213888829	0.9786751529880409
-7.431941091212342	0.9999995173344711
2.5438679569787137	0.9786751265382378
4.364865181873419	0.9786751261040733
2.3955933710035247	0.9786751265273099
7.1747751315098505	0.9786751260971318
-7.061482787817841	0.9999988673672489
4.98200381044359	0.9786751260988638
-1.9230665027747662	0.9807236024698393
-2.401820244249042	0.984957852772204
9.255620784328698	0.9786751260971203
5.6962259018312125	0.978675126097368
-1.782787562527627	0.9799819242586191
4.999593509389912	0.9786751260988567
-5.032437086259747	0.9998796941444233
-4.6242761501048735	0.9996952013738121
-6.22126975673726	0.9999921631369733
-0.13966105390976757	0.9786751381081089
-2.116337794247518	0.9821308422409601
-7.214823305919071	0.9999992042868366
-6.999057911580935	0.9999986922947063
9.25191369805821	0.9786751260971203
-8.641131876414798	0.9999999701828318
5.305269741097591	0.9786751260979876
-6.990957454629467	0.9999986676763848
-9.279139656608265	0.9999999931378624
3.472332828702008	0.9786751261526291
-8.602556659615255	0.9999999674132118
-1.0638977224219648	0.9786947208267144
0.8961345401208476	0.9786751400524922
5.890253516473262	0.9786751260973381
1.8515980043972124	0.9786751278811344
-7.973510334467284	0.9999998612971767
-3.560481040610428	0.9969876208863767
-3.1036995856660266	0.9932764231121247
-8.736911348406746	0.9999999760840798
-6.972718386445065	0.9999986105364823
6.770971741687937	0.9786751260971468
5.961534978817493	0.9786751260973285
-8.882950356338558	0.9999999829136876
-7.331270417183475	0.9999993914251905
5.764668018069322	0.9786751260973432
6.235182674830945	0.9786751260972303
-2.3502696980364846	0.9843890483589471
7.768933295085777	0.9786751260971231
0.9349854848126569	0.9786751389999994
6.733430675890947	0.978675126097147
2.471137019493991	0.9786751265424708
-1.677645365809628	0.9795561452150774
8.950728802878658	0.97867512609712
8.018551758512604	0.9786751260971218
-0.3375614581060482	0.9786751463263309
-2.7534364888280916	0.989209180124633
2.4366443962669937	0.9786751265343425
-3.8553242892024153	0.9983424585433722
-9.816846959484721	0.9999999980104619
3.035720104482266	0.978675126205528
-7.420020126542064	0.9999995039025701
-1.7971946879970488	0.9800487212522593
5.656117678866162	0.9786751260975503
-9.124218771631272	0.9999999901965192
-8.285470619773472	0.9999999323719659
-7.640493990798851	0.999999701394495
6.538761351550576	0.9786751260971752
-0.7349700231706855	0.9786754440952894
7.538937276261311	0.9786751260971224
0.2687641494512292	0.9786751367965708
9.913048654513005	0.9786751260971199
3.8692355313468507	0.9786751261194799
-9.91733922670926	0.9999999984214418
9.915036609585929	0.97867512609712
2.415896012884806	0.9786751264984774
9.45921129898839	0.9786751260971199
-7.28456972635124	0.9999993223382697
-6.703262823203944	0.9999974161069707
-1.8630948911374965	0.98037558922964
-6.720373247791889	0.9999975159150687
-7.873284533577682	0.9999998252931371
-1.2702953911560968	0.9787783642136019
-0.35884409608098267	0.9786751500943605
2.3717664484835375	0.9786751267258627
6.546409099596779	0.9786751260971757
1.453313987317383	0.9786751321375091
8.342596108792865	0.9786751260971209
-2.096721213222814	0.9819698637095339
5.984951402985592	0.9786751260972735
-4.451604103740965	0.9995500402725529
-7.653647195750413	0.9999997103024356
-7.870688986734575	0.9999998242458968
8.796468697116211	0.9786751260971199
-3.344877692284096	0.9954992704785337
9.113487126667337	0.9786751260971202
1.3430325219165606	0.978675132853003
-8.207549492958531	0.9999999190815443
-9.118372705708882	0.9999999900636617
-1.4402428393734255	0.9789700281625595
-9.252719736475093	0.99999999270745
-4.988136108421624	0.9998668686095246
3.817498774500656	0.9786751261248077
-8.4735555411199	0.9999999561426746
4.948753229249871	0.9786751260988614
2.90307632009052	0.9786751263168061
-2.2206965093959763	0.9830608213439223
8.144315452308987	0.9786751260971206
-8.788749560518632	0.999999978774943
8.688705521421383	0.9786751260971202
-5.018640526439531	0.9998758373582941
8.021025364158547	0.9786751260971217
-6.598020607018289	0.9999967076970206
3.8015938221382903	0.9786751261247245
-0.12277543779273259	0.9786751379708587
-7.499785055969346	0.9999995871388414
-5.394144862683614	0.9999474949698982
-1.0793986403291065	0.9786978285871698
6.8383926742638295	0.9786751260971474
7.723054685494386	0.9786751260971231
0.34395052265057124	0.978675144108808
-0.2124185459084984	0.9786751386295218
3.248678371652133	0.9786751262058373
1.104918097957448	0.9786751389704244
-9.312774448948332	0.9999999936492544
4.250814522901907	0.9786751261041657
-5.159334049280355	0.9999100262823029
-9.934929751083343	0.9999999984840998
8.732801002778693	0.9786751260971198
-4.1227256641803445	0.9990662988476728
9.692747091756338	0.9786751260971198
-3.975806157599755	0.9987164246975511
4.956490114806487	0.9786751260988608
8.537113990604063	0.9786751260971203
8.934466397635248	0.9786751260971199
-6.588038788324719	0.9999966311644872
3.7937140099882694	0.9786751261248176
1.1857690746875669	0.9786751332249679
9.793984370932229	0.9786751260971199
7.814325965826178	0.9786751260971213
-5.614957056261498	0.9999683854051644
6.703114692470141	0.9786751260971471
2.286237866536167	0.978675126975339
-8.350310870666364	0.9999999417512333
9.901619541693073	0.97867512609712
-7.913916794802502	0.9999998408969922
7.1653505244536575	0.978675126097133
9.391700070334046	0.9786751260971198
1.5916941650984562	0.9786751295359475
-1.7655661227314958	0.9799046876407201
-7.295450810935122	0.999999339105096
-1.9304032026545226	0.9807690952764686
6.6898720586892	0.9786751260971472
2.120746763990077	0.9786751269132012
-4.199895921205243	0.9992118228744824
7.5114862878555435	0.9786751260971229
-1.9274627461489082	0.9807507848119346
-7.682216753387707	0.9999997287462625
-1.0794296784675694	0.978697835197835
-0.8877644597484178	0.9786780173748568
-0.9439825068339402	0.9786806574440622
-7.652846970307889	0.9999997097681579
0.649082819726452	0.978675119749759
-1.8556975978996846	0.9803365338768882
2.955270616122565	0.9786751263009817
2.2896980095829456	0.9786751269740419
-0.5629398456016119	0.9786751640510288
-6.594549596350943	0.999996681283176
-9.473978399437083	0.9999999956185196
0.26795864925859725	0.9786751364660384
9.595438553542735	0.9786751260971199
6.045637723023972	0.9786751260972266
-9.610733222099412	0.9999999968020911
-3.250810469760679	0.9947018408846087
6.779379796231275	0.9786751260971468
4.8057309588051	0.9786751260987845
-0.06593903096971054	0.9786751377338065
-6.514620885063658	0.9999960108265145
-5.011630826630102	0.9998738310150463
7.699599515560173	0.9786751260971229
-2.65620405439404	0.9880031544913946
0.9895162291647139	0.9786751391185302
8.464217324754635	0.9786751260971199
3.5086068189207076	0.9786751261522035
5.3339526758937605	0.9786751260980039
6.712772723476078	0.9786751260971469
4.056822106537684	0.9786751261110063
-9.325001289907462	0.9999999938255564
8.325060941381466	0.9786751260971209
-8.964383887232614	0.9999999858350545
-4.07637885014696	0.9989670096380554
4.065513548105333	0.9786751261110154
4.364904062803664	0.9786751261040734
6.130174873229571	0.9786751260972293
8.474176685813731	0.9786751260971199
-4.907141230090981	0.9998398132124299
0.750776672851817	0.9786751193218076
4.858458282219221	0.9786751260988971
5.363199641267325	0.9786751260979261
6.515437814528738	0.9786751260971739
1.0642148018454058	0.9786751390536059
5.032400979625088	0.9786751260988846
-0.23267540622227045	0.9786751389000417
-8.940069186088166	0.9999999850193886
-5.413600125909364	0.9999497888265846
-3.7763123182609615	0.9980461149882784
-2.4419626275146555	0.9854112710478468
-6.126348089452209	0.9999902496931631
3.371046653332561	0.9786751261532896
-6.406758350945849	0.9999948864951794
6.706959736206599	0.978675126097147
-7.431939347004337	0.9999995173325327
-7.262982831590303	0.9999992878051605
-7.446835922993751	0.9999995336071521
0.17152387748365783	0.9786751251363479
6.401371584878493	0.9786751260971741
7.911998098342295	0.9786751260971216
3.208809386769463	0.9786751262071698
-6.9448370009787475	0.9999985184151051
-8.586606671280874	0.9999999661941731
6.630503800670251	0.9786751260971445
5.766158310231685	0.9786751260973431
-4.082863979986606	0.9989814789626577
-6.405665509707674	0.9999948736151564
-9.622312710708814	0.9999999968862299
-6.376232055692901	0.9999945142516996
1.4121722272235218	0.9786751328625346
-5.755954897051141	0.9999771388310523
4.398287146974997	0.9786751261040503
-3.9887532397751313	0.9987515965927674
2.9338745238469333	0.9786751263228957
9.519325556303471	0.97867512609712
-1.3033144706572042	0.9788044548295824
-2.047259918770279	0.9815802664743123
-4.1131245003633365	0.9990465022585205
-8.639811581664475	0.9999999700920473
-4.467453307023357	0.9995657836509503
-7.539530516963402	0.9999996232446313
-0.3916906468407877	0.9786751515452686
-6.606954455824567	0.9999967747196058
3.1514316873342008	0.9786751262078217
-7.320174263613857	0.9999993756763517
2.7586104161397493	0.9786751263229633
5.295166612963813	0.9786751260979911
-0.2476242414620966	0.9786751391886379
-3.548491206269704	0.9969168363946493
-5.000847998400038	0.9998706817031391
4.862640318924342	0.9786751260988996
5.6404364131185645	0.978675126097565
0.6908749629623792	0.9786751192360592
-8.02509362649976	0.999999876830728
8.39568389550545	0.9786751260971204
-8.912011682088146	0.9999999840196222
3.3674302273379375	0.9786751261534968
-6.8451839261594705	0.9999981363233923
9.495811441020173	0.97867512609712
0.5277817592553333	0.9786751453098795
3.3526132726181643	0.9786751261536636
-4.875438671403796	0.9998277969593148
9.4947039385146	0.97867512609712
3.204415384485685	0.978675126207141
1.2595367834543225	0.9786751329553217
9.87358773271118	0.9786751260971199
7.359632769986085	0.9786751260971265
6.94585764215946	0.978675126097133
-4.07748267889108	0.9989694860520172
-6.738821544029356	0.9999976192126958
-5.146175261994412	0.9999072724728292
-4.574529069925153	0.9996588984480302
6.098664639379315	0.9786751260972286
5.668924689392124	0.978675126097503
-5.1047956795756155	0.999898054575488
-0.33224968162454793	0.9786751452776634
7.813758512226528	0.9786751260971213
-9.145154769337625	0.9999999906579052
1.8160816771910238	0.9786751277004477
-4.862231124952663	0.9998225312846131
0.771542270349407	0.9786751192756629
-4.971194192405561	0.9998616126295568
-6.69814831283746	0.9999973855019745
6.4293633973051385	0.9786751260971742
5.139550512913793	0.97867512609796
-8.848997573310644	0.9999999815242936
9.203261332638697	0.97867512609712
-9.805494527014456	0.9999999979577702
8.727862973695753	0.9786751260971199
-0.5314412143626068	0.9786751586822093
-9.656580379648272	0.9999999971224766
4.553300705072489	0.9786751261006549
3.069510310286393	0.9786751262093726
5.246564191309396	0.9786751260979915
2.6086787548910486	0.9786751265358491
-6.480963560151611	0.9999956894510478
-0.38022700523176667	0.978675151540123
-0.09965321229282509	0.9786751377720095
-7.10636112016275	0.9999989785586442
4.505138195594469	0.978675126100433
-6.1076632781220175	0.9999898212854991
-2.5424505291346433	0.9866008887472201
-2.8009317930900934	0.989795571596246
-7.974896578551487	0.9999998617391982
-0.5916588954785986	0.9786751729065333
9.386372652125328	0.97867512609712
-0.5720353434453251	0.97867516636774
-9.72976263511978	0.9999999975687106
-8.987313470030273	0.999999986563526
-7.986577117686093	0.999999865408192
8.48558558569664	0.9786751260971203
7.751495633645881	0.9786751260971235
3.705301274885283	0.9786751261247425
-4.983489724038592	0.9998654471820838
1.5214910725045083	0.9786751293544325
-9.21608563717693	0.9999999920656111
-5.533404545693448	0.9999618684439128
-5.785016696063092	0.9999786168253378
8.00263507303913	0.9786751260971216
3.4085309753404083	0.9786751261523595
-4.292051992175523	0.9993572645503939
-5.099083275148981	0.999896712432965
2.8241414133283804	0.9786751263183086
-4.16295844501708	0.9991450921630319
-7.16504616627224	0.9999991076578152
-6.35216578397563	0.9999942017803115
-5.780706253955286	0.9999784037932032
6.025331176106231	0.9786751260972185
-2.8903291673235154	0.9908814361994785
6.319737807353619	0.9786751260971693
8.356311102051496	0.9786751260971208
1.8479251385385567	0.9786751278782976
-9.377221463175607	0.9999999945250833
9.541232708310815	0.9786751260971199
2.891686699822289	0.9786751263176899
-6.35102347960756	0.9999941865140907
5.624389751286131	0.978675126097555
-7.6324949655949	0.9999996958437882
3.367819796605879	0.9786751261534761
6.833210519380117	0.9786751260971469
3.084307997471459	0.9786751262076866
-0.7321976645360486	0.9786754302247399
6.04726871785498	0.9786751260972273
2.8698729915423336	0.9786751263184957
7.301822795973294	0.9786751260971268
-2.503676626366067	0.9861335382269304
7.286549076126285	0.9786751260971268
9.298679423516663	0.9786751260971199
-1.3385094321519233	0.978837529475512
-5.706486236605435	0.9999743845763887
-3.963071236061584	0.998680934688558
0.8860077027632585	0.9786751380104474
1.872263758476409	0.9786751278542478
-8.078526935922952	0.9999998910896037
-0.8617636550359542	0.9786771889526199
8.725351617931413	0.9786751260971199
1.487708823171051	0.9786751296873701
3.063120625167212	0.978675126210027
4.712567295621749	0.9786751261005773
-5.066946244613892	0.9998888277747975
-3.391021763828186	0.9958571239716822
5.233748463844453	0.9786751260979916
8.824129634228122	0.97867512609712
7.462229117198444	0.9786751260971265
-8.673781599514996	0.9999999723422598
7.229951779328445	0.9786751260971258
2.272317356733499	0.9786751269774462
5.897337383236305	0.978675126097338
3.0796810903141836	0.97867512620812
-2.4631689721760486	0.9856548460415628
6.562511103521807	0.9786751260971723
4.037905466689477	0.9786751261110175
3.8047605824701503	0.9786751261246998
-7.478884247756876	0.9999995667842061
1.3804295116088525	0.9786751328549362
-7.715925913825585	0.999999749003853
-3.890559968141214	0.9984610105963377
-1.9421379336992963	0.9808432218732918
3.5899849875162637	0.9786751261281543
8.572044177144662	0.9786751260971202
0.44711364565720224	0.978675144346738
9.764715402177156	0.9786751260971197
-7.255406404387368	0.9999992752720153
-3.208412994696861	0.9943127701545583
3.4268623666220677	0.9786751261525836
4.361754347503194	0.9786751261040716
-9.544418015643794	0.9999999962745282
-4.152872927234501	0.9991259562109551
-3.916619398232579	0.9985436551621368
7.081358731258007	0.9786751260971336
-0.7065414584389629	0.978675326525152
0.3133905848539609	0.9786751451099396
4.4643419938771665	0.9786751261032598
-5.412166002209329	0.9999496232050329
-9.738497276898306	0.9999999976171209
-1.3990472136596068	0.9789091722428325
6.590807658472681	0.9786751260971559
-9.435409413795877	0.9999999952116063
-6.310017316352923	0.9999936110549581
0.24593608975226644	0.9786751278282527
-7.155315528500026	0.9999990874395508
6.296005916150325	0.9786751260971844
-0.7664931325793809	0.9786756492061073
-2.2924406106327355	0.9837759284690611
4.778066831690829	0.9786751260996859
-1.340145203320695	0.9788392111160309
6.1373946168529585	0.9786751260972292
7.672887068511383	0.9786751260971228
7.912613956149244	0.9786751260971216
7.679220695846574	0.9786751260971229
-4.0785158577994185	0.9989717988959281
7.173298434601723	0.9786751260971319
8.206699699893306	0.9786751260971207
-2.0180332744163243	0.9813624273927529
-8.185393113606647	0.9999999148462675
-0.5611668245821058	0.9786751636480373
4.5249427235979525	0.9786751261002984
-8.680333063774999	0.9999999727563536
2.2324447784867996	0.9786751269765978
5.867362021663233	0.978675126097338
-3.670560887242371	0.9975764369288168
-7.068021009194374	0.999998884290066
-0.4834854122826151	0.9786751545066743
1.2609983108063219	0.9786751329474259
6.317831077158832	0.9786751260971698
6.459819991578289	0.9786751260971744
4.603432233337234	0.9786751261005809
-9.644261674481012	0.9999999970396867
-9.701021954619451	0.9999999974023692
5.6128390515696935	0.9786751260975531
4.771102923768989	0.9786751260999726
5.450847995252275	0.9786751260975575
-4.307704986489815	0.9993792505839165
2.1494763916707615	0.9786751269939775
5.768860552172438	0.978675126097343
0.3772417884902435	0.9786751443807673
6.657963052258772	0.9786751260971474
4.594121876137361	0.9786751261005856
-1.2860361978919244	0.9787901777410667
5.39421401133886	0.9786751260976235
-2.55763588246686	0.986785808883479
-5.712727460079763	0.9999747495557691
6.782235276024515	0.9786751260971471
1.719244036138683	0.9786751295892996
-4.837103972141565	0.9998120691957146
-5.729250718317176	0.9999756909303191
-4.194416378051482	0.99920224775516
8.76468921131698	0.97867512609712
1.5938978201951315	0.9786751295362794
-6.727743337263528	0.9999975577094846
-3.854563145070462	0.9983398085490023
2.8887214698687735	0.9786751263179726
5.647961728299936	0.9786751260975635
5.279679501502553	0.9786751260979927
-7.720121145922878	0.9999997514167437
8.172823827049033	0.9786751260971209
7.996362927898936	0.9786751260971215
-3.382096064763833	0.9957895925976851
0.5087176248291758	0.9786751443825077
-6.50857772319589	0.9999959549420406
-7.122069224963217	0.9999990148413009
-2.955591114734619	0.9916488388740096
2.2291667338160437	0.9786751269766882
-1.1766022498576945	0.9787277796575389
4.847620679159096	0.9786751260988623
-7.466283951662964	0.9999995540313935
9.498882092916475	0.97867512609712
-9.060392252991063	0.9999999886444934
3.161218681353809	0.9786751262078809
0.2427956521310506	0.9786751268871599
-3.3847541583118534	0.9958097882478206
0.6544865944225542	0.9786751197151631
0.8105395615366806	0.9786751192652351
0.6591306087194191	0.9786751196430932
7.41915296102696	0.9786751260971265
1.1846193669681249	0.9786751333392062
-6.817129248514595	0.999998011973012
-2.798719712308153	0.9897683028672863
-4.675478265316082	0.9997285961724323
-5.72364448312495	0.9999753755235721
-9.389103016470099	0.9999999946728351
-3.460330888172547	0.9963539130545298
-2.950454314244335	0.9915894130172039
-4.006373987251282	0.9987980267489219
-3.3555440159393424	0.9955839191169575
-9.632333100473423	0.9999999969572507
-0.24182502059351663	0.9786751390698768
0.4512707588671425	0.9786751443717313
-4.232083445216928	0.9992658858688052
-1.0139366293997156	0.9786869957012636
-2.8148930222823365	0.9899672427246539
-2.0771695484995467	0.9818127422627314
-3.26286828441972	0.9948091503490495
7.150830925524822	0.978675126097134
-4.197383630722711	0.9992074465398287
-0.7132114567798951	0.9786753496231289
4.2282402115557325	0.9786751261035727
-5.076175007541934	0.9998911513101322
2.2726924199506104	0.9786751269774479
-6.32480990685687	0.9999938249323436
-7.29519979790191	0.9999993387230175
-2.5976479124515617	0.9872771008281598
4.01777304265844	0.9786751261109881
-1.993202768065693	0.98118494861444
-2.928166439232114	0.991329535989574
2.74269115593035	0.9786751263197532
3.8360134100625043	0.9786751261254573
0.1468443468416325	0.978675125180304
1.8936399263077597	0.9786751278353876
-2.2643146587728324	0.9834892108336557
1.1810640718357348	0.9786751337297493
-6.655681525762378	0.9999971169749954
-0.7189206312491372	0.9786753714100557
6.717176540836665	0.9786751260971469
1.2337151469427265	0.9786751328229342
9.598128339340384	0.9786751260971199
4.111369504264859	0.9786751261109226
-3.1299503618495317	0.9935459748183693
3.3994062464613872	0.9786751261522671
-1.4707491551427552	0.9790218348232905
-3.0478574135440484	0.9926831824950427
-7.752122464802715	0.9999997690749841
-6.85051374929746	0.9999981590529806
8.797076889651045	0.9786751260971199
1.8130627507731667	0.9786751276881853
7.117077082824803	0.9786751260971334
-7.898376896229555	0.999999835100945
-5.626421851630301	0.9999692076801496
3.916454811890585	0.9786751261096618
2.0188873488729886	0.9786751278588571
9.581546695599673	0.9786751260971203
0.11973687683686762	0.9786751252121696
-6.356999090196829	0.9999942659321255
-7.607645666677976	0.9999996779334428
0.62358328815181	0.9786751185538216
-1.6763485411449999	0.9795515805285007
-5.143285879523978	0.9999066566526316
5.343290325973937	0.9786751260980099
-1.1410700995443221	0.9787144826508486
4.377939513893686	0.9786751261040815
-7.832340223745602	0.9999998080208244
0.963454938942693	0.9786751388111112
7.68652581695509	0.9786751260971229
1.7332134098820617	0.9786751296175373
4.434973542315831	0.9786751261042069
-5.379084108544894	0.9999456477506065
-9.958591709915794	0.9999999985319143
-1.8323912611689828	0.9802184011178443
4.735695728459195	0.9786751261006661
7.425089676630247	0.9786751260971265
2.9888038225001736	0.9786751262191752
-5.603064508626261	0.999967509286183
-2.2891603548121076	0.9837420792122897
5.030498655673341	0.9786751260988794
8.69588657204308	0.9786751260971203
-8.578620668137598	0.9999999655667876
1.8929409036999534	0.9786751278353548
2.128555175883182	0.9786751269422883
-4.289165985069094	0.9993531297113477
2.4640927009838176	0.9786751265457863
2.3792109896085343	0.9786751266502872
-0.18911679723052544	0.9786751384227718
0.9546637692088709	0.9786751386770496
-0.8117432305511016	0.9786761585272509
3.1117734806410944	0.9786751262075886
5.755138275690479	0.9786751260973408
0.9599184365856281	0.9786751387476269
3.5490778990839544	0.9786751261517608
8.319086416952416	0.9786751260971208
-6.386171829096612	0.9999946383404471
0.5772421951471998	0.9786751244727037
5.115706503657185	0.9786751260979106
-3.2353676908025086	0.9945622357846281
-0.48026787556427664	0.9786751543270028
9.54006925323202	0.9786751260971199
-4.504460214539234	0.9996004788582802
-0.5737581499594704	0.9786751668568345
2.6392088997553778	0.978675126544296
1.4692468499498759	0.9786751309335681
-6.683511234691437	0.9999972958975312
9.601769142040638	0.9786751260971199
-8.34724365150812	0.999999941338397
4.197875226617121	0.978675126104227
-4.857470567636297	0.9998205944575603
-3.490111506729412	0.9965525551020353
-2.3388214844501753	0.9842654403055969
-0.16181390447352229	0.9786751382075848
-1.225803826295376	0.9787512791351456
-8.825475555650343	0.999999980496029
-7.423976564352075	0.9999995084014112
-8.764656715101138	0.9999999775642026
-4.405248051788853	0.9995007332988529
5.735631754351296	0.9786751260973247
-6.726649009373413	0.9999975515484983
0.7857463113813168	0.9786751194501874
-1.7817990987525878	0.9799774104931365
-7.541082623963415	0.9999996245886752
-4.021194504384291	0.9988358267583157
3.254266047755653	0.978675126201231
2.3777995925840436	0.9786751266641138
-5.003287404212728	0.9998714009346741
-2.182355926430284	0.9827005969520397
-2.2502716356246832	0.983349055167948
0.766362498278724	0.9786751192646383
-9.181205608437978	0.9999999914020782
7.974678633700073	0.9786751260971216
1.5210196040041133	0.978675129348064
0.664914031509575	0.9786751195241001
9.793773680868032	0.9786751260971198
4.245588128035912	0.978675126104076
-5.292606816310741	0.9999337158541607
-2.0998489314152025	0.9819953293695619
-2.664814627096841	0.988110200724484
-2.515694030058273	0.9862776794406702
8.943938888893669	0.9786751260971199
0.8128060988974362	0.9786751191330696
7.865944504364766	0.9786751260971215
-9.719676584149447	0.9999999975115851
0.07933749891654962	0.9786751251868767
9.859989910259998	0.97867512609712
-7.035164151521078	0.9999987966109564
7.02917617174753	0.9786751260971334
0.19012929574479287	0.9786751253679113
8.078190777376342	0.9786751260971216
1.6470923700926186	0.9786751295519125
-7.534105519369234	0.9999996185089824
1.8627880822427514	0.9786751278719159
8.43050726822366	0.9786751260971203
-2.8428998470811573	0.9903094047743233
2.655185169334441	0.9786751264999902
3.008272908789106	0.9786751261977089
4.805718908859191	0.978675126098785
3.4480012758413547	0.9786751261525498
8.413353153315835	0.9786751260971202
1.9095118771283772	0.9786751278411573
-6.043119965736912	0.9999881914311994
3.095885668942252	0.978675126207267
2.2816518629531135	0.9786751269766164
-6.457468512017268	0.9999954498899665
-8.453567398813142	0.9999999540769825
-9.40770605230172	0.9999999948962042
6.110181311581158	0.9786751260972285
-1.2663089834781651	0.9787755799896389
-6.98958746279394	0.999998663467254
6.085157837647152	0.9786751260972296
9.467279451861693	0.9786751260971196
-7.336759200447771	0.9999993990679391
0.04999147918630342	0.9786751253756512
-8.494435096598343	0.999999958201284
0.7094666610193201	0.9786751193268163
-5.387895736878074	0.999946736225508
1.7614536223348622	0.978675128913351
6.069858288773933	0.9786751260972313
3.7533796410476974	0.9786751261248627
-6.098490651355228	0.999989604140567
-2.6475898987208435	0.9878960995195659
9.291536064583973	0.9786751260971199
-7.889894960484134	0.9999998318488077
-9.576381270310282	0.999999996538869
9.4398528812204	0.97867512609712
7.188248151296509	0.9786751260971294
9.709481554454094	0.9786751260971199
-8.932292057865157	0.9999999847487067
2.2641860262550253	0.9786751269769757
9.040127164815605	0.9786751260971195
7.795565809740296	0.978675126097122
-7.120267671402147	0.9999990107463499
-6.004600157187281	0.9999870969922017
2.3963249922730068	0.9786751265240432
3.4135242762890528	0.9786751261524376
-1.935095666270822	0.9807985352308957
7.054270197226735	0.9786751260971337
6.954303254945394	0.9786751260971336
9.572597908747294	0.9786751260971205
9.214369034151396	0.9786751260971202
7.584497731250508	0.978675126097123
-0.16325684224801051	0.9786751382166858
-3.739481273578078	0.9978925045266157
5.59144602952809	0.9786751260975562
1.2651381615525246	0.9786751329219869
7.240683411056811	0.9786751260971261
1.8826886257267503	0.9786751278392429
5.734272177361138	0.9786751260973233
-7.420797038114002	0.9999995047892276
-1.145361430695072	0.9787159277632522
5.925374740087971	0.9786751260973378
5.1299474553098	0.9786751260979243
-5.511083936551717	0.9999598618588653
-1.743407413091468	0.9798097031841282
9.901817615600304	0.9786751260971199
-0.5321730633935307	0.9786751587737108
-7.871665633959251	0.9999998246406856
7.936292078890382	0.9786751260971215
-5.680678155442456	0.9999728185689131
-2.231090884707636	0.9831610210976639
1.5848139274984732	0.9786751295391531
-1.8324681948693886	0.980218781328786
4.732033256148981	0.9786751261006502
2.072669625465501	0.9786751273085874
2.9831551546129464	0.9786751262315145
3.3483891004028123	0.9786751261533698
8.488552125561128	0.97867512609712
-5.378790491367855	0.9999456111017065
7.658234666129914	0.9786751260971231
-8.427249942925812	0.9999999512080889
3.1710167607293016	0.978675126207992
0.9059341388983277	0.9786751406489876
9.79832617571413	0.9786751260971198
9.63528889759565	0.9786751260971197
-4.911594304078899	0.9998414331255134
-3.054703957009126	0.9927572487980308
1.8501156743647194	0.9786751278804345
-0.6865936837932516	0.9786752701806763
8.656602836342579	0.9786751260971203
-3.2083714818362052	0.9943123803373545
-0.5607146932481566	0.9786751635476388
-6.232434825078781	0.9999923619603894
5.3354455054488525	0.9786751260980058
-4.3099242318255415	0.9993823083517414
9.138301989323189	0.97867512609712
-7.856240160965369	0.9999998183002781
-7.60072042352427	0.9999996727567021
-7.6971206354692745	0.9999997378969823
-8.9315045778541	0.9999999847210274
-2.7159776716489192	0.9887460336496557
8.49557215377185	0.97867512609712
-4.137669681813501	0.9990963384510548
-2.7667685939802	0.98937372085768
-5.68495491531996	0.9999730845321603
-8.038377970535006	0.9999998805412178
2.1483568016675925	0.9786751269932314
6.772141070127397	0.9786751260971468
-7.09599781512289	0.9999989538929447
6.227754847394181	0.9786751260972291
0.40851153042230415	0.9786751443508657
7.179290605675099	0.9786751260971309
7.36804830353767	0.9786751260971264
6.541871938269644	0.9786751260971754
-5.622958849141861	0.999968961584307
3.0836006738321373	0.9786751262077418
-4.67180955900075	0.9997263282052518
-4.788905893428832	0.9997902643564217
7.267809124957601	0.9786751260971267
-0.1885860626266691	0.9786751384182409
3.612593425586624	0.9786751261222102
2.0608117453432726	0.9786751275521619
8.798264564156778	0.9786751260971199
7.822129029683303	0.978675126097121
3.6899282584719995	0.9786751261247733
-8.600661750177405	0.9999999672707189
7.7528113972148525	0.9786751260971235
-3.9634385520255666	0.9986819709358398
7.619622046160963	0.978675126097123
3.8316013621767944	0.9786751261253719
5.7516366798358565	0.9786751260973392
7.3187342374179	0.9786751260971267
0.05406078743187237	0.9786751253494106
3.65754765835824	0.9786751261254796
4.557250377704802	0.9786751261006704
-5.235176179734555	0.9999243833885969
2.7265475686479803	0.9786751263055782
-2.778577310426633	0.98951955274873
-5.626612062242176	0.9999692211407412
2.3207899128614162	0.9786751269847861
2.793053735145193	0.9786751263170811
5.33578291512811	0.9786751260980062
-3.6060086486208576	0.997244269888993
4.417111027900646	0.9786751261040418
-9.864205166723687	0.9999999982160039
-6.075562273105448	0.9999890408940816
2.1485802350388905	0.9786751269933961
1.252865801314833	0.9786751329787982
8.587736267024649	0.9786751260971202
-5.952040843265811	0.9999854383433263
4.075828458155097	0.9786751261110291
7.289784514405973	0.9786751260971266
7.778667444813038	0.9786751260971229
2.4535777272557127	0.978675126547877
4.6138472050370005	0.9786751261005879
-8.205332723133294	0.9999999186674575
6.201881016187713	0.9786751260972291
-1.7246169871301475	0.9797328967535457
-5.063642474323968	0.999887984049691
9.37311185948079	0.97867512609712
-7.121090118440168	0.9999990126178883
1.4129198384777055	0.9786751328694723
4.264647656199706	0.9786751261042191
6.578273885141613	0.9786751260971639
-6.226450947108728	0.9999922560371423
7.003906842089545	0.9786751260971335
0.6343108620308957	0.978675119376522
8.943148070669217	0.97867512609712
4.180332560205834	0.9786751261066475
6.778102802392759	0.9786751260971467
5.949688605393995	0.9786751260973415
-7.792960640426063	0.999999789799716
-5.203201340774597	0.9999186318315334
6.542411189130814	0.9786751260971754
-3.5995058154518844	0.9972087704724927
5.233248323065492	0.9786751260979917
3.2333416377404145	0.9786751262101727
1.447282084004776	0.9786751325067369
9.155191366866408	0.9786751260971199
-9.865604220090427	0.9999999982217419
5.718463443512434	0.9786751260973177
-9.85574213523504	0.9999999981808982
4.7048720748371196	0.9786751261005807
0.11236009152833759	0.9786751252016928
5.820253238702463	0.9786751260973374
-3.8383739733322075	0.998282528776112
3.3820374889455795	0.978675126152622
-4.448216439746742	0.9995466037107873
-1.2818294275902087	0.9787868991117054
4.556518011123156	0.9786751261006681
-3.0793735658515597	0.9930210688912637
0.08714325913151022	0.9786751251734508
-1.9922470071917164	0.9811782659533783
-9.1177529429782	0.9999999900494718
4.9219887066689125	0.9786751260988595
2.741240178946608	0.9786751263188833
9.287008497239519	0.9786751260971199
-1.9486932425432677	0.980885357330566
-3.9851103529820486	0.9987417919304372
-0.9194753023588973	0.978679350824593
-5.250892641872671	0.9999270601689845
1.8411395900890604	0.9786751278618367
4.254067363153675	0.9786751261041994
8.460358284473038	0.9786751260971198
-3.88653051439261	0.998447855636027
-1.0597240882191272	0.9786939471659947
5.210428322966148	0.9786751260979872
0.041118699574376194	0.9786751254067091
-3.5838397332919136	0.997121673847213
-0.6363739434245161	0.9786751963384449
-9.49996109537485	0.9999999958729646
1.0956535028763916	0.9786751389525594
-4.988351241436981	0.9998669340609129
0.8681891870450542	0.9786751310243882
8.310379009583059	0.9786751260971212
-7.874947258845344	0.9999998259607227
-3.8642367535364652	0.9983732040758075
1.2449290205857544	0.9786751329648544
-8.635368928664953	0.9999999697845313
3.2851006685289708	0.9786751261633408
-0.62185075323268	0.9786751870374741
-4.098699766604379	0.9990160118005583
4.404548666303301	0.9786751261040328
9.251373553873321	0.9786751260971203
-2.9142115726694007	0.9911652210872196
-0.328375124850373	0.9786751445319012
-9.795636286110758	0.9999999979108822
-2.155544134326215	0.9824616653576099
-4.470609283334066	0.9995688537380506
-1.8692638131562411	0.9804088773334835
-0.00561850517187068	0.9786751260089658
7.039489679248014	0.9786751260971335
1.5674397289440591	0.9786751295856274
-2.281467803405781	0.9836631234875544
6.368910631497453	0.9786751260971754
-2.1359915701714893	0.9822947810357275
-8.506008222788179	0.9999999593004241
-7.331373552116034	0.9999993915696913
7.650072050576213	0.9786751260971229
2.3448249328664694	0.9786751269642445
3.18114770708997	0.9786751262079801
7.678087012366923	0.9786751260971227
5.253249400328336	0.978675126097991
-2.1563252205910155	0.9824684417137428
-2.548741742647853	0.9866773803528521
6.857573469021261	0.9786751260971472
-1.7216189832266071	0.9797209560552173
3.412240820522804	0.978675126152417
9.566704050521636	0.9786751260971205
-6.456961517494753	0.9999954445763933
3.8214068746883036	0.9786751261249427
3.3237453876439638	0.9786751261482917
9.694780541634845	0.97867512609712
3.573732663282531	0.9786751261381481
8.675237006782726	0.9786751260971203
4.3059155128264095	0.9786751261040378
-9.766650446477222	0.9999999977666911
9.240329767718642	0.9786751260971203
0.698228588291073	0.9786751192611282
9.379814716301532	0.9786751260971202
-1.999272459468063	0.9812276490362813
2.5660865913311923	0.9786751265387266
5.857606852059769	0.978675126097338
-2.9914473278372045	0.9920585124139342
-5.639010194144469	0.9999700859603439
-5.217140628275252	0.999921190891377
6.521565076592715	0.9786751260971741
-6.754930362654639	0.9999977058920214
-9.1354226797352	0.9999999904461954
9.294910577204483	0.97867512609712
6.901786178471291	0.9786751260971349
7.626574989202272	0.978675126097123
-5.296605751182049	0.9999343212003037
7.1217742336118945	0.9786751260971334
8.65829278674902	0.9786751260971204
8.812465034365925	0.97867512609712
9.227878843308616	0.97867512609712
9.942150554092773	0.9786751260971196
8.78645090868261	0.9786751260971199
7.058093677793018	0.9786751260971338
3.4164686272809597	0.9786751261524828
9.844662080554954	0.9786751260971202
6.1797888770442455	0.9786751260972291
6.770505884062636	0.9786751260971467
7.596138006651387	0.9786751260971229
2.447860996250938	0.9786751265462639
7.528555691749919	0.9786751260971225
7.07986875543363	0.9786751260971337
6.854644378592223	0.9786751260971477
-7.590969523695921	0.9999996653264152
7.314529122610924	0.9786751260971265
-8.694768441229703	0.9999999736470064
1.5061276756900313	0.9786751292461915
8.719345076675292	0.9786751260971199
2.781921120090942	0.9786751263181076
-5.54111923513382	0.9999625384396396
-5.412579639026696	0.9999496710302413
4.178188083068935	0.9786751261070007
2.020643715869422	0.9786751278638418
6.849477281897375	0.9786751260971478
5.116553225557951	0.9786751260979091
3.9034104246875057	0.9786751261103079
5.161292532309844	0.9786751260980103
-0.2546646095939398	0.9786751393398544
0.8568290853828522	0.978675125849033
-4.190925171159359	0.999196089249639
1.728038148507105	0.9786751296241616
