-3.401968812676195	0.9906961133765361
-0.018586160108625904	0.45510099870670107
0.1084435745288701	0.3905774129698311
5.934627312567432	5.367768937677341e-74
-3.669291449606389	0.9947186740271078
-9.1297525196631	0.9999999804635469
-2.4863008892932292	0.9513040061025688
9.740554212773947	3.103112310506789e-132
-9.38381750935568	0.9999999891162027
-8.202263917490473	0.9999998346769196
-4.527042572659599	0.9992249450983508
0.926372502932109	0.024667604503494568
-7.383487403478717	0.9999989108068774
4.647410598701063	-6.919846335318185e-54
8.19235374409481	-4.1219222367151865e-108
-9.42601034047871	0.9999999901238465
-8.04677313672238	0.9999997635039991
5.5596839316780375	-2.8779943504063317e-68
1.0326133686809147	0.0103712377573346
3.1300066393547876	-8.58917464518204e-31
-7.613288931282982	0.9999993583387274
1.7049702192146121	2.878410515202769e-8
-3.6155264936658726	0.9940702785525914
-6.734918192775745	0.9999951509846898
7.439496453457203	5.462214820524378e-97
7.428344265323457	-4.666666330463748e-97
8.889040375265882	9.539888376440815e-119
-1.4693199298788873	0.8422728663951139
3.4024168883661066	9.103424002610691e-35
-2.338300568395062	0.9397900013074796
-2.268938826832261	0.9338286729687926
-4.767837252212388	0.9995529831378377
5.65961421692367	-7.514341540605254e-70
-2.893238278487833	0.975057239338216
1.1182341356915018	0.004374125008674193
-8.764415235752697	0.9999999546911922
-3.411411343133244	0.9908762590964095
-6.809035169518598	0.9999959117188328
1.5603299935099724	2.2780506027889947e-6
4.797067402171278	-1.2684936998505546e-56
-2.8737280329361914	0.9741749326145186
6.832844399947096	4.874805481480025e-88
-0.14527348461173872	0.5117631894283049
-1.7801043734141828	0.8829433811182392
-5.103752511582029	0.9997931205444179
5.517884108790163	3.622021793421672e-67
9.095949371195715	-6.168432628364947e-122
1.5389714282526192	3.954706927150069e-6
-7.875066153643817	0.9999996488198983
-8.538811104845752	0.9999999238295072
3.6132932509255333	4.5574609692801093e-38
-7.153445677712553	0.9999981501246358
-5.140543014390571	0.9998098841749722
-9.297418281141123	0.9999999867205548
-9.311767909440952	0.9999999871521564
-8.70365697184097	0.9999999478875963
-0.5104826138951513	0.6449380187633746
-6.7803239006814175	0.9999956323230568
4.75514765258923	-3.7877544249823837e-56
-0.24874009248533113	0.554898600294219
-2.9610323572632424	0.9779379203771447
4.729191939332203	1.2186045122517033e-55
-1.1444322636391302	0.7908616655405832
-0.9301423073375492	0.7499581896748541
-8.230266471745566	0.9999998450002767
3.4293871423362887	-2.0018361315912508e-35
-3.8381796676994595	0.9963473517119997
5.518714706221921	3.32419865186785e-67
2.2958826855267667	-3.2572991130952872e-18
-2.103120669599079	0.9183242806048044
2.6196217418357506	1.4252761892191047e-23
2.197472009692527	2.3273043892608826e-16
2.0762238567301328	-9.39183648018289e-15
1.3482298707325278	0.00019155453411483735
0.24856130465180648	0.3145843197413866
9.821443377597525	-3.8067157825327276e-133
7.632358151191838	6.800818569186805e-100
1.4148686465257185	5.311289174537907e-5
8.406867031597788	-1.420853829981222e-111
1.929464280862124	4.330447563925564e-12
2.9326284457357765	4.534391727355596e-28
-9.946249326614476	0.9999999970190876
-2.629983409426959	0.9610281298083151
2.233564984510817	-5.3881907978551635e-17
6.220716073267603	-2.529812613208096e-78
-9.473467359245715	0.9999999911461788
-7.979038303149681	0.9999997235870163
-4.450095125033702	0.999076425812101
4.414802996595984	-9.294952501504482e-51
9.200883533606067	1.0486884593164843e-123
1.2793512371596414	0.0005972385446097019
-0.8028442878518192	0.7221022702806854
5.5361400102226455	-1.2791532516843238e-67
-1.5322670268136296	0.8510162762416476
1.926993815671727	5.164146210344806e-12
5.931987632892607	4.403496942096795e-74
7.255586973596934	3.369235204850117e-96
-3.845809574470036	0.9964082491808989
0.06438076139485105	0.41370678266436983
1.1139141300541233	0.004590512723453004
-8.716275450974544	0.9999999493799526
9.205616297944864	3.0304415705447304e-124
8.677306849266927	-1.3081741281670144e-115
-8.334236035703464	0.9999998779995243
2.0911913836887877	7.092390717790158e-16
-3.840206365572696	0.9963636233429293
-4.585140076024672	0.9993211734862146
-0.2538061068887565	0.5569030931608744
-4.283766690906665	0.9986526003693448
5.698652982070854	-2.817486639008456e-70
-1.3331007683225025	0.8218228069349501
-3.0625595179338783	0.9817391309827161
-6.805238059427863	0.9999958758195905
4.468630884458445	-3.266609914081074e-51
6.89027457819283	-3.904762536974587e-88
-7.526463956419631	0.9999992163359325
-7.3661328754704325	0.9999988664017875
6.289361480103302	-5.747267238342355e-79
-5.846169146579254	0.9999624833171685
-2.0880405152331294	0.9168250935831966
0.7912655876613286	0.0554190934252072
9.486522881777752	6.029453937917359e-128
-9.893831759698394	0.999999996636697
-8.60390939629982	0.9999999344325118
4.551930528170276	-1.0592471349013912e-52
-5.750843953599234	0.9999532803913387
-1.0677190312173845	0.776817498539209
6.753113281054574	-5.027158147037782e-86
6.142594120816462	-9.64410083767523e-77
-7.510338632314144	0.9999991866919427
4.657852674652796	-1.1260580628058857e-54
2.480327267555392	-1.9618997863411376e-22
-6.290389634656672	0.9999865061776044
-7.52534302653749	0.9999992143106897
2.511336509579376	2.1251144551329536e-21
1.7021306233376734	3.180135713313665e-8
7.645941618847665	-9.576460116616883e-100
-9.182555057563476	0.9999999827001159
6.931152351318893	1.1602233762594036e-88
9.830269129178038	-2.463615094397682e-133
9.370883546224942	-3.749325600388299e-126
2.7882606609688043	1.1451294683208703e-25
-0.03685299207842441	0.4631880686903873
-2.1753944878814124	0.9252539703318279
9.06697565495221	-1.0983450689477919e-121
-5.009089717644479	0.9997428974005576
9.457448431389786	-2.5540400799028216e-127
5.013635714294136	-9.02845037097912e-60
-4.719394745244312	0.9995005627867456
-3.1181870167253223	0.983581041612876
-8.014027433588652	0.9999997449828285
-4.758661599534859	0.9995434925527819
3.9721388491062513	-1.7368414652291067e-43
2.0190702204618027	8.420234045320434e-14
9.746846396227141	-3.493491167787291e-132
9.142427502376023	-2.3600058518201347e-123
-4.5217020407561215	0.9992154488032429
2.752301146402086	-6.27365206381463e-25
-3.221814151492186	0.9865939836052425
-9.393774338646157	0.9999999893628868
8.2089545439702	2.372022732530994e-108
6.165922392053261	1.987447448766647e-78
-9.965448408237773	0.9999999970368708
-6.3052216761126	0.9999869591671616
-3.6216208657638926	0.994147352810242
-7.16966496901756	0.999998217935342
-1.2941405912159176	0.8156427326755269
8.160419193126845	-2.6312011025954046e-108
6.72550062063609	9.600301472394143e-86
-1.6764708299484177	0.8700706891707543
-4.688556948304026	0.9994640554491201
0.9496780814291306	0.02071119777114375
-7.389801592879803	0.9999989265278976
3.8941926353633427	-7.44670421396713e-43
1.3730428359014333	0.00012158343559816318
-7.415317106957957	0.9999989877783739
-9.799424803976295	0.99999999582003
-8.242903791568793	0.9999998494455372
-9.770876214797028	0.9999999955360247
9.954888637956497	5.533259199934268e-135
5.39476280782328	-1.7248317356821148e-65
3.251982890068458	-4.852533913412129e-33
3.6407436233250134	4.1699346240581803e-39
7.237324182624789	2.445633720163609e-93
-3.5101831994079546	0.9925795851360864
-4.556410315355799	0.9992751672494133
1.1642643185884651	0.0026492724939233413
-3.9812222075149784	0.9973397371508919
1.8610478637989445	9.076761199992973e-11
-8.73305126460506	0.9999999512979996
1.6938674566958554	4.251520686415947e-8
7.81396600939717	4.859208937771193e-103
-0.6525838741144909	0.6848219007347731
0.7211195589026431	0.07893203791352547
-6.798687103436083	0.9999958131418424
3.8677502038854463	-5.1028323044876724e-42
5.856944058110919	-1.5989533298511507e-72
-1.0474142718224186	0.7729697335443465
9.453518371947322	-2.577834224108336e-127
-0.08674350655661023	0.4855274394414818
-4.72063943638231	0.9995019832602537
-1.3942443470894936	0.8312200656440072
2.1090922269245826	5.029141035708997e-15
8.866652078479312	-1.849729804700131e-118
8.62673157954157	-5.671611862238226e-115
-4.869665226775979	0.9996460005022539
-8.849386536977422	0.9999999627426772
-2.740506619590164	0.9674887777378883
0.3947689577114666	0.23434108000687864
2.0278718333399492	6.295305207798129e-14
5.241345758991468	-6.006870463500885e-63
4.04678176675791	-9.67104890826277e-45
-0.2874973646105019	0.5700343044258636
1.1430151175110694	0.003311596105353559
8.842302362662728	-1.4472215487272212e-118
-0.01962179660192831	0.4555710992351649
-8.976423146812632	0.9999999721916636
-3.6651112041719225	0.9946707486560669
-8.700701916611763	0.9999999475317992
8.061629197858057	4.409744926579961e-108
5.683391577172298	-1.0837499907843201e-69
1.0343357770777075	0.010209272815004921
9.045889527226649	5.600863725371277e-121
-7.993694840433885	0.9999997327597183
-0.02034467830259601	0.4558981575560308
6.378619033713871	-3.2547378468625834e-80
7.5425224873555905	4.821765505351848e-98
-7.067939139461248	0.9999977475934215
2.813913301939813	4.0525743565924366e-26
4.674650818810164	2.1972371846485962e-54
9.832319288816045	-1.9241223512313665e-133
-5.783583843564628	0.9999566710658352
3.3985506888070383	9.752284032252779e-35
-0.08755625134969947	0.4859055343546829
8.366579170489018	-2.134102450460539e-111
-0.551005140641001	0.6571283044570736
-5.502298448508225	0.9999172346892908
1.637123144426326	2.690763433649262e-7
-5.731838916956655	0.9999511917683402
-6.291959332166441	0.9999865548529561
-4.024331066869662	0.9975837822388646
2.9982840836569977	2.3610682705675775e-29
9.454558256436172	-2.6060452746833903e-127
-3.509044032139963	0.9925617221327309
-9.205061510468857	0.9999999835738157
-9.287214953723968	0.9999999864048754
1.00945257537437	0.012750147126385246
-7.714116112679319	0.9999994912793638
-4.196855432336943	0.9983600930598027
-9.760845905879316	0.9999999954317265
-3.793541677273211	0.9959708093542571
-0.6201295806819118	0.6766162894787363
5.791981900723368	3.022737928188835e-73
9.079443161054513	-1.8483299136314508e-121
4.9369361238236955	-2.2938069883447035e-58
-9.445882355147713	0.9999999905655678
3.7061614310467217	2.0656533908122938e-39
5.70083853103602	-1.712092556854107e-70
5.51140398846028	5.61958958333411e-67
2.412094255646874	1.1180282531936797e-19
-8.905644038355401	0.9999999672693867
-0.7639983170226383	0.7128852493503154
-2.1834460223836283	0.9260139162367466
2.9614113126044295	-3.135413395783996e-28
-6.633771187156725	0.9999938794047539
-7.885120703840984	0.9999996568566784
2.568687924678059	3.2270971478047834e-22
-1.4688918610142174	0.8422115399215293
0.08352311498993714	0.4037428228568093
-0.7968403720941417	0.7206950175051077
2.6697620494767893	-1.136916021707556e-23
4.685747635324988	9.091659871044318e-55
-9.24833037373562	0.9999999851314773
-8.361350280085972	0.9999998853834411
-6.184344740179752	0.9999827749890605
6.7887874718303465	9.992788966779108e-87
-3.775543564495134	0.9958087469859421
9.367317450774394	-2.4860394666789485e-126
5.840964082700353	-3.7827172132986584e-72
-1.892265837165743	0.8958745437366902
7.640674464137728	-6.36644418536783e-100
-7.83507338107186	0.9999996149450138
0.4134105580049372	0.22395245756765111
2.2833708348222927	5.970482921620557e-19
7.609144915885153	4.065088204237792e-99
9.321243071712399	9.379914900032463e-126
9.403678430180847	-9.635708324973856e-128
8.303749342959073	8.37051601930852e-111
-3.199022953859725	0.9859757336205506
-8.756751927927539	0.9999999538845928
-8.892665941414556	0.9999999662765297
-4.636928739007393	0.9993969095521044
2.1196999420014784	3.84310974097693e-15
-0.2079762562453702	0.5383781081138674
4.295438077912417	1.371973980629294e-48
7.18358078710591	-1.2959436694072175e-92
2.2492981565537526	-7.568932222618901e-18
7.060269467472228	-7.293009087970718e-91
-4.7386156013668135	0.9995220558490859
-2.216161203406699	0.9290666358156129
-4.268278570923858	0.9986045213763918
-1.1181180571940033	0.7861349780654955
0.524176439010354	0.16469616032206486
8.466785447963083	-2.1375142116450616e-112
3.5786761459978234	-1.4726415145744846e-37
-5.475604277013173	0.9999119936986643
-9.003987953414821	0.9999999739018156
2.9957619923466297	2.9330908830661287e-30
-3.3118751828438064	0.9888102540232278
-7.005154098441331	0.9999973972648901
-5.517514171024245	0.9999200813554359
-0.6257888986516633	0.6780800451977882
-4.22178930149165	0.9984498539169981
1.9191573986126684	9.322121762045314e-12
-0.15233201418115883	0.5148331498626062
-6.369441906370863	0.9999887514981636
4.814601714971314	1.7749578553647716e-56
1.7250499876497916	1.392294299666965e-8
8.348818631244704	9.00772050285642e-111
1.1651915847448215	0.0026243308390093345
-0.3891469047241536	0.6054688382622768
8.19693483988921	-1.5153534390833872e-108
-8.388000317365677	0.9999998922053183
-2.5198084348465066	0.9537069381599197
6.746711430286609	-6.186383032615604e-86
0.5613846627989805	0.14728296154221465
6.3493387737179745	2.271851730987327e-80
4.346783427822199	-2.6575583116385666e-49
0.4068940068433555	0.22756981132900633
-7.9424893251670525	0.9999996993181175
-5.934768089398466	0.999969404103015
7.489208921652345	-2.864329887753981e-97
4.093405156584815	-4.168240541988907e-46
-1.4805985835328848	0.8438821978583163
6.0958010470791315	1.6280803248803087e-76
-3.023781491433266	0.9803570946366671
9.283397456119822	-8.989489988054696e-125
1.1150398612909918	0.004533348910295543
-8.366473698471735	0.9999998867276474
-0.371662544141639	0.5993685805427975
2.79355471465073	1.4971139879986048e-25
-4.060679739519819	0.9977725422271027
-4.686650485075381	0.9994617133999425
-6.550633833144088	0.9999925881952477
6.748093695336053	-6.0795309027622835e-86
-0.7923415954362323	0.7196365550064956
4.118864366063274	-7.27287853306963e-47
5.110719559607775	3.531441162709986e-61
9.064628888224409	-6.689953250463414e-122
-3.025214574763626	0.9804096691960597
3.7680308473137956	1.3789779918874606e-40
3.6289905371215703	2.8375353697691065e-38
-8.16300937541592	0.9999998190379014
-7.432382061395129	0.9999990267804852
-2.2398616229829704	0.9312283190130806
-2.1999296385109224	0.9275620451566353
6.668130858586	-1.119287848261079e-84
6.2183606213146945	-3.4567011221343724e-78
-5.196402963888205	0.9998327818959765
8.377462680587726	-5.3377703807360864e-111
-4.822144103375243	0.9996052683258071
-6.134468271542501	0.9999806792254091
-9.61889214840912	0.999999993665596
-0.11369906729356671	0.49782089666872753
-3.9782372685391687	0.9973219823559307
-2.6056218674201936	0.9594848470420257
-1.7688875332911138	0.8815917658706212
7.210709720461924	3.3059993238149175e-94
7.428036938825894	-5.143071130697983e-97
-5.815457473035868	0.9999597356111753
-2.6168114150099253	0.9601990525213322
3.6546519166756752	-9.917090703357146e-39
9.286620636428871	-9.019784413961179e-125
9.282134559393818	-8.866935301038735e-125
2.144559050462176	-6.116082575222666e-16
-1.1835502585332769	0.7976960492699623
0.7125627107631196	0.08212951979428967
-7.724334734235638	0.9999995031094074
7.415786851153353	-2.198470835441359e-96
-8.592568971496508	0.9999999326978432
-4.546177886997103	0.9992580457681982
7.246680575054022	1.160177720323369e-93
6.700360955443134	1.7015890807349962e-85
-9.617944281715003	0.9999999936517557
8.740288978028982	2.7659730516110296e-116
0.8221815996335291	0.046500939379307195
-7.445835695415894	0.9999990564663923
-6.465999249539527	0.9999909936290506
-5.466993559813753	0.99991023340403
-8.388728785607157	0.9999998923859755
-1.2157189980045047	0.803106748613604
-2.50990384313857	0.9530056318913397
3.757481574455781	7.011405351635772e-42
-4.07475546084016	0.9978417166048204
7.662063073957967	-4.822728404609821e-100
9.22691914884431	-4.35058619527293e-124
-1.6345396663791298	0.8646377950136022
8.141824540394452	3.6717437017724933e-107
-9.948731922574993	0.999999997036082
5.855499604409191	-1.940804198361e-72
0.6100241579835988	0.12564109163638215
-1.9667783030210906	0.9041539319061577
-5.672668290834317	0.9999440725808775
1.1064709978949328	0.004981462355957853
-2.681906211252647	0.9641728301247549
-6.372661258033472	0.9999888345604939
-0.7380146602753648	0.7065477433214606
-1.5568830436015233	0.8542812204094586
5.797747096076712	1.1180874715034137e-71
5.466146009860262	-2.744227577595337e-66
-1.9357823282145716	0.9007546451928675
-0.5563440351861217	0.6586953030345968
-8.28097775379768	0.9999998620823747
-3.170664622489028	0.985172223213687
8.9385223764016	1.8430463494718727e-120
-0.35524770877410106	0.5938023837229531
6.8902771400969485	-3.904251637023969e-88
5.457974218042869	-2.2578080700280822e-66
7.925146437246617	6.601849911227501e-104
-5.468359585076392	0.9999105149917322
5.73936931906054	1.4307399443186293e-70
-3.894617603977557	0.9967753779644589
9.681126810251925	-1.1854088344767696e-130
0.7796956006730582	0.0589615863600734
3.3311813041839144	8.54990920236314e-34
-0.31419886656316365	0.5799298312389728
5.087269590693108	-1.2422812143803227e-60
2.276809097229485	6.111990553671347e-18
-9.550307264600843	0.9999999925819324
-0.7727235991201766	0.714980192011941
-6.2114046075267515	0.9999838152745176
0.6969204517570979	0.08817055810307349
8.507755562791317	5.0873889734068975e-113
6.398508201245306	5.959465845419485e-81
3.226301873743447	1.3202678165556312e-32
-0.6271866897278002	0.6784381905411541
8.07231239575816	-1.8176684297140403e-106
-0.868197912769455	0.7369278296599054
-3.8450491405289045	0.9964022237324015
-9.852892738678744	0.9999999963042265
-2.2334538120171876	0.9306475676269761
-6.414803562472771	0.9999898669683585
6.02614923248829	7.455099398723327e-75
-5.885522583124048	0.9999657320057684
3.7544408554226294	-7.989656412998332e-41
7.725336003600528	-2.827810276158188e-101
1.51425980908364	7.382209651656534e-6
7.833087438553804	1.918773508991331e-102
-2.7102285361547818	0.9658063457875034
2.7724244280709875	-2.79871582415211e-25
-0.40480395128819957	0.6108637072914337
7.920294115943754	9.087394709317361e-104
2.819052484456531	1.8622502389751616e-27
9.638971846176535	5.027015015186326e-130
-3.617976949483892	0.9941013822299279
0.5627007846764656	0.14671361877935543
2.505729715830171	4.010383425022675e-21
-9.503825121288978	0.9999999917439377
-8.432584020721263	0.9999999027222096
2.0056249598257114	7.205029216669396e-14
-7.485307395625629	0.99999913843887
6.45338995192699	-1.829408978652998e-81
7.35704865629906	-2.833580674390906e-95
2.5390512452280767	-1.1340693998930046e-21
-5.144035021432276	0.9998114031278288
-8.214822994070424	0.9999998393893207
4.034117314904142	-1.431036140708166e-44
2.9931069536380406	-2.3491644086762825e-29
-3.3797776651335543	0.9902600721995254
-6.400362578229215	0.9999895244087181
-1.821028328749911	0.887770488107759
-1.442614425516009	0.8384108670271458
6.158256409844945	-3.871844590287083e-77
3.8480441175890068	-3.847364172725666e-43
-6.235185664298646	0.9999846775246901
-0.623639278551952	0.677526779711226
-6.142241093109062	0.9999810218616167
-4.4972292658087465	0.9991704375668098
0.549803289513747	0.1523758822396008
-4.052745524804102	0.9977326039524639
-7.171967810572646	0.9999982273595197
-5.713307983134617	0.999949065471237
-3.2562426049933313	0.9874829316451467
4.993663768635992	-4.1721907171995494e-61
5.2412679270669305	-6.009117061446919e-63
7.7422248496701975	1.4648786727143328e-101
5.693494041263838	-5.63834170295841e-70
-4.777785607568208	0.9995630512977409
0.32108640629577323	0.2759506735462454
3.9734935218340706	-1.559194057573293e-43
-6.474648020497398	0.9999911711924484
2.037683846227347	2.7914588000354645e-14
5.191610395500161	6.614721045613683e-63
2.6771432095262284	-8.392800109742447e-24
-1.6509625228592917	0.8667803936496541
-2.827713000663006	0.9719968672853334
-3.9238333759568045	0.9969775774336537
2.0130836744170377	8.468843355744289e-14
3.9644615576276365	-2.5160977250503506e-43
2.8218036467740895	-1.327605179535575e-26
-8.349173974083289	0.999999882124473
-2.9482449625522467	0.9774162448601641
-7.5621449373088945	0.999999278146484
-2.688892390895652	0.9645811141874409
1.6860839219723012	5.582944236284504e-8
7.842308810788484	1.327034021808503e-102
-4.393912954965908	0.9989505317746502
-8.145278442529031	0.999999811496779
1.9571060203843729	2.0275375523148155e-12
-0.9661939955408236	0.756990480626287
9.071925731385214	-1.6730352352764092e-121
-6.264908781232914	0.9999856909332241
0.02143633248636334	0.43564322390977694
-7.655704324312076	0.9999994180432136
1.8742525657647278	6.413495917908267e-11
0.8492255146887615	0.03979330511772346
7.626213322743816	2.12090166339247e-99
1.7695686909023323	2.6080164897228628e-9
6.732101665877728	6.956631561758031e-87
-5.157938517492591	0.9998173317100475
-1.2924360982578609	0.8153670265444151
-6.495073701691276	0.9999915767723865
-6.7142892616051375	0.9999949151137332
-4.215203900179554	0.9984266263002406
5.479527421641471	-1.485009849203775e-66
-8.952004786699677	0.9999999705833349
-9.945945948053957	0.9999999970170039
6.137267503497345	-7.578046672428852e-77
2.099678790124271	4.0633842645429444e-15
1.8597032848009842	9.569544498730747e-11
-0.9681206216903426	0.7573711014286233
8.412974574889958	-1.7189229783192728e-112
-5.943192120190934	0.9999699916301217
9.64542664771961	4.098146318390895e-130
2.6979859819930283	1.1403257621280433e-24
0.1719537375894653	0.35643650988803904
-1.9025027548966875	0.8970368098684272
-2.1431138990751597	0.9221987719849919
7.091942658344415	2.0215080724437308e-91
-2.3159627998442156	0.9379080911566026
6.25564602607848	-2.588061688815273e-81
5.427794186646771	1.0710032217825896e-65
0.6250238270326633	0.11867465694514819
-7.765700957095438	0.9999995482535337
-1.3652912179239394	0.8268139359845437
7.554103390949749	7.251825044565926e-99
-7.846910391685862	0.9999996252982155
8.128165077011818	4.970036941431372e-107
-6.175563271327937	0.9999824232295957
-0.8744903242658975	0.7383087949620684
-0.5034191578605451	0.642758968011
-5.565817354135083	0.9999284860495989
-2.821252960443852	0.9716800331232732
-9.377668642792912	0.9999999889610124
4.088779432668353	2.9797777282281848e-46
9.424972009543207	9.573981744086304e-127
-8.796194101629853	0.9999999578881743
-6.054243067548688	0.9999767604277378
-5.229477036363561	0.9998450199189506
3.7192256714875214	3.6376008721067995e-40
8.99702158705292	-2.6323652715892115e-120
4.7157153334564015	-2.3950593320665204e-55
-2.918170761051626	0.9761498044030963
-6.508951120516437	0.9999918416449017
7.247495039041819	1.0420648291882144e-93
5.5318705876225405	-7.089107333123683e-68
5.256683424380926	-1.8388801094878565e-63
4.783236633076138	-5.87561007042562e-56
4.579149534883275	-6.812360287841319e-53
-1.2039653689030274	0.8011613361053399
-2.6997174031421123	0.9652068352593743
2.9993692874286317	3.1212555216537826e-29
-9.871456468377872	0.9999999964588739
-7.7828436876783025	0.9999995657377093
-4.917337768673025	0.9996826561808737
4.54901710483453	-5.793267122119419e-53
1.0107051870009975	0.012611459177194938
6.98898321704036	-9.010252017486581e-90
-4.139381348578257	0.9981333485046308
6.538817395129325	3.631154897181787e-83
5.858948152933259	-1.1270053987245442e-72
7.263464773889563	-5.60353896447952e-94
-8.815086036996824	0.9999999596807758
-5.258847645531541	0.9998551360092234
8.506463001297075	4.3889982101314396e-113
-6.103796255845921	0.9999792657230113
-5.615069596137872	0.9999361471459193
-5.2391004089578175	0.9998484098342809
-6.140330821396911	0.9999809382215142
5.2829145490008145	1.0307864677178563e-63
-1.367628122945268	0.827172412431133
-1.5520473295240311	0.8536408461053386
9.032802446351859	8.1107229854673e-121
3.2272232756997568	1.3464940835523807e-32
2.9602704051302133	-3.0917772267599634e-28
0.24439177934898026	0.3167225337387438
-7.244815610470581	0.9999985010939878
-3.5898983939757345	0.9937356833229353
1.0438869480580415	0.009345905573484303
-2.2725990430291265	0.9341517951295147
-0.3316771219237413	0.5859563883211915
-6.913317106362635	0.9999967843892408
-5.662943284577846	0.9999428069993702
-1.1191798018616304	0.7863278005041027
-7.216123101809093	0.999998398723667
9.444955904314277	-1.1214184135033727e-127
-1.981004630970391	0.9056930603694255
2.2240188674561914	-4.384086231849081e-17
-3.1731703655726617	0.9852447808373137
-1.2392255704061839	0.8068743275183844
0.26709286934342913	0.3052479514262851
0.5292714230915472	0.16210883028389944
-4.5434219439348045	0.9992533662348783
0.4901984036699858	0.18246733838234244
9.109695240406175	3.211650798679303e-122
6.502059539606858	-7.695274470708737e-83
9.23510959448128	-9.844689099815877e-125
-9.728871040591113	0.9999999950826975
-1.8445188379116573	0.8904525076686403
-0.9771082514648022	0.7591638821021249
6.335604076549416	1.4119456510626073e-79
-6.8005745964497955	0.9999958312979269
-5.055433511868301	0.9997688445870084
7.071721004427385	1.8287925533755575e-91
0.7740854486355566	0.060728747536520106
-7.107888273376157	0.9999979455350317
4.678471884895888	1.8983573070336667e-54
9.442204646582617	-8.514728488185669e-129
-1.0414390691595656	0.771826402625146
-8.495902751863674	0.9999999159195335
-9.482166457948825	0.9999999913217598
-0.06479375474991222	0.4754091476866206
7.830801952792655	1.976944155057646e-102
8.900440878532034	3.767157453653281e-119
-8.435672094685764	0.9999999034114482
7.141220293595474	2.3262841093522642e-92
2.901663998102727	-1.9114613261772135e-27
-3.6208448253499492	0.994137590656771
-0.7886911364913409	0.7187752673373539
-2.281847026459296	0.9349639776056169
6.859265614845231	-9.458442097830561e-89
8.559186649799486	-1.3183220781898885e-113
-1.0779845588119166	0.7787405388787112
8.929650032499104	-1.1211542680505934e-119
-8.131957841202212	0.9999998056254885
2.202323482440134	1.89896378955898e-16
7.097075785915827	7.605976256708926e-92
3.2792503520376037	-5.346542977678968e-33
0.1316576150339266	0.378212465365043
0.8468275223933475	0.040327252266173216
-6.267758439005462	0.9999857844995238
4.075205696419836	3.157677180755546e-45
9.553613597150708	3.579384158541933e-129
1.5318171961670437	4.7750498304533885e-6
2.407842469725882	1.0994300119694135e-19
-8.3826206120847	0.9999998908617468
-7.092694929357841	0.999997872391773
-8.09916911616046	0.9999997903822776
-6.714944786568662	0.9999949227826123
5.392823936293357	-2.1513286029311005e-65
9.856170154261108	8.355157891013769e-134
6.294552122864786	-3.959031477930404e-79
5.514182346963935	4.858328653994011e-67
-0.4922743052077738	0.6392939517744417
-6.351957952684422	0.9999882894799306
0.6073962615903117	0.12686375841371483
7.937767228289868	-3.726219492617955e-105
3.357562241243892	-4.178726181410297e-34
-1.9246780381495512	0.8995227562271295
-3.3366563754740497	0.9893602399781272
-8.152511258727774	0.9999998146101847
9.415707279295042	1.0698793498807145e-126
-0.7566594674992011	0.7111103035544728
-9.174421815160784	0.9999999823730805
8.948097942431552	6.070373559897936e-120
7.113657731034962	-8.923605693580375e-92
0.9330132880188025	0.023479305279312145
1.6356930937179435	2.809153403172361e-7
9.206786874868822	1.4200940575617117e-124
-5.0559366737986	0.9997691114706436
0.08351796456148008	0.40374552500894434
4.844321645269286	2.1029733485845323e-57
-4.537796543545407	0.9992437234672458
-4.81941110194537	0.9996027888361183
2.6891137505196525	-2.2792734029289974e-24
-5.993453952994368	0.9999732700309902
8.871711414758515	-6.13364337627071e-119
-4.162306662042083	0.9982272513521628
5.6685488246088145	-1.2782825801103338e-69
3.0092066695004114	6.934835597053115e-29
4.022916504120682	1.4284230044992222e-45
4.216923469152611	2.928468358358287e-47
7.014779059611275	6.183386297543513e-90
8.370811186891892	-3.8668337245054365e-111
-0.630736243462767	0.6793425644138908
9.286633081301797	-9.019168936311818e-125
7.681135142341887	2.3562853289950133e-100
-2.6287589266212885	0.9609515925787883
-6.840777265028164	0.9999961998546989
-8.602499609436581	0.999999934219324
-3.6859250154947	0.9949053922017347
-7.1519402005968	0.9999981437010778
5.89706543041817	-1.9833976505667893e-74
6.81251101532219	-3.5376956008816454e-87
-0.45142946402907924	0.6263110066793323
8.804252987252031	5.125210281423434e-118
-6.784724050214601	0.9999956763494654
9.804992401871182	4.5616982473459926e-133
-8.307985568366378	0.9999998703979197
-4.7778864320720515	0.9995631521731919
-3.661503758799629	0.994629062350355
-8.370917118777452	0.9999998878806738
-9.235764344250024	0.9999999846949822
-2.680250752431217	0.964075570827838
3.2646591865897747	-8.006235068503817e-33
3.108846626415067	2.3443461627857543e-30
-2.384583163048406	0.9435683486905725
9.225816309427195	-4.73838397662108e-124
-0.42580775385551917	0.6179034122048983
-6.5452112691091235	0.9999924950809103
3.8893121006624263	-1.7363467495096598e-42
1.2430378659890593	0.0010106534225730072
0.7655666083243275	0.06347482422771619
3.8075240256547005	-2.629031809850418e-41
4.263441643117973	-6.627048629467709e-48
-1.040289990213207	0.7716059995848416
-7.958553067889023	0.9999997102365589
9.898540548843336	-4.564872255401879e-134
-4.813570220320318	0.9995974376721316
-8.967542104099401	0.9999999716171439
5.571703561673868	3.323413022469641e-68
-8.885561243781419	0.9999999657203031
-8.484747082487111	0.9999999137318293
-8.73455068958883	0.9999999514658544
1.86063293389806	9.222748899024659e-11
-1.541540552180468	0.8522495810037778
-3.527931325218492	0.9928528410220271
2.0496386521009313	-2.7953823568186376e-15
-9.26276983272401	0.9999999856176983
-7.977710101580411	0.9999997227403745
0.8254943463996653	0.045602022848224726
-9.34868565498335	0.9999999881991704
-2.6587969948309143	0.9627973847268599
-9.133341885400625	0.9999999806243475
-1.508577183927077	0.8478043842214383
7.0712962168654805	1.6253057026772583e-91
-1.3603841989207268	0.8260594543228468
-7.7966155059543985	0.9999995792923142
-6.533395133462787	0.9999922881074135
1.0057027527702544	0.013172321050395496
-3.67474715142988	0.9947806134849053
-6.013451639976628	0.9999744725623753
-9.899508383930984	0.9999999966803709
8.74170036215359	2.6128763539616336e-116
4.706358635335652	-5.248300325844331e-55
-5.250123367107564	0.9998522019391093
-6.2637491297942915	0.9999856526808705
0.7962674210006639	0.05392583200609743
-0.7909765550982595	0.7193147441692385
1.3506208383425022	0.00018357345076720945
-1.4412337023598951	0.8382091058608062
1.9896151232527117	2.1692994846568592e-13
-1.749023069725716	0.8791736350379559
6.307950118830977	2.8098149972970836e-80
2.9823543804667008	-1.587751732056686e-28
-0.05301601938846545	0.4702019682112336
0.19951763597871874	0.3413574967036475
6.223898971647387	-1.267365461653716e-78
-7.1158974594802515	0.9999979830748769
8.418191533355017	5.85433574373926e-112
-2.325482144710742	0.9387146750250009
1.7821110125637816	1.8855463337120317e-9
-7.130875586723411	0.9999980514481701
-1.2655544206116343	0.811029823804139
-6.4686827325859575	0.9999910491010101
8.304577462712494	1.9172308984553505e-111
2.462894536949559	-2.1467743160383564e-20
6.620990985705859	4.650471921628109e-84
7.208670755856097	-5.012868179485099e-94
7.851754082635619	4.662676774919421e-103
0.7560310149755534	0.06663457469551042
-3.132775206905447	0.9840372921897237
-0.9267103293401959	0.7492799548315835
-9.804353468484784	0.999999995867199
1.5483472745260904	3.092733470820304e-6
5.4880629549559465	-3.1088179425421126e-67
-6.064485125082495	0.9999773019274305
7.744995646495241	1.4743077434039478e-101
-2.0966196308303875	0.9176803643035805
-8.191267881138353	0.9999998304376492
-5.458620327087909	0.9999084879180189
-2.0913905103114683	0.9171597863673148
-8.490759555250694	0.9999999149178935
4.104339872808328	-8.206978098842277e-46
3.25414595093433	-5.901345956350815e-33
-1.8725108204647611	0.8936220360272857
-8.02879051478158	0.9999997535059995
4.2820258369922115	-1.3635624600138944e-48
1.0730392358294125	0.007048279589124843
0.8934135288250822	0.030977081203110716
7.134580148429642	1.435246895035266e-92
-6.017464526005134	0.9999747072744092
-0.6331953982286898	0.6799653735881066
5.193460453189562	1.221651324885455e-62
9.150184388987942	-9.550494376943931e-123
8.94140258944999	4.170184000689274e-120
-4.490968618569204	0.9991585178493818
5.0262663521940745	1.6803857910471315e-60
-0.7788689861230189	0.7164464126550523
8.212982033365385	2.685952242374584e-108
9.676343402198533	-1.1550261774979923e-130
1.08263659979273	0.006397093704590023
-2.428705272842433	0.9470159153741682
-3.137503753451556	0.9841828493660301
9.820148591702583	-3.772323073559675e-133
5.402205109055522	-2.4074240300331596e-66
7.420919492064179	-1.6436760405214683e-96
-2.5696254434906995	0.9571260305703182
-5.189512596262182	0.9998301134040997
9.023153596298886	5.578210741150142e-121
3.0776474946475894	-3.549118927529853e-30
-2.2674365915009354	0.9336957809312005
8.555863306207815	-1.5242928373260286e-113
-1.85371815517707	0.8914933594012523
1.9188583903713372	9.533415064331706e-12
-6.033673215436033	0.9999756335589476
3.7269448050119003	-3.5155725935456474e-40
4.2155463356216885	2.9153623743005376e-47
-4.29222172911047	0.9986781559437861
-9.368915699563507	0.9999999887362706
-7.585083908109187	0.9999993152839707
2.7673466559913926	-4.465701350315343e-25
-4.852472970035553	0.999631771590465
8.101103751220208	-9.973122115537504e-107
-6.216070237742812	0.999983988182233
9.113345983909383	4.064855835711741e-122
-8.902229069556418	0.9999999670110031
9.880074891291923	-5.095307715245667e-134
-4.482084970039333	0.9991413128465472
-4.384693203470529	0.998928312343825
8.181616727768496	-9.966480844473679e-108
-9.143428241713206	0.9999999810691559
-2.2377359412153908	0.9310359626853503
7.4945197298244715	-2.2050997595837397e-97
3.492800006423046	-8.826461595990954e-37
-4.004531941662162	0.9974745200404902
-5.339285913319092	0.9998795919432893
-3.867459834506981	0.9965757971807498
1.2646233306178267	0.00074175330739533
-2.7648992757711444	0.9687984104112752
5.058108948046707	-1.2571012711833604e-60
-9.59307453035441	0.9999999932776137
2.6429071833142626	5.1809022958561025e-25
-4.365965570763808	0.9988817402289412
-4.0294294409790465	0.9976111661574035
-5.99902188208703	0.9999736104282535
-3.0340208441143135	0.9807301694787294
7.293914833205115	-9.158882964092567e-95
5.4302910735130006	9.75530042137687e-66
-7.120111394729696	0.9999980025499312
-7.006502704784041	0.9999974053343317
9.092874936380934	-9.140625786217675e-122
9.045412178019102	5.7625647385240545e-121
0.1993175249861867	0.34146811437496377
-9.273335119042866	0.9999999859633641
-9.515259661753316	0.9999999919584747
-8.944038081116915	0.9999999700387382
-2.065609287438721	0.9145619940678599
-9.620053074623396	0.9999999936825062
-6.98129111893393	0.9999972502577759
9.28628454778837	-9.034376674778538e-125
-2.548636267497515	0.9557072223709346
-5.476741544799415	0.9999122235978177
-0.6773387593337254	0.6911283511528937
-2.730971577344543	0.9669660119986864
6.400961664530776	8.022617139108036e-81
6.684052622459042	-5.826697004177325e-85
6.476228835454702	5.670758814909407e-82
8.600773511189285	1.142912844345682e-114
4.5646014392112235	-1.6716893354459345e-52
-9.064635013692332	0.9999999773032858
-6.277451098472753	0.9999860981938858
0.5912130471874342	0.13429520995080796
-6.062583983791359	0.9999772023766245
9.348309651087838	1.2924425320826263e-125
9.76875228123308	-3.387353982495239e-132
-0.16263357293033742	0.5192758295486292
9.6404701111728	4.876303463338043e-130
-1.392206951926358	0.8309123722188773
1.9915086251830516	1.747024850008278e-13
7.487579146169779	-3.030830891062095e-97
-7.607233649741714	0.999999349329566
-2.5787669352044373	0.9577339418868285
-1.50152198332556	0.8468268536384106
-5.643795024259197	0.9999402308374147
-2.4323222534955757	0.9472914388677377
-1.1081085401779802	0.784309340172357
2.987276579445769	-9.377052022717385e-29
2.424344297811846	7.215116223104585e-20
3.0193714122328643	6.469867618084407e-29
0.7271226720706458	0.07673399951946473
3.298366885282684	4.131924736195457e-34
3.140376300056001	-7.56025269450707e-31
-0.6514183325135257	0.6845304604232296
0.5053675929854116	0.17451428940521593
-8.881434253939538	0.9999999653929998
-5.347043806245222	0.9998817205539683
9.358330201010215	3.531546852986235e-126
3.0971920951955756	3.862978071830823e-30
-3.54722580476746	0.9931393593628185
6.5247160716203645	-3.4097581967236844e-83
-6.15810083827669	0.9999817022557465
0.2968595877387301	0.2896554271833351
0.8246007127465163	0.045842826501931194
9.035860476442426	7.991254148921538e-121
-5.614519643212739	0.9999360663015175
9.256654729366897	1.0715684484044125e-124
-0.49590665004743073	0.6404266525447662
-6.851449473479749	0.9999962920955274
-3.7800768392572426	0.9958501414626102
2.8046747373324266	1.171744975162429e-25
-6.893267919031709	0.9999966324663199
5.295720980436247	-7.529699095454395e-65
-0.9624503836623965	0.7562544578786924
7.689866695953707	1.887472071859397e-100
-3.2620613097786455	0.9876279592421097
-1.0491423927252832	0.7732995135732046
0.4928897422355316	0.18105482286585342
4.91968205943515	3.477977056457042e-58
4.732476703127677	1.3905327883918302e-55
9.76715022786026	-4.0221218737704325e-132
6.432567054715012	-3.422034895269842e-82
8.300802000536539	3.481245470127548e-110
-7.274871507998726	0.9999986013184561
-3.2475919086879346	0.9872645634551566
-9.601536115270846	0.999999993407321
8.457767629992876	8.897343415332734e-113
-2.3932239635515584	0.944255822784101
2.3204093850919882	7.016044236723975e-19
6.996903326805025	9.160537625866057e-91
3.786838844870232	1.905421686083944e-41
0.5360936660853621	0.15874338188100112
3.2653629272884146	-7.997834515104583e-33
-0.23704342622445473	0.5502338397314761
-8.338251771939934	0.9999998791224103
6.011322484449373	4.399872835380058e-75
-5.388335341416375	0.9998924337145138
5.801475543855151	1.4792825792329513e-71
8.458895807546764	3.655232197756347e-113
-1.789850378795732	0.8841092642536814
-0.5032498326948378	0.6427065617083779
-9.686752518282606	0.999999994581922
-3.6507496477455925	0.9945029685436622
-1.3295663375260034	0.8212693226784656
-4.019138137701024	0.9975555771419605
-7.040176250125061	0.9999975989076326
-7.6995157464136454	0.9999994738863359
1.0631198459600366	0.007775075295144527
2.2543214438255976	5.067033454167008e-18
-1.917399820968523	0.8987111356412484
-3.5572551975010747	0.9932840636967265
3.876670074645343	-4.245047794298987e-42
-9.151780271464446	0.9999999814297403
-5.772794056533823	0.9999555817273925
-7.1865780550661995	0.9999982860000607
0.5136517546700681	0.17016585874329557
3.395819987425618	9.598371577192846e-35
-1.936466555528833	0.9008303217502368
9.430607034625279	6.62235401733454e-127
1.179886711569047	0.0022585500232203343
5.923411460617739	-4.202541829829902e-74
-9.305716975440994	0.9999999869718955
4.385389859720021	3.199140427325548e-50
0.03882805490331265	0.42679760701778524
8.391813426359626	-4.707698694846269e-111
3.6880112682027377	1.1042504724909686e-39
-7.53118459622709	0.9999992248078254
-2.520129590009188	0.953729553202525
-0.3867088670757113	0.6046171992757476
-8.324897507153949	0.9999998753477628
-7.669740852804292	0.9999994365514144
1.913949369800644	1.3638628055276238e-11
8.45999968219445	-1.0763091288460626e-113
8.55560862991232	-1.5358134974040382e-113
-2.0399547377687943	0.9119280340879526
2.518389792440283	-1.6651495222387838e-23
-4.123444133716894	0.9980652224680688
-4.164363813359913	0.9982354479354204
-7.804628914636522	0.9999995869838515
0.27282247101645396	0.30235370176321863
-8.831408075652224	0.9999999611679707
1.2565425213416148	0.0008332893933446082
3.2681850636778176	-7.81293899653884e-33
-9.761115247568885	0.9999999954345588
-1.907910108614633	0.8976468162226501
-6.524319464578188	0.9999921252682805
8.0202376791838	-1.2717194842302365e-105
4.2846335374275455	-5.585149484200873e-49
-8.270205614309575	0.9999998586187343
-0.24072133925737482	0.5517065815674617
