-6.328679576042977	0.9999890250925341
7.865186030727202	-4.833543719531988e-89
7.9920456687253925	6.084851147793009e-91
7.37714354987251	1.1526030506917753e-81
4.287701003079555	3.232039562814861e-35
-2.5192666931698238	0.962212520910018
-6.95035185435505	0.9999973770558948
-7.055646234874597	0.9999979417463452
5.537439572815419	-1.9166030529190304e-53
7.281728987770855	-7.281136591935919e-80
-0.4175265751249171	0.7828825243919665
8.75236304993254	1.5492585078041015e-102
-5.228710736297577	0.9998621364957326
-7.010714703032268	0.9999977174051589
6.264972944956639	-9.031341967858694e-65
8.22204264034201	3.0750351472581095e-94
-4.6080774248323175	0.9994286030545538
-9.983406293817163	0.9999999973678381
-1.3343473173004927	0.8772325233789519
-1.5384452954662642	0.8942973769524059
-6.3527930691272205	0.9999896177503615
-0.8088583633590929	0.8280021786043623
-6.079071392392055	0.9999805039267592
-1.335780302990365	0.8773565868527509
-7.306924981336782	0.9999988459443544
6.0133557015673915	7.618974604430924e-61
-3.8554517164493607	0.9969009467975701
-3.86590743359144	0.9969711194582412
-2.499237527005098	0.9611348125753106
-8.133843058207596	0.9999998280842185
3.4726864566509974	6.993661071368833e-22
-6.509710852662143	0.9999927656961981
-8.34646724871526	0.9999998946360542
6.7629620164153295	-2.0496715914548953e-72
-2.0544307267698603	0.9333603003398896
1.7460769914918117	0.04560253858694683
-7.867271238019509	0.9999996823958096
-7.617409650160831	0.9999994353928957
-7.680673949567165	0.9999995119294679
-4.1923814783385005	0.9985339664704729
-4.452959880076275	0.9991866079397992
8.58975664394162	4.982491704908195e-100
3.575704577950379	-2.3247025077314634e-23
2.1748751071508607	0.0008704557170531097
0.3958682068262487	0.6313386982805758
4.055220611866211	-3.082600117671662e-31
4.84368727927845	3.58835454305583e-43
-0.7882008330854582	0.8258190779399873
-2.195209540246208	0.9428407749620928
-8.223268832853163	0.9999998600766387
5.466890889176312	-3.783238805574827e-52
-6.30426478837621	0.9999883905674836
-7.176933395534855	0.9999984432628239
0.9609318011643921	0.41849820040244406
6.188663208001763	1.7770571340145618e-63
-9.434972435704502	0.9999999914061604
-9.68224199463763	0.999999995136852
1.6308899327656192	0.08246156598918426
0.3573148132273687	0.641860435625184
6.860700334829538	-2.3750502934233226e-74
8.019410388625442	-1.8384243716878625e-91
-5.683499147704678	0.9999515482500595
-8.649679628428943	0.9999999475820471
1.612285338742275	0.08959647982662576
7.730617926334062	-9.852629509350547e-88
-2.695994901357097	0.9709239152391681
2.5363114962991595	5.209188010103912e-7
-9.054775327330514	0.9999999793754506
-1.5808350369478283	0.8976505581941009
-2.924118347589344	0.980012066561534
4.057092148086507	-1.0829297021154852e-31
0.9219435133801657	0.43763965637452573
7.97798968982373	6.70829959848861e-91
1.173139354009841	0.3091401236132635
-2.342455958702021	0.9521683842246396
5.609454159432769	-1.1753427043878226e-54
-6.789720532928429	0.9999962032503256
-8.13160139319514	0.9999998271945696
-1.119120086690799	0.8582200625866361
-8.693370957202703	0.999999952598861
5.764052465390153	-9.520751720986778e-57
-9.010906831764785	0.999999977183291
-0.5863836099026987	0.8037659476154108
-2.2261244022661986	0.9448632776119285
-1.4589340293175326	0.8878415616407671
-6.22022437814532	0.9999859125145593
4.026055825176318	-7.864571871896802e-31
0.9011487412877237	0.4476199961591465
6.1630634239351	-1.5673130404935102e-63
-6.832024544044573	0.9999965556245675
4.4448360835732	2.6698147474057273e-37
-1.6343552474962486	0.9019557757709209
2.6978579984499085	3.099427557691776e-9
4.531454344781487	6.638710629525739e-38
-4.232280711738992	0.9986598364348079
-1.4886474607674494	0.8903021891475482
5.785697903287188	-2.6551883862516767e-57
-2.934603420795785	0.9803725269840163
7.80666894521908	-2.1939857293165263e-88
-6.06763419540115	0.9999799838566479
-0.09206908276212644	0.7353837493788158
-0.45032658335160036	0.7871020062334427
-6.22274537128757	0.999985994034049
6.530125200892858	1.4042740157808923e-69
-5.384869409363553	0.999903707556465
-1.0508163263883894	0.851796841745483
7.957476790921959	-2.805027877799649e-90
1.092033308308471	0.3511004807546039
-2.9448863600467368	0.9807211849598679
-2.130016203612448	0.9385289507794037
-9.671054406277623	0.9999999950099484
-8.612906102374227	0.9999999429502755
1.5143249931964	0.13221563850616244
-4.3607800609554515	0.9989974463539101
4.8186162367586185	2.594684306788422e-42
1.4638216021505421	0.15486221891576354
-6.531329103680199	0.9999931169491068
1.8502815124011107	0.02399936075803433
-6.075010723097201	0.9999803208463595
-8.378843623520984	0.9999999022052262
-4.569507829076707	0.9993760836655243
-3.054299915641563	0.9841409869009634
-8.626064482436142	0.9999999446528602
4.563299883384309	-2.354280285632547e-38
-7.846517382574816	0.9999996668496819
5.270804871919061	1.8360675480237368e-49
-3.951526282109441	0.9974913698726616
-0.7948884824052094	0.8265273186623359
-2.617043121327689	0.9672124123042919
5.086924615491771	-1.763589433923478e-46
4.837450498451453	1.0871710173159591e-42
-6.446768208358313	0.9999916375947779
6.074986074878609	-2.0478725445465584e-61
5.138846250976666	2.6352364124329015e-47
7.93531664798547	9.893798831137804e-91
-7.48723139913416	0.999999238055892
7.294904504886091	-8.36388546989408e-81
9.157261900899833	-1.3760954237523848e-108
9.38569768496776	-5.650899697916505e-112
7.426018530580297	-1.1630740294634412e-82
-0.44514120813461844	0.7864399755804999
-7.511479410313844	0.999999279431397
-2.0548403319076636	0.9333888986795271
2.7327224497816296	9.88943336315398e-10
0.2068771050599416	0.67786523646834
2.0609943881021042	0.0034910774002492417
-0.10902969387061923	0.7382198504926475
7.970322446088538	-2.1347422717917436e-91
4.051241264386158	-7.909067194778584e-31
-8.640472910134726	0.999999946458969
-8.836340725845822	0.9999999658949189
-6.482107288452319	0.9999922910210897
0.5867081834148316	0.5735111916513097
-7.337072301306398	0.9999989233366559
4.968446908877837	6.711395668544774e-45
3.0184168987154703	1.1161242015468856e-14
-6.756005651125112	0.9999958967815263
4.1934290802112315	-3.842643977270033e-33
2.0002085472025044	0.006608758094510524
7.963792650906637	-1.539651274895873e-90
-6.954515900148288	0.9999974020840015
6.402987602664112	1.2770328589985904e-66
8.28692968402897	2.074188052876824e-95
-1.9033410250037353	0.9224790145159039
-3.3305527387074374	0.9906486879602061
-5.263711470262518	0.9998727886497004
9.179952877188477	2.0752150710343995e-109
5.923548889338086	-5.549487647502287e-60
3.527585681559575	4.660598303975388e-23
-5.472708916687408	0.9999213171208731
0.15197282695877945	0.6898876147945647
4.664503822988063	1.8926335617207178e-40
-9.825332373932149	0.9999999965019376
2.395710788639093	1.7648747778978052e-5
-2.9472296993529223	0.9807999688252919
-8.801272576643111	0.9999999630267784
0.5410597250120261	0.5875810129767607
-8.515765181729375	0.999999928649932
-3.335236600422351	0.9907355967885912
-9.681902263551851	0.9999999951330462
-7.505098218552773	0.9999992687658031
1.9579491005107066	0.009938805202211328
-6.965450712566628	0.999997466676381
0.49423181404816496	0.6024527637278735
-2.331932788092357	0.9515287898891986
8.284063965728524	2.1122180537719642e-95
0.18549812828639212	0.6826382445237824
9.135946977003865	1.473374211166916e-108
-6.710690868829987	0.9999954455474271
8.33895911866232	8.513666632614179e-97
0.8917964251841717	0.4519053112428932
-2.7215258273511767	0.9720597614702122
6.8305706905908465	2.249525691812253e-74
8.644828623915096	3.241713581929473e-101
9.956873774244784	5.991545220514011e-121
4.62042897562133	1.3639844143113355e-39
-6.853116919046056	0.9999967189008714
5.67906480819989	-1.719482662117603e-55
-1.5211462054438165	0.8929347130247179
-9.153324067664016	0.9999999835624991
6.325690460356263	2.658932372890826e-65
-4.027216780710408	0.9978789185736152
2.564462860785838	2.2643889326315256e-7
-5.2665121229003065	0.9998736046385734
-6.697182361788272	0.9999953016683449
-9.237086491567137	0.9999999864458193
6.801856811017242	-1.8597626926024932e-73
-5.194865634742363	0.9998509906087791
-3.2698725639206794	0.9894573973894301
1.2287257217572076	0.27931278622282135
3.1544896779182974	-2.8228824185612086e-18
5.578153729829808	4.875404112420874e-54
-0.7504666569675589	0.8217892898817788
7.725593807013741	-3.7757046985033095e-87
-4.745556657204855	0.9995825777611658
-4.6990476990168295	0.9995357574920057
5.967604283300126	-4.2557823264821127e-60
-8.709465594421836	0.9999999543233637
-4.189100543628923	0.9985231167992346
-2.6644775372612983	0.9694781662118251
1.8016776277781599	0.03366321541861025
4.807700510598906	1.5950385499277187e-42
-0.826727629977988	0.8298757600843781
0.7213131680646168	0.5234874894643877
8.572896057511016	-8.056039513875588e-101
5.756309197294197	-6.196677167700751e-57
-3.2350672955119064	0.9887172050001135
4.223938800327378	3.610856146395274e-33
2.039247001077843	0.004363451446571923
-8.205299530116195	0.9999998541657505
7.4119424051379035	-3.1452882101395655e-82
-3.1492589587457998	0.9867035138735007
-9.759136231687942	0.9999999959259758
-8.821016791044705	0.9999999646700467
6.393206295657826	-1.6672306067956096e-67
-9.844735377378719	0.9999999966547808
-9.603365276574237	0.9999999941683098
-5.510089181824274	0.9999277983387438
-6.83632323003756	0.9999965895471589
-9.718519381659894	0.9999999955265723
6.870126598119725	-6.736929237156731e-74
-2.0524351111727057	0.9332208852667763
-8.766062782710836	0.9999999599043977
9.15018474779999	-1.3250474122053095e-108
1.7979668031929599	0.0344451601648445
-0.2011312374058818	0.7528539453549974
-8.121451731293018	0.9999998231085044
-8.125912172876554	0.9999998249159656
-3.575108048935567	0.9943376720126536
-5.811338949907356	0.9999638956732748
-2.0825318316778096	0.9353091991819096
-7.880729128696644	0.9999996920866532
0.4075937588866161	0.628043217398548
-3.929215555628849	0.9973647087362832
-7.394427661709755	0.9999990565355807
-5.340951214070309	0.9998934787628199
-2.648539045246263	0.9687289413756037
-2.62337232057154	0.9675209766525307
-7.588752862188288	0.999999396881294
4.44702918128629	1.3516848151832057e-37
3.2361390144685345	1.3059832645988416e-18
-9.918602401821142	0.9999999971779896
-2.5932486744839833	0.9660356852998775
2.0293573084741503	0.00485688375299189
-0.018263019199387998	0.7231535450578154
-7.374809101639639	0.9999990129394293
-5.797278009371016	0.9999627083492881
6.197489980109637	2.123454353582702e-65
-3.6746150380467	0.9954154261827851
-9.716196752792051	0.9999999955025841
5.506189553644312	8.889162785341256e-53
-3.2377710316170516	0.9887762427877154
7.2645089844894315	-8.348357504132373e-80
8.994515358144234	-4.0736725733994924e-106
-4.92542064035832	0.999723475501314
-6.2966094860783395	0.9999881841530689
-5.180350189103233	0.9998459391222497
-7.797018886753571	0.9999996266308069
0.7688262113954245	0.5041642840112136
6.682651393931231	-9.189285350345487e-71
-8.85536594998805	0.9999999673567107
3.087522028532007	3.7958057941511125e-16
-2.4548766974930425	0.9586947993575841
3.5874307283146614	-1.0527356523444287e-23
-8.258892118812899	0.9999998710958157
-8.735555792726078	0.9999999569865811
-0.4264193922933046	0.7840334170877947
8.993931982276266	-4.163253672419604e-106
-2.2419547369412873	0.9458854428380431
-3.6539146914337017	0.995208219132291
2.7569862060045693	2.9495284217203855e-10
-1.820376925654891	0.9163720245417106
0.5821555260591573	0.574982566027459
-8.586853046063805	0.9999999394231627
-6.725342487747068	0.9999955966256129
8.506849757793912	6.398403179569418e-99
4.157268604957389	-1.324933238330813e-32
6.485391678945366	6.568111677370617e-68
-8.96268176878451	0.9999999745036443
-8.33659153213317	0.9999998922126734
-0.5025470008589714	0.7936528711845058
6.042499971831582	3.974930904708031e-61
-7.524783384372631	0.9999993011700109
6.603706673143481	-4.077568235125723e-70
8.047674101612692	4.9644097154143064e-92
-4.685456768518752	0.9995211167884511
9.574774586098691	-2.159375171758467e-115
-7.10025044914214	0.9999981426399169
5.4216069073747555	1.6561347351338174e-51
-5.397661513231187	0.9999064981305932
9.83824476341669	-5.122963481910025e-120
9.908740440283736	-3.116361520014202e-120
9.509093386794653	-5.527306004427349e-116
2.0243118363347747	0.00513075326968096
0.5472561863862104	0.5856826929811997
-2.270337122909769	0.9476973511530046
-0.57910380813329	0.8029071198526025
9.843349299140751	7.550954550529303e-120
-7.114871216704501	0.9999982041261325
9.508587489351545	1.5531272255685964e-115
8.096826051658077	-1.9242639289329347e-92
0.9118773719016424	0.442528653891927
-7.60565710321861	0.9999994199054334
1.1249373488623782	0.3333375026402388
6.200331017633751	-3.509547115252143e-64
1.2845593632207084	0.2483103083294615
-7.914661592145613	0.9999997152285564
-9.126093457597415	0.9999999824988568
9.891573761664802	-7.745873962833703e-120
-1.4876937267931822	0.8902237466588597
7.459252662494656	2.7635435864098827e-84
5.35544674889735	-2.2324448928330166e-51
-8.795113685623942	0.9999999624987159
2.633491541092411	2.1820277890746036e-8
6.131363937559755	-1.5119243201075952e-63
-9.279109428228779	0.9999999876958884
0.6254321204715207	0.5599356796192181
9.01298363200079	-4.9305922884281446e-107
1.8643342937497422	0.02164667161541204
1.1864682657863312	0.302524860121154
-1.367373923277885	0.8800813830808805
-3.416729048224325	0.9921391093705312
-0.08755666254090855	0.7346157021086132
-2.3046848432641065	0.9498513942264845
-3.858106555556744	0.9969189096342771
4.743114542436109	1.089759548236131e-41
-5.208237653449448	0.9998554978565138
-9.863032881821443	0.9999999967927924
1.2536495633871816	0.26536612230009327
9.329755731437984	2.6790752179127215e-111
-5.625914526521663	0.9999446848285302
9.492152543776289	8.231729198626188e-114
0.971132183243153	0.41344931331923473
-2.6616011209969592	0.9693438559798365
-8.629983036117807	0.9999999451500022
1.192038986976387	0.29964496898917997
-5.788383690882792	0.9999619372361166
6.28879050451026	-8.228890883939394e-65
-8.293009284480606	0.9999998808346751
-0.9420782105499939	0.8413829446469213
-6.81754935898887	0.9999964388942174
-3.1487598604024125	0.9866909847354717
-9.241881354318476	0.9999999865946425
-2.228874758151984	0.9450414260091939
-0.5213811308677485	0.7959730743317273
0.511893922594254	0.5968830849023355
9.392280196898945	-3.7486254957290403e-112
-0.5379061150846898	0.7979835568854481
-0.48579765482652526	0.7915707700995778
-5.890346775129087	0.9999698980305547
-4.5794307359415365	0.999390035153285
3.3060035293273984	2.0764987575610837e-19
4.106413492291638	-1.0510806429219552e-31
4.861458385928042	-5.93285920764323e-43
7.1248439192026325	-4.731836377731357e-78
-2.645455963236669	0.9685826024044547
-3.662436615264135	0.9952945514563398
2.6429237485919987	1.5389734784842123e-8
-3.15598089268891	0.9868713163164226
-4.8141554153280275	0.9996432068312148
-0.7660147276409077	0.8234581089045213
2.206385561261346	0.0005446234675863852
-6.346534968492916	0.9999894670850598
7.66896066885694	-1.0756414420039107e-86
-1.5354586668621053	0.8940633604554908
-1.9147539213484066	0.9233213650380042
-4.033450278853663	0.9979081251657334
4.532817960344833	6.016094126472143e-38
0.6144611304994143	0.5639198688482012
7.8553652864072205	2.2940042188682034e-89
2.2104705018313844	0.0005107859964973027
7.016341348564389	8.111774418037437e-76
7.094520020411675	1.9157771308426214e-77
0.5524206817276678	0.5841160178305147
-9.917910346683612	0.9999999971734894
3.3028738509897906	1.6067575961965892e-19
1.3547230888048478	0.21005361036384868
-8.070303184454875	0.9999998009989483
5.668688286393682	-1.7784273026949113e-55
2.530190749283676	6.232133834420355e-7
2.3348503274603303	5.379844399268288e-5
1.8893328198827817	0.01787890021563376
-4.400127534963101	0.9990829762536905
4.312741574089859	1.3536713443299625e-34
9.662726691739138	2.808553731883309e-117
3.071513597406735	-1.0828313897003205e-15
-2.0525496236658602	0.9332288889021254
5.0925256777360275	-1.0922687106845269e-46
6.202684165837368	-5.6270326777646015e-64
1.4897207287229097	0.14366546081979212
4.366243577790216	1.0395174436229867e-35
5.04899410447603	8.992111142904866e-47
-9.502226941347693	0.9999999926390687
5.243077478026716	-8.158849433449614e-49
-3.074865154136903	0.9847266820024465
9.374019618983507	-6.115772719300123e-112
-6.769113994476332	0.9999960187707986
0.8257918943841869	0.4796780303698791
-1.9104038314969465	0.9230009038206237
-5.3343337733365015	0.9998918462035409
-1.735518301207195	0.9099204563916903
4.361218008270811	3.9731096477900735e-36
-5.369235557776237	0.9999001839420265
-6.425887444388252	0.9999912257713529
9.055868710038318	2.642163757899119e-107
7.41988837747752	-2.4768804710499566e-82
0.08769234891109257	0.7031396754852719
5.99782217701398	-1.3365345066797613e-60
-1.6792427282577371	0.9055159097534708
-3.7522822931893973	0.9961207909078267
3.204766929252587	-5.963816404040498e-18
9.507519507329775	6.366585334571119e-115
-5.707280246984188	0.999954128072687
1.6563077751797461	0.07324521371294412
7.68074721447794	3.2430473112041935e-86
-2.937157337582006	0.9804595694964765
5.951905441605945	1.5607052663004928e-60
8.160607349788759	-4.0190225645851566e-94
3.6189078668097796	6.107519445790551e-24
-3.8421890449184826	0.9968097095472409
-0.20242307119739067	0.7530522887366685
9.526935179994833	-1.6510214394567888e-114
-4.407705946718261	0.9990986041823162
1.6320932067048943	0.0820120257500228
9.880874218268694	-7.277484495408161e-120
5.955370692284795	-4.116607884361649e-61
2.244624859000602	0.0002927999636439188
-5.031777318604207	0.9997833238832342
9.480900816853293	5.168507542643298e-114
-8.701675054682028	0.9999999534966006
6.163404622526766	-1.3246989850960336e-63
-6.138125176690892	0.9999829818856313
8.836111927358449	4.303667898750854e-104
2.608077529895123	5.357957852134076e-8
7.829560436547837	2.7590947575251145e-88
-9.928660270686764	0.9999999972425906
6.670489184260919	-1.5510434158045907e-70
5.2878512227594	7.99925865212508e-50
-2.484684692066841	0.9603402291610338
-6.4213860513275245	0.9999911343681701
-6.193753566757083	0.999985027378165
7.070108164114718	1.37635448444188e-77
-2.886620491361991	0.9786819988836617
3.7785083755868456	1.3012488383277492e-26
0.5673641999116761	0.5795904038337024
-7.2148817533068454	0.9999985735128735
-6.105753269205674	0.9999816652988398
5.611033765935108	-1.1110259611720496e-54
-8.436280675677853	0.9999999143201386
2.811065600659317	4.8444671031725095e-11
-1.8182227413035292	0.9162126096839858
3.0785119593502674	-3.087197652225408e-16
6.349764875081476	2.695939711050008e-66
-8.638740822154887	0.9999999462450064
-9.804495113502615	0.9999999963300116
7.20095054767809	-6.230806692046234e-79
9.236253011880446	-7.675785337114345e-111
-4.351968084007538	0.9989772416640389
-2.345807738394501	0.9523711015193546
-2.6096096831429616	0.9668476110967136
-7.946413344178902	0.999999735305569
7.885665536314658	-4.095034051703331e-89
9.80380835626675	8.034205771744419e-119
-1.0505193878316135	0.8517686098865286
-9.918941029057908	0.999999997180189
6.324712294805739	2.6735428457212044e-65
-5.298204832498308	0.9998824824299819
-0.43454384857881223	0.785080617582876
0.45039514063162756	0.6157028686924746
1.3354465128326076	0.22042409302628443
2.720850777972853	1.61345329874914e-9
4.886790560431562	-4.702142863886013e-44
-2.7591030767906277	0.9736740143147147
-2.4508607654353787	0.958471387891036
-1.5330236003767794	0.8938722997061266
-9.310815007906697	0.9999999885621417
4.256801612423192	-8.813514130252993e-34
4.88202570830035	-1.8208104199409853e-43
-5.593616992601449	0.9999404185777581
-0.5149735144978163	0.7951867530358201
-6.253092826076636	0.9999869391182155
-5.906047775906917	0.9999709663461026
7.2465772527442915	1.630484367030087e-79
-0.22568611193888977	0.7565895528528884
6.611869170117885	3.028807112213051e-70
7.93336485132005	2.4024322068800767e-90
5.8147129287779755	1.7561114973561067e-57
9.463627004029934	-2.710971644799621e-113
-2.6295427344518663	0.9678199692984968
-9.465515255343888	0.9999999919897797
8.142616904290819	4.866763168747302e-93
-3.1270528035327727	0.9861366352741
-9.38737471768269	0.999999990410746
0.7643228492466925	0.5060358584926475
4.572115860396995	-1.7663609294415793e-38
-1.715986580061756	0.9084003161048722
-6.804368371036933	0.9999963291634479
9.226466728445374	-6.26267245768746e-110
-5.320927688725923	0.9998884618848043
-2.9411461786968784	0.9805949239747861
-4.693790961643449	0.9995301481573281
-6.425107562799646	0.9999912100032085
8.199198109967565	-5.530353690447403e-95
2.2836341448201694	0.000147119689603726
6.608118362299493	2.7336734094618027e-71
-3.148390702352324	0.9866817113273881
7.599589880180343	1.3241755881193892e-85
-8.359259866413744	0.9999998976943875
-2.87672162770924	0.9783201603970448
1.444854000221497	0.16327622768419517
-4.905079449629626	0.9997102795592977
2.5375339761035463	5.026573444375883e-7
0.3056440798910245	0.6553280296288538
1.4060503547108905	0.1829676028696446
-3.8687069327373447	0.9969896497744669
3.8284954292028495	1.1743260825857808e-27
-4.846976311612492	0.9996690343894714
2.297115988847068	0.00011427205296521627
5.138385590269019	2.77688521705818e-47
-7.289507099925965	0.9999987987200006
-9.745435529867414	0.9999999957954044
-3.8617275191378164	0.9969432497025715
8.22524945502439	2.4994414308194537e-94
4.058862728553013	5.453589372001363e-32
9.390023033620317	-4.4705103302603885e-112
-2.3579954637240297	0.9531041587518699
8.702201658542158	-9.629459102020347e-102
-6.972869929011241	0.9999975095844968
-8.72494932295794	0.99999995592317
8.531449250000342	3.595747376680402e-99
1.2427405771183544	0.271426139967375
6.19741722814539	3.2575590806529433e-65
-9.190483400978957	0.9999999849104446
6.420880362702061	8.18724281743091e-67
8.193761819881892	-4.562987002276083e-94
6.712807689004734	3.483558450535444e-71
-5.692476143609166	0.9999525386965118
1.7393909782053907	0.04729210912710264
-9.51243532272044	0.9999999928100745
7.640921037703784	-9.151845597850815e-86
-0.6681961418555904	0.8127457807931275
-3.23383964958853	0.9886903119284671
-7.255455103627821	0.9999987007422297
-2.647320507993891	0.968671158150673
-2.1139250830497147	0.937450733807881
2.3315716766171413	5.7570418063627105e-5
-0.05966440215941837	0.7299110271750854
-3.310189894024975	0.9902625794665981
7.3671403011227135	-6.521554642100588e-82
0.5221571001557024	0.5935734178123564
-2.875320309073115	0.978268572754702
-5.38976671289753	0.9999047855802612
4.306699243166271	1.956634520852792e-34
1.9007260689187966	0.016313684781703617
8.309750332850644	-3.6365683929295004e-96
2.3325018251842664	5.647428542129434e-5
4.094862456723902	-7.825218219443008e-32
-9.34816945243166	0.9999999895048105
3.4426221781443154	-2.4636975494512273e-21
-6.0105947084757405	0.9999771755830108
1.3253525746472583	0.22588869763519756
-1.7374673679226262	0.9100714698698951
-5.3608453984361715	0.9998982401432317
-8.751833035650911	0.9999999585688785
-9.792891844983362	0.9999999962306368
-9.876986905363875	0.999999996894205
-2.7214569370289166	0.9720567399853255
1.9878304242020928	0.00747671098972405
-2.029660332096541	0.9316199307482577
-2.304743125946218	0.9498550129897979
1.4297046170891434	0.17065185562991037
8.056753014716492	1.996142955396012e-92
9.901971474709473	-5.339477222865735e-120
-8.562822302102632	0.9999999359768125
8.231822883619255	1.126284928685699e-94
-5.261475257725561	0.9998721333411547
9.726883486220519	3.221451752881601e-117
5.7646823483371	-9.590732675791463e-57
-5.675912292564709	0.9999506950999537
-4.900652602893447	0.9997073257149387
8.274224232076715	5.603113708659192e-96
1.292165899886001	0.24410393620013682
3.774917368748447	1.672674312886862e-26
-6.590202959779945	0.999993989459689
-8.081543421638182	0.9999998060833188
-2.0426615591705843	0.9325360994382839
-8.632297525018583	0.9999999454415381
-4.150481227431979	0.998389371864359
9.103339116910014	1.3827116172025707e-109
2.8426374337621496	7.511517529587143e-12
1.02500946681368	0.3861010637626955
6.043530076437463	3.4672483244270684e-61
6.944067700855587	7.636418781442882e-75
0.28684877500908	0.6599131285491608
3.219742391702276	8.111188610962772e-19
0.44223518064421263	0.6181007429749871
3.1604024627374017	2.2105823436598366e-17
2.1319376973724857	0.0015750158072065812
-0.2189288975083592	0.7555694605135833
-2.091986460360382	0.9359587320556818
-8.47600827945023	0.9999999218100505
-5.037775198552197	0.9997862851645473
1.161236708483484	0.31488599145854945
-8.711900113917611	0.9999999545786984
8.09374521487808	-2.2827672874528476e-92
-5.642194135450982	0.9999467181309312
6.563822412916895	-1.9096546561614095e-69
-1.237334967149728	0.8688299291744643
5.946456173625773	4.9017869734033426e-60
6.647228464881181	1.7082782233416964e-70
3.339236076135368	2.76477346142081e-20
5.72693691371998	3.9538532838504045e-56
-1.1785286236578187	0.8636719743979204
0.6250018819673144	0.5600929643589918
2.99837586976321	8.408678912098359e-15
1.9636775485022682	0.00942462434233486
-2.0083719119202526	0.930107672390063
-4.971427425640318	0.9997511557266434
-2.5818341953761514	0.9654619828020299
-6.126450231565057	0.999982518326729
-0.17655105654356795	0.7490498843121757
-8.344910087285324	0.9999998942575964
2.648785235158279	1.2350858747069542e-8
6.065237237788406	-2.4112222081145633e-61
2.6166060806449956	3.9999149960072264e-8
8.539526757814752	-2.2415347009287514e-100
-6.68950835419079	0.9999952179177591
7.6452074407633255	-1.294217804600265e-85
5.467332879415835	-3.763356151392288e-52
9.128894842409494	3.857821747883977e-108
-2.2975154527232045	0.9494052968964128
4.008142624425183	6.890638325095482e-30
4.740619150834501	1.431050577989266e-41
-6.379873130468243	0.9999902452518153
-5.2205625413251555	0.9998595316058011
-3.503924786195056	0.993429401687869
-5.4057897745936545	0.9999082291958125
-8.070315435995656	0.9999998010045621
3.6932895845955205	2.9648824540430162e-25
-3.954124381219426	0.9975057341349777
5.066255838505786	-2.7628451609169837e-46
7.447326358791347	7.20920248226017e-83
2.7715796503881265	1.7431734159541594e-10
9.148605006545772	-1.2143902486477016e-108
4.795662143951649	-2.3767960915487263e-42
1.5709606655351607	0.10655562722604613
6.582653294901512	-2.743002485261657e-69
-6.991870164285188	0.9999976161845083
4.962911103177529	2.105045428989947e-45
2.9397307185643218	8.787267758300316e-14
5.119984247345904	6.559269414118818e-47
-0.5956617895380347	0.8048496419581997
-1.5372820376229832	0.8942062652128248
-8.533780114284388	0.9999999315490584
9.656033328818701	2.3075668775162173e-116
-3.431081807216252	0.9923658966594315
6.676084156808994	-1.3615002578508035e-70
-3.7421818982496413	0.9960351831552446
-9.289745672758297	0.9999999879935657
1.5500053566792928	0.11563629976241904
8.548145819791383	-2.07625681772494e-99
9.044499834279875	8.41090337184429e-107
9.432902179597829	7.228585175495413e-113
-2.7989359816000503	0.9753186356750841
-2.2113866242096725	0.9439040900358934
-5.666960652807784	0.999949669151145
-6.575994218500085	0.999993789583575
8.470563163811637	-3.7392337197919284e-98
-5.453969135038026	0.9999178524131997
0.9441624090187553	0.4267367522226095
-2.784056413863789	0.974712040185413
-1.4097963010645351	0.8837051141532305
-7.716428912493956	0.9999995505018543
-9.104152643936235	0.9999999815919711
-5.322878503330024	0.9998889608574363
8.352920422542525	9.770893832922199e-97
8.708231182597245	-4.718835798728508e-102
-2.8829811621633894	0.9785494921823131
4.19317930482309	-4.0192785902629625e-33
-1.8211874149594607	0.9164319111235908
7.30573748200268	2.024139927536308e-80
-9.549753382495716	0.999999993402091
-8.255776428336393	0.9999998701677131
-0.09141063787786763	0.7352719543740922
3.2717431466146643	-1.009381456514928e-18
8.744619465472631	3.119415155378148e-102
9.122925767853491	5.475116725051853e-108
1.89757766347455	0.01673651836329945
-2.732706976368706	0.9725470353486724
1.0706152809133496	0.36239535248452076
3.139204177581675	-1.0874402634773748e-16
-9.131672634391537	0.9999999827222488
5.3994786071218535	-1.0285285020113432e-51
0.5723864319434302	0.5780490735643861
-5.86957269361184	0.9999684239111697
-5.657207364445083	0.9999485270212112
-6.846487599281779	0.9999966684349482
3.382543776281622	-2.396978842439297e-21
-8.637865024303096	0.999999946136495
-3.1258655783860245	0.9861057808812723
3.9254116448924403	1.296900046833328e-28
3.9402014847793687	2.4877531109596375e-29
0.6760405490557595	0.5411474178032755
-4.476974973900192	0.9992298093629878
1.5393244279101381	0.12044865297823823
1.3799467024277732	0.19662535670716835
3.9573231446975363	-3.6211755155732995e-29
-7.224975139701395	0.9999986062825252
3.679515208007409	-3.282953504975817e-25
0.19399636728893555	0.6807614308515906
-5.8664292669049	0.999968194656513
5.30995417667139	-4.405471594161953e-50
-5.633598459142322	0.9999456540270243
-7.5771593034093065	0.9999993805645744
9.583312270862105	-3.1153918992588937e-115
3.4744910942931853	6.404230920135491e-22
-7.023756043164577	0.9999977849275317
-5.631920265703734	0.9999454438101484
-9.362551937554532	0.9999999898466917
3.5707834040051445	-2.670118415764383e-23
-5.166993169650782	0.9998411400715875
6.886824086857878	-6.29687538702497e-74
4.744153343163244	9.357712005846366e-42
3.386557707667892	5.410472615608004e-21
-8.617669764991254	0.9999999435726168
4.013096304369155	4.6990245761056674e-30
7.851237892198441	7.10758382664212e-89
3.4001248435534173	1.3316739487018002e-20
8.713416239918619	-9.737019981798287e-103
8.89617130793102	8.988931160308615e-105
-0.27424352434961996	0.7637523455766899
-7.077612941652598	0.9999980432608333
6.561849743727386	-1.4930881703814245e-69
3.1825722360748543	8.42387260461866e-18
0.8874140567808944	0.4538507459168883
7.042876669600702	-2.002974670510165e-76
0.6283635251670194	0.5588625692478244
-8.719089259931154	0.9999999553243991
9.675959276532847	-1.5878166476185736e-116
1.024977633773334	0.38611740414103135
9.155171469722422	-1.4264329362371186e-108
-6.093157705515346	0.9999811259325522
-3.2966831119927598	0.9899989354007617
-4.370082561658335	0.9990183497784443
-5.164484921648738	0.9998402223867849
7.313698936977879	2.2794436569841092e-80
8.496524791037231	-8.053752772204167e-99
-9.318231327439271	0.9999999887558056
4.147401175309241	2.162411429246226e-33
8.425136107288054	1.5747952841839693e-97
4.450966304382131	-7.603121363473339e-38
3.8610525829052236	-6.5912200703173115e-28
6.709204890145134	3.641781865527412e-71
4.729435743188738	1.7198075988830372e-41
4.881395909769694	-2.0132832053797364e-43
6.345225754797056	7.942034653129498e-66
-2.6074271898399015	0.9667400150630671
-4.679680736799572	0.9995147567243162
-0.6855649400380912	0.8146770433471475
-7.860943847315807	0.9999996777346418
7.541903677191289	6.988471161705815e-84
-1.0654752846133029	0.853186683371795
3.1933518237020095	-5.827197707898977e-18
3.12122318367091	-9.769249067420621e-18
-7.783388621352314	0.9999996147269836
-5.042557262837368	0.9997886172509488
-1.6614214592295085	0.9041074793487748
7.607341539136495	5.271830101027777e-85
-6.369794550112333	0.9999900162700158
-8.641963923828605	0.9999999466424695
-7.881415852013145	0.9999996925731421
-6.337947087424318	0.9999892567655988
-5.825893684890948	0.999965084915763
2.435345911165525	7.406215052462364e-6
-1.7759328372850813	0.9130268117861682
4.974883244763287	7.81070744667856e-45
6.161572075712215	-2.6831805762484207e-63
7.465144875447578	-2.4862743681525264e-83
-8.9562534679294	0.9999999741234471
-7.720460037315786	0.999999554654774
5.753331688374104	-3.4882050473470554e-57
7.4964296995322	-2.68930092355376e-83
5.230242495968511	-3.2799377830753896e-49
3.319653292038609	2.3185952333601447e-19
7.461656754956344	-1.0015057245071271e-83
7.032893648943563	3.3837548939462813e-77
-3.921151850927651	0.9973174400434667
-3.580002199869625	0.9943957027888245
7.157430691131125	2.937903500884824e-79
3.944469371354886	-9.43825087328188e-31
-8.662149809603342	0.9999999490657522
5.985308459584356	-3.6642851477272787e-60
-4.843685985565429	0.9996665312912125
7.286343343423837	-5.045900386973519e-80
3.2264917996591755	1.8460868260152617e-18
-1.7822542685108935	0.9135082543348128
7.1006975550163	5.002716298374905e-80
-3.0869862643890578	0.9850639558065627
-3.4825859173912432	0.9931325328606503
6.898534545971707	-2.900778759240877e-74
3.484523919608474	1.6452847800441774e-22
3.386390044821148	5.143908449483022e-21
-5.121530334967406	0.9998236600908895
2.2513953861083458	0.00026107943113584344
-8.788308329933097	0.999999961906456
8.580321774240169	4.388615093299205e-100
-2.9194924016501655	0.979851443971843
2.5545135099683094	3.0644414662025797e-7
2.497856079648667	1.5700242432795998e-6
-2.827122501268069	0.9764389483447036
-1.6804602044226726	0.9056118856680601
-2.479031103001792	0.9600296439577208
6.1914968558480865	1.1723898427231126e-63
0.6768995003370151	0.5408202578694843
7.329997117860977	5.363495551749782e-81
6.208398317936904	-7.757829981637199e-64
-1.5448124303392206	0.8947956378852506
-0.23814983765624298	0.7584531263425314
-4.414215450403063	0.9991118182131838
8.616084419734449	-1.2837611810627822e-100
5.774831220284362	-7.77619093543089e-57
-3.502580505667887	0.9934110466841514
5.47362180005714	-3.1040066578669324e-52
-4.019368290655607	0.9978415845462815
4.5893136743992535	1.2628663837043448e-39
-7.0109419295591335	0.9999977185990763
0.11154849918968424	0.6983079908816681
-7.762602335702655	0.9999995958386588
4.452431936027704	-1.4146301845053315e-37
-8.12676848977726	0.9999998252608429
-3.8399438087334214	0.996794013669112
-3.8138386745563446	0.9966060593463258
7.772274567043045	-1.0470773589782975e-87
-2.664611465786364	0.9694844101594274
1.519757081072374	0.1296285043862318
8.532395699267632	3.0890138147288547e-99
-6.949155958188351	0.9999973698234583
-7.098523609074943	0.999998135240228
6.531958876255999	2.770528852701017e-69
-8.82513523213122	0.9999999650035
8.093993672827878	-2.2553222014984188e-92
4.708741836633346	-6.622859496702638e-41
9.286621436901925	-1.251391299341181e-110
2.2725057701357443	0.0001802308864429296
3.3005097813038997	1.1206527822476428e-19
2.840996032709061	7.951590398688655e-12
3.297903874060882	4.417482882931951e-20
1.5297101517625222	0.12491273250075009
-3.9774266568175065	0.9976310822817578
-6.2031569926372665	0.9999853480044419
5.888236478298424	6.5275230990692185e-59
-9.995444474931414	0.9999999973678381
3.1889046811209987	-1.9735281764422165e-18
3.58602374552337	-1.2181988593135093e-23
3.0540594900688447	-1.901783023366511e-15
2.699102740033389	3.0156762571331375e-9
-3.433689597799998	0.9924064729507911
5.109443186861334	4.366055095520676e-47
-4.917594694757881	0.9997184709143219
-7.997712690257579	0.9999997647954937
9.428829058841728	1.062449849637267e-112
3.459153121191063	3.534768574229378e-22
-5.4049139848743755	0.9999080442292274
5.964398407581623	-3.678023923961721e-60
1.5080591906660423	0.1351908230902866
-4.345675974370078	0.9989625701931175
0.023630067609285987	0.7155555463530976
0.9606223612921472	0.4186507602394591
-8.521650564838549	0.9999999296103181
-6.35189752972694	0.9999895963229013
-6.904893893822361	0.9999970876405173
-5.406475635886063	0.9999083737900449
0.9073409901838136	0.4447002532617813
4.829292446473552	2.0177070864217136e-42
0.3226239159170099	0.6509781251429965
-6.484985433558137	0.9999923419346133
-5.915458772325839	0.9999715884317445
-6.273338521218883	0.9999875338876032
2.077359631276252	0.0029767000496376114
0.1228648921233102	0.6959837086946696
-4.1122786864505345	0.9982454963695873
-4.3964819922768905	0.9990753637992373
0.09105966823354095	0.7024639905688017
-2.87171354133835	0.978135377653013
-4.785121219078987	0.9996186945546129
3.313020385907887	2.5133176485346985e-19
7.118745699285579	-9.881124123934442e-78
8.98753731332745	-4.864108207146467e-106
-8.90089030225031	0.9999999706052661
-1.2344527284610152	0.8685864588571426
-0.274857085432231	0.7638416022344583
1.955354287537748	0.01017845092229189
9.342951439738965	2.395212667910844e-111
4.84636633961221	9.023235347523908e-44
-0.32891993402743935	0.7713240387995363
-1.1305549771325651	0.859281572489081
4.554670753604228	-1.9127078483520483e-38
-9.205582965323389	0.9999999854260649
-4.170207308029239	0.9984590982123958
7.513305930900145	3.1041080598474834e-84
9.027697825251607	1.0255861415727866e-106
-1.6744329935668123	0.9051364588984809
-1.313263071117575	0.8754029638069052
-8.677167635659057	0.9999999507969523
9.154300124984005	-1.4328101232263403e-108
5.81872400347299	1.2937075880565698e-57
-2.9878391985954034	0.98212625108825
-8.834168192367393	0.9999999657238823
-9.311657826795908	0.9999999885843176
-2.0677268154802464	0.9342857105918362
-7.216334253879748	0.9999985782756874
-0.8920170134424588	0.8365692431246131
5.627608537382027	1.1589190197189448e-55
-5.360641409433464	0.9998981924161158
-5.217437015982069	0.9998585194264883
-1.2171690540592106	0.8671101082266602
4.283827303415171	-1.1054093736552908e-34
0.09254189629718468	0.702165843402898
-9.042833116341015	0.9999999788004429
3.657346862583722	-1.4541801457665806e-24
-7.884448916511002	0.999999694712648
8.33548236556426	1.7437500374499438e-97
-6.239411927733616	0.9999865212275394
4.123783598289696	1.6891620008225733e-32
6.8443956280712435	1.1775768269314467e-73
4.645918627021498	-1.0578821851749765e-39
9.79844897469853	1.5575286477400234e-118
-7.304724330533379	0.999998840081801
-6.6896953691028616	0.9999952199763822
5.072953022310486	-2.869122102743856e-46
-1.9126960744655754	0.923169853137457
-9.453496735659904	0.9999999917650119
4.117725658732837	-1.8527690715018072e-32
-1.44697081350051	0.8868426417946813
-7.540895695477685	0.9999993266211138
-9.173791502850314	0.9999999843191961
-2.958952530860728	0.9811903795597795
4.696100393235007	-4.3004313588011234e-41
-1.806280197966604	0.9153228697927802
-8.59232677642849	0.9999999401818674
8.070512283085755	-2.250345104675921e-92
-6.24877047778253	0.9999868085081997
2.2076337973843607	0.0005340898974468737
-8.830904981516277	0.9999999654653671
1.481370823631245	0.14733501144970254
-4.474422850642732	0.9992253280429061
-5.330042386784268	0.999890774166992
-6.420722683793518	0.9999911208178768
-0.7299338591510018	0.8195672635229213
5.230555565546545	-3.605726715383598e-49
-0.9680546409482993	0.843813823150148
5.616978940825771	-6.940387011447245e-55
-8.859752828394667	0.9999999676847863
-8.4684117375595	0.9999999204303504
-1.5215591922344984	0.8929675225506091
-4.614399903404154	0.9994367842897812
9.015120302986766	-1.3895870280911643e-107
-2.0054494110268273	0.9298990341075906
-1.3282819903432106	0.8767070998771183
7.248464237727955	1.2527846049088e-79
8.633448015785277	-1.8042551382653557e-101
6.350561736037314	1.8698383426694544e-66
-2.6466014613179922	0.9686370272257314
8.2911988695429	1.751522536222772e-95
-6.1792903794232545	0.9999845204828504
-4.487657267822502	0.9992482905216035
-9.101693081437547	0.9999999814874244
6.720773111068084	2.2943065823743896e-71
-5.662317963724601	0.9999491286765028
-6.615761039452082	0.999994332939985
-7.088757915138126	0.9999980928348758
3.134851083144735	-1.2247293652564647e-16
2.863999770235136	4.640355611323421e-12
-6.5681453482006535	0.9999936763363309
8.295797265547492	1.1810456810380623e-95
-1.132677836289302	0.8594779623816275
-6.916643345304818	0.9999971653721409
-5.3485274877566935	0.9998953176957082
-8.840533426898244	0.9999999662225865
-1.955891965659955	0.9263288875632383
