-9.107165874533756	0.9999999878291267
1.1352089455718541	0.9633610845829698
-4.095974619684384	0.9988087902227167
-3.056700225801796	0.9908170466492343
-5.510218901747961	0.9999519767721985
-1.4879520911069744	0.9660289723693767
-7.5482793585305386	0.9999995592415227
-5.949744708359455	0.9999825238584323
4.312434127558893	0.9633611278797951
4.545345525838748	0.9633611278586973
-5.206049118973208	0.9999034406853615
4.37762528334642	0.9633611278799972
-8.73486609492089	0.9999999713172345
3.3106989119110395	0.9633611281430418
-4.695743872322433	0.9996899359249739
9.801568748151883	0.9633611278375381
0.31948408932995775	0.963361121979757
3.111369991220144	0.9633611285087869
-0.21166715773915712	0.9633613024365104
-8.549410734274666	0.9999999560381296
-3.8678249435518985	0.998046862020438
-4.975247255918078	0.999836149381921
-8.728578092686302	0.9999999708989293
7.780868937220649	0.9633611278375555
-7.825216984080541	0.9999997670479303
4.881885256868536	0.9633611278482439
4.227579272499934	0.9633611278767926
4.365130589013756	0.9633611278799478
1.279540664658514	0.9633611090561244
1.612520000888079	0.9633610845213421
9.797701375687712	0.9633611278375379
-2.356385494856439	0.9781860073632086
9.086918213044967	0.9633611278375381
-9.184071428998317	0.9999999898043194
-3.204410029246696	0.9928213081452721
4.480639728544897	0.9633611278669917
-2.921085762265241	0.9886986545228923
-0.49898279866777173	0.9633686930028047
2.362858363330819	0.9633611322174319
7.692398886855969	0.9633611278375586
-7.620393519059516	0.9999996266744222
-4.041283974809362	0.9986571469150798
6.9952235792028326	0.963361127837622
-0.15919500595225955	0.9633612303327037
2.715886744905273	0.9633611290558614
6.325917411939418	0.9633611278378402
1.9009197801511224	0.9633611385740208
5.622550826232281	0.9633611278401962
9.813946967057685	0.9633611278375381
6.497105820537691	0.9633611278378726
1.5257917222629622	0.9633610835730491
7.348778837661424	0.9633611278375798
3.745893521588739	0.9633611280065384
6.869877984742093	0.963361127837691
-3.3255037311189106	0.9942158804557433
0.26011037041143936	0.9633611431918234
-1.3578697626309566	0.9651250446952646
3.10878249645822	0.963361128508294
-8.358339790166426	0.9999999317430804
0.5382746022057958	0.9633611209318043
4.696012885882443	0.9633611278587393
6.130642919592873	0.9633611278382063
-4.079960967260221	0.9987661631229975
3.250091473204204	0.9633611284920228
-5.723731333449074	0.9999706061791721
6.37133539021422	0.9633611278378797
6.414524215244523	0.9633611278378711
-2.934072498988094	0.9889125061811413
-2.192700173621538	0.9751635196839581
-8.427622145236553	0.9999999418078476
-3.2169316529762737	0.99297593497808
-2.0504261245491673	0.9727764463558531
-2.3873651366353554	0.9787756247166937
-6.702115896268084	0.999996907432801
0.36409976736653604	0.9633611215411877
-6.876378069007649	0.9999979295047443
7.6570983031521465	0.9633611278375587
-1.5503259246654153	0.9665319150904583
7.11674811794267	0.9633611278376213
-9.090189625240463	0.9999999873439603
-3.232789303554169	0.9931682971487579
-1.576704400284136	0.9667624863658055
1.0753016693338644	0.963361085020326
5.391673273180423	0.9633611278407592
-8.187547051244763	0.9999998988563196
-8.587358758065676	0.9999999597164067
1.9111830042580369	0.963361138424703
5.95832028492811	0.9633611278388466
2.892857218596463	0.963361129176413
-4.931431952745942	0.9998188791360957
-9.120208097479537	0.9999999881891947
5.354407437778562	0.9633611278428132
-5.399876126564229	0.999938118901028
-9.301364465985289	0.9999999922174247
5.41600478048597	0.9633611278399637
8.7549386822838	0.9633611278375391
-3.3368110799841366	0.994334733846707
4.078756828273228	0.9633611279223151
-7.244963500156714	0.999999113846426
6.803730389676268	0.9633611278377054
-9.605965419502379	0.9999999961405763
7.006652986926973	0.9633611278376214
2.3740353918087553	0.9633611315151522
6.575659673192284	0.9633611278378188
2.4902259047968798	0.9633611305079839
2.9457806887605145	0.9633611291702997
-0.1794559386532626	0.9633612504202428
0.8274755149244406	0.9633611050410762
5.5637342178726925	0.9633611278402046
-6.288413129282935	0.9999919843616355
4.013212402768529	0.9633611279219503
-8.446259548863795	0.9999999442522771
-4.692728949628746	0.9996878022095977
8.438675986405144	0.9633611278375399
-7.386794893778119	0.9999993607336642
-2.3709495163074568	0.9784627823919801
5.030454843637951	0.9633611278482844
-3.945784665493819	0.99834768890781
1.6572866576398582	0.9633610844453867
-9.92864326599915	0.999999998164113
0.6610806549149739	0.9633611044232214
3.1320912237232967	0.9633611285108716
-2.756552130335086	0.985821123189523
-2.8250764775328996	0.9870540808561794
5.7250573419573225	0.9633611278387468
1.131460515217558	0.9633610842123994
-7.676741467309016	0.9999996721006434
2.9255258406702254	0.9633611291991943
4.459212062797523	0.9633611278770973
-1.2633706997887817	0.9646142779773896
-4.8908454450097905	0.9998012741630583
4.748222415987398	0.9633611278589531
9.26432152085427	0.9633611278375387
-9.492820336292338	0.9999999949919625
-0.7228454153296191	0.9634242501157676
6.258271480012127	0.963361127838197
-9.066187349092779	0.9999999866248114
5.443225365933561	0.9633611278401402
0.39235112285822105	0.9633611212296075
1.5217824449317696	0.9633610831728969
8.055666720079742	0.9633611278375487
-1.5039026439362146	0.9661549973527064
-8.975125609498441	0.999999983504642
-7.347877026975138	0.9999993008043816
-9.370612373864393	0.9999999933644765
-3.2862616288659074	0.9937884541242619
2.125375403556241	0.9633611328965686
2.940178684700987	0.963361129198828
4.200837267468028	0.9633611278792851
-2.682113194533904	0.9844419647988103
3.061969852297457	0.9633611285241444
-8.660994756919687	0.9999999659989522
-3.9776122617134035	0.9984575921879137
-2.258963880484237	0.9763619866702667
-9.395328490875023	0.9999999937315618
-0.8365798602399543	0.9635078094307041
6.82002285173445	0.9633611278377044
-0.8906881718329895	0.9635694220377434
-6.998512386838929	0.9999984370370508
9.920479089462052	0.9633611278375377
8.604243115722753	0.9633611278375401
-5.757140662333189	0.9999727802913125
8.989933706887761	0.963361127837539
5.841317973557416	0.9633611278388746
8.313414838567226	0.963361127837543
-6.347359786919702	0.9999930014410487
-1.7630490179880134	0.9687410163472223
-3.2734457402121686	0.9936438053170827
0.47971178262771197	0.9633611212473846
1.1490476197086252	0.963361088653187
3.73321447238955	0.9633611280066399
-0.5936117359889472	0.9633818284621043
9.691600717427328	0.963361127837538
-1.6653500045207146	0.9676375207767501
-1.8683513315925726	0.9700627163496288
8.601183542209505	0.9633611278375402
-3.1123617765457334	0.9916108951282233
-4.592869878369505	0.9996083242613057
5.685705686148186	0.9633611278393608
-7.500245908287768	0.9999995076960568
9.72127387750103	0.9633611278375376
6.751777554659071	0.9633611278377053
5.214036262560807	0.963361127842844
-8.468617162593311	0.9999999470495966
-9.269699478293179	0.9999999916287903
9.460779898828811	0.9633611278375378
5.376911158983685	0.9633611278416714
-0.9010277912425657	0.9635829797658169
-0.6155798394614909	0.9633865086887281
-6.298747446030921	0.9999921727903387
-6.801786129068548	0.9999975415599076
0.6577538693795582	0.9633611044590313
3.625462478182211	0.9633611279939759
8.153754051942528	0.963361127837543
2.2240088810219625	0.9633611331727214
-8.296742561236993	0.999999921341856
7.149743420569887	0.9633611278376235
0.44526640284558106	0.9633611212647507
8.757385611362253	0.9633611278375389
-4.139196562055445	0.9989169431341589
3.5780992968881176	0.9633611280697133
9.02053620150587	0.9633611278375382
-5.479383599487768	0.9999484502561988
3.4042222319567816	0.963361128173291
-5.649945483172694	0.9999651703270726
-4.6133937135568726	0.99962614053754
-0.23696141580896501	0.963361367624392
9.285456536124421	0.9633611278375386
-0.6031304442944361	0.9633837891819929
1.5314963900900036	0.9633610841431802
-2.544233133093483	0.9817958957732403
0.9814733222731462	0.9633610850230575
-1.812827790178936	0.9693529204492237
-7.31798925303814	0.999999250993427
7.386446034018341	0.9633611278375798
5.03552059490489	0.9633611278483624
-7.100290925971193	0.9999987635526837
9.248807568217764	0.9633611278375384
-7.02338651408692	0.9999985240352869
7.804843092751913	0.9633611278375498
-9.37264362379327	0.9999999933954394
-7.633183956112344	0.999999637508812
3.3678745092915072	0.9633611281803878
6.653073503964105	0.9633611278377053
7.346764195647392	0.9633611278375798
-6.048154939445909	0.9999860653706567
-9.039858869610896	0.999999985788869
-9.989357385265919	0.9999999982475718
-5.6067350512846925	0.99996153215199
6.489870034954258	0.9633611278378732
9.086923183941625	0.9633611278375382
-1.7416844450224112	0.968488044313641
-4.11788196583474	0.9988648369452294
-9.027726916263221	0.9999999853862899
1.746112800573055	0.9633610883411864
-2.3618947778149657	0.9782906155438124
-8.501506822119334	0.9999999509114701
-8.318325063780883	0.999999925155257
-2.064845983150483	0.9730096851954554
6.141965429582285	0.9633611278382067
2.1874304538186173	0.9633611331473169
4.399638316993379	0.9633611278797827
9.496053515590205	0.963361127837538
-9.164597415601431	0.9999999893367351
1.2150666364333027	0.9633611106509117
-1.9933333407450569	0.9718758963160095
4.384187621414197	0.9633611278799915
-8.176931362450311	0.9999998963535991
-5.466454941452588	0.9999468958457436
6.9644140928041445	0.9633611278376235
2.0382426374294873	0.963361138470805
2.797930935762455	0.9633611291733666
-9.67501809523485	0.9999999967079266
7.370628548604756	0.9633611278375798
7.49503177493996	0.9633611278375651
-8.90607720221476	0.9999999806620642
-5.290932998687152	0.9999205303118743
3.8289640989510865	0.9633611280089985
-5.878933833505688	0.9999794314443302
-1.7024562802650056	0.9680397697473292
6.461032448667758	0.9633611278378725
9.917043796019378	0.9633611278375376
-9.637353559489767	0.9999999964096705
0.6432550413151503	0.9633611045115585
-3.799569259001334	0.99774275582136
-0.3774728486631105	0.9633627194628996
3.0714349618443926	0.963361128518235
8.135412557996105	0.9633611278375427
0.6677524221672684	0.9633611043458148
1.3610415610429616	0.9633611090836659
6.315166326418087	0.9633611278378477
-0.11772813544775218	0.9633612068233806
-0.5095656234364654	0.9633696703859322
-0.35659517065949586	0.9633623191578902
0.10753081318386926	0.9633611561124406
8.612062798221864	0.9633611278375402
1.225589915813302	0.9633611098097772
9.425300054514068	0.9633611278375379
0.7548779587997068	0.9633611043131008
-5.6799368172378095	0.9999674914542606
-6.1481159200955116	0.9999889290895054
9.934837004848823	0.9633611278375377
-4.2874226237055435	0.9992207139832994
-3.064951781515539	0.9909374900509004
-7.45393480331336	0.9999994522990447
8.101372122781882	0.9633611278375439
-7.0448693263768325	0.9999985952650382
-8.282770715613506	0.9999999187701716
-5.810901936948869	0.9999759466043082
-8.431992413663917	0.9999999423904881
-4.052496554776326	0.9986896574033771
8.016935821250687	0.9633611278375485
-4.680440843368423	0.999678954632309
0.6321735299550735	0.9633611043322091
-5.020924956333785	0.99985241305795
0.3109409107437209	0.9633611222260884
6.337032719625611	0.9633611278378507
-6.225906368921197	0.9999907439920512
-5.498585437802381	0.9999506755018681
2.090199156316025	0.9633611333390776
-5.591439587923621	0.9999601553633986
-6.98770255760317	0.999998397648548
8.480413837566697	0.9633611278375402
3.1293720676792702	0.9633611285108712
3.0463249720981356	0.9633611285190139
-7.911469348680207	0.9999998090080613
-0.30015228274194783	0.9633617035880057
7.812714958508927	0.9633611278375483
7.791588688966947	0.9633611278375528
9.731599851904605	0.9633611278375376
-5.380865404477726	0.9999353569652815
-8.875181943168604	0.9999999792362707
1.6726422809572927	0.9633610843450932
-5.250278707752778	0.9999127584484852
7.870540336347126	0.9633611278375486
2.5847660528172067	0.9633611305206906
-5.076807842425759	0.9998701423462871
-2.9589324831152064	0.9893155930209331
7.975136885541325	0.9633611278375486
7.290634842018662	0.9633611278375804
-0.3585570416583206	0.963362351152277
9.417721816686875	0.9633611278375381
-4.434098409728882	0.9994392208392475
-6.935145965835954	0.9999981915317439
1.7787007999758018	0.9633611260867085
-2.0444377775995104	0.9726802431231162
0.1444345536364633	0.9633611558191518
3.878760686535987	0.9633611279545844
-1.0749642120041702	0.9639247739012964
6.131025793292935	0.9633611278382059
-7.487326013935642	0.9999994928307157
-3.257232490548838	0.9934572201854092
8.624680228877484	0.9633611278375401
5.420028330936413	0.9633611278399467
-8.727432009696127	0.9999999708220323
-6.056362209898678	0.9999863260975952
-3.7241871045479202	0.99735727495714
9.369513203086626	0.9633611278375378
-5.4064411869351225	0.999939045089423
3.2584601358287824	0.9633611284440677
-0.8567148157383997	0.9635288111453093
6.403410109344819	0.9633611278378708
-7.094624766802244	0.9999987473160945
4.285344534973916	0.9633611278799786
5.215289623103448	0.963361127842846
6.295587868823738	0.963361127837936
9.763589295388996	0.9633611278375376
-5.2758210929253435	0.999917725422967
-1.7883419030868897	0.9690486091087426
0.3182549754853081	0.9633611219890948
-8.588365358261289	0.9999999598096672
1.5823336166413249	0.963361084466907
-8.69839848467048	0.9999999688047387
-1.116732890060824	0.964047977603889
-4.675474179863208	0.9996753087129178
8.388052651667657	0.9633611278375418
0.9950479616269359	0.9633610850042238
-2.595182492192034	0.9827823856732053
-9.45075030751874	0.9999999944825602
-3.3025151548102327	0.9939683132270885
3.2782517834330562	0.9633611282915329
1.429481550201217	0.9633611100313464
-4.211511789231559	0.9990771720668772
-1.550579755502671	0.9665340480695559
4.644337141169469	0.9633611278587798
-3.3876143825089855	0.9948454962864479
4.199936772946838	0.9633611278797337
-0.7281711507728481	0.9634270163863611
0.16155031122890762	0.9633611558476579
7.136302755258683	0.9633611278376223
8.226040542747075	0.9633611278375429
-7.401572715070679	0.9999993821196985
-3.680398934059146	0.9971071441044401
-5.027779844855296	0.9998547111603258
3.1762271005697116	0.9633611285114401
-7.062579272990832	0.9999986513931
-4.736984081078108	0.9997177156317655
3.496732831683783	0.9633611281735796
-8.121429113222174	0.9999998822241117
-8.139650739106617	0.9999998870633342
-9.977325283413144	0.9999999982475718
-8.834036872994595	0.9999999771729198
-2.076971561578449	0.973207566602741
-2.7246424057309326	0.985235781890611
-3.334123651150165	0.9943066590963282
-0.29370498725776883	0.9633616547558068
-2.00329884437096	0.9720301364289448
-6.574479682807448	0.9999958510589664
-2.0861736829400357	0.9733587848711672
0.23439042126317844	0.9633611557899887
7.50417529161799	0.9633611278375608
-3.9928963897755	0.9985078960628616
-0.16278696942668347	0.9633612333512932
-9.120802933085956	0.9999999882053604
-5.307755552791353	0.9999235407035109
-1.4045953011864931	0.9654227460445349
5.051867982665694	0.963361127848153
0.5125712559832785	0.9633611214639959
-9.02041521446483	0.9999999851381745
8.77871376471257	0.9633611278375391
4.0649506232107555	0.9633611279222191
5.886990377690019	0.9633611278388754
-0.7304078268489214	0.9634282072651109
-8.398634883270608	0.9999999377912174
2.204967612598363	0.9633611331525813
8.17622513559277	0.9633611278375431
7.294897212853307	0.9633611278375803
5.916310551863617	0.9633611278388647
-7.032174746280253	0.9999985536006215
-1.229961369479664	0.9644686827114286
-2.730004891246822	0.9853347412498649
3.079757891049155	0.9633611285120333
-3.346069217049461	0.9944306285398244
6.370165691380038	0.9633611278378802
-1.1297591976760568	0.9640900209068237
8.527313346050263	0.96336112783754
-9.599537859762073	0.9999999960830319
-8.870053766366208	0.9999999789896384
-6.5273356797872495	0.9999953754103051
-3.3733759433574173	0.9947061290758997
-6.316424933529077	0.9999924849007493
-2.6783316641702726	0.9843707060295743
4.049457643507811	0.9633611279221818
-0.7535740549957115	0.9634415920018815
-7.249385060376521	0.9999991228224356
-1.3365132745548856	0.9649990779589237
-7.917684920387709	0.9999998117220337
9.137771094495196	0.9633611278375385
-7.2324817125756224	0.9999990880093711
-7.806024094233206	0.9999997565222284
-8.449058057327044	0.9999999446103534
-5.336348732917191	0.9999283988727454
-0.6727693122969782	0.9634024615967653
2.8102757440929693	0.9633611291769655
-3.6490592969030855	0.9969154672854015
2.088553016066399	0.9633611334692017
-4.622655402700442	0.9996339166263283
-5.707422509418989	0.9999694827300966
-3.1632629219203956	0.9922962436938583
7.696420499705006	0.9633611278375586
6.3687919460803	0.96336112783788
-9.72263955461042	0.9999999970498212
-2.4872670173188105	0.9806885949469902
7.202929233881807	0.9633611278375843
-0.32871807993899793	0.9633619597974393
-5.05708355467493	0.9998641406802228
3.105231381118397	0.9633611285076759
-9.917542681749797	0.999999998116585
5.764802287918588	0.9633611278389029
0.8492485938151972	0.9633611010931755
6.127567412766808	0.9633611278382056
8.32376728748411	0.9633611278375428
5.704477341692332	0.9633611278388773
6.187081006699042	0.9633611278382073
1.5188393830769833	0.9633610829066614
-8.434719389451079	0.9999999427510865
5.47189265415982	0.9633611278402562
1.5653112413708428	0.9633610848391344
-6.834114471090249	0.9999977179021365
-8.615694461388745	0.9999999622608127
-0.27673905412527233	0.9633615422750781
-5.878539000902285	0.9999794127512439
7.021179730342311	0.9633611278376216
-7.685756474475642	0.9999996788368782
-6.145794315730941	0.9999888697751582
-9.640853048475178	0.9999999964384845
5.732325692441105	0.9633611278387724
-7.85823855000118	0.9999997841037221
-2.551070872613601	0.9819286001900887
-8.305663170843737	0.9999999229410453
-3.3180608568660386	0.9941365994343275
-6.161629449080537	0.9999892681262759
9.727015941872502	0.9633611278375376
3.376893345146396	0.9633611281770298
-8.908080352758114	0.9999999807510532
-5.510601758744635	0.9999520190095817
-9.1974877001816	0.9999999901144705
-1.1332109046279335	0.9641014416007575
-6.115166270260732	0.9999880568703005
3.373782428665063	0.9633611281782308
0.3998887701734901	0.9633611212437596
-9.584910773972602	0.999999995948862
1.1058520648440862	0.9633610852660219
-9.463873347183863	0.9999999946467865
0.38272024544046346	0.963361121251975
0.3230431339751547	0.9633611219843654
-1.7614109279246968	0.968721399196658
0.8172453345431929	0.963361104734502
-3.2678590848890154	0.9935799669330811
2.198785981366349	0.9633611331454139
0.37073915320389617	0.9633611213966078
7.739718241078386	0.9633611278375593
-2.3702715277703934	0.9784498809476577
5.015085411444291	0.9633611278481075
6.165636031773264	0.9633611278382063
-1.4984568413918797	0.9661117233467685
9.559726630501846	0.9633611278375378
3.2929295705698003	0.9633611281917098
7.615535600734141	0.9633611278375585
-2.369326909894398	0.9784319085395737
-2.4740361414517587	0.9804320345931896
-7.293831422839734	0.9999992081503067
-7.73119392965516	0.9999997107397821
-9.83218475370402	0.9999999977075331
7.373610369585112	0.9633611278375797
0.18728654108147502	0.9633611554651873
-8.538242277251786	0.9999999548929355
-2.8901323475576746	0.9881803174254378
-8.348118981538493	0.9999999301176598
-0.8074240156292234	0.9634809684167985
0.2743995380133022	0.9633611339013908
5.0575656722669	0.963361127847783
-7.062333825320493	0.99999865063074
3.025905871029636	0.9633611284672177
-9.178252626657724	0.9999999896667959
-0.12596580796191859	0.963361210235333
-4.475588527318797	0.9994893027524818
5.961876155021514	0.9633611278388123
7.711627616117958	0.9633611278375587
7.322958472218662	0.9633611278375799
6.0264153301545065	0.9633611278381433
9.906206824763974	0.9633611278375377
8.298334378494545	0.9633611278375432
5.053494316163691	0.9633611278480647
6.286427119679448	0.9633611278380052
-2.5969721678413116	0.9828169142742392
6.156743420388171	0.9633611278382063
-9.112239021324609	0.999999987970472
9.650542241763809	0.9633611278375381
6.003077723943115	0.9633611278382307
-1.7548573866329598	0.9686432867773476
-4.026675963736923	0.9986136446488367
-9.978131486838379	0.9999999982475718
5.198831700777461	0.9633611278428389
-2.800751337189573	0.9866210696634734
5.937143232240443	0.9633611278388948
8.18452806340882	0.9633611278375432
-5.0949737714718335	0.9998754361765467
2.3721390447318527	0.9633611316342154
9.568312861050195	0.963361127837538
-2.440725724252917	0.9797936615056559
-0.010264108382731507	0.9633611665337433
-7.338726254212382	0.9999992859161894
-1.4510152870776505	0.9657488368357736
9.485599047281088	0.9633611278375379
9.126300593747484	0.9633611278375385
9.075960398613617	0.9633611278375384
9.933454134379957	0.9633611278375376
1.646700677106697	0.9633610845755074
6.29597434074503	0.9633611278379334
-1.4424262197704874	0.9656863608034926
1.086239902700612	0.963361085198552
-0.5991736156537684	0.9633829609579744
-2.506319150437042	0.9810594097119394
7.438873642843479	0.9633611278375804
4.587578611281767	0.963361127858771
-8.969306995485177	0.9999999832821516
8.566524714375518	0.9633611278375402
2.926955804962237	0.9633611292019294
-8.52153514743021	0.9999999531238744
-6.508010509609159	0.9999951650181764
2.861938586271883	0.9633611291809254
6.103156334017569	0.9633611278382032
7.402370452166078	0.9633611278375798
9.353685462194512	0.9633611278375378
0.7118945624346384	0.9633611042813892
0.2947847320959607	0.9633611246603905
-8.94648056848875	0.9999999823799639
0.006250979724050865	0.9633611621329786
5.305776193641464	0.963361127842838
-8.877729066217185	0.9999999793576924
-0.7737574429658345	0.9634549013467397
-6.248283775855437	0.9999912086762336
0.46768540366310063	0.9633611213175185
0.36689703547547836	0.9633611214762802
1.048855875443099	0.9633610850745099
8.639486180898448	0.9633611278375402
3.9019609727819358	0.9633611279190021
-1.5826600757336795	0.9668173482007979
3.9954718500760436	0.9633611279217766
6.1706933742613685	0.9633611278382065
7.051268688955695	0.9633611278376215
-2.728903745479263	0.9853144424454989
-7.160050406784646	0.9999989224961074
5.4709402903271	0.9633611278402582
-7.47553296145774	0.9999994788704536
-1.9375365089689645	0.9710382800607966
8.12029888071233	0.9633611278375425
6.228745441891782	0.9633611278382075
4.9004896920393435	0.9633611278481174
-4.963734387762693	0.9998317766461551
9.270048781145633	0.9633611278375388
-5.103242578028819	0.9998777741835296
5.105783461669331	0.9633611278426784
9.743121582371064	0.9633611278375376
4.132376417245688	0.9633611279236939
-5.977511962785544	0.999983605557817
6.2853755737740045	0.9633611278380133
-5.370564679557113	0.9999338094425297
9.126109062459896	0.9633611278375384
4.3228446836864585	0.9633611278799143
3.6838971740134063	0.9633611280066046
8.11335413165903	0.9633611278375429
-7.539684395499129	0.9999995504318061
-3.714612059902107	0.9973042912998192
0.01254938255670801	0.9633611611463059
6.473053110466019	0.9633611278378725
1.6172364332683884	0.963361084557244
-8.383083651328143	0.9999999355232987
6.0260399318565945	0.9633611278381428
3.065013998691949	0.963361128522645
-6.588068379572389	0.9999959788449332
-9.89954878687335	0.9999999980369159
6.3550126269670955	0.963361127837875
-9.16029617320846	0.9999999892306013
0.9531205203241466	0.9633610853810269
-5.321240282228072	0.9999258714962735
-6.525439757193441	0.9999953551810362
9.961510919428797	0.9633611278375376
5.276936426388552	0.9633611278428701
-6.9837027647653915	0.999998382824131
2.1770704060821	0.9633611331799642
0.06225177519644021	0.9633611573227716
9.976505334271366	0.9633611278375378
9.93878413347527	0.9633611278375377
-1.1802676935735779	0.9642694660767228
-5.222935241757525	0.999907109662021
-0.03237366254030505	0.9633611777573171
7.345323171825736	0.9633611278375799
-8.943092893969835	0.9999999822419835
5.544398544245194	0.9633611278402062
-7.281918143240138	0.9999991861291592
7.289348549342538	0.9633611278375802
6.8866753907017895	0.9633611278376589
3.357450069528131	0.96336112818225
5.384785148604303	0.9633611278411716
9.453212412539528	0.9633611278375379
7.291670430000007	0.9633611278375802
-5.969671369878	0.999983307087053
-1.7128920288145046	0.9681568568043414
-1.8002416392114728	0.9691959299397598
-9.895666840427676	0.9999999980192908
-3.8784185297659635	0.998090527519182
-3.7959941349415383	0.9977256930509714
-3.7963534503850527	0.997727413225695
-0.651446425065707	0.9633955613012724
1.1612993749618727	0.9633610947758335
-5.284480583789142	0.9999193445481799
-8.916999342951089	0.9999999811423305
-1.351331162502042	0.9650858142513421
3.1186263336128803	0.9633611285100765
-1.043005818078658	0.9638420723279715
-8.76558213006386	0.9999999732757965
-0.008798359852981719	0.9633611660105474
-0.9562037980267313	0.9636630661476541
4.98627542646398	0.9633611278481862
-4.780554827940944	0.9997443931245259
7.1516737537834665	0.9633611278376233
4.782384296695499	0.9633611278521098
-3.1831010898755485	0.9925526357586505
3.3769028295635284	0.9633611281770262
-8.797840447125855	0.9999999751888557
-3.2030239667794103	0.9928040439331748
-7.866461529882036	0.9999997881530733
8.451780834687277	0.96336112783754
7.418734119349054	0.9633611278375798
-1.716775798160711	0.9682008527292654
9.9465839554733	0.9633611278375378
2.253665612838782	0.9633611331694003
-5.024428111443973	0.9998535919723213
-7.3086772197489935	0.9999992347604508
-4.597330838853031	0.9996122664949725
0.7568646312291438	0.9633611043215886
6.500314978324873	0.9633611278378725
0.4345154586744293	0.9633611212615638
6.622698083398536	0.9633611278376896
7.049273846321796	0.9633611278376216
5.012227753098895	0.9633611278481039
5.105578580214477	0.963361127842689
2.7676775876723205	0.9633611291998694
-1.882002300024169	0.9702482646182853
-7.93504041887811	0.9999998190977054
-4.2748401427557825	0.9991985153704854
-9.557372431519742	0.9999999956836614
-4.363145914297828	0.9993422318746418
-7.465322278333719	0.9999994664732498
2.152476079068993	0.9633611332815007
7.930950786508127	0.9633611278375485
1.7028517695946466	0.9633610852010461
-6.36443908531565	0.9999932712599973
1.4889139150154307	0.9633610853330573
9.377690495391299	0.9633611278375379
-4.023464476683278	0.9986039038146136
-6.525737655106414	0.9999953583654215
-1.2610335405384419	0.9646034883261806
-2.405529804274016	0.9791224270154743
3.039356185684298	0.9633611285060693
-2.5878163561866874	0.9826401678650718
-3.0807525617645704	0.9911654935863244
-7.705296994690203	0.9999996929667834
7.771462119583866	0.9633611278375576
7.91817155303681	0.9633611278375482
-6.383641261062212	0.999993562210433
2.938683106487968	0.9633611292030231
-8.663162308210577	0.9999999661682284
-8.982912095564277	0.9999999837977523
3.0684045628290235	0.9633611285204656
2.35563029899318	0.9633611326333197
-3.2397250805554423	0.9932512143461234
3.8118450478721435	0.9633611280055404
-0.24452722274089211	0.963361392690236
0.12377028134284096	0.963361155937124
-3.8936930409976966	0.9981518993602159
7.020419448425631	0.9633611278376216
-9.837769996281347	0.9999999977368266
-6.547937837659243	0.9999955896328088
8.763759888836518	0.9633611278375389
9.696118153217213	0.963361127837538
-5.703216187927134	0.9999691860785872
5.058776833850679	0.9633611278476841
0.07656184432395463	0.9633611567013204
5.508118443807813	0.9633611278401913
3.0976837079978417	0.9633611285069195
-0.19391484788500613	0.9633612701931908
-9.458859907912164	0.9999999945846316
-7.171198128985283	0.9999989498011662
-7.576493110255105	0.9999995869646414
0.8737564547962897	0.9633610909921314
-5.159427798823293	0.9998925443111446
-4.66546008704662	0.9996678328714135
5.301646576845878	0.9633611278428471
-1.2919620435650092	0.9647557581893609
9.179130177563732	0.9633611278375385
9.795734799257659	0.9633611278375378
4.148485803614385	0.9633611279221442
-7.616592327169616	0.9999996233925618
-2.7629133068808853	0.9859369372919653
3.8742328124423295	0.9633611279637111
7.9873415656832165	0.9633611278375481
-2.7987939418186736	0.9865859431054047
6.3291451736410345	0.9633611278378419
-9.854459933390736	0.9999999978221503
-8.657446860805154	0.9999999657200482
9.054775763118204	0.9633611278375384
0.9276577121271146	0.9633610847350066
-4.792334236512867	0.9997511664364904
-3.304078858266073	0.9939854058751071
-2.6519239464610633	0.9838705017840165
-2.9500931168202005	0.9891732261455403
-0.009524355747672075	0.9633611662659853
-1.4216478648392883	0.9655392027876699
6.684797395078604	0.9633611278377074
0.06447205742121298	0.9633611572081107
1.779370700306826	0.9633611268510631
-0.21453532720441615	0.9633613086022551
-5.064949816913593	0.9998665666058207
-9.121546806459143	0.9999999882255455
8.790968301537102	0.963361127837539
7.617396880046137	0.9633611278375587
6.269044408463579	0.9633611278381383
-7.126254940077246	0.999998835303363
-1.6756513414813945	0.9677470016901996
9.820769206772507	0.9633611278375381
3.56258911364284	0.963361128130712
5.087017944239086	0.9633611278443929
1.8559151110031422	0.9633611372407084
1.340420060018479	0.9633611089727304
-0.291095606403303	0.9633616359303997
-2.7270295857623195	0.9852798680865615
-4.8838022652979385	0.9997980506692389
-8.062853815391273	0.999999865218131
7.592496095021776	0.963361127837559
-2.7078924386588543	0.9849249479409454
1.2179589470819785	0.9633611104602672
0.3168364193699027	0.9633611220088626
5.524575375445821	0.9633611278402019
-8.214087184900318	0.9999999048521802
-4.393057744642506	0.9993849676753388
-7.694033691174611	0.9999996848999114
1.5203480929204147	0.9633610830389958
-6.1070670728510645	0.9999878321585369
7.682309016561245	0.9633611278375588
-7.684687290405523	0.9999996780452443
9.299050870059293	0.9633611278375384
6.662318758032551	0.9633611278377088
-6.610151858956899	0.999996178176455
-5.186660463549693	0.9998990496143552
2.8662009890384255	0.9633611291815549
-6.200343711406355	0.9999901830438309
-6.229587503253775	0.9999908220876246
-7.733321820358747	0.9999997121535764
-0.9668667187466049	0.9636811435228542
-1.4415764650809813	0.96568023278461
9.95477566902646	0.9633611278375376
-8.205376831387126	0.9999999029246024
6.433729605070106	0.9633611278378724
3.0570331627990512	0.9633611285252391
1.08736823668667	0.9633610852223442
-9.803182291696624	0.999999997549213
6.4903732273542225	0.963361127837873
-3.568576944710613	0.9963714919440424
-4.456399470451884	0.9994667094475047
1.8885142886068387	0.9633611386082007
-8.409554074901608	0.9999999393358013
-0.9437309811700381	0.9636433690294098
-0.5689823348594061	0.9633773071905268
-7.407980549279469	0.9999993911690922
6.381635602997623	0.9633611278378769
2.5833840691792034	0.9633611305217489
-0.6026226755035822	0.9633836818802533
0.3643895620732174	0.9633611215342605
-6.832335552033855	0.999997708536083
-5.223156371469981	0.9999071567753388
1.1226090920671883	0.9633610842213683
2.226267622710939	0.963361133173092
-8.042010723717157	0.9999998585918516
8.767367509427395	0.9633611278375391
-5.988508175389997	0.9999840151903929
1.1230435282370976	0.9633610842003887
6.0837686171359024	0.9633611278382128
9.840226231108574	0.9633611278375378
-6.129716870794524	0.9999884502069752
-1.9822610387393436	0.9717061910332506
0.7446351391660002	0.9633611042764859
-3.664510501163978	0.9970113226343099
-5.9587448066813	0.9999828820600536
-2.1560819647718477	0.9745249764089908
4.340463868706642	0.9633611278799578
8.309503350681688	0.9633611278375429
-3.07497862399837	0.99108257382626
-1.3915116046902831	0.9653362111877435
7.894379471584777	0.9633611278375486
8.200340384903065	0.9633611278375432
6.4949231433637244	0.9633611278378729
-2.2402109994961705	0.9760188540725656
-1.0939268061807095	0.9639784896461479
-6.550423564531069	0.9999956147995265
5.19302545830373	0.9633611278428511
-0.7099422175218795	0.9634179337940303
5.874567346842067	0.9633611278388744
9.63052581711997	0.963361127837538
-7.827546699084378	0.9999997682942048
3.770526326862619	0.9633611280067104
4.070605729568953	0.9633611279222715
-3.4542271087328347	0.9954590456194065
4.17933282185578	0.9633611278966234
-9.668465699497432	0.9999999966578809
-0.7247191492904914	0.9634252123365704
6.325386633794352	0.9633611278378401
-6.414762671089869	0.9999940072936225
0.6236502936050172	0.963361104046949
9.072697277659962	0.9633611278375382
8.02649633485423	0.9633611278375486
-2.843831327175894	0.9873835968971789
-4.952319332336548	0.9998273266329231
9.412753668998693	0.963361127837538
-9.153721998343833	0.9999999890663387
-2.193525318630263	0.975178227758993
5.677205192278155	0.9633611278396311
-4.434293825020839	0.999439467626228
6.279176999272629	0.9633611278380629
5.549832040043675	0.9633611278402054
6.499361430794785	0.9633611278378726
9.302078326380023	0.9633611278375385
-1.2293201731951253	0.9644660231309742
-1.8158119307355811	0.969390263254076
-5.82523992481756	0.9999767270389056
-3.3767456427971743	0.9947393753665067
-6.413901394249852	0.9999939954000787
2.555511866436863	0.9633611305206478
-2.208160784490394	0.9754400170480986
8.980311831921561	0.9633611278375394
-4.908222624571814	0.9998090105893725
-6.335094426509658	0.9999928010240838
1.3855243445782683	0.9633611089230535
4.84963546512256	0.9633611278482399
4.505703037252392	0.963361127857661
0.14238733127024616	0.9633611558212417
-2.5403074593183472	0.9817196865433686
0.4303310594725751	0.9633611212658959
-3.519921319435202	0.9960041676214948
-7.407224421499352	0.9999993901081947
5.805864425339609	0.9633611278388666
9.967397042435195	0.9633611278375377
5.423420279657938	0.9633611278399498
-8.856491880122022	0.9999999783231877
-1.826499780291165	0.969524245150112
-4.974604227885977	0.9998359081560104
-4.494949843441054	0.99951114754887
-2.932440748626348	0.9888857579891734
-7.956392074920258	0.9999998277764243
-4.736926683105107	0.9997176787322404
2.4741680225189846	0.9633611305368832
-3.4020706702825043	0.9949840144165167
6.774033129915328	0.9633611278377057
6.324675611269978	0.9633611278378399
7.40811634267984	0.9633611278375798
-0.5326966261843467	0.9633721732346971
-9.865696425728654	0.9999999978777756
-2.274614235293817	0.9766505965361933
3.964389140975113	0.9633611279239515
1.6376787903016279	0.9633610846225484
-7.332632275537345	0.9999992758259072
-6.695546313029661	0.9999968603016047
0.5277788656135574	0.9633611218720367
8.588004822514744	0.9633611278375402
-8.423842990723589	0.9999999412992642
-5.376195815579883	0.9999346599564164
-3.485120055989719	0.9957226099261757
7.8362639621906	0.9633611278375473
0.25339275704411435	0.9633611474339266
9.735027651162063	0.9633611278375375
-8.632482172654935	0.9999999636917923
-7.056606409601223	0.9999986327185107
4.796472921013887	0.9633611278489822
-9.484488188325319	0.9999999948949533
9.789138029143544	0.9633611278375378
-9.482085921463636	0.9999999948666367
0.9547831973301193	0.9633610853690129
-0.46376927786043076	0.96336610075793
-3.874605551877206	0.9980749158771784
9.525076394931531	0.9633611278375378
9.601249851537844	0.9633611278375379
-8.351518626682065	0.999999930662557
3.917699349659948	0.963361127914053
-3.7990769926363255	0.9977404133538093
-3.8815972996296733	0.9981034529219959
-2.4073455956588674	0.9791571003774231
7.165080280683117	0.9633611278376185
2.5627455489008355	0.9633611305225974
0.09254139716451171	0.9633611563130358
-7.84570936093079	0.9999997777844554
8.641740938689914	0.9633611278375401
-4.623783759020066	0.999634853027832
0.702184205752733	0.9633611042600372
-9.41368171330617	0.9999999939909445
6.8305506843792045	0.9633611278377057
-4.965507186105511	0.9998324574516592
-4.737952641227441	0.9997183375728053
7.088654372552597	0.9633611278376217
-1.0559863373336	0.9638745242581753
-6.643037321497962	0.9999964568465096
-7.21581733695333	0.9999990523367366
-7.200116508839285	0.999999017450657
5.706362257449413	0.9633611278388473
-0.3374322697386045	0.9633620558516257
-0.016514460582701673	0.9633611691156007
-1.292428369496621	0.9647581859209258
5.065833328793206	0.9633611278469942
8.684812079722981	0.9633611278375401
-7.132210058982511	0.9999988511642117
-5.354439059758445	0.9999313122699431
4.916432337149036	0.9633611278481429
1.5976361864137765	0.9633610844203467
9.808439909510504	0.9633611278375379
-1.6040207743371848	0.9670198680075762
4.483432479712004	0.9633611278656069
5.4869248819678305	0.9633611278402143
0.8182711150936761	0.9633611047909934
-8.747142900578693	0.9999999721166948
4.168253861264969	0.9633611279077253
1.8742990509284851	0.9633611381527799
-1.8304289926677964	0.9695736324980376
-1.2652107438221663	0.9646228550479476
-6.05669569414371	0.9999863365879014
3.1329053615844735	0.963361128510861
5.501423619004946	0.9633611278401917
9.429316938891876	0.9633611278375379
5.159651845359004	0.9633611278429738
6.738305114848675	0.9633611278377051
8.02967774915254	0.9633611278375487
-0.07943609047676858	0.9633611981074702
1.943415758175636	0.9633611383255007
0.9406952754411115	0.9633610852986259
-5.14329404723028	0.9998884950166905
-5.9343349374558185	0.9999818930817961
9.961899081077682	0.9633611278375377
9.875469843149801	0.963361127837538
5.3914222351514205	0.9633611278407733
-4.99342178078499	0.9998428235580895
9.757446411459696	0.9633611278375376
1.5542638238813424	0.9633610850374241
-3.314077285775898	0.9940938238683693
-6.652863646573057	0.9999965361041205
-9.854920911016404	0.9999999978244608
9.591492909651773	0.963361127837538
7.4421343306151115	0.9633611278375805
-1.8705767965669473	0.9700925439957236
1.98848186935626	0.963361138332349
-3.551145357920933	0.9962433455312137
-2.656763682375587	0.9839625033326571
1.1215064957793643	0.9633610842809315
4.317849735858431	0.9633611278798602
2.7607552060463103	0.963361129207781
-1.4335569705016216	0.9656228627234071
1.8060248357498043	0.9633611431964579
3.8935655722901643	0.9633611279283738
0.1715777090885684	0.9633611557986622
6.379912475221726	0.9633611278378775
8.534071648408744	0.9633611278375401
