-3.5444026016450936	0.9948630547056123
-3.031483335313534	0.9863565254175961
-1.7762878032297458	0.9396346797781133
1.4210220503797224	0.8807245053028424
-4.840633314884366	0.9997092806934513
-2.2323312990151045	0.9589774252963834
5.929026601482597	0.8807236498583033
-5.254731901695817	0.9998874996637087
-6.672791390404922	0.9999956930196334
3.464946098910925	0.8807235053736838
9.029586428880481	0.8807236491145257
4.7681352631171325	0.8807236587573927
-0.38257301046772163	0.8929876123688825
7.455777734887626	0.8807236491392485
4.24818672577452	0.88072367199519
-9.99074526641396	0.9999999977188171
-7.4030306784097855	0.999999198379586
-3.057663527242691	0.9869621551308573
-9.090131721531005	0.9999999835230927
7.828258503800161	0.8807236491199034
6.51024214226538	0.8807236493036523
7.009151724074773	0.8807236491627886
-1.3289937166247245	0.9216632159652653
3.171591226527335	0.8807236891735496
3.9831904183517874	0.8807236943695114
-4.02238361398684	0.9981544147557834
-5.60174564435949	0.9999493293281733
-0.10349723162481084	0.8878112758074677
-9.6809150727168	0.9999999957724182
-1.4928507299287652	0.9280559734021455
-6.805819986106503	0.9999968292948466
-5.38920412199404	0.9999174000425173
-7.165706784081922	0.999998615519586
9.882264182251884	0.8807236491142411
-8.17683293166992	0.9999998650499744
5.274067911783753	0.8807236520038962
7.0475987883518165	0.8807236491630676
-6.794711532270621	0.9999967471542575
6.431503659433851	0.8807236493045536
-9.37412328341181	0.9999999914319121
-2.487194703737514	0.9692611737730913
9.302973150631427	0.8807236491144095
9.1304393327156	0.8807236491145627
-0.25319564477440437	0.8904260960902695
0.40049263201758833	0.8824179821428784
8.699414176347492	0.8807236491152036
5.5591569275783925	0.8807236505774978
3.0974368044486322	0.8807236884446668
0.47300826208272895	0.8820021788613708
9.978587250119269	0.8807236491142005
-4.7563009096098385	0.9996474756223477
-9.023258005592858	0.9999999807801779
1.6854654974292558	0.8807236612688231
7.958753095324997	0.8807236491205057
7.9383736563949725	0.8807236491205052
-8.170362922514798	0.9999998630244927
-6.250316490323069	0.9999886085914408
2.4502346802882826	0.880723746200079
5.176147579389561	0.8807236520417971
-0.9212668500386023	0.9074870294696438
8.928076387698418	0.8807236491149675
5.024430412707126	0.8807236548130798
-9.93389759833914	0.999999997638916
1.573881772901423	0.880723710166343
7.122919768806742	0.8807236491627525
-2.4191067261938892	0.9666246591178553
-9.906750689886472	0.999999997486626
-2.6562783133455925	0.9754389432531828
-3.5576255659873945	0.9950009048043695
-3.916743192187382	0.9976723659889418
7.7730523460732535	0.8807236491255774
-6.805937146269447	0.9999968301500302
3.1842150158451066	0.8807236888580827
-4.277172591382299	0.9989543607831702
-9.687898435635294	0.9999999958398523
2.1746376478728013	0.8807236847775218
0.9731593052340859	0.880801320055633
-7.164957429146148	0.9999986131287294
7.326699360859422	0.8807236491388657
-8.285603038121266	0.9999998949482163
9.755516062425635	0.8807236491142523
7.512807338187898	0.8807236491264221
2.326126564023845	0.8807236821730491
-0.10379006322382622	0.8878159272790616
2.334649211502162	0.8807236819469605
4.303651915049219	0.8807236717044904
-4.33643055520788	0.9990849750684481
-8.908876849753966	0.9999999749890314
-3.596094811813888	0.9953833334667551
8.467749276856953	0.8807236491158055
-1.1805596910524372	0.9162658654375384
8.736716013393448	0.8807236491148972
2.813592278199909	0.8807237177634095
4.685399916209661	0.8807236604102371
-0.6311916988038835	0.899003428902071
5.445238565391994	0.8807236505555385
7.7702615886838515	0.880723649125898
0.6737793013596427	0.881242700218167
-3.1926982109393487	0.9897730128129159
-6.463009169398934	0.9999930188224241
-8.514272998328089	0.9999999379511215
-6.657688788729184	0.9999955406254184
-3.0842787601317667	0.9875575894062042
-9.876685416589876	0.9999999973064699
-2.8593492971446244	0.9818576360919302
-8.98801533294574	0.9999999791554722
-8.374864212985118	0.9999999144652953
-7.081073696497118	0.9999983176474653
-7.558406171584302	0.9999994394743754
-3.6796987267781534	0.9961248989714615
6.977305200304521	0.8807236491639525
2.3702784144918265	0.8807237150167024
-6.785485528379773	0.9999966773178077
-3.321295166120093	0.9919807606399813
-1.42338521651582	0.9253154993482
-8.937097121586044	0.9999999765625567
5.372060460538766	0.8807236515242409
7.3663101321796915	0.8807236491389129
-6.141169207203783	0.9999853549023728
-5.0939636049152615	0.9998372873876331
9.095062020859231	0.8807236491145671
0.6876109950734399	0.8812063704740937
4.516498717033048	0.8807236592948428
2.2458985714319404	0.8807236842964756
0.326285993650238	0.882931347851189
-8.88575177107402	0.9999999736211652
-3.445807957364244	0.993724755286422
-6.391291537175232	0.9999917655635798
0.4306495767987695	0.8822350614898299
-4.129430693211629	0.9985445067703013
-8.415585000777309	0.9999999221207724
1.6255754428009794	0.88072367359727
-6.5541157549228	0.9999943397543045
9.002556838449898	0.880723649114662
-3.099736962663986	0.9878941953234718
-7.025629120041765	0.9999980885661647
8.73598753853593	0.8807236491148961
7.351374032264012	0.8807236491389302
7.429996601762468	0.8807236491388679
6.967966581630751	0.880723649164077
9.496748010412212	0.8807236491143575
1.732524657803861	0.8807236547312062
3.5905838960178116	0.8807237124544522
-6.649824321864757	0.9999954591440982
-9.808257453391356	0.9999999968468113
-1.04597107339643	0.9115319265979023
-5.657941541194589	0.9999554731485926
-7.6250725339629755	0.9999995192379983
-4.173277655212657	0.9986801472264017
-7.0551197113814546	0.9999982140473201
3.0616564165549	0.8807236890753639
3.2674835640277813	0.8807236171119542
1.7966653870853566	0.8807237674610131
2.1243613494406954	0.8807236839606769
-9.914038856760099	0.99999999752845
8.742411341235751	0.8807236491149103
-7.671286168082259	0.9999995677679314
-1.840342371372504	0.9423027633306806
-8.788989349042149	0.9999999670376755
5.629673328603095	0.8807236505863193
-5.443412446056151	0.9999270764385051
2.5710568795684487	0.880723747383488
7.7296632638743965	0.8807236491266563
-1.1576713727448649	0.9154443964761588
-9.541291766879514	0.9999999941693682
-1.9956387671954978	0.9489274516247782
3.899771602937431	0.8807236937208865
-1.5071033894057386	0.9286178199283149
-5.358397979476188	0.99991134045996
6.8426908659353245	0.8807236492124477
-0.33978502282664635	0.8921132177942357
-0.987633983845333	0.9095661803763467
0.751074593548605	0.881063223027863
2.5374046467895983	0.8807237471884956
8.962673153928339	0.8807236491149796
-1.4708501249334418	0.9271853247461485
-3.3609921866492876	0.9925764481813534
3.1031334305109084	0.8807236884737486
4.145870318745635	0.8807236947053988
3.346547200182357	0.8807235078989253
8.580775287430846	0.8807236491157782
-3.8375578954790557	0.9972350846532384
-7.442552673822416	0.9999992681072111
9.04308947512742	0.8807236491145318
-6.908522357564433	0.9999974970045119
-0.24934965190002245	0.8903529662719168
5.0987193880766934	0.8807236521596324
-3.3831794300781093	0.9928928623360862
7.667696232778802	0.8807236491266948
-9.59713097497306	0.9999999948728456
-8.548785671025364	0.9999999426912032
-9.722994675242344	0.9999999961628154
-4.450054227476112	0.9992922424923966
-2.5531690231090653	0.9717512451933461
1.76943966936253	0.8807237127406375
-1.442145483973146	0.9260532387748723
7.003471939054172	0.8807236491628342
-2.48500328572665	0.969176887146383
6.057573541362142	0.8807236494953498
8.684755873305257	0.8807236491154826
-6.146006486809781	0.9999855170638614
0.6222442506204207	0.8813961310250282
7.181530451213899	0.8807236491531125
0.11436271858574543	0.8848935845064497
1.6552192362766416	0.8807236650457246
1.5013336445717727	0.8807238832143297
0.008879928663301229	0.8862154743092094
-4.774451247841749	0.9996617936037424
5.419415238585636	0.880723650440255
0.08771579142648811	0.8852063368746419
-8.41731735853131	0.9999999224308067
9.753918974539062	0.8807236491142523
-2.838411584390337	0.9812493873261686
9.87886289479426	0.8807236491142446
5.549018603120297	0.8807236505781851
4.232270209253674	0.8807236705922111
-1.3193357683469706	0.9212967595407633
4.740089176708437	0.8807236606330372
-0.01407032803777497	0.8865255621549424
7.347924412405604	0.8807236491389338
-6.870887606124172	0.9999972704405188
3.800313796697271	0.8807237381910864
-9.705941367498042	0.9999999960091441
-4.947429849278753	0.999772329475001
2.0954690108733267	0.8807236946360668
8.34190450620649	0.8807236491174018
4.642462212204519	0.8807236604012527
-0.2095244068465476	0.8896132139529699
-2.6961599044560414	0.9767901748294132
5.525070731964078	0.8807236505764717
-8.755316466234122	0.9999999643802678
6.562305916809166	0.8807236492982635
-5.534966304179005	0.999940918414861
2.8287974327413643	0.8807237178037967
8.062398826477665	0.8807236491204865
-5.920419298161974	0.9999756586035708
-3.876321881398188	0.9974580241090294
6.212732542919323	0.880723649487762
-3.2588990322327804	0.9909641975598785
7.478670874571346	0.8807236491349887
-1.6904410304778494	0.9360318013955947
-7.258098223176601	0.9999988808254199
-3.303754531174077	0.9917050748948592
-5.7810834726000415	0.9999664579529253
-6.132818166128562	0.9999850706654663
2.5959466430745195	0.8807237470087801
-0.7642650977515117	0.9026783350061182
-0.9263075083333927	0.9076402668962548
-3.7298266942990432	0.9965156304318037
-6.952855872568815	0.9999977398936639
0.8214655351344735	0.8809446519529047
4.954670066287186	0.8807236548061139
-8.38042705345897	0.9999999155539128
-2.369115656820009	0.9646322620292921
1.3991838273053183	0.8807246772352262
3.0625930661425382	0.8807236890594325
-4.916433081308642	0.9997555801957717
-5.928507920730559	0.9999761075152247
-6.830157652720592	0.9999970020811305
8.697893550902482	0.8807236491152316
9.707467925592454	0.8807236491142524
4.57047245895016	0.880723660601033
-7.580236327474079	0.9999994669528222
-6.318019131478914	0.9999902525487482
5.141810757320684	0.8807236519287179
-7.220964941623156	0.9999987809254152
-9.606120539645215	0.9999999949778832
4.980570815979899	0.8807236548153804
-3.906672993672209	0.9976206268750882
1.8717953730223957	0.8807237901967779
8.809187534977994	0.8807236491149687
-5.957896144609145	0.999977670002087
-1.1673119257222009	0.9157895464083674
9.483039416194575	0.8807236491143574
-1.2706842351896377	0.9194640820278572
2.771212405446768	0.8807237180631334
-2.0512222432497573	0.9513181333565779
-2.116910922297679	0.9541163929044094
-6.996413293224166	0.9999979555624983
-6.281194658117735	0.999989390204695
4.022532040142002	0.8807236942634081
-9.80393787817909	0.9999999968152927
0.543491786286241	0.8816733781757485
1.832043372606865	0.8807237847586593
-6.385343396430838	0.9999916520309209
-2.2121878945971263	0.9581280559689546
2.369452549237936	0.8807237138672626
-6.823352405218794	0.9999969547379187
-6.7058266837665315	0.9999960084550351
-9.36108037081302	0.9999999911706862
3.3245066788202884	0.8807234931079524
-1.6139959007599458	0.9328659560958683
9.766755376195434	0.8807236491142524
-8.905744467060002	0.9999999748079864
2.3803562576570805	0.8807237286677068
4.439601180461743	0.88072367230153
-4.24302334258249	0.9988709973245113
0.17578777017618918	0.8842284723794245
8.788237250093346	0.880723649114984
-3.513379682681479	0.9945262898822733
-4.844634195916941	0.9997119291108949
7.797177910899048	0.8807236491221646
-9.02276531194595	0.9999999807583613
-2.3468291969561106	0.9637290548513918
-7.682085898859197	0.9999995783837097
-4.698311514913751	0.9995975794094977
9.928343952298736	0.880723649114195
3.21159647829424	0.880723686756133
9.028368764150144	0.8807236491145269
7.842600293944248	0.88072364912011
-7.052642886427929	0.9999982038331464
-9.599465753193748	0.9999999949003351
3.586419995564185	0.8807236935707619
3.4443607622116943	0.8807235063105644
3.815306162313803	0.8807237382686591
-5.174172196904934	0.9998646415407816
1.3121542755354696	0.8807263044005014
-2.935006432764302	0.9839458874052966
4.573735149716999	0.8807236605647585
2.172718562659398	0.8807236849361123
9.928027093478487	0.8807236491141953
6.434254218591555	0.8807236493046336
2.3240128502406776	0.8807236824922593
-0.19662393410663448	0.8893802857119527
0.1540847467236297	0.8844550546567377
-8.594967341584434	0.9999999484724292
0.22781042829610598	0.8837205281246094
0.1594711005756011	0.8843979359419861
4.329886583578006	0.8807236718300064
-6.343405805656226	0.9999908058847796
6.41409853483896	0.880723649303731
-4.897297266497733	0.9997446340461265
-7.937308813259314	0.9999997657409871
4.053607789302461	0.8807236942693113
-2.7876815652871167	0.9797216207214168
6.670953039213586	0.880723649212707
2.0660943999050794	0.8807237507097423
-0.3983161885476747	0.8933355216594664
-9.89135734004439	0.9999999973959468
6.862818508438195	0.8807236492077885
-3.11707031295259	0.9882633317845272
7.414960154614146	0.8807236491387829
1.8031534255363688	0.8807237743560629
-4.6260269151598	0.9995254909922192
-6.490573550054535	0.9999934480802462
3.827205710815802	0.8807237396959243
0.2911183810408957	0.8832051244117569
-1.4154112701572341	0.9250025061200157
-3.022996979172068	0.9861558210614747
9.739443318911082	0.8807236491142523
-4.69334982669301	0.9995929984141638
-2.124684091247886	0.9544431538704989
6.144129602835715	0.8807236494902366
-7.067863702789277	0.9999982656910757
0.555157051994124	0.8816286401266366
-6.499758485123781	0.9999935851722073
1.2748296510927446	0.8807277521884973
-8.347278792961404	0.999999908856063
-9.946421977400671	0.9999999977060386
1.775735589216838	0.880723727740359
4.43533405004651	0.8807236722700303
-6.1903426474360534	0.9999869222082217
6.840447047350068	0.8807236492121963
-6.536941743719922	0.9999941114688189
7.545765671706558	0.880723649126145
-1.8257161578196666	0.9417003761858869
-0.06393190892505451	0.887200195558846
5.533629619325119	0.8807236505784986
-7.620264306176399	0.9999995138857761
-3.2046256698632547	0.9899964483624933
-8.442217357190183	0.9999999267530679
-7.618094648739682	0.9999995114511796
8.082533826435608	0.8807236491193668
-9.409569542482096	0.9999999921034395
-7.674540590349714	0.9999995709947531
-6.134226913759768	0.9999851189975657
6.530762495945726	0.8807236493051124
-0.49442084831442656	0.8955528644175795
-3.9185739768227545	0.9976816569574715
-0.21777526279926818	0.8897640642659991
4.518450306689811	0.8807236592898118
0.024688033014822253	0.8860021792586688
8.557896793623936	0.880723649115778
-7.907697553401687	0.9999997492115844
-5.672416734552761	0.9999569313457461
6.540793632839129	0.8807236493079807
5.138303806412154	0.8807236518844472
8.60695199646483	0.8807236491157768
-0.25850059342204545	0.8905275744523538
-1.8721052470822208	0.9436227817389224
3.575892849307696	0.8807236382297761
-5.657935070897655	0.9999554724858816
5.855378149983327	0.8807236498558767
-5.1981713518655415	0.9998718971479503
8.036153281554434	0.8807236491205249
-9.013892142668016	0.9999999803611864
-1.033344292165994	0.9111023623736568
-1.908509623523953	0.9451826500968887
8.05052790510128	0.8807236491206384
7.17619050881266	0.8807236491560638
8.486351639975869	0.8807236491158025
7.562375830040441	0.8807236491268685
3.5345478450319803	0.8807234960604184
-7.539939032369527	0.9999994151255894
1.1561538374391098	0.8807380340016129
-5.874990882560844	0.9999729761512487
1.0449113035390454	0.8807659500492283
9.303500742039272	0.8807236491144073
7.210280866359344	0.8807236491387892
0.03975715626373777	0.8858036493950057
-7.0422856932599975	0.9999981604845921
5.934430773647183	0.8807236498646878
-8.198500394035628	0.9999998716174852
-6.493454739786246	0.9999934913966324
-8.241143906762161	0.9999998836242697
3.507366829124585	0.8807235088455295
-8.524484311694183	0.9999999393930242
3.0990642992034267	0.8807236884511384
7.71206506464344	0.8807236491266469
8.97200697059365	0.8807236491149361
5.568290108401911	0.8807236505780975
-0.4720284165161015	0.895018481639703
-5.6339549170947345	0.9999529474207576
3.325155481192379	0.8807234935290913
-4.5109719534426596	0.9993835747324138
4.586260543022963	0.8807236604084421
2.9728647332937985	0.8807237021003809
-0.9420318051744871	0.9081160253113572
7.507641299861227	0.8807236491272539
6.455500072374999	0.8807236493046006
-6.797787826457027	0.9999967701124409
-2.686778876297158	0.9764762934958002
6.802091472538212	0.8807236492105421
-0.6717945059800066	0.9000450172926262
-6.195471265426096	0.9999870756911694
-6.713172739787403	0.9999960753979913
9.861259047325746	0.8807236491142547
3.266772657910737	0.8807236201143482
2.9149805444199615	0.880723717709373
2.717685561322657	0.8807237157928935
-1.8598916185060475	0.943110755569833
4.6377321041537645	0.8807236604033457
-0.17125708653265548	0.8889340240170059
2.010839173999578	0.8807237923624586
-2.5779156989935625	0.9726600927584835
5.238223284155051	0.880723652003134
5.551991823723018	0.880723650577919
4.904667479225996	0.8807236547779657
-5.710831441873525	0.999960573985096
-4.116802938397455	0.998503002974253
-3.1330568164494332	0.9885960200746408
9.393703495883834	0.8807236491143595
4.049279210690253	0.8807236942758817
2.5748176864805483	0.8807237473807448
-6.554911932433578	0.9999943501202501
5.982215846312734	0.8807236496633676
-8.243246190941456	0.999999884186244
3.8878191190880926	0.8807237024211776
9.532361972245539	0.8807236491143562
0.7938816109661762	0.88098671634329
-1.6790689426516536	0.9355574938257121
6.877346617119031	0.8807236491945407
-8.529401133720125	0.9999999400753123
-4.3857008735570435	0.9991812953057182
-4.164375898524946	0.9986536403975121
2.07537789008283	0.8807237300496472
7.114317705480502	0.8807236491627648
3.6988064731177417	0.8807237398143245
-8.117290367343308	0.9999998452197703
-2.6290082191867326	0.9744899447335889
-7.952512428713505	0.9999997737998886
-2.8982121875975464	0.9829518477495603
5.782788260767159	0.8807236498626257
-1.097380750299365	0.9133083602241343
-6.512854046803405	0.9999937756876208
-5.602319562263047	0.9999493961670479
-7.434886255511888	0.9999992550729673
-8.331267058585414	0.9999999054330317
-5.996093363812891	0.9999795492039303
8.16146639195512	0.8807236491173914
2.3439843873137924	0.8807236852101478
5.613757536561854	0.8807236505684977
5.0725876388627675	0.8807236537663804
3.046505522176183	0.8807236888909034
-5.303458220748691	0.9998994119646832
9.142149307221658	0.8807236491145638
-8.25004111036237	0.9999998859841394
8.691254438731988	0.8807236491153585
-7.146967595158431	0.9999985544754988
0.2581477543554289	0.8834621713195968
1.6175773507197455	0.8807236768299939
5.051787680710248	0.880723654798722
-2.874521673581012	0.9822902258240582
-0.1308840594010885	0.8882529492263282
9.324413553012597	0.880723649114343
9.515239762473339	0.8807236491143566
-2.3087694075069365	0.9621673375194025
-8.919786562534583	0.9999999756094922
2.3753529575760766	0.8807237220330086
0.9019485033259489	0.8808564357892315
-7.917935653233812	0.9999997550545318
-0.4749964027850151	0.8950886263112949
6.947891892113237	0.8807236491617864
1.914091793665813	0.8807237923893099
8.067239110517246	0.8807236491203034
-8.487533817139887	0.9999999340107893
2.8726543804605207	0.8807237178944676
3.3202543531413298	0.8807234908017524
3.3259132128523383	0.8807234940393515
-3.107969772098178	0.9880706254611751
-7.304931673188495	0.9999989952319435
8.27602985312084	0.8807236491173674
-3.1227380411354266	0.9883821260377601
0.5156332789786244	0.8817939415558284
5.35568360035783	0.8807236519530995
9.941015595844412	0.8807236491141945
-5.4242135576743555	0.9999237861257044
-2.1296585110444166	0.9546515408317627
-1.4759890300407221	0.9273885940868812
9.013974320562529	0.8807236491145751
3.3902290667249133	0.8807235052015986
8.693357215531698	0.8807236491153178
3.3778290523493837	0.8807235069186196
-4.646301152879344	0.999546910181574
9.673159327600352	0.8807236491142547
-0.9652435801854296	0.9088329673015954
3.219760994496209	0.8807236897734969
-3.348076539233862	0.9923868626883514
-1.591483309848222	0.931940565488526
-7.8540843426655815	0.9999997162602695
6.648219111442046	0.8807236492087238
7.744633749423407	0.8807236491269169
-1.1623018836177792	0.9156100278861943
-7.537118814698318	0.9999994113152321
-5.480956966004231	0.9999331065559168
-8.13632670759624	0.9999998518576197
5.973923700376783	0.8807236497349283
2.5282263154025877	0.8807237471964443
2.4043243682721283	0.8807237485302016
-5.845899892399622	0.9999711052102362
-8.615213851820327	0.9999999508194691
4.683564030326899	0.8807236604117966
-7.354215578782193	0.9999991030196067
4.255367072860228	0.8807236722594435
-2.5551877619136576	0.9718259185535231
4.857800452793697	0.8807236549191276
-0.5214855073895297	0.8962146344441251
-5.091722594775496	0.9998364487466684
9.491116658300864	0.8807236491143574
-6.905176395731982	0.9999974776470433
6.637943494115497	0.8807236492044427
1.9590473411231812	0.8807237929344087
-6.535503975954886	0.9999940919447574
-7.82019105489844	0.9999996932297348
-9.51141431098673	0.9999999937541274
-6.54667605830114	0.9999942419688376
6.653182264789507	0.8807236492105113
5.520240347196443	0.8807236505745878
-0.5995895004762097	0.8982017758901919
-3.190300636880501	0.989727624726996
-7.290109380721592	0.9999989603486413
2.3448414396079933	0.8807236857607089
-6.996222229941922	0.9999979546629152
5.997007662419049	0.8807236495418989
2.3054671380125313	0.8807236849127378
-4.444208032140309	0.9992828066082939
7.0714742087910345	0.8807236491630397
-9.78477992149045	0.9999999966716614
5.460564228705289	0.8807236506071809
-7.02933340420012	0.9999981047996054
1.7223544784198985	0.880723655850257
-6.713261585399333	0.9999960762007125
-9.865447351182826	0.9999999972358593
6.977924815918172	0.8807236491639288
9.24019977141991	0.8807236491145651
5.000776202269229	0.8807236547890943
5.5773748944075905	0.8807236505794924
-0.7454491551648523	0.9021297017362179
5.941523051508582	0.880723649870937
6.503035723132882	0.8807236493042356
6.20569035621817	0.8807236494886934
9.283734858218967	0.8807236491145028
-9.663438489048644	0.9999999955988247
-1.1701170075261977	0.9158902071842477
-2.584639580431567	0.9729045340296267
1.7831048901590218	0.8807237442729127
-8.857150427898697	0.999999971825454
4.059524001448018	0.8807236942748364
6.0123549743602	0.88072364946673
2.931496555665717	0.8807237189838312
-5.342258820278496	0.9999079907932372
4.8339987049605515	0.8807236544922558
5.4552127947690074	0.8807236505978394
8.097422077520807	0.8807236491182638
-9.184933707868005	0.9999999867543334
-7.423723516355958	0.9999992356780814
4.036555200478622	0.8807236943063349
-3.1776174959381853	0.9894848621010028
-8.513109483559447	0.9999999377846639
-4.7401327213885525	0.9996342157834779
7.296305076777397	0.880723649138929
-9.749879937316791	0.9999999963931558
4.624652715042021	0.8807236603918953
4.8364568504969085	0.8807236545538136
-3.031485139824923	0.986356567862948
-8.898614724490358	0.9999999743909999
-2.9999551301278515	0.9855998346303146
-9.114460603651771	0.9999999844207355
1.7857828766942951	0.8807237497521705
0.4530880195873266	0.8821083727272386
-4.315536120436372	0.9990408528077267
1.8379702314293809	0.8807237852668182
-1.5691293751096769	0.9310317542115079
5.108666808073448	0.8807236518349404
-9.394499410306443	0.9999999918246186
-8.988714260401158	0.999999979188991
-1.2572703942216545	0.9189805453723445
9.790180085976523	0.8807236491142524
-4.763892062750208	0.9996535356939629
0.40770771894220204	0.8823728153017483
0.03143368569423188	0.8859125439940949
-1.6656877923700542	0.9350008463954284
3.5971741100207666	0.8807237365218655
4.553487042869957	0.8807236605813231
-3.3809270443300665	0.9928612678962017
3.717638314534014	0.8807237388980163
-8.603347703393766	0.9999999494571993
5.5285716593225676	0.8807236505775673
-6.086633089437967	0.9999833961473459
-6.301193439548176	0.9999898675849983
9.045905803294247	0.8807236491145365
-6.549188367018872	0.9999942751773226
-3.140549425426409	0.9887494178834257
-0.11372287262763514	0.8879744462184738
1.9837689580132967	0.88072379276336
-3.523274522229376	0.994635766104706
-6.562246144601547	0.9999944447208597
3.0070469015839727	0.8807236864279445
-9.421767210754751	0.9999999923221384
0.23230767030343458	0.8836796569196997
8.995551683292952	0.880723649114728
7.412702057081276	0.8807236491388022
-2.102976798560081	0.9535272730929654
4.641606100523244	0.8807236604017585
6.787297582977789	0.880723649210786
-0.9034776333534786	0.9069375871797839
-4.6852019870461925	0.9995853633752043
-3.005768111336824	0.9857416198908767
1.8752674769524127	0.8807237906521956
-8.934877730300773	0.9999999764424766
5.541776123109688	0.8807236505787153
-9.78511366828708	0.9999999966742183
-1.660232086517528	0.9347742908372821
6.893119916663256	0.880723649176834
2.9783433907467547	0.8807236983843555
1.0005848041908827	0.8807857318420583
-7.519690149826466	0.9999993872107924
1.8535474472540656	0.8807237873506361
7.666619762361954	0.8807236491266948
-1.9489304163030319	0.946917482366578
3.668014036482381	0.8807237345972456
9.018539455098797	0.8807236491145524
-7.0737153182934565	0.9999982889011882
1.3174298023871422	0.8807261455873083
2.83876294578028	0.8807237177872741
-6.001181219625802	0.9999797872830148
2.985769841994017	0.8807236937408363
-2.4515633891733124	0.967888021955449
1.2177150763305065	0.880731515322432
1.835694719777635	0.8807237850588858
4.015771211602441	0.8807236941878743
0.34752383749819593	0.882774516404105
7.929396669584399	0.8807236491204924
0.10383845943339054	0.8850153011662554
-1.0458254256907615	0.9115269548142749
0.8942305322919886	0.8808635766454925
-7.294418516046259	0.9999989706128849
-9.260624133382267	0.9999999888728645
5.099475057373155	0.8807236521262831
-6.300349495997946	0.9999898478804519
3.705087548423327	0.8807237396734849
2.1123620437843407	0.8807236842095642
5.5542651640759075	0.8807236505777362
7.691232001697017	0.8807236491267162
-9.834115817219278	0.9999999970290752
4.577070172078109	0.8807236605225722
0.7361840791981766	0.8810934255372674
0.35188475580179457	0.882743447528126
-7.651157699874038	0.9999995472637484
-0.6723355590766076	0.9000597326924303
-7.844163089865215	0.9999997097037069
2.394865590293133	0.8807237437262743
-4.796636138673138	0.9996785126576329
-9.645069870368514	0.9999999954086806
-1.7594452112120074	0.9389269155917668
-3.984102207969724	0.997991928944509
-0.49554348267267123	0.8955799859206641
1.1238495001283777	0.8807434839236556
0.17520365776165114	0.8842344433260937
2.7443756936674557	0.8807237180912278
-0.3138583746061929	0.891615496407279
6.32454814752365	0.8807236492865584
8.540941514789594	0.880723649115778
6.957028297346145	0.8807236491633649
9.702330956309066	0.8807236491142529
0.1821677340748007	0.8841637222838566
2.4874564970363977	0.8807237474377659
-3.6475837481255446	0.9958539090305886
-1.255230795920026	0.9189082243974297
-8.818123391225123	0.9999999691763586
8.566241293912999	0.8807236491157773
-9.992699831059802	0.9999999977188171
-8.977726840541562	0.9999999786557688
-8.298098121685214	0.9999998979275982
2.9089100825427607	0.8807237174711104
5.000325399035116	0.880723654790234
1.6705673018768952	0.8807236623101024
1.745976916355204	0.880723664766617
7.998766575201721	0.8807236491205113
-2.0763687946181753	0.9523940659191847
-9.22584117204849	0.9999999879450242
7.625028114682948	0.8807236491266612
-0.6278349764291136	0.8989197387647373
-7.980636854876901	0.9999997879840513
-5.547334730216802	0.999942575099858
-6.080056366375941	0.9999831428959615
-0.626581134896881	0.8988884411531929
8.346679874318376	0.8807236491174236
4.029953199741065	0.8807236943038885
7.2596964199242855	0.8807236491391777
-7.632028354288258	0.9999995268766622
6.987024175875906	0.8807236491634747
6.949533542453086	0.880723649162124
-6.947453357119087	0.9999977116039088
-6.374857109087468	0.9999914480549166
-4.223646100389087	0.998820849482921
0.22624013985599234	0.8837350018997002
5.162307938943243	0.8807236520628259
-7.924228803881745	0.9999997585783176
-8.300251640114208	0.999999898432487
-0.23701498205102567	0.8901206749701558
-6.527033270409692	0.9999939755959297
-6.898258499522987	0.9999974371487218
-5.458609539590724	0.9999295800742045
5.639086178459593	0.8807236506059037
-4.4407748771606	0.9992772078858484
-7.527001695975675	0.9999993974408221
1.8724984914499245	0.8807237902930048
-2.5676502475811747	0.9722848293556766
1.2040433539630513	0.8807327695958734
6.7334395452427955	0.880723649210638
8.559220190453498	0.8807236491157782
3.5975135235607603	0.880723737527824
-7.7491197964469505	0.9999996386865937
5.414494729905908	0.8807236504559156
9.200092595200168	0.8807236491145642
3.0506211764799662	0.8807236890440983
-9.445290768494953	0.9999999927269485
-2.5550007480261883	0.971819004767878
8.57137075160757	0.8807236491157772
7.542711742000389	0.8807236491259783
1.6110694106609902	0.880723679853903
5.242045535050837	0.8807236520028847
-3.414629313697799	0.9933217385337004
6.083585747318686	0.8807236494935061
6.980990181815514	0.8807236491637938
-1.384282251493243	0.9237878083987465
2.1672029330444698	0.8807236854206374
-2.8762143014073605	0.9823380564447213
-2.493501362003405	0.9695033919937187
-2.5270747885717526	0.97077802380723
4.677802547995968	0.880723660411472
-4.365080440482894	0.9991422577133613
7.797213649554923	0.8807236491221597
-9.219071507493064	0.9999999877556421
-4.312930285413086	0.9990352061675989
-7.495500728426565	0.9999993521114683
-2.653540635972349	0.9753445879145122
-0.16187653640384525	0.8887727671161847
-2.038580448082903	0.9507757395954284
7.392425139797773	0.8807236491389543
0.7855465555818952	0.8810004483983438
7.225431661925409	0.8807236491365892
-9.457147851648555	0.9999999929228304
-1.0893844082109538	0.9130289418876312
3.732421314832477	0.8807237383190797
-8.703378509765658	0.9999999598552589
9.524440686189376	0.880723649114356
8.146608397052614	0.8807236491172082
8.332396207106164	0.8807236491173587
7.4728467815457975	0.8807236491365092
-3.297066517387961	0.9915979044303013
9.93220523805741	0.8807236491141944
0.02635767701622882	0.8859798882570701
-2.277134629298234	0.9608545821046348
1.3650503193440713	0.8807251089939038
-0.9777778361878653	0.9092386980258385
-8.397408196725863	0.9999999187920562
9.367312000435803	0.8807236491143597
-6.725735299687736	0.9999961872868477
-5.193622301210845	0.9998705522693536
-2.5112642035324306	0.970181163267033
7.697076098358423	0.8807236491267116
1.1703386877892221	0.8807362649264353
-0.584983069616527	0.8978227184330541
8.594670973568949	0.8807236491157802
-1.0450890926308976	0.911501825270866
5.544563906881441	0.8807236505785556
3.526140722654084	0.8807235003127719
-1.6108650661703052	0.93273740712868
-9.50995257464947	0.99999999373307
-7.251011368499567	0.99999886241301
9.536713961822837	0.8807236491143567
5.781326163230691	0.8807236498638449
6.9511225553033285	0.8807236491624344
-9.12695275442086	0.999999984862479
0.2807362499471253	0.8832858580177375
-9.079862406956401	0.9999999831288438
7.391605005930796	0.8807236491389552
1.1107668080714106	0.8807463217300081
-2.512985780651671	0.9702464378324421
-9.17335619923965	0.99999998639648
-5.411086564506196	0.9999214515404963
-0.24095780145167467	0.8901945787270175
4.286073001108118	0.8807236718267969
5.296385166847708	0.8807236519988695
-3.960345743028242	0.997884317087157
-1.9699051804650622	0.9478197735365055
9.395433324896374	0.8807236491143593
-5.366362076442246	0.9999129482747242
-8.565912620761962	0.9999999449072628
6.718773638373992	0.880723649210283
-1.8577542253380273	0.9430218870738043
3.8179301987826086	0.8807237384742568
8.776704948288263	0.8807236491149899
-8.550898822692115	0.999999942969373
8.648441817959757	0.8807236491158074
-8.072210096600433	0.9999998282899909
1.0901456104217466	0.8807514229113905
-4.170061875610385	0.9986706305158674
-3.755229955307624	0.9966994539416802
-1.993530087286409	0.9488366465077337
9.213699724727764	0.8807236491145627
4.071832956284078	0.8807236943298994
0.7762468620323837	0.881016410831192
8.328667700856087	0.8807236491173505
-4.8329691055603385	0.9997041395937927
-9.596225989626	0.9999999948621503
4.025318391151744	0.88072369428447
-9.9574064710702	0.9999999977188171
-4.04665966478813	0.998250843638175
-8.453050420720047	0.9999999285575605
4.7687955376892575	0.8807236586753464
2.157792113723662	0.8807236861700197
-2.0993957256471862	0.9533752841524699
-7.646239683148126	0.9999995421078186
7.347660439587919	0.880723649138934
0.41354132825479084	0.8823369456943214
-0.21773996846157218	0.8897634161194807
1.6236580755624566	0.8807236743277019
6.20120366482789	0.8807236494894359
9.82190224053091	0.880723649114252
-4.094281510717126	0.9984261268736812
2.6847596657390085	0.8807237235106594
6.1623988376550365	0.8807236494899242
7.527938191717357	0.8807236491255083
8.463718897322178	0.8807236491157944
4.483871189055089	0.8807236639747018
0.4092773664821401	0.882363106017318
4.311509353730756	0.8807236717390687
8.24172843011874	0.8807236491173686
-9.655586194485597	0.9999999955185237
8.418120747773411	0.8807236491157072
7.164220943055305	0.8807236491614644
1.5069092870965441	0.8807238578527645
-5.804398026599311	0.9999682098510893
-2.639743636604792	0.9748659538536951
9.381931013806437	0.8807236491143616
-7.65367186164823	0.9999995498770757
1.3283523158153532	0.8807258485392083
2.411773133485738	0.8807237499529624
3.1328376134330362	0.8807236884193006
8.386252200948029	0.8807236491166907
-2.3386309982787123	0.9633946507595356
-2.854130925061096	0.9817072569601545
9.188294846196218	0.8807236491145641
0.5669534285063236	0.8815858858779938
4.679319396535098	0.8807236604122028
-7.351017914769615	0.999999096390986
-7.465161159739333	0.9999993052327648
-3.8428199142918995	0.9972663909564075
6.205898640801266	0.8807236494886594
-8.64717593217506	0.9999999543089493
0.9693825699813452	0.8808036815449076
5.824234804062849	0.8807236498548854
-5.145138606212432	0.9998553141946269
0.03653757216542175	0.8858455474905091
0.5661741386763488	0.8815886527740853
-4.599688021412431	0.9994961627501655
7.466679708924321	0.8807236491378585
-4.559903164749186	0.9994484337477909
-1.5850220446206222	0.9316753378686968
-0.06325211234985417	0.887190355772305
-3.9401219867358073	0.997788398701298
-1.673889553963722	0.9353418599912717
-8.558108621737466	0.9999999439083317
8.507354670995873	0.8807236491157715
-5.44872240794251	0.9999279611709295
3.0530567115680043	0.8807236890933156
-8.613191557806497	0.9999999505899272
-5.734168808278151	0.9999626348973529
5.10136294808985	0.8807236520488921
-0.317428334110442	0.8916847160874937
-8.921047952575286	0.9999999756802305
2.7372175210597014	0.8807237175714488
5.623850784513792	0.8807236505748655
9.261689695139577	0.8807236491145699
-7.5166768487340985	0.9999993829443081
1.653169431811886	0.8807236655062926
4.352345068067649	0.8807236718151316
-1.5960012090743714	0.9321264624993258
-2.343190719754049	0.9635807847485937
-9.096563053451444	0.9999999837652922
-3.7744486442825	0.9968325059554473
-0.40230921806056585	0.8934241422999251
-7.908873939266212	0.9999997498899803
-9.46651892816778	0.9999999930739039
9.316527016210422	0.8807236491143585
1.9011919651149967	0.8807237922914665
7.660675833167009	0.8807236491266974
-4.382644366504329	0.9991756208969558
0.7295875411706554	0.8811074290940579
-5.334060999978085	0.9999062412905241
-0.8740245859445217	0.9060127255062453
-3.9119954156006553	0.9976481069418689
-6.1500327676702415	0.9999856506688114
7.404268863702423	0.8807236491388916
-3.722095926560791	0.9964578386745903
-3.6377332962527076	0.9957673969323159
9.049375991495381	0.8807236491145425
6.314360543427139	0.880723649291629
-4.203222413535785	0.9987656482329583
-2.5402924449134634	0.9712728118057796
7.518916985829868	0.8807236491258112
5.153241933781324	0.8807236520357219
-2.3332193068916007	0.9631732727267414
-8.257102721448177	0.9999998878230384
9.534640394570882	0.8807236491143564
-5.488796165338576	0.9999343013643932
4.314709422821581	0.8807236717590028
-7.6815275749782685	0.999999577841341
-0.0019850764035886925	0.8863628743667394
-0.07078623150930774	0.8873012566097453
9.371262488539266	0.880723649114361
8.65410669444627	0.8807236491158116
5.384274427669119	0.8807236511123806
-8.844497007715741	0.9999999709924996
9.021677377173809	0.8807236491145408
-3.9467539000755902	0.9978202999853731
-2.16786247091715	0.9562488685454714
-3.099791373272085	0.9878953678962413
-3.2802431579312508	0.9913232475329604
7.112957929653206	0.880723649162786
5.602156903068289	0.8807236505736507
9.880102991392754	0.8807236491142432
8.208966294278834	0.8807236491173527
0.3679670860190498	0.8826317674018006
-7.736835471527184	0.9999996283208084
2.323670474573767	0.8807236825494691
-9.590224133420167	0.999999994790654
-8.646525179374777	0.9999999542404342
-7.048315099168683	0.9999981858454104
-9.129064106049839	0.9999999849358926
-9.977676954059035	0.9999999977188171
3.0425398336809586	0.8807236886472279
-1.2470455210370357	0.9186202051691437
4.646333856948486	0.8807236603985973
2.2931242147382633	0.8807236846583893
0.24894114094998443	0.8835367479182263
6.793790084797287	0.8807236492107541
4.467779175163438	0.8807236683002698
-1.3275162818464814	0.921607060670307
9.821812184191057	0.8807236491142519
-7.098166781074369	0.9999983825736151
5.365157440485762	0.8807236517341871
-9.836478970001226	0.9999999970451972
-8.6468747094534	0.9999999542772475
-5.059873852111467	0.9998240542024238
-4.31729713696233	0.9990446504709538
6.827074022816198	0.8807236492103667
4.610142297457536	0.880723660348178
3.275988934177793	0.8807235804345297
0.4687582393816605	0.8820243295382564
4.953825399735955	0.8807236548062968
7.299707123971398	0.8807236491388684
-1.7922299296405608	0.9403046205406378
3.2881792549037936	0.8807235319481084
2.012286221316364	0.8807237926300964
-8.356621638968385	0.9999999107958641
4.6098035272941384	0.8807236603472903
