-9.222188064428858	0.9999999899474936
-3.432181292287515	0.9948353933958587
6.114661452034422	0.9525561712073142
-2.953688286122733	0.9880590493281481
-3.888182299840106	0.9979769792509483
8.179158141978565	0.952556171205577
-1.887619935909708	0.9646531273512158
9.321258198023603	0.9525561712055635
5.12946257470141	0.9525561712184454
4.0722340743078345	0.9525561714274117
0.7388514360331566	0.9525561720327541
-8.039465692166544	0.9999998468932354
9.034088929302658	0.9525561712055641
5.5221539065075085	0.9525561712125555
3.4948112360348738	0.9525561721125301
-6.413826511166696	0.9999935354153271
-6.01462614659126	0.9999837969254065
0.8100437808789565	0.9525561721370032
7.221923422877715	0.9525561712056634
4.682608424200048	0.9525561712613108
-0.04723729402956067	0.9525568235451952
3.1990549753320163	0.9525561730306787
-0.9771594328896818	0.9537860978753999
-1.429959564385456	0.957520944188541
-9.715856730919832	0.9999999967744351
-9.512815099088137	0.9999999948518955
4.376198591698252	0.9525561713167865
8.330855195911575	0.9525561712055763
3.3917205573874742	0.952556172111027
6.756643578106406	0.952556171206004
-1.5612387166101662	0.9592033754522592
1.4756949108885067	0.9525561371416886
2.6954626373208477	0.9525561758599581
-6.90795344471637	0.999997927577575
9.197047616237807	0.9525561712055644
8.300253381030064	0.9525561712055765
-2.4272394141199127	0.9765961519528215
-5.640691387125085	0.999961699299503
8.16219451106642	0.9525561712055769
0.7638783084358369	0.952556172167924
2.630102578127463	0.9525560828525491
7.126667235304993	0.9525561712057832
3.0274119165717917	0.9525561729337034
5.94993592300157	0.9525561712091262
-8.46687057875351	0.9999999427743461
-9.683422857581343	0.9999999965243228
-5.779359825577366	0.9999721585202374
-6.254566844965352	0.9999906726536549
3.2229578588087904	0.9525561730555197
0.48573885882833956	0.9525561351749755
8.690188652060705	0.9525561712055679
2.432605273915245	0.9525560862638033
-2.60604666074455	0.9807766473260678
-8.065381207411694	0.9999998557622282
-8.430864713345422	0.9999999378277215
-0.20367551133417372	0.9525615266067997
6.253759406297025	0.9525561712073344
2.7699044756050117	0.9525561737833881
3.1740465957852635	0.9525561730427602
-6.9433738285533675	0.9999980898813704
-9.812065586689274	0.9999999974153796
9.77532603644488	0.9525561712055635
3.9847485149054673	0.9525561714272965
-8.961082758069367	0.9999999816608335
-1.6972438572127757	0.9612833028259653
-3.3193812515270515	0.9936033190733599
-1.048302853134281	0.9541697556384784
-8.980951132244765	0.9999999824809264
-9.485760496334672	0.9999999945209915
3.5899721740900006	0.9525561717057374
-2.7525787704220095	0.9840325886653799
0.04444717213764804	0.9525563587035273
-4.953883712594869	0.9998147126130252
-8.45274785505977	0.9999999408828284
3.680472788576555	0.952556171652175
-2.499230765989555	0.9782865082226396
1.9660835742683425	0.9525561132704523
-7.756769648062174	0.9999997064457389
-2.9936928479095437	0.9887823632430511
4.209285715612733	0.9525561713076635
-5.094137177824902	0.9998656171138945
-3.7164107592403406	0.9970881957225026
-5.835708554181194	0.9999755435437533
1.673906028822465	0.9525561461328306
2.8608294978604896	0.9525561749005182
-7.424712225265524	0.9999993694191069
-7.643703423582275	0.9999996191505689
1.2141256771108822	0.9525561133209856
-0.9531335701083457	0.9536757864500833
-6.103743285078753	0.9999868014965859
-5.971306500829976	0.9999820983906407
-9.892996090418485	0.999999997854809
7.95034132889819	0.9525561712055902
0.2667814392459036	0.9525561897616643
-8.60757945532788	0.9999999586112384
-5.749320808545515	0.9999701666603421
7.769350852542001	0.9525561712056153
1.597202084686744	0.9525561461556905
4.951208754859957	0.9525561712334585
8.30206328195521	0.9525561712055765
5.602756733194752	0.9525561712125453
9.436446736265673	0.9525561712055635
-3.5061135363942597	0.9955315283362709
-9.490898108077692	0.999999994585425
2.957410417832648	0.9525561745138746
2.7477033258615293	0.9525561733851661
4.376437515532423	0.952556171316788
-1.7218065297465088	0.9616927948601965
5.936729419161114	0.952556171209127
-7.142894039971415	0.9999987934356078
9.167095887906072	0.9525561712055642
-9.14052201354481	0.999999987867777
5.465571758819735	0.9525561712127218
1.69696104166011	0.9525561456359452
4.44428465626833	0.9525561713184235
-5.277207334162375	0.9999117014184946
7.382147753315284	0.9525561712056738
0.23934365495380305	0.9525562271426254
9.73003983845651	0.9525561712055631
-2.114884697890478	0.9693814715535504
2.929690201206988	0.9525561749495343
5.328988789223509	0.9525561712196315
4.490446157205824	0.952556171270637
-2.151804743532697	0.9701873351762609
-8.01664009189436	0.9999998386310711
1.6881083388076803	0.9525561458560594
-6.490148748021185	0.9999945770738918
-7.90230998216221	0.999999790033824
7.131632815481652	0.9525561712057842
-7.583076723974829	0.9999995620958665
-8.93693994302463	0.9999999806124765
1.9545388479729908	0.9525561132284549
-2.1461791094059457	0.9700638850677267
0.31688922760770843	0.9525561439565777
-2.2909538673724494	0.9733849397662673
-0.2145601621440072	0.9525622807489911
-8.58090358044703	0.9999999559892983
-4.573466671853552	0.9995589605861848
5.161159812091345	0.9525561712198416
0.41660593426475323	0.9525561353488258
2.838481217792017	0.9525561747805278
-0.4319792674434133	0.9526087424738707
6.456530237031828	0.9525561712064436
0.42506087271743986	0.9525561352780018
6.762127128118173	0.9525561712060038
3.7690982374281035	0.9525561716508297
3.628465378108947	0.9525561716213782
-1.4859342735161505	0.9582160730607385
7.9484441880345	0.9525561712055906
2.858439912189713	0.952556174894092
8.727175170254124	0.9525561712055657
-2.0454219920074657	0.9678778867078138
4.137699914361757	0.952556171431856
4.656721639445127	0.9525561712612157
-5.136641415229679	0.9998780943444019
0.24657497322750999	0.9525562195923547
7.569504549630825	0.9525561712056194
-4.633004753348353	0.9996147291249976
-7.0275281316443206	0.999998426339652
1.4123436989425198	0.9525561148798488
-5.72748737251211	0.9999686301199342
5.284000331967906	0.9525561712195626
5.771436434279881	0.9525561712091444
6.696101689598997	0.9525561712060039
2.132243030051008	0.9525560952299945
3.137889921095276	0.9525561730408009
0.7057323649016602	0.9525561720883888
7.6133752074122825	0.952556171205618
0.9807090958820908	0.9525561424730029
-6.870148444115052	0.9999977391044017
-4.359086830789312	0.9992842296156981
-2.035649376404569	0.9676694533799267
-6.17924153279791	0.9999889067852112
-6.354806078815058	0.999992594626939
4.583652155301085	0.9525561712614331
-4.148671120260614	0.9988550818032936
-8.523728039993603	0.9999999497965315
4.831295730783314	0.9525561712315725
4.256900043575387	0.9525561713189472
-5.373694556265383	0.9999292502021085
2.212996573389802	0.9525560956009824
4.342099303148288	0.9525561713166814
1.7652058919181801	0.9525561310344898
2.469907141461656	0.9525560866046603
6.339460482781764	0.9525561712063956
7.131880774640397	0.9525561712057844
2.743030153998113	0.9525561741721567
-4.9838697149485744	0.9998270018943328
-5.476077778282797	0.9999440808512063
0.037185338595788764	0.9525563777251852
2.6629154764042227	0.9525561162849142
3.4179953422116185	0.9525561721143132
-8.375036946542558	0.9999999292991921
-0.877484876246676	0.953376478612515
9.749588601504069	0.9525561712055631
6.228437695568807	0.9525561712073229
-4.754349727916822	0.9997077206703838
-2.321585133634194	0.9741057301872216
8.55114713352457	0.9525561712055695
1.7594005012823608	0.952556135426066
-5.532826190923932	0.9999509190418406
-7.775321136473177	0.9999997187212064
-3.2108936350193984	0.9922105112279309
1.402796136234258	0.9525561153362802
4.0944969883630975	0.9525561714267671
3.6817832841267784	0.95255617165155
0.4923631401851125	0.9525561353130847
-9.61340892084825	0.9999999959163028
-7.042447036406987	0.9999984794773195
-4.52872623138143	0.9995118879844954
-1.343798637026076	0.9565499859416361
8.989622923309376	0.9525561712055653
2.8845548814617707	0.9525561748806854
-5.568976486690147	0.9999548330835066
0.8443050016085287	0.9525561696936456
2.018936427524988	0.9525561135241184
-8.161079523247135	0.9999998842873301
-6.132279870058772	0.9999876405142932
-4.46995427511403	0.9994424797914001
7.323865873718791	0.9525561712056735
-3.3018115313125618	0.9933919503755423
-2.8580386031152294	0.9862197934459359
-1.2898624189357033	0.9560062449520533
-8.387226673628557	0.9999999312560126
-6.431328417339062	0.9999937907029709
-3.1235023844784005	0.9909335871550764
-5.931766820406228	0.9999803932021853
9.403431183946562	0.9525561712055637
3.4194756006328486	0.9525561721146361
-5.521856183712424	0.999949665638743
-9.89857866668444	0.9999999978822071
9.470276471947287	0.9525561712055634
0.8017472649518442	0.9525561717740635
4.078272045379595	0.9525561714274892
-3.1819183813038387	0.9918025953542183
-0.6437934169513682	0.9527964184346619
9.382916444269426	0.9525561712055636
4.180243809762562	0.9525561713579044
-7.350423352809652	0.9999992517822964
-2.3500786435250065	0.9747780577361549
1.407366925705631	0.9525561152000674
-9.760526294976959	0.9999999970897105
1.8786732813924623	0.9525561132145346
6.319386391604517	0.9525561712063638
-6.828912388947792	0.9999975139303983
-5.338481949798695	0.9999232903524138
1.0872710218672985	0.9525561423762627
-7.774981982887965	0.9999997185014635
4.297484304757813	0.9525561713160763
-4.277617158785145	0.9991407807554183
-1.424707368540318	0.9574581487124063
-3.6815218401586636	0.9968691135757173
8.226104717520354	0.9525561712055765
-0.725301512907297	0.9529404475101415
5.629020265494486	0.9525561712126009
-6.455663479579723	0.999994128995993
9.400089711275264	0.9525561712055635
-9.234415019548528	0.9999999902265624
9.084097094323727	0.9525561712055645
-8.741999253853674	0.9999999696287344
-4.890653123870599	0.9997858832839285
0.05482531783522404	0.9525563354891226
-1.7196897612963902	0.9616571365933854
-0.14777300935472937	0.9525587997653499
7.467161789468957	0.9525561712056686
0.5619985790633031	0.9525561491769019
9.910326601398353	0.9525561712055628
-1.0913594447626096	0.9544368047714538
2.6741418047799073	0.9525561397644208
0.10853364621065786	0.9525562647969685
-9.703548240810225	0.9999999966817102
-2.2546096002980764	0.9725353841570704
-4.54899377157449	0.9995337950718397
0.16257636550453114	0.952556239548697
-4.806853938272457	0.9997407123367194
-7.4705072925415195	0.9999994325251564
1.5196916989074936	0.952556147865945
9.233234286631195	0.9525561712055646
3.8492016983785593	0.9525561716462999
1.4059176883028712	0.9525561152579425
-6.332285418910408	0.9999922005845772
-5.207774209273857	0.9998964471927841
0.5502852999693442	0.9525561413262326
-8.680153543409821	0.9999999649806235
-5.711869318291742	0.9999674827426168
2.3008556825547757	0.9525560955052671
-6.200530113127263	0.9999894372591618
-8.335876416812177	0.999999922627821
8.891707675589803	0.9525561712055657
-8.787281297333745	0.9999999726359254
-7.233431269899939	0.9999990204724805
-0.07795477351328373	0.9525571732926464
7.99588616007933	0.9525561712055906
7.817427842849476	0.9525561712055888
2.6082908947801364	0.9525560874664006
3.390000607695285	0.9525561721115497
0.3835813286079759	0.9525561359952329
-2.7942326874578027	0.9849136862188452
-7.666718109507293	0.9999996388073497
2.3842800354189286	0.9525560878832009
-6.264114737614599	0.9999908754146893
-0.7516681762934496	0.9529995242538097
6.763260767954591	0.9525561712060039
1.3564686204085508	0.9525561149191945
-0.09556842470408355	0.9525574578740292
6.707819752142722	0.952556171206002
-5.8145545294003	0.9999743238677445
7.535515577877607	0.9525561712056131
-6.804783706021729	0.9999973719119809
-0.3671559858598705	0.952585458002264
6.2644566777062	0.9525561712072185
-8.129714884326532	0.9999998756214145
5.2419549677395025	0.9525561712195497
7.716989177304772	0.9525561712056178
8.739924633268256	0.9525561712055656
-7.822759586190107	0.9999997478267804
7.062050517644309	0.9525561712057841
9.668134752227765	0.9525561712055632
-0.1996643899536199	0.9525612694888212
-8.208359391832193	0.9999998962229021
-3.382968420977188	0.9943238768289535
-9.062773633802523	0.9999999854892938
-3.6361912134356977	0.9965625233262471
-4.882154034520667	0.9997816830008628
-2.5387811039527053	0.9792158075119177
2.63953445329712	0.9525560841887664
-1.289177301617359	0.9559996108068107
2.5685295008379896	0.9525560861878053
3.224105179931996	0.9525561730590091
8.005957954945366	0.9525561712055907
-7.363421296272135	0.9999992738433257
-8.286738774834692	0.9999999133592155
4.617297319510328	0.9525561712611047
-1.1346666695236394	0.9547339596839616
-4.990204681889607	0.9998294926310579
-8.832935800114567	0.9999999753664836
-2.644950860734152	0.9816638922743327
7.642652966817835	0.9525561712056183
-2.743717923554798	0.983842982124301
3.2076509380841323	0.952556173028295
5.460275060696546	0.9525561712127097
6.288623950916069	0.9525561712067477
4.289598774400281	0.9525561713163899
5.9893324924949845	0.9525561712078571
0.6080168994861559	0.9525561709309395
-3.0486121021895496	0.9897289052386706
4.324848731433054	0.9525561713166213
-4.554848391137729	0.9995399411440655
-4.733393965455068	0.9996934210875955
-5.819217606561633	0.9999745978460264
-2.558617475230278	0.9796790258076362
-0.8644121351742982	0.9533293912154029
-0.6224999998067773	0.9527686489543222
-5.886690808095567	0.9999782504067405
-9.14244333310966	0.9999999879213315
-5.477886298490122	0.9999443127870387
7.552491901394443	0.9525561712056172
1.786841675333255	0.9525561157641869
4.781487899213484	0.9525561712443634
-6.656722080096089	0.9999963043948079
-5.994833310812795	0.9999830418201471
-7.968460839611207	0.9999998196987001
3.7598654285765534	0.952556171650408
3.1798301747129987	0.9525561730425108
-0.7624220977170992	0.9530254480731415
-9.332243793591326	0.9999999921977736
-9.983606908123313	0.9999999981136828
9.709149763146804	0.9525561712055631
5.570855473277181	0.9525561712125706
9.023144923836355	0.952556171205564
2.691498599481932	0.9525561711543575
8.878349269163412	0.9525561712055657
-2.399197424436741	0.9759372249664858
3.9632190428902234	0.9525561714319503
-4.298797614746537	0.9991805596624064
-6.842830489919138	0.9999975923332972
-1.0829599955773794	0.9543825182361128
-8.770592536941804	0.9999999715639459
-9.485795216462254	0.9999999945214297
-1.187204075095	0.9551312683803095
0.20254925564555215	0.9525562320863398
5.087813843344149	0.9525561712233007
-9.6122340628762	0.9999999959052407
5.397098479106738	0.9525561712132755
0.07641724503283953	0.9525562990121673
4.4193653181889445	0.9525561713163667
-2.9432956950823286	0.9878665875549321
-7.501963378765701	0.9999994721735257
5.9857842827702346	0.9525561712080022
-8.147226275000406	0.9999998805367505
-8.424870796597986	0.9999999369637101
7.180570039616722	0.9525561712057411
6.597514690273165	0.9525561712060799
-3.2999443525690797	0.9933691694576322
-7.5690993022716535	0.9999995477734199
0.9801742834592897	0.9525561424774412
-4.395133377370608	0.9993399797071714
-8.050149865862597	0.9999998506138592
-5.373419274177538	0.999929205450182
-7.69807787093399	0.9999996639688831
5.022962702556422	0.9525561712334368
2.388646596460383	0.9525560871584009
8.523364823580813	0.9525561712055697
1.9397456529610224	0.9525561132246249
5.28604363870015	0.9525561712195614
6.9659392346099125	0.9525561712057886
-9.983094671643737	0.9999999981136828
-0.4489810796499061	0.9526168444650557
9.858015975501921	0.9525561712055635
2.7760732479990313	0.9525561744029059
-9.584460975942548	0.9999999956348273
0.05881379618364768	0.9525563276657908
-1.267978711278177	0.9558004937582891
-4.014000245128666	0.9984600655012437
2.4622584431269168	0.9525560866751229
-6.867303376328326	0.9999977242457349
-3.028145337777035	0.9893825421804464
4.740396929081111	0.9525561712624059
1.1291691259652623	0.9525561436162711
7.739560733867492	0.9525561712056192
-7.592493150431379	0.9999995714880817
9.984363452649418	0.9525561712055629
-7.172382242158486	0.9999988726379611
-4.37011393654132	0.9993017552589935
-8.64629290755719	0.9999999621410084
-5.002129424801369	0.9998340847700754
9.016828839325456	0.9525561712055642
-2.4829058190053965	0.977900757705148
-0.554966557133131	0.9526925995765543
-3.9420355760840753	0.9981989831718233
2.976649230270505	0.9525561737036891
-2.2489710189210843	0.9724042158342792
-7.513482442734749	0.999999485989215
6.47568483695305	0.9525561712064442
-7.8468301233378135	0.9999997614229388
-7.464251759984166	0.9999994242922747
-7.651119029550988	0.9999996255982946
-7.578544968977856	0.9999995575026714
7.706864009695696	0.9525561712056178
-3.9371110878169757	0.998179672558616
-4.372559120800741	0.9993055843348724
-1.9018617548694259	0.9649312938124059
2.971178190534797	0.9525561739429314
-4.405653713272741	0.999355434637762
-0.6317034124321896	0.9527803465801005
-2.5115399128963523	0.9785766891747771
3.820023483332937	0.9525561716507236
6.240708687351798	0.952556171207355
1.0433147476322304	0.9525561425197027
-0.9165171320198962	0.9535263664522386
0.7624517821084389	0.9525561721636729
-1.0847500588774306	0.9543939948587198
8.814376149737782	0.9525561712055659
8.800841841126989	0.952556171205566
2.4895857056889437	0.9525560864387511
1.3074499856711377	0.9525561149323507
2.573950797414856	0.9525560861606919
-8.504794605762003	0.9999999475594595
8.516711615543336	0.9525561712055695
-4.651909970700845	0.9996309365045151
-5.342894776392071	0.9999240638481168
-5.819559796768199	0.9999746178359278
9.199787388335558	0.9525561712055645
1.005331806637182	0.9525561425003868
6.96942930769135	0.9525561712057892
-3.809944700573089	0.9976087635586359
6.448156084493238	0.9525561712064441
-8.947122137902873	0.9999999810617362
-6.555733042730583	0.999995337051652
-3.745135208389616	0.997258085073928
1.1709345468425312	0.9525561256314308
-1.306922686410715	0.9561736283053488
7.638377167173829	0.9525561712056181
-2.3634113462245265	0.9750927580255999
-0.4864057869241556	0.9526382207168725
-1.1823855452976026	0.9550931303214181
4.1913782072349814	0.9525561713311383
0.12358894387935138	0.9525562546204622
0.5740683408197746	0.9525561577712095
-2.395118782936061	0.9758410748827104
8.864236794090456	0.9525561712055657
-4.96672118450642	0.9998200766091838
-9.539885342650148	0.9999999951629889
-5.002579502406577	0.9998342556622949
-5.437044554776027	0.9999388330924379
5.965518853628691	0.9525561712088014
-3.1069100437539987	0.9906753537654349
-9.91404942485814	0.9999999979563169
-8.180050679314657	0.9999998892331349
-2.248951535458543	0.9724037629454167
-3.5781186060269077	0.9961311578634188
-1.1122176707082243	0.9545764310498808
7.30168435969912	0.9525561712056736
-8.535379208292877	0.9999999511254759
6.789011938449292	0.9525561712060048
0.013964339956778815	0.9525564567683374
4.702977564939221	0.9525561712609737
3.0031576532883832	0.9525561729118255
-2.3422652103076524	0.9745936506957962
-2.4546069944191506	0.9772359432766755
-6.833764754402796	0.9999975415503324
-7.774223204863686	0.9999997180092176
-2.8481291956250887	0.9860209070383574
5.643271840000285	0.9525561712127161
-9.375993611112907	0.9999999929454634
6.997760391039346	0.9525561712057838
6.60202231032811	0.9525561712060423
-6.70239985895031	0.9999966733008824
-9.737236203049871	0.999999996929379
-1.583728690995283	0.9595219466074334
7.127668726349761	0.9525561712057833
-0.3850909686387851	0.9525908004398085
7.73304418944813	0.9525561712056185
1.8339621181918542	0.9525561128655551
6.075115839519537	0.9525561712073543
-5.610352139063131	0.999958931844145
5.3787399249586585	0.9525561712161086
-3.701284699904339	0.996994963876009
5.481229216985049	0.9525561712126365
6.762145518146507	0.9525561712060039
-2.6125619182050297	0.9809261710629323
-3.1703374266958573	0.9916352754471047
-5.445973896717384	0.999940075370472
0.3037167778755645	0.9525561484035696
5.364141588593787	0.95255617121837
-2.745177404404626	0.9838742731893607
0.6351508218037729	0.9525561712469423
-2.665469624723933	0.9821258159283138
-3.004594463633903	0.9889745880046076
5.621864590649528	0.9525561712125409
-7.038826245833794	0.9999984667481695
9.868368004686637	0.9525561712055635
9.259985565007717	0.9525561712055647
9.562181069187439	0.9525561712055637
-4.05340610829001	0.9985874090270327
-0.8283161609023093	0.9532094868346085
-4.581442381925789	0.9995668691799909
-8.474804678376277	0.9999999438103038
-5.988353252833072	0.9999827870399667
9.621847317927354	0.9525561712055635
1.2526747048258091	0.9525561154472237
-5.847643495984545	0.9999762059502689
-1.6139063355160452	0.9599702433816831
-7.7882090338977505	0.9999997269455384
7.1300719741377385	0.952556171205784
4.306773124045108	0.9525561713161173
2.989559220737682	0.9525561732049741
8.458451858392433	0.9525561712055696
0.39818595178723015	0.9525561355465065
5.546659514958305	0.9525561712125702
3.5675035068643357	0.9525561719420863
9.339195187651335	0.9525561712055635
-7.442475270903177	0.999999394689612
9.746074797905639	0.9525561712055631
4.176866734534759	0.9525561713667952
-5.12048816745915	0.9998734945578605
-3.3444031352541392	0.9938950657571628
3.5264257527242435	0.9525561721266339
4.300092593756148	0.9525561713160517
-5.266287235713718	0.9999094599432812
2.6143929197069546	0.952556086669562
1.844394379415931	0.9525561137236038
3.176444148399348	0.9525561730428129
8.081239620289693	0.9525561712055858
2.0025337242755867	0.9525561130005246
-5.105015073792898	0.9998689265170249
3.4842729102113523	0.9525561721159744
-5.696083757671815	0.9999662804451273
7.833573819394694	0.9525561712055878
7.0865706859514646	0.9525561712057845
2.983226876555518	0.9525561734318764
-1.5683764356210048	0.9593022442291718
-4.198771907315084	0.9989755773741034
8.755115059079124	0.9525561712055659
-6.184570811603174	0.9999890420297975
2.4590201076776808	0.9525560866937717
-4.874172497174936	0.9997776641081392
-9.985011186529679	0.9999999981136828
6.612626391432105	0.9525561712059818
6.002624976911882	0.9525561712073978
0.33751216816148677	0.9525561409524932
-6.231352547370328	0.9999901606860389
6.7140366822760065	0.9525561712060022
0.04206300697780918	0.9525563646791344
-0.03317017886986662	0.9525567118165155
-4.963611593382979	0.9998187916392298
7.777455207927719	0.952556171205611
9.291664462239137	0.9525561712055642
8.678911180568907	0.9525561712055687
4.805126902920559	0.9525561712323886
-3.796919917792625	0.9975417715579792
-1.783589966549176	0.9627600809637049
-1.7086240832052866	0.9614718245648162
-3.368116103790686	0.9941616785351409
4.982685117471215	0.9525561712335003
-9.149161569737698	0.9999999881067415
-1.7438690875330423	0.962068073503532
4.892233584823034	0.9525561712333879
-2.951654454302086	0.9880215316015262
-6.175716556815902	0.9999888164142721
9.14347488827742	0.9525561712055641
-1.8019648021084436	0.9630865928590063
1.4520988319946504	0.9525561208044698
-8.570725923641351	0.9999999549457351
0.37914174470008	0.9525561362340632
9.97544610599082	0.9525561712055628
1.6101794556849889	0.9525561460588278
-1.9179478510565637	0.9652478807525137
1.1587903434950562	0.9525561331672668
-3.4366196646921576	0.9948795941200432
0.12046143010836374	0.9525562564886159
-2.4279109142504307	0.976611871509567
1.971261413991252	0.9525561132792573
-7.612395294376628	0.9999995906818
9.676894131134738	0.9525561712055631
3.1505396725808197	0.9525561730396104
-9.567365469833216	0.9999999954595697
1.212918855542453	0.952556113272765
7.4649919154941635	0.9525561712056707
8.142483145316874	0.9525561712055756
-5.639867290895104	0.999961626647904
4.8400196943731935	0.9525561712326465
-0.9526697926753336	0.9536737842161269
2.398585815079306	0.9525560860372523
-3.677376149874334	0.9968421230628153
7.457618751242823	0.9525561712056747
-2.468707045025842	0.9775663159730189
-0.848715626009021	0.953275506806097
-3.1227082753435287	0.9909213439024773
-6.805363209866169	0.9999973754161231
8.273435456979893	0.9525561712055765
-8.203297213044532	0.9999998950061919
2.6277591456583913	0.9525560832108139
-3.1850730100475655	0.9918477482945229
4.247938835867151	0.9525561713174406
-2.210467116950059	0.9715144472831544
3.192157498412218	0.952556173036147
-0.13073964565018414	0.9525582631931582
1.627542730274989	0.952556145958052
-0.06413527244555794	0.9525569950266377
4.147443315846706	0.9525561714280202
-9.689629264466987	0.999999996573639
-7.171695750618929	0.9999988708545917
6.077048572387767	0.952556171207351
8.213406028600886	0.9525561712055765
4.6879786148804	0.9525561712612811
2.520434003870564	0.9525560865093544
8.479025842508694	0.9525561712055698
5.768343534889894	0.9525561712091493
8.609644955971675	0.9525561712055696
-4.4143320729997	0.999367916745114
-8.472636673137558	0.9999999435291047
5.853201624868323	0.9525561712090731
2.975110977105695	0.9525561737703504
-9.075375380357915	0.9999999859042971
-9.679454152959144	0.9999999964924158
7.253249047905371	0.9525561712056726
-1.809533537607507	0.9632216602131044
4.716745730369176	0.9525561712609468
-0.20467214086511198	0.9525615921945777
-7.609730096858374	0.9999995881621845
-7.605615435568485	0.9999995842417904
-1.8290789816174637	0.9635706689064379
-2.3746519704867453	0.97535809511531
3.6298829304117177	0.9525561716242298
4.559500580710623	0.9525561712624324
-2.589922012328363	0.9804052176421906
3.722852691505807	0.9525561716503729
6.115427249056605	0.9525561712073144
6.064890120235823	0.9525561712073602
4.369533813207283	0.9525561713167183
-3.002322366347445	0.9889346999736093
-7.9731187704652	0.9999998216221343
-7.040571863938889	0.9999984728982639
-7.792136194012609	0.9999997294034978
8.342533817703629	0.9525561712055768
-3.453727015480945	0.9950470367798002
-5.16266754965542	0.9998851577511081
-8.064658502713552	0.9999998555220037
-5.3263516751524875	0.9999211233833153
2.0104746421172326	0.9525561131208482
3.1258536539842474	0.9525561730409404
1.383570310175962	0.9525561150340983
-6.192029954117975	0.999989228561704
-2.6737149444418407	0.9823101894639008
1.1441427028969606	0.9525561406553594
-7.230390291738704	0.9999990135899333
1.9138406862942539	0.9525561132044962
-9.25487281805221	0.9999999906762721
-5.058945935729788	0.9998543305163297
4.071837132418533	0.9525561714274032
7.986271854542146	0.9525561712055903
-6.328567274321175	0.9999921335427465
4.593861771243288	0.9525561712610175
-9.70497508502051	0.9999999966925943
7.087564492040887	0.9525561712057844
-5.101339930068356	0.9998678175992544
4.732149283633472	0.9525561712620503
-7.293989140103383	0.9999991479586172
-4.103603382619481	0.9987351421907705
6.21995726444835	0.9525561712073111
8.579841852303506	0.9525561712055693
0.9016774937303218	0.9525561419970765
-6.006634701788802	0.9999834961809133
8.562756572637223	0.9525561712055696
-1.9244391616262178	0.9653764494837602
-3.161012976899684	0.9914987732676531
-0.12902620532825182	0.9525582151276791
-7.685671111283439	0.9999996542309233
-4.729592174710784	0.9996907536516912
7.974540917746253	0.9525561712055904
2.1957991376297983	0.9525560955324307
-0.382860593437675	0.9525900872265918
4.229831134280424	0.9525561713093997
7.071393813425232	0.9525561712057838
-0.6514611113156654	0.9528071749101756
5.139424897124286	0.9525561712190328
-8.45132137722969	0.999999940688331
-2.8332721812717176	0.985719977676937
9.138700533368937	0.9525561712055641
-0.7044618765961488	0.9528980949154955
7.737986693812225	0.952556171205619
1.8433827313487718	0.9525561136750289
-3.6446512336612447	0.9966216873947176
2.3399693745867456	0.952556095776407
0.26705701068090804	0.952556189322689
4.938860145011802	0.9525561712334765
-9.021019206425915	0.9999999840249187
-2.2090322280116004	0.9714814579671982
-9.995501331905462	0.9999999981136828
4.8051291263160465	0.9525561712323883
6.529472960583579	0.9525561712064448
-5.475969805756145	0.9999440669736805
9.474294563255704	0.9525561712055637
8.431647994515004	0.952556171205569
6.137891868812048	0.9525561712073227
3.0546949953800286	0.9525561730798678
2.946116411516911	0.9525561748428556
4.524041168121746	0.9525561712562985
2.255876741632271	0.9525560956221526
-6.5142501066397385	0.9999948697718675
9.620626006337062	0.9525561712055634
3.914444762757592	0.9525561714055535
2.660128915683506	0.9525561107952486
3.701594990034156	0.9525561716480369
0.058323105080022586	0.9525563285981489
-2.748240632646435	0.9839398692761477
-1.2047038273830424	0.9552716766932057
4.175102029433786	0.9525561713714746
-5.892418344100614	0.9999785351534899
5.602358681660844	0.9525561712125467
-6.825609755238493	0.9999974949543278
1.735363138562196	0.9525561470257389
9.875852920898701	0.9525561712055635
7.2131278744702385	0.9525561712056694
1.3318320896706162	0.9525561150342513
6.521710796885138	0.9525561712064389
-2.695929288529082	0.9828032219443406
-3.401130679620308	0.9945172728148239
-3.151648829078555	0.9913600879566989
1.1394238805176968	0.9525561422038606
5.450452780718326	0.9525561712125878
-4.0249188463589425	0.9984964014504403
-1.4408403492638033	0.957652325380969
5.462427941266901	0.9525561712127185
-0.6791613647013683	0.9528511550292976
1.6946714334689528	0.9525561456784245
8.823018667438536	0.9525561712055656
-4.278235375617165	0.9991419679475828
4.608454474643096	0.9525561712609767
1.2860413710675012	0.9525561148703103
4.071174990728581	0.9525561714273889
-3.315191745066004	0.9935534085414331
7.450592212513307	0.952556171205676
7.056471287595279	0.952556171205784
-0.7460367209002463	0.952986373099293
4.8309443531747895	0.9525561712315332
-3.898584602352262	0.9980217606662488
0.18071006689452496	0.9525562353388931
8.833357558925815	0.9525561712055658
-1.1885581890486527	0.9551420345122497
-6.189379570544502	0.999989162649592
-1.5597524224571835	0.959183029639007
-0.7782015568276393	0.9530654681071443
-3.676594549046799	0.996837011252734
8.470219352916697	0.9525561712055698
-9.173658640390826	0.9999999887590305
-7.672178212257759	0.9999996433199025
4.026733839209502	0.9525561714272274
-3.836917045188697	0.9977421844957731
2.987264633833897	0.9525561732820457
-1.9448455602733006	0.9657846742108812
-2.0089891244892	0.967105391688602
-7.995277865807018	0.9999998304952081
-2.759272668342465	0.9841752700076712
5.3854507006458885	0.9525561712149937
3.323374638376176	0.9525561720427416
-0.043757982061670475	0.9525567936067536
-1.4655246048165402	0.9579569770176508
-5.391314875153959	0.9999320567486755
-4.265662143448026	0.9991175069595103
7.285539724955136	0.9525561712056753
-7.897401179024461	0.999999787647147
4.929917480708248	0.9525561712334671
5.044654716990685	0.9525561712339845
1.3210346677865878	0.9525561150120384
-1.9634935429041445	0.9661630134202545
-7.581768582107751	0.9999995607749074
3.0969962247246983	0.9525561730303924
1.9475298835594081	0.9525561132167246
-3.6597993783359817	0.9967253710053171
6.402441495295417	0.9525561712064398
-4.734183885860137	0.9996939724524937
4.442918174793377	0.9525561713186786
-6.719912468857454	0.9999968047650035
-8.474098486158983	0.999999943718862
0.0394034595366719	0.952556371652325
-5.5958820235173645	0.9999575424626039
-0.2388937544266625	0.9525642894826535
-2.770047007957128	0.98440401949536
-8.705767803045056	0.9999999669862958
-9.411466465857421	0.9999999934987635
4.41843658100542	0.9525561713162742
1.4219881911289391	0.9525561139794536
5.107906164509632	0.9525561712187953
0.7168760279378681	0.9525561720421052
2.7476526829638015	0.9525561733914368
-3.021989441099855	0.9892768820670358
-7.784770009568036	0.999999724774769
-3.1557202219449243	0.9914205833952175
3.7476559171277337	0.9525561716504134
5.487530381323156	0.9525561712125873
-2.011354456131258	0.9671551269938916
-6.262757663004903	0.9999908468664903
-1.8051588762072868	0.9631435696969595
-5.26714207408284	0.9999096374362962
-5.256890948586843	0.9999074859014888
-9.349127019585936	0.9999999924952645
-1.9670000687045288	0.9662346721217272
-5.468572039808102	0.9999431079175328
-1.6321788995739297	0.9602478779211365
-0.10682856159041165	0.9525576774776107
-4.029455360529228	0.9985112579228972
-9.803718278143858	0.9999999973652218
0.8395653822058726	0.9525561714019418
-0.524676822467022	0.9526659622807504
-4.085636732365416	0.9986840473889323
8.442035293300162	0.9525561712055692
6.2135826012880315	0.9525561712073108
-9.290472820662314	0.9999999914100718
-7.174259912930516	0.9999988775013995
8.727947081903672	0.9525561712055657
-1.9493215979650849	0.9658750486216111
-3.333305262540751	0.9937670033984736
2.7439218318965075	0.9525561739879376
-8.77273505152706	0.9999999717038845
7.705445330355193	0.9525561712056182
9.034126950257416	0.9525561712055641
3.37966131880831	0.952556172118436
-5.610974291340414	0.9999589905529664
-1.1681613025553297	0.9549824303866021
3.6814504431227135	0.9525561716517051
9.172071965890805	0.9525561712055644
-3.6024868081916805	0.9963176277455168
-5.883316941435144	0.999978080909885
3.9751758943862914	0.9525561714295997
0.10733829462775901	0.9525562657404456
-6.966213242529813	0.9999981877333436
8.351376548491597	0.952556171205577
3.8686493024668067	0.9525561715666618
7.230377755511515	0.952556171205663
1.924953476883795	0.9525561132438126
8.265963149856844	0.9525561712055766
1.1112618968589594	0.95255614261258
4.866881238351324	0.9525561712340478
9.999622635869699	0.952556171205563
7.476945534710936	0.9525561712056585
2.7367515315484994	0.9525561759634689
6.516429273216389	0.9525561712064382
3.7008182389165256	0.9525561716480052
5.553707583246933	0.9525561712125673
-7.654484894878628	0.9999996284887325
-6.025748937099591	0.9999842064141066
0.6379833121245824	0.952556171240214
7.518177769929473	0.9525561712056144
-5.954979398998521	0.9999814130065912
-6.662377660352945	0.9999963522030979
-0.42757723259479263	0.9526067953076407
-2.550490928304625	0.9794895027001119
-8.856238183917679	0.9999999766533763
-8.338749557754133	0.9999999231379977
2.0570244921774883	0.9525561088027045
-0.7000098348324091	0.9528894868560767
-8.060196675286546	0.9999998540300209
-9.158682071678221	0.9999999883646257
-7.337930786842577	0.9999992299477576
-9.034770068800594	0.9999999845228037
-6.977724002892107	0.9999982351323152
4.192991903813077	0.9525561713278294
7.706293177184289	0.9525561712056181
0.6568235419081816	0.9525561715516809
2.589890800130963	0.9525560868280284
8.927463632692287	0.9525561712055658
-6.6750518856831675	0.9999964571068548
5.3548866505162565	0.9525561712193714
-7.606062279097947	0.9999995846693369
-8.967419273287746	0.9999999819264678
0.33692152458050373	0.9525561410304234
3.2803726225998453	0.9525561723916173
-7.004059964468521	0.9999983389681889
1.6547755523906247	0.9525561460577601
-2.429739327506333	0.9766546616065778
-8.158618089329366	0.9999998836296417
-5.72526199765492	0.9999684691379708
2.1731780765377806	0.9525560957242059
-9.997953531643176	0.9999999981136828
0.9605850341512969	0.952556142832409
-9.863214601027233	0.9999999977025411
-3.649326507978481	0.9966539945618531
-4.682689479734985	0.9996558947977079
-4.849416914139435	0.9997647260683539
4.991078038774418	0.952556171233473
-6.950171500115712	0.9999981195447789
-9.364006984750386	0.9999999927480435
-7.963808988828336	0.9999998177570731
4.22520431973779	0.9525561713074963
-0.34069910012017424	0.9525792228394059
-9.931049833566536	0.9999999980347677
1.382551524102924	0.9525561150091789
9.598015980052985	0.9525561712055637
3.7545805818588605	0.952556171650315
0.35559651438139994	0.9525561385449482
-1.4134013420047786	0.9573244267891009
9.543725665819252	0.9525561712055635
-6.313166240901942	0.999991849655864
-0.44753396017175007	0.9526161179815081
1.3687919327964124	0.952556114859274
0.03556539822726634	0.9525563823127541
4.8351267577308565	0.9525561712320313
-6.420435660673518	0.9999936330287116
2.378894615900716	0.9525560889146748
0.8986125192950709	0.9525561424292405
3.7005499953558427	0.9525561716479962
-7.126778284059498	0.9999987478234279
-8.093886773173601	0.9999998649254211
8.146576825685557	0.9525561712055757
5.682226650750879	0.952556171210641
-3.349741926482128	0.9939559212209038
6.231911904421246	0.9525561712073325
7.475856355942621	0.9525561712056596
-7.626741241696875	0.999999603981697
5.256043848780818	0.952556171219539
1.3109190361695369	0.9525561149564648
-8.132692997303398	0.9999998764713947
7.716621648514739	0.9525561712056181
-5.496389683891283	0.999946631326541
5.798750744658353	0.9525561712090586
-4.370033723176632	0.9993016292990904
-2.6081669053840573	0.9808253435146569
-2.3931958209648974	0.9757957258662394
-2.383494581021095	0.9755668231860224
2.2280333273214215	0.9525560956312805
9.434666572507318	0.9525561712055636
-0.7207049312956002	0.9529307941005521
-3.2641336510483265	0.9929203236076207
4.760065591987681	0.9525561712575905
9.714655088976972	0.9525561712055631
4.182221346526095	0.952556171352793
5.972119288846823	0.9525561712085648
-0.7264818054677669	0.9529429566926154
-9.87847044169011	0.9999999977818467
5.832596802777017	0.9525561712090737
5.567142485007794	0.9525561712125681
2.6188569892568303	0.9525560855711642
-8.380775289890217	0.9999999302272161
4.662350351098144	0.9525561712612256
-3.553939395286445	0.9959380617441658
0.5684288462058049	0.9525561538103882
8.30134787795615	0.9525561712055765
9.25670594921625	0.9525561712055648
7.654002773818675	0.9525561712056181
-0.5271668554586917	0.9526679892410286
-4.414696593750156	0.9993684358278307
-6.327463690949746	0.9999921135334273
1.634808233235141	0.9525561459531291
-6.232355755114405	0.9999901833807583
-2.89124710299161	0.9868751890221494
-8.473686442361025	0.9999999436654393
-6.804847658738162	0.9999973722989197
-1.2749244920978455	0.955864175573349
-2.864805751127344	0.9863547503948026
6.067685658854451	0.9525561712073606
-6.394846070525921	0.9999932466874748
0.4067474487851186	0.952556135434565
-7.15637245184126	0.9999988303049373
-9.802662187568348	0.9999999973588068
-9.495251763661079	0.9999999946394336
-8.066834358392278	0.9999998562440429
-4.718145191650613	0.9996825826704928
7.124365978079005	0.9525561712057827
