-3.538331490105624	0.9956980089324263
-9.242830361254487	0.9999999901915166
-3.866154533181416	0.9978262576674412
-8.624807115732423	0.9999999592971556
-5.245322559706502	0.9999027832470472
-2.163899942513474	0.9690072994581295
-0.6767233812697029	0.9487482696978179
-9.38872068591833	0.9999999929901061
-2.412643263146612	0.9752329077274908
-1.2272722656431156	0.9521396467115822
9.627303862424807	0.9482460415833305
-9.703082019578279	0.9999999966010056
-4.829446295009019	0.9997479807002845
-0.9230589855993685	0.9497376267796622
-0.5808538120697762	0.948548639969373
-0.14765162192567516	0.9482545728551854
6.337482680276075	0.9482460415849008
8.157011522508974	0.948246041583356
0.969124544638337	0.9482460815295952
-7.299231732682818	0.9999991386321931
-1.3987828878692419	0.9541688025027182
-2.85938252590634	0.9857772867631731
0.6578374697609668	0.9482460545961833
4.93621070050863	0.9482460416362158
3.072272645551241	0.9482460449285728
-7.655626591206768	0.999999620859204
-5.988306688865426	0.9999823851929058
-0.0035011217217970625	0.9482474799808113
4.01157403262232	0.9482460420007968
6.691119401344714	0.9482460415841738
4.832079796215986	0.9482460416327838
3.2501088838006353	0.9482460448030132
-3.750377834587346	0.9972193960061896
-6.216061930043866	0.99998957145382
-7.985753846653041	0.9999998227133196
7.492383328527225	0.9482460415834733
5.806271997078149	0.9482460415899624
0.8943947617463532	0.948246080228478
3.9509706586307267	0.9482460420086395
5.913237056961211	0.9482460415899547
-9.225492636589339	0.9999999897920242
-0.45198516562512836	0.9483770727352479
8.380931959055665	0.9482460415833525
-3.099481464670144	0.9902688584208832
-5.2492501470839725	0.9999036557484351
1.851387401950726	0.948246092360055
0.5350382083160987	0.9482460790732349
0.708970026232354	0.9482460541919708
4.702278513619248	0.9482460416882553
-0.7060296297043465	0.948829628210224
6.718998195200246	0.9482460415841673
6.726721775711404	0.948246041584169
-9.675070400987815	0.999999996374552
1.1184528948155847	0.9482460806435052
-6.379596159179242	0.9999928429268448
1.0912631140235476	0.948246082001059
-3.2345905474268966	0.9923157366728069
4.831885007875654	0.948246041632741
-1.6309795031661558	0.9577154241477618
0.6345412730412647	0.9482460548753261
-3.149086282420641	0.9910612995062955
6.9238066564469705	0.9482460415837115
-2.748194487500024	0.9833597361675135
9.809293657665688	0.9482460415833305
3.05773633237993	0.9482460449655928
9.097550815134877	0.9482460415833331
6.728398236810097	0.9482460415841695
3.5216301133456582	0.948246043253932
0.8952681278713559	0.9482460804247949
-5.521271236406249	0.9999484254709304
-3.8342847421341197	0.9976727283500367
7.483860381099756	0.9482460415834949
9.182685013860365	0.9482460415833329
-6.65172034431869	0.9999961747653183
-3.2335401379296425	0.9923011752092464
8.027164638740981	0.948246041583383
3.120912326271119	0.9482460448934665
2.431878821092056	0.9482460542564568
-9.83484730685137	0.9999999974905117
-4.295605197210364	0.9991549842322088
0.3850924413325618	0.9482460797904461
-9.789489383846322	0.999999997214244
6.9434125012323555	0.9482460415837319
-7.811419952906182	0.9999997351446953
-1.7979504962792383	0.9608481064607746
-4.1033580474830345	0.9987038210006719
-0.9223521980555063	0.9497338821163648
3.815707947499636	0.9482460424149598
1.7489656125817632	0.9482461308023931
-9.246923586842609	0.9999999902835274
-8.271136795679848	0.9999999081044801
-8.439561335361013	0.9999999376451499
2.207174955744179	0.9482460671865441
-9.69641397206708	0.9999999965484162
-6.912672200668513	0.9999979023616287
-2.8426797692360717	0.9854261734134585
9.475841498328208	0.9482460415833316
0.17587087342610275	0.9482461663608668
-6.103156528466553	0.9999864766073618
-0.3921340639296176	0.9483296919866135
-3.756556169334906	0.9972553498139557
9.002576743579521	0.9482460415833337
5.951062220108119	0.9482460415900795
-4.717999290762198	0.9996750249789712
-9.610575897159016	0.9999999957941245
-0.6369824899256535	0.9486566766871244
-1.83677280468887	0.9616196499259108
4.285656402978976	0.9482460417935763
-7.167644702201961	0.9999988338047853
4.841737653732427	0.9482460416350402
-6.88602338200802	0.999997769626191
-5.008907607959192	0.9998328255569306
8.654801299473569	0.9482460415833435
-7.673228169255535	0.9999996359180553
-3.6436480818231365	0.996527169314444
-2.3148373377503484	0.9727671422295715
-3.312690822459907	0.9933402786792763
-3.531968836666972	0.995642808570864
6.476699592388641	0.9482460415850077
-2.3947448004503125	0.9747834165938969
-8.293034333434953	0.9999999126230542
-9.468920822935093	0.9999999941721089
6.013359284053102	0.9482460415864408
-4.4991930177865225	0.9994658119782681
2.088636770722708	0.9482460687130664
-8.066460389656257	0.9999998527789429
7.683738252261385	0.9482460415834357
1.3403859156699518	0.9482461232386862
8.446361872473503	0.9482460415833421
8.105546388322438	0.9482460415833592
1.1073974362951855	0.9482460818555051
-0.10939606427313286	0.9482514583609554
4.958226356777553	0.9482460416361683
-5.1988336487357145	0.9998918377226883
9.072849968199886	0.9482460415833328
-7.139175656539405	0.9999987547996844
9.561476824365826	0.9482460415833317
-5.557647463443338	0.9999525629902629
-6.251360656423897	0.9999903852830935
-8.991636576094661	0.9999999825097667
1.6147800254666222	0.9482461358911188
3.9745384746785195	0.9482460420070103
7.13836221980452	0.9482460415837567
-8.956010013681738	0.9999999810144936
-9.145308173296556	0.9999999877221009
-7.340900057758013	0.9999992174333108
5.452089113863003	0.9482460415967213
1.713934180010659	0.9482461361005589
4.577751615639709	0.9482460416897907
-9.341279735744967	0.9999999921809759
-8.652708154996747	0.9999999618298593
5.078729209820505	0.9482460416225679
8.394411083467666	0.9482460415833481
8.417139758720225	0.9482460415833426
1.9489545611522896	0.9482460914560897
4.310349881046985	0.9482460417926156
-8.250339815910213	0.9999999035968383
-0.7436776230888107	0.9489468597929361
-5.314779869594335	0.9999171131440296
9.766453829049652	0.9482460415833305
-9.151102733056092	0.9999999878848296
-3.468216651927043	0.9950553608321836
1.9584164343582664	0.9482460914908953
5.177942277562565	0.9482460416101648
9.916313228095174	0.9482460415833305
-8.335278135530015	0.999999920721917
-2.2822692847269144	0.9719461191642234
7.785103526911197	0.9482460415834122
-0.5819057976104212	0.9485505211840377
0.3499851441377011	0.9482460815834415
-8.907747131887064	0.9999999787829501
2.7866150552604196	0.9482460481401549
8.360312480991393	0.9482460415833566
2.0659010199601404	0.9482460805250035
5.831710672706571	0.948246041589998
-2.846166767713245	0.9854998529898491
-3.03077582940523	0.9890940357101926
7.725982940738554	0.9482460415834354
-2.6667189521628254	0.9814828585726082
1.3239116516254725	0.9482461232170621
5.316735414383507	0.9482460416096791
7.784980705132515	0.9482460415834125
-6.480441978850071	0.999994325721788
2.847716549573626	0.948246048160396
8.33703979558214	0.9482460415833563
-0.964165412694932	0.9499661466614195
3.3475808474447852	0.9482460432682168
-0.9856366566116836	0.9501015887563405
4.41821920566484	0.948246041792708
0.11440315147929425	0.948246306031626
2.9454794916058002	0.9482460481231973
-9.728524720002202	0.9999999967944122
8.831087549375614	0.9482460415833361
-6.848179033136419	0.9999975665682374
1.6976034200121823	0.9482461353634319
7.60038707199978	0.9482460415834353
-6.809741058042378	0.999997341394023
-1.5801050696161134	0.9568492139294754
-4.483232599031597	0.9994461704936872
-9.994519671088252	0.9999999980698774
-4.385353993510601	0.9993092657306123
-2.155169183898167	0.9687980247201672
3.7069634127438356	0.9482460424146261
2.0110539860910226	0.9482460913490109
-0.7578144767112462	0.9489950120096599
9.126635486010322	0.9482460415833329
1.9696528926760948	0.9482460915398252
7.1548548038911655	0.9482460415837575
-0.19899431962394942	0.9482610866110772
8.116227810588896	0.9482460415833553
7.018250388860281	0.9482460415837498
8.975286115470617	0.948246041583336
4.55070530563221	0.9482460416898916
8.077514608192114	0.9482460415833763
-1.3794700921200267	0.9539117119161146
-1.1812865897903677	0.9516865009672578
-5.693325329800443	0.9999652769043779
-5.194236284110243	0.9998906907206747
-5.5034718744299616	0.9999462715441739
4.721973594015868	0.9482460416886301
-5.950899116648332	0.9999808016823482
8.716925756568482	0.9482460415833358
3.0598486044555315	0.9482460449638518
-7.733393103780046	0.9999996830178356
-5.9486754680448195	0.9999807031935019
-7.354805487978395	0.9999992420923516
-7.922998986987766	0.9999997951525433
0.7186515182447994	0.9482460542166649
3.4868064205753377	0.9482460432468836
-8.133100742049827	0.9999998737213598
-6.39960943385288	0.9999931651831615
7.355661922859298	0.9482460415835415
2.218244575034497	0.9482460672503717
-7.160803110466785	0.9999988152884337
-0.7552905881763685	0.9489862486207413
4.292693185047254	0.9482460417926408
9.072033722485045	0.948246041583333
0.935173534256597	0.9482460813812563
8.457632167405595	0.9482460415833428
7.5153280757792515	0.9482460415834306
-0.3340540836130188	0.9482989815176872
-3.8987382856578945	0.9979734438680422
-8.96260036168953	0.9999999813004211
8.564889337526736	0.9482460415833431
1.2024231938031082	0.94824612504208
8.236410680065823	0.9482460415833562
-4.96937428651175	0.9998169878992563
2.0940244754581485	0.9482460669518266
9.61903057619412	0.9482460415833307
-6.106787411577961	0.9999865891485912
-5.237767017125861	0.9999010826012042
-6.907763971853984	0.9999978785219968
-9.362023257146447	0.9999999925456666
-9.501758930465583	0.9999999945965227
3.0211607154667455	0.9482460446257857
-2.6106377545360004	0.9801419847048944
6.6176429701839155	0.9482460415841022
0.3517094695491494	0.9482460814592563
-3.9209914393793754	0.9980685545381611
9.89465630735954	0.9482460415833306
9.412575038180286	0.9482460415833316
8.712144947607339	0.9482460415833361
-4.551592397249009	0.9995256028598363
6.049192642781552	0.9482460415866465
-5.935701942849403	0.9999801184294057
-4.1462131905046995	0.9988210670684791
-8.500534573316031	0.9999999458127445
-4.140755662213711	0.9988067228174521
1.4381517949256217	0.9482461231434712
-9.7530889198885	0.9999999969706918
0.08657138928778174	0.9482464355002737
-7.853575251816967	0.9999997596447243
9.559215300624682	0.9482460415833316
-9.920080385685779	0.9999999979376943
-3.025009365161546	0.9889913963402165
-7.559367181253425	0.9999995267851662
5.672051389548063	0.9482460415945582
7.336972465628037	0.9482460415835414
6.063243178300848	0.9482460415867436
9.188979794390374	0.9482460415833326
-4.725316462290574	0.999680398540884
3.5584152556621937	0.9482460431000838
6.814970643283086	0.9482460415841655
5.605114560354796	0.9482460415965677
1.3381833616298522	0.9482461232348027
7.975172807644917	0.948246041583383
-9.778835861766982	0.9999999971450629
-9.396772037253132	0.9999999931188626
-8.043046132327095	0.9999998446239462
5.9435152076505595	0.9482460415901383
-7.072716428811923	0.9999985489058518
-3.1120139719491435	0.9904735992679233
5.605302502843315	0.9482460415965667
7.390216298607804	0.9482460415835419
-8.054035023205465	0.9999998485060472
3.6090049571590974	0.9482460423452493
3.6634906450975	0.9482460424353404
-7.7529622728600245	0.9999996969837528
-1.344593724169174	0.9534645761119911
5.321836732221099	0.9482460416097573
0.47368014379567924	0.9482460790013473
9.497456721782278	0.9482460415833315
4.813766273731153	0.948246041631446
3.287365872785548	0.9482460434926759
8.932727730084235	0.9482460415833366
-3.7688873980580206	0.9973258442830518
4.184496935715018	0.9482460418508764
5.192904605971652	0.9482460416097745
4.325678182191215	0.9482460417934306
7.40161654227304	0.9482460415835415
4.217783738581261	0.9482460417731616
-4.30265858976596	0.9991682359583706
6.426839594585445	0.9482460415850043
1.8363777969066941	0.9482460913499509
6.284988796523475	0.9482460415857268
-1.7545302219715744	0.9599952542210295
2.1021046035635127	0.9482460654448244
0.8825760342287658	0.9482460761901701
3.312746351706121	0.9482460430870867
-5.354311053265928	0.9999243069865917
0.939676119628988	0.9482460812722778
8.90518587040544	0.948246041583336
-4.411298655682256	0.9993484862664794
-9.144843870529487	0.9999999877089676
2.6269233207593334	0.9482460548394993
-9.773885191074182	0.9999999971123326
6.416192298088635	0.9482460415849994
-2.7105509979001585	0.9825042601528853
3.3699263612725403	0.9482460432702182
9.85186249842031	0.9482460415833306
2.572525910134761	0.9482460546340061
0.286758466971083	0.9482460922302262
-5.802217138527235	0.9999729706894624
4.220979185726478	0.948246041773929
2.5118596862386955	0.9482460545933288
-0.3144312168598198	0.9482913900774779
8.988679680008719	0.9482460415833348
4.664830628466646	0.9482460416887228
-3.1660640013241492	0.9913215731655572
-9.827088886547827	0.9999999974452783
7.276710515212098	0.9482460415835459
8.927358340704924	0.9482460415833365
-3.3558305497108964	0.993858079375355
9.41529505384262	0.9482460415833315
-0.6599327100886185	0.9487068014316296
-2.129548351705255	0.9681905328820711
0.2848854522015074	0.9482460930431319
-5.270471428039443	0.999908236688535
0.21507418794733724	0.948246132334044
-7.121854298820822	0.9999987041346029
3.6447259450574485	0.9482460424215936
5.975012505627891	0.9482460415888154
-2.0654105649193166	0.9666750527246808
8.57925090359133	0.9482460415833429
-1.7345157266117361	0.9596101967132932
2.5372380604500844	0.9482460546187383
4.592741734272954	0.9482460416883587
2.8377516629193025	0.9482460481639444
-4.615939090487142	0.99959007112363
4.171855152613082	0.9482460419131808
4.30145501030248	0.9482460417923263
-2.1345469108147563	0.9683086436307267
7.782096767450785	0.948246041583416
-3.1369789376011115	0.9908722892919728
6.333478919416979	0.948246041584875
-8.759535335202987	0.9999999701532869
-8.825206492701	0.9999999743418337
0.2510708900590952	0.9482461128887464
9.721110985897315	0.9482460415833307
-9.38600589099468	0.9999999929461506
-7.722249513435098	0.9999996747791762
-8.501791700968084	0.9999999459693704
-0.11075367079334875	0.9482515489397089
6.942974103106199	0.9482460415837313
-9.620596812950888	0.9999999958900602
-4.7269438171876255	0.9996815816244962
-7.48175531220979	0.999999434191971
2.643378161938884	0.9482460546056259
-9.715799730940834	0.9999999966990974
4.287691716135878	0.9482460417932305
-8.137877492350203	0.9999998751026571
1.1847431599682334	0.9482461180673956
7.159712085372089	0.9482460415837501
4.45654887165758	0.9482460417840642
9.828969509926047	0.9482460415833307
-8.173444578056257	0.9999998849236833
8.70907868884721	0.9482460415833366
-5.636921806311146	0.9999604675039727
-5.8017692983128955	0.9999729428271013
7.650459510364357	0.9482460415834357
-3.828776077223357	0.9976451937322398
-9.788684760325523	0.9999999972090782
3.4881672942982114	0.9482460432462133
8.319863228111679	0.9482460415833562
-6.025393702633566	0.9999838262354359
-6.485879495536486	0.999994396310264
7.642219214231517	0.9482460415834357
-4.034573787485942	0.9984919776652029
8.288793364129823	0.948246041583356
9.148338348222289	0.948246041583333
4.6434838389873345	0.94824604168875
5.2804643395194795	0.9482460416098741
3.9078782338261995	0.9482460419691591
6.55830802866188	0.9482460415849926
7.319167118543604	0.9482460415835405
6.063089123476878	0.9482460415867435
3.535635260698262	0.9482460432815933
-9.883663860774474	0.9999999977573153
-0.8885677499455937	0.9495569601267082
-0.9343356162232084	0.9497978013357653
-6.535931485397182	0.9999950062057648
-3.6268563585572666	0.996405238261619
7.842768278207366	0.9482460415833796
-2.4540966485424764	0.9762661601168551
5.776475194161016	0.948246041590105
-4.195471788720346	0.9989432375234356
-1.7996165776960247	0.9608811947695513
3.037893304557141	0.9482460448543869
-9.596662158708739	0.9999999956571964
-9.736037543304725	0.9999999968493888
4.9050393877288165	0.9482460416359084
6.1565560818833305	0.9482460415866731
-7.543259503719	0.9999995089044269
2.5114202638744487	0.9482460545918012
-1.2823815444751663	0.952719375069578
7.58790866905408	0.948246041583437
8.941248740620296	0.9482460415833364
-0.8446114338325863	0.9493437983521164
2.3267310339231795	0.9482460677141824
0.47801752603601955	0.9482460789504663
-3.0483430322168337	0.9894027767811479
2.8800632411424267	0.9482460481694724
8.937027335799819	0.9482460415833364
-7.334434722103089	0.9999992056964359
8.042030975864908	0.9482460415833842
-9.51145485622809	0.9999999947158221
1.2759377956155262	0.9482461232347608
8.089825662544563	0.9482460415833687
6.8588078263579	0.9482460415841661
-4.11311955683717	0.9987314728795544
-9.71020051628746	0.9999999966562643
-1.5137199126177379	0.9558230982286663
-1.9397111688570234	0.9638007677452164
9.538374159590326	0.9482460415833317
5.666635919025534	0.9482460415953211
6.847559322250689	0.9482460415841885
6.101905845890812	0.9482460415866579
6.2163067366257785	0.948246041586652
9.491161324628635	0.9482460415833315
-4.480237180516435	0.9994424059840047
1.0470561126143885	0.948246081643495
4.603421262561005	0.9482460416881604
-0.974734497680739	0.9500312125361956
-6.271434932086248	0.9999908194596335
-9.850352813805504	0.9999999975785265
-1.3883630648760192	0.9540292167998119
7.328521885876157	0.9482460415835411
3.5359240622088137	0.9482460432815749
5.023153895479307	0.9482460416361513
9.922327451546217	0.9482460415833301
1.5562935310485173	0.9482461356616172
7.1539193939821715	0.9482460415837585
7.224607539342919	0.9482460415835212
-2.649130530240904	0.9810662469606877
9.032696237754184	0.9482460415833325
1.157448714848952	0.948246094367526
3.6990049285015445	0.9482460424137389
-8.446679530762019	0.9999999386588326
-6.080182045545071	0.999985742293152
-3.9642979883933727	0.9982417569134961
-9.657080028352588	0.9999999962212142
-7.054503188922925	0.999998486759493
-5.3072631575881335	0.999915670006196
-1.6246198660661406	0.9576050541576632
-8.06812788821475	0.9999998533431237
0.9494148859685438	0.9482460812238831
-3.2024789173997004	0.9918610714266152
-7.614553038054952	0.9999995832519621
-7.3441883401770935	0.9999992233360072
8.434951637325042	0.9482460415833418
1.336242911241916	0.9482461232311098
-9.27648109511602	0.9999999909228169
9.041664408436567	0.9482460415833325
-4.878493644433504	0.9997746987358173
1.269724638068194	0.9482461230438393
7.5344978267454685	0.9482460415834264
-1.7676614289382862	0.9602506996596406
-8.234455202845293	0.9999999000055717
5.336639139370757	0.9482460416103116
-6.381962612701884	0.9999928818097216
5.609113460441106	0.9482460415965481
2.769844738297703	0.9482460482401941
-7.15597659768846	0.9999988020491891
5.999355522342288	0.9482460415869992
-8.936028247902886	0.9999999801205721
4.0236655306090405	0.9482460420021026
0.694433144968901	0.948246054165043
9.094165292342325	0.948246041583333
4.100960481052894	0.9482460420002371
1.8389815032576315	0.9482460916749841
-2.104360062537447	0.9675946261004786
1.1834921935531462	0.9482461172071276
-0.6886669608633369	0.9487803467498792
-4.222820536762142	0.9990056928064139
-9.490520082497591	0.9999999944548638
-2.916973873636306	0.9869514891154744
-2.9808245021610347	0.9881836300601425
-4.739674991869927	0.9996906887530591
0.4869268157078821	0.9482460787936362
-0.26978536086721405	0.9482765053893066
1.1415843606824438	0.9482460830771449
-6.5049680509567676	0.9999946372331033
-1.560614384694583	0.9565349728600125
-7.582004292782005	0.9999995508186892
0.8488082520883111	0.9482460581645753
8.059973654472948	0.9482460415833835
-3.2451042248633266	0.9924603274503723
7.492734150051472	0.9482460415834723
-2.516430012358093	0.9778247732903933
-4.647793009246848	0.9996187061341061
7.908392958952245	0.9482460415833827
1.7840214853332306	0.9482460972075752
2.603625689018042	0.9482460545314461
8.046279354046831	0.9482460415833843
-3.8530380731410796	0.9977642459288907
-8.68742220552354	0.9999999647621257
5.141647973908867	0.9482460416091356
-3.7371838841804683	0.9971411762208946
-6.084262775852323	0.9999858755711588
8.411319875614595	0.9482460415833436
-7.46022460087616	0.9999994054348439
-2.4843820542489015	0.9770225047473242
2.2801767601205682	0.9482460672728499
4.945662929446431	0.9482460416361985
-1.1827322720799494	0.9517005089990334
-3.280042536748433	0.9929258295822958
2.4464532149611493	0.9482460548183825
8.918102665073299	0.9482460415833364
-2.0526920710841923	0.9663771131237077
8.937435057423006	0.9482460415833363
3.6161389926142906	0.9482460423379799
-7.0797892079944935	0.9999985723453823
6.777977341028812	0.9482460415841714
-0.9782586687782402	0.9500536443183168
0.5734540920632583	0.9482460641130624
-2.275996059937264	0.971788406127181
-5.420282477579406	0.9999349519521146
4.485125377230691	0.9482460417184739
6.22745087009557	0.9482460415866724
2.630446833149991	0.9482460548806589
-7.735340176126582	0.999999684435767
6.9139349864305935	0.9482460415837296
-1.1119277823642992	0.951053687194212
0.8489990491027566	0.9482460582504809
-4.342426919901996	0.9992392489575093
-3.6510660698610042	0.9965798532911944
-8.674597932060223	0.9999999637060756
1.884487712448223	0.9482460913128983
1.526689024202721	0.9482461362973871
5.529056061145653	0.9482460415966221
-4.757866116612872	0.9997032558792102
-5.912178309935512	0.9999790125920083
4.476757389751111	0.9482460417390942
9.740096226448308	0.9482460415833307
-2.131263462243096	0.9682310531568356
-0.8918951209401449	0.9495740773027503
-6.340268407020635	0.9999921647336747
-5.449086575506534	0.9999391180310125
2.3728325658179905	0.9482460597360959
-0.12574306663666235	0.948252640302188
-9.736969359865135	0.9999999968561414
6.641461504535492	0.9482460415841278
-0.6077489494844315	0.9485987721736253
0.9391683807435847	0.9482460812814262
-0.11716860045235222	0.9482519949882393
8.535979768447028	0.9482460415833429
9.272997345788244	0.9482460415833329
-1.4525837165985322	0.9549191449856399
9.019952440098855	0.9482460415833327
-6.958969973744313	0.9999981144603692
8.671084174698926	0.9482460415833424
4.6692131466667774	0.9482460416887712
-0.6238367322109006	0.9486301767172673
-5.542809638077699	0.9999509169002587
-6.602412352798579	0.9999957149120473
-9.535785837516574	0.9999999950037238
-4.408476056848443	0.9993443272861277
-1.4053364863371165	0.9542576486641264
1.6417715797119747	0.9482461358395003
4.8558314912999645	0.9482460416371299
-9.713129767304448	0.9999999966787415
-6.701654060094824	0.999996590187917
-2.0377756724958296	0.9660293068263893
9.23065679782722	0.9482460415833327
5.284600234657173	0.9482460416098752
6.6317545897121235	0.9482460415840972
-9.752978268246473	0.9999999969699199
-6.300879247350721	0.9999914210836844
3.649624873730989	0.9482460424305694
6.613499836187259	0.948246041584123
-3.995309508667799	0.9983566707029713
5.203772718110358	0.9482460416096972
3.0520364114780705	0.9482460449600357
1.855042687043703	0.9482460923519519
5.890230217552794	0.9482460415900049
0.2863280531101928	0.9482460924126366
6.484952765676461	0.9482460415850089
9.322052614775224	0.9482460415833316
3.3698871369809336	0.948246043270287
-4.229662079555023	0.9990207491704021
-2.2625023022149504	0.9714496760945586
-7.384738962356989	0.9999992925699135
7.761192172476562	0.948246041583436
-6.216833173398708	0.9999895899507991
-6.382980297861343	0.9999928984661708
4.755304170560155	0.9482460416857803
-3.9383767558572558	0.9981399299465866
1.393538957603928	0.9482461233682546
4.255769676685839	0.948246041797621
7.9519571901612025	0.9482460415833829
6.027274696987753	0.9482460415863638
-7.04122909073063	0.9999984397959977
-9.340702569020824	0.9999999921705778
-0.24720708984248496	0.9482705847374303
6.725448926017208	0.9482460415841689
0.11446070432840827	0.9482463058194692
5.460537526256232	0.9482460415968961
0.8873936653184433	0.9482460781544386
4.61467292647265	0.9482460416883948
-4.275455661598215	0.999115986987903
4.123868172778341	0.9482460420041768
-1.0991982659847075	0.9509458094828518
2.089423908888964	0.9482460684174284
7.280584074345839	0.9482460415835453
4.490010987431091	0.9482460417074163
-8.058199595933836	0.9999998499518176
4.782751031026567	0.9482460416552401
0.45464191770727247	0.9482460790431452
5.744318938048053	0.9482460415898385
7.1194311416452365	0.9482460415837489
-0.07411927310645794	0.9482495135866952
-2.8032136297562227	0.9845785767688804
-8.275232546696888	0.9999999089670517
4.2328465164162346	0.9482460417824933
-0.011630847361780994	0.9482476405863643
-9.63306379872809	0.9999999960063636
9.97470715558936	0.94824604158333
8.632196783814727	0.948246041583343
-2.9917134714421367	0.9883861582966122
5.487459896020312	0.9482460415966623
5.3379633426187	0.9482460416103478
-5.370853136085776	0.999927129220567
-2.9253910579191222	0.9871182259317848
0.44960321892409283	0.9482460790386009
-3.57161978562174	0.9959770422971465
-3.364145652523338	0.9939540665631139
-4.655085912117309	0.9996249789469156
4.256657803703314	0.9482460417977607
9.102135867588128	0.9482460415833331
-2.208766863855378	0.9701100006749224
8.181168405043053	0.9482460415833569
4.630758443773132	0.9482460416887588
6.069669380483326	0.9482460415867461
5.432126662116467	0.948246041595662
2.752183499459786	0.948246048296705
1.6927971649319318	0.9482461354932326
9.753184281288103	0.9482460415833306
-7.178827848455049	0.999998863450049
5.003845958206913	0.9482460416359425
-0.5395493767065673	0.9484815680145935
8.164758004137475	0.9482460415833569
0.4857417863706601	0.9482460788150106
-0.8640610748789044	0.9494348730034159
-0.3386018980870773	0.9483008693107631
6.989000645966932	0.9482460415837547
5.745744281017986	0.948246041589879
-9.994959540997609	0.9999999980698774
-0.34886026889877186	0.9483053777117644
-1.7786259601843	0.9604657744632379
-1.1134499295990352	0.9510667675766125
-1.746628357483516	0.9598426242368657
0.11315702989878496	0.9482463106755055
9.06741571374296	0.9482460415833328
-4.785337059570147	0.9997212814171282
7.448001436961796	0.9482460415835462
-8.53423970671232	0.9999999498591142
9.41380165985381	0.9482460415833315
6.099074608499599	0.9482460415866608
1.359481291762581	0.9482461232228203
-5.610966105499449	0.9999580361096458
5.892550238926857	0.9482460415900026
-5.754051956747412	0.999969803592614
7.238744496314489	0.9482460415835264
-9.332483559687645	0.9999999920209964
3.6281716998540237	0.9482460423653292
-2.3143171413011654	0.9727540052199234
-2.483093933551066	0.97699019560667
-5.215733399968379	0.9998959519362219
-7.664650841361893	0.9999996286560461
-8.762291954117245	0.9999999703421371
8.936339073481932	0.9482460415833366
0.8306056783243534	0.9482460533180059
8.377299814147904	0.9482460415833533
-6.785153086919711	0.9999971865463966
-6.436146936658105	0.999993716565805
-8.352632120480305	0.9999999238273167
3.745581420159514	0.9482460424181692
-3.894114914983291	0.9979531412866354
2.488597664640695	0.9482460545594495
7.124386890896972	0.9482460415837496
-8.780076733463185	0.9999999715321232
9.66196470515268	0.9482460415833307
-0.098425483913541	0.9482507722471756
-8.594038216400953	0.9999999563088374
-4.789564623212956	0.999723957372666
-9.78955703744608	0.9999999972146781
3.55367979148507	0.9482460431694775
7.48124696208464	0.9482460415835011
-6.014899027336651	0.9999834308527334
-6.000051812527718	0.9999828549277485
1.7998089490621005	0.9482460887443149
8.067814334070938	0.9482460415833811
8.234745224999745	0.9482460415833563
-4.084254022639868	0.9986480245085999
1.2547116546300927	0.9482461225971306
-0.5299215224504508	0.9484677282417041
-1.9087969730202303	0.9631243090102539
6.11298583747547	0.948246041586658
-8.11765977732529	0.9999998691509067
6.463198781107984	0.9482460415850062
2.17037866802967	0.9482460674668719
-4.406123891811502	0.9993408416334351
-4.32184365588677	0.99920326526421
-3.941243874030147	0.9981514601255849
3.589275205122643	0.9482460425276339
2.21082703782168	0.948246067210721
-6.566441970362904	0.9999953449441846
2.8198963470654625	0.948246048161081
4.783612566056291	0.9482460416541802
7.458033566958612	0.9482460415835432
-5.936377476972421	0.9999801493106525
-2.019881686763765	0.9656143998597511
4.544383407420911	0.9482460416879789
-4.2088186382954	0.9989741769662546
-6.128827749888193	0.9999872524922018
-6.5330054303716745	0.999994972452097
5.377858923326002	0.9482460416036107
-9.261714070062954	0.9999999906088624
-6.917904575957716	0.9999979274806248
6.334255702891042	0.9482460415848795
4.481023115946963	0.9482460417284279
8.54865355630135	0.948246041583343
-2.152015408776493	0.9687228141957825
-7.696283112180744	0.999999654741455
4.355673443840775	0.9482460417933763
-9.988134323716675	0.9999999980698774
-8.128381880792087	0.9999998723418052
-1.5203646457764552	0.9559228397640046
4.817359155064551	0.9482460416311018
-2.297286479389924	0.9723242584440039
2.242474562670033	0.948246067248825
-1.9167086860239735	0.9632962903716507
9.852680562218545	0.9482460415833305
4.040590544787101	0.9482460420023492
2.1589290010503515	0.9482460677249591
-2.2903585163498796	0.9721497059764341
-1.0925984492020824	0.9508909783544707
-9.679448085935078	0.9999999964109128
2.623990748458054	0.9482460547868157
8.875277698851963	0.9482460415833364
9.583573186118308	0.9482460415833314
-4.721554476035101	0.9996776469022814
1.5280786565671214	0.9482461362313022
9.043891416382472	0.9482460415833326
-3.242781085138331	0.9924285589881634
3.3530751724919448	0.9482460432799369
5.19279332705838	0.948246041609776
4.921489382371291	0.9482460416361097
-4.488946061731451	0.9994532818715793
1.396544565252519	0.9482461233885313
-1.9194790411298612	0.9633566656024438
0.8110670848883395	0.9482460540566354
9.776012904116804	0.9482460415833305
2.6508656818576437	0.9482460539882661
-6.514549282151321	0.9999947542286883
0.4256894173064296	0.9482460791569448
7.090345786559034	0.9482460415837524
-1.869890515300341	0.9622912526117221
4.947442742872878	0.9482460416361925
1.4837725642454522	0.9482461342415327
0.4623554609572622	0.9482460790483965
-6.1067726100634445	0.9999865886917156
0.697001794377412	0.9482460541659612
-7.753852303961772	0.9999996976041036
-0.9833353947242784	0.9500865047939329
-7.185273813287312	0.9999988801938728
-1.4198596497049465	0.9544572471594385
-9.809861708488267	0.9999999973419039
5.621432942736382	0.9482460415965688
7.953845681806012	0.9482460415833829
8.400343498241838	0.9482460415833462
-1.0817130761676452	0.9508022184997456
-3.0117325086748714	0.9887526162272248
-3.793144260657182	0.9974597027016757
-6.952906498426166	0.9999980879517487
-7.79359645396128	0.9999997240489111
-9.16560768062704	0.9999999882827805
7.456004106123277	0.9482460415835445
3.8880662115004974	0.9482460420755293
-9.622385736796296	0.999999995906955
1.0406144389526375	0.9482460816664581
9.065866089952564	0.9482460415833328
7.674370732697785	0.9482460415834358
4.643125520662132	0.9482460416887523
-5.188295527791613	0.999889190589913
5.898297462138133	0.9482460415899918
4.869322261054352	0.9482460416372189
-3.9207037094475483	0.9980673519230264
-7.899484005310828	0.999999783755315
9.316137337815672	0.9482460415833314
-8.597062260725119	0.9999999566120084
0.23389628020790454	0.9482461230141926
6.301883808047172	0.9482460415851268
-5.910609845871733	0.999978936710182
4.950029542028563	0.9482460416361838
4.6689951519556505	0.9482460416887689
6.615246592546772	0.948246041584113
-1.0047553668076112	0.9502301116951777
-0.089205103224268	0.9482502538892296
0.11642527371471445	0.948246298698777
0.813813515177074	0.9482460538547599
-3.781136268692604	0.9973942254082945
-2.8719303172680855	0.9860379874486853
-6.693580054832919	0.9999965262100871
2.7247905493386995	0.9482460477462495
2.480007564467247	0.9482460546179162
-0.5477740790547294	0.948493891240203
9.329969645339013	0.9482460415833314
-6.683351210380746	0.9999964434320002
1.4966753747929662	0.9482461363058887
7.875892828898834	0.9482460415833841
7.481625375612136	0.9482460415835003
4.142680208361632	0.948246042009344
1.4993562439416852	0.9482461365244766
-3.097851872651267	0.9902420098683409
2.8941022940963244	0.9482460481391249
7.266741326511621	0.9482460415835461
1.7022026723808192	0.9482461353431587
-4.509832622790233	0.999478523487236
0.8857390583220273	0.9482460775258938
6.322060790343215	0.9482460415848464
5.483402470221698	0.948246041596721
-4.079989038766199	0.9986352577691648
-3.373653570503725	0.994062342282356
4.19840873841402	0.9482460417965606
4.889218586456586	0.9482460416361533
9.65957034550398	0.9482460415833309
-7.341850808813377	0.9999992191445702
3.535866381104835	0.948246043281582
6.043919224602661	0.9482460415865732
-1.2609479837830087	0.9524826176032345
-2.764063425071881	0.9837146900212649
7.822121234399159	0.9482460415833786
-4.697840913399998	0.9996597544263621
0.8111271846183001	0.9482460540524797
-7.40690360052223	0.999999327767716
0.6993219205243975	0.9482460541687123
5.024727312653292	0.9482460416362591
-4.184019351745016	0.9989159726008686
-8.46542320899661	0.9999999412499654
3.982411711237752	0.94824604200334
2.9970127103553157	0.9482460448355554
9.272691246777413	0.9482460415833327
5.739175856155123	0.948246041589685
7.9991470422070385	0.9482460415833828
5.6462952587787285	0.9482460415968804
-2.34321496416682	0.9734839683523159
-2.0093179006436745	0.9653708751329619
5.220931677770189	0.9482460416097889
-3.9854599190638407	0.9983209653735592
2.223370105285829	0.9482460672629897
-5.449534088555255	0.9999391806112183
-5.092444493894379	0.9998619477065201
-6.812319773418127	0.9999973571318994
-5.110007110710391	0.9998673956639805
8.066414966430273	0.9482460415833818
-1.9251095888714964	0.9634796643288319
-6.1006351091354905	0.9999863978996566
2.305473526675769	0.9482460670952315
-1.8755152287075916	0.962409069211785
6.662995487749093	0.9482460415841867
-1.9347829001649952	0.9636920294277503
9.236145884204788	0.948246041583333
1.4014327745632649	0.9482461233941365
8.117258767324373	0.9482460415833551
-9.043420279059152	0.9999999844757017
-4.06928855101421	0.998602717889357
9.866371551653423	0.9482460415833307
8.340171694862988	0.9482460415833565
1.3672439145467266	0.9482461232065137
6.96164151339471	0.9482460415837585
-4.435592590751618	0.9993832303695137
-2.1418406811833224	0.9684811986455697
-6.622915425655136	0.9999959124843292
9.01984669332261	0.9482460415833328
0.3742965003501819	0.9482460801630979
4.318838586259872	0.9482460417931097
-5.27171862019308	0.9999084990540932
6.586533783954383	0.9482460415845216
1.3094446134665851	0.9482461232784005
4.7098901014787575	0.9482460416880331
-8.98306996228332	0.999999982161343
-1.5684642440938745	0.9566594675087915
-5.004314362325801	0.9998310577805438
-3.63423036418979	0.9964592439194692
-9.165607385167975	0.9999999882827724
5.249554191249199	0.9482460416098404
-0.7837326749243889	0.9490893216113908
-9.753343923068364	0.99999999697247
5.32175339444902	0.9482460416097556
-7.539760136968754	0.9999995049314339
-5.411343105633515	0.999933602063583
-1.4660289558237416	0.9551136789494307
-4.726686285878827	0.9996813946889469
8.336446762663549	0.9482460415833563
4.334688099745971	0.9482460417935651
-9.600775200788183	0.9999999956981311
2.9825450751654614	0.9482460456396029
6.481287211919401	0.9482460415850085
-5.502726408484064	0.9999461794007478
-5.194451652102399	0.9998907447226628
7.439841877278379	0.9482460415835442
4.656145794319567	0.9482460416886832
-2.417059112681237	0.9753434848882147
8.28972061423513	0.9482460415833562
-6.66880539256324	0.9999963223108983
-2.947688812474971	0.9875536531935771
-3.1228198926409556	0.9906476576049403
-1.6802406650085153	0.9585945433026702
-9.06930469794708	0.9999999853739431
-4.3074974428010915	0.9991772098837984
-8.214186461539391	0.9999998952281687
-0.3316231360594877	0.9482979963061726
0.8128184115939074	0.9482460539301649
-3.562273030784433	0.9959003304502342
-8.097451244195199	0.9999998629183635
-6.805005655969172	0.9999973122495094
5.150940428963322	0.9482460416100228
-0.840595822866943	0.949325610191721
-4.066721079229243	0.9985948007673724
1.5927138085800863	0.9482461359568805
-7.3763297830733565	0.9999992787388938
-5.6304058103408305	0.9999598706793488
-8.541936124494764	0.9999999507398644
9.543061863791422	0.9482460415833317
-7.516484457551438	0.9999994776753435
4.1692762774456895	0.9482460419258023
-1.4532178428705222	0.9549282556996228
-0.8120235055468648	0.9492018564368492
-6.27983394263357	0.9999909952482343
7.040381436473208	0.9482460415837517
7.461115018435017	0.9482460415835401
-6.257251298643958	0.9999905147747792
-6.659257357818813	0.9999962405708676
-9.947940249410943	0.9999999980658402
3.259569162297872	0.9482460445311235
7.905798408445666	0.948246041583383
4.527608298910458	0.9482460416805335
9.621060500446394	0.9482460415833307
-9.48669998466543	0.9999999944058731
-5.90561130285205	0.9999786930490188
0.555581978639621	0.9482460724731396
1.9026747664170571	0.9482460913155597
-8.29296844107624	0.9999999126097959
1.7529894969514572	0.9482461275629847
-5.276811811184943	0.9999095627447885
5.204112175757123	0.9482460416096972
-8.168886237040915	0.9999998837094926
-2.937795176485647	0.987361586596742
-6.115576890844743	0.9999868577226412
3.5869811138532306	0.9482460425652312
-6.1650068579905115	0.9999882710123716
2.3030488134575187	0.9482460670881696
8.12539003871067	0.9482460415833538
-0.5899176397123327	0.9485650894607043
6.162181251753196	0.9482460415866725
2.708301674360939	0.9482460475630696
-5.2499238328082365	0.9999038046193973
2.0530150236327493	0.948246087346409
6.077641334072258	0.9482460415867273
-5.1274219086977535	0.9998725862783282
9.892501735829377	0.9482460415833306
7.7614904600399335	0.9482460415834356
-5.827490610351744	0.9999744974904936
-4.590838129433328	0.9995660206600077
-3.3652459464761497	0.9939666772407135
-1.3438658011903613	0.953455473384529
-4.881702241804562	0.9997763451527608
-2.6631732989837564	0.9813991732801333
-1.3949923442672851	0.9541177824662825
