4.741284734370543	0.9834474561468018
-5.245386088110098	0.9999325742076308
-8.160917890841674	0.9999999177372804
-0.38581767507587017	0.9834474831802834
-4.867062522573669	0.9998398559948816
3.8796671473786013	0.9834474561543736
4.709166638169426	0.9834474561467555
4.032374083883838	0.9834474561519003
-0.03103137028578118	0.983447473766727
-0.5281370414110587	0.9834474848106876
-4.446156965117818	0.9995849516285589
0.5232209621426076	0.9834474547134263
9.44761945317751	0.9834474561450525
-2.25329492035637	0.9862228199418551
4.419274505651618	0.9834474561484684
-4.329605668918144	0.9994616358193318
0.1712776633833748	0.9834474769099961
-3.956232847719683	0.9987853646394759
9.295219893073337	0.9834474561450525
5.259124790140671	0.9834474561454813
-2.096795746872959	0.9852549824339137
-7.940909383212333	0.9999998634756163
-3.1305646029684064	0.9942930220888636
-8.178927685788903	0.999999921078855
3.392108619485219	0.9834474561722518
-2.6864115943314015	0.9900088204614285
9.583757030407543	0.9834474561450529
8.933141169401	0.9834474561450526
-6.164934201846957	0.9999918537332203
-8.505948343750681	0.9999999628315658
8.618409124958639	0.9834474561450525
8.69398614828373	0.9834474561450526
-3.3466805826871537	0.9959897481588182
-0.8991546354137636	0.9834477017057053
8.706239598761162	0.9834474561450525
-3.1116833154802626	0.994127944843351
-5.439431549729363	0.9999568015628129
-4.577897221238132	0.9996913792834735
6.338589939121746	0.9834474561450776
3.803632880895961	0.9834474561586471
-9.618318945689133	0.9999999971305058
-0.6098872727534541	0.9834474877439473
-3.4692537519756073	0.9967807330072306
8.712811334559163	0.9834474561450526
9.92856683431824	0.9834474561450527
-4.034254841851994	0.998971953478123
8.438406669526465	0.9834474561450527
4.999896275109306	0.9834474561459078
-9.802889076499891	0.9999999981239911
1.8285924710198955	0.9834474569804451
-4.870117385674311	0.9998409668906495
8.529066740857928	0.9834474561450524
8.729098378469011	0.9834474561450525
7.515847612530511	0.9834474561450542
3.2988697563827163	0.9834474561716252
-6.325121677949799	0.999994365670593
-8.086526077027782	0.9999999023674501
-0.12692206095496594	0.9834474689749165
-4.496852015092041	0.9996295824154829
3.886113759534835	0.9834474561533789
4.724222879494576	0.9834474561467701
-4.213758900049744	0.9993044401006989
0.7181240695398383	0.983447468467391
-8.345601382243565	0.9999999462324031
9.831090942767084	0.9834474561450526
8.524803626160427	0.9834474561450524
-2.213784712833662	0.9859529802054705
-4.541798507599686	0.9996652109988585
2.4401936805320634	0.9834474563633988
4.663708091723834	0.9834474561467663
-9.275229115080021	0.9999999936774109
-7.591088129798251	0.9999996944891192
7.755983548508617	0.9834474561450545
5.278146163362987	0.9834474561454823
2.0873430961620443	0.9834474566114968
6.3813339612284565	0.9834474561450798
-1.062693119112037	0.9834498021088034
-4.9569208256551045	0.9998695336470027
0.49308079256218385	0.9834474553961488
7.925851685986437	0.9834474561450537
8.326598927540644	0.9834474561450528
-8.33012179882694	0.9999999442814063
-9.60132458666254	0.9999999970159928
1.2085635729974662	0.9834474592308644
-3.1863892921785997	0.994766301080161
9.294531273206196	0.9834474561450527
-3.462327111327843	0.9967394103849334
6.212380479597218	0.9834474561451063
1.7990140933071999	0.9834474569509202
-0.24969260647361935	0.9834474696381686
-5.103668597855631	0.999906715657631
4.510176457090655	0.9834474561466285
6.396486981257802	0.9834474561450794
1.8331021959780216	0.9834474569969053
-8.705750194431069	0.9999999765375798
-2.1648203930943932	0.9856408567274724
4.2490731901019	0.9834474561485114
1.911664112805326	0.9834474570084553
-3.885596510058491	0.9985901373282247
6.168008910774546	0.9834474561451062
5.636866307457922	0.9834474561452707
3.911349258365732	0.9834474561512675
-0.750065953882908	0.9834475049202143
4.056825369708665	0.9834474561518947
-3.49711195679804	0.9969428847082737
7.324150512076773	0.9834474561450559
-7.9348058058824344	0.999999861543377
2.6408238710342893	0.9834474563647388
3.3861829604933646	0.983447456172322
-2.411755929415773	0.9874517286753283
-2.2417671115543714	0.9861424426328667
5.698090759733073	0.983447456145171
-6.0098168326595	0.9999883593569786
-9.107251198682672	0.9999999906916512
7.595935245550844	0.9834474561450544
4.329943423403705	0.983447456148479
8.606227232593142	0.9834474561450529
-5.833671349596536	0.9999825434733811
1.1170342121927348	0.9834474627608727
9.537599597950852	0.9834474561450524
6.712149678442469	0.983447456145066
-8.982661846395112	0.9999999875988592
3.979751137414272	0.9834474561519345
6.030109561752624	0.9834474561451018
5.423921830793322	0.9834474561452469
-4.275743512855508	0.9993933347153917
-5.153773374459094	0.9999168253168299
3.470960807790963	0.9834474561724096
-8.017182770909104	0.999999885465189
2.8068862633507052	0.9834474562537204
7.413774558999382	0.9834474561450558
-7.923798112715761	0.999999857989206
1.0517538801938286	0.9834474626956256
5.43175775933868	0.9834474561452516
-4.577731537784446	0.9996912638812347
-7.276229253874367	0.9999993692226314
5.14608246392822	0.983447456145478
-0.7879161603074358	0.9834475192477561
2.4432031143475506	0.9834474563650498
5.63162272012109	0.983447456145269
-1.8653383289744596	0.9842585337525502
9.339000752413192	0.9834474561450527
-6.138399808716741	0.9999913407853249
5.683827079448406	0.9834474561452043
-3.9019145987520476	0.9986376138127914
-8.195540553711801	0.999999924040717
7.794093189539492	0.9834474561450541
7.125022122687788	0.9834474561450595
8.529383794170347	0.9834474561450525
5.70214492105524	0.9834474561451638
1.651869789872059	0.9834474578596036
-9.376189507556925	0.9999999949888824
0.789964421442928	0.9834474684261308
-4.323280003441035	0.9994540156033898
5.326461341025105	0.9834474561454825
7.6613234628194995	0.9834474561450542
-6.922726979003482	0.9999985765045434
-6.150469063821786	0.9999915779856651
-3.5895549145936734	0.9974354378238226
0.2590856430266797	0.9834474679955831
-4.1272021908835255	0.9991593338439417
1.114972473303105	0.983447462739567
-7.878458644178985	0.9999998423622785
-3.447370747926115	0.9966488114410317
-7.096051778183323	0.9999990449093632
-6.6052478915240975	0.9999970434053677
1.6917920613709647	0.9834474578525412
8.886804286863583	0.9834474561450527
0.33552401551009936	0.9834474553432514
-2.6522748149790587	0.9896715471863693
9.842874850108249	0.9834474561450527
-3.2883527012297487	0.995568942131059
7.2957739499490515	0.9834474561450559
7.279504005175191	0.983447456145056
8.010425320192684	0.9834474561450537
-6.481314815145143	0.9999960672412346
3.4526779218654724	0.98344745617237
-3.645124900408998	0.9976990388348579
-5.239631988704088	0.9999316789177565
-6.292351089122126	0.9999939242432513
1.331105701356785	0.9834474595232503
5.574290302137603	0.9834474561452673
7.305846596428751	0.9834474561450558
5.820237261153803	0.9834474561451599
-4.398915860595776	0.9995386808577028
-9.154298249179158	0.9999999916473236
-3.0901958661747875	0.993937117872015
-0.08198000159350016	0.9834474686367477
2.7489996082165202	0.9834474562561002
-8.534197201447382	0.9999999651722509
-9.009923431304255	0.9999999883533734
2.374369393620178	0.9834474564421076
-5.010254414514361	0.9998844975980391
9.447902034754595	0.9834474561450524
-0.599258873336975	0.9834474870104932
6.139699033080181	0.9834474561451063
-0.8568424446330525	0.9834475922466503
-2.0571238421978277	0.9850477642802273
0.6818131610842393	0.9834474685266231
6.818831431537106	0.9834474561450661
-2.1248042087824404	0.9854091799224398
-2.4599794418730125	0.9878629270529701
-0.5444672719887365	0.9834474851691803
8.57634048150128	0.9834474561450527
-0.2508265021297049	0.9834474696527686
-6.130947619248648	0.9999911910035865
0.7640428867920477	0.9834474685030924
7.59926474041643	0.9834474561450542
1.882903210576048	0.9834474570069128
-8.936424917575723	0.9999999862057364
-5.478297089680306	0.9999604899975607
-3.0717563546376603	0.9937710904911473
-3.7891008145721283	0.9982777407892202
3.3227747581212554	0.9834474561701815
-4.692955858713699	0.9997620995721241
2.08707635481991	0.9834474566134445
-3.991428132543562	0.998873099904452
4.528817182510254	0.9834474561466405
-5.364773495201924	0.9999487260242192
-5.482102346699551	0.9999608337844663
-5.561609733449031	0.9999673720652164
-3.6992619963709084	0.9979336410579719
7.0468547616998265	0.9834474561450596
9.812716323033154	0.9834474561450526
5.167377214366585	0.9834474561454911
6.738398863585765	0.9834474561450659
8.436799668714077	0.9834474561450526
-6.912869149763239	0.9999985438270391
-1.3276199769124375	0.9834838218800258
-2.4510488152724985	0.9877854357859664
5.786514705099792	0.9834474561451608
6.943671878792074	0.983447456145059
5.114184423192082	0.9834474561454437
4.259229986317905	0.9834474561485524
-2.0837307830682272	0.985185126553498
-5.640879977373334	0.9999728059837139
6.589931420851723	0.9834474561450705
5.2198671588006285	0.9834474561454807
-1.6076125659389042	0.9836912360566761
-3.431540817871803	0.9965508708121296
-9.127691373183403	0.999999991119601
-2.3392833258139323	0.9868630108499926
5.757106170477808	0.9834474561451619
4.833357513945202	0.9834474561458593
3.2013789982038254	0.9834474561993268
-0.35922471979202086	0.983447481716373
-8.370120392862002	0.9999999491838599
-8.261685735011547	0.9999999347717159
-1.324321158773083	0.9834828207052122
3.7418604885066244	0.9834474561587316
-6.677224402439945	0.9999974948833922
9.733146522530273	0.9834474561450524
2.654557863005831	0.983447456345145
-0.08530276319216412	0.9834474687062666
-7.651128062028882	0.999999733934921
8.545342136519292	0.9834474561450524
-9.811338461072294	0.999999998160137
-3.627933317170484	0.9976200112784727
5.383321747375241	0.9834474561453526
-1.5565422370156945	0.9836293579906575
6.203774584450372	0.9834474561451064
0.3645322960321842	0.9834474553677961
1.5097790332039693	0.9834474577036143
3.271928202903567	0.9834474561859613
4.832537825405598	0.9834474561458564
-0.7787805333781641	0.9834475147540779
-4.7508533384806295	0.999791389636635
9.289010777597188	0.9834474561450526
-9.401329023002369	0.9999999952707158
-0.19535243361648824	0.9834474692127556
9.937515553965824	0.9834474561450524
-6.269968565775321	0.9999936030388229
-2.24147698980949	0.9861404371550189
-6.015004054115853	0.9999884974623482
-6.612577406275184	0.9999970928754589
7.709274145605253	0.9834474561450544
-1.8271635387934992	0.9841457108874478
-8.366169120304626	0.9999999487194168
-0.4195741461765312	0.9834474832415708
3.4837138230067577	0.9834474561724033
-8.201958980135808	0.9999999251550531
8.858521463109316	0.9834474561450527
3.416122962332345	0.9834474561723381
6.933381485820107	0.9834474561450587
7.927443878420625	0.9834474561450537
-4.444232174932208	0.9995831577973597
9.090596929941022	0.9834474561450529
-5.725927280856076	0.9999776353105531
7.016022365613438	0.9834474561450594
1.6865138568616	0.9834474578565172
-6.379125653884854	0.9999950242698796
-7.6471691547613885	0.9999997314985036
9.509490764274418	0.9834474561450528
0.305755215468988	0.9834474539553767
0.9453038171515704	0.9834474628000982
7.28240088150131	0.9834474561450561
-1.0564835954784613	0.9834496211493783
9.090569217596535	0.9834474561450528
4.381135178369163	0.9834474561484821
8.881277652575204	0.9834474561450528
-8.929709524932129	0.9999999859907811
-2.396008312559843	0.987320499121464
8.74668169718586	0.9834474561450525
3.337249536415987	0.9834474561718611
9.79713367165552	0.9834474561450529
-8.344872750526893	0.9999999461421203
5.485142327736657	0.9834474561452683
-6.77847679214111	0.9999980157769507
-4.078575115568239	0.9990657128072761
9.828526444236438	0.9834474561450527
-2.8313636034799927	0.9914566590407259
-7.776743874514103	0.9999998007612214
9.513970358632356	0.9834474561450525
8.042191240128844	0.9834474561450537
-1.1258580088069525	0.9834525458692803
-5.858382358426453	0.9999835079688371
3.5774262442858564	0.9834474561640684
-7.6513740950612785	0.9999997340856047
5.834787733640145	0.9834474561451602
-0.6841800815218946	0.9834474956685454
6.750986179433866	0.9834474561450659
7.095588891695371	0.9834474561450594
5.105766923757201	0.9834474561454666
-8.323165069169004	0.9999999433816926
4.702572840674684	0.9834474561467587
-3.5488210706291046	0.9972269052467895
-9.79658728663511	0.9999999980965708
-6.0051111332984375	0.999988232638352
3.469269980646242	0.9834474561724053
1.4808865027493177	0.9834474581230723
-7.853688221269435	0.9999998331099742
5.992663031816825	0.9834474561451186
2.095903029680045	0.983447456562882
2.5313243662308373	0.9834474563628857
-8.86695798961275	0.9999999838130381
-4.43036689474086	0.999570011372837
8.62223960595719	0.9834474561450526
-6.178802431427948	0.9999921096246223
-7.66088137970327	0.9999997398434861
-9.4590868944703	0.9999999958596455
-0.3241799275605217	0.9834474739075731
-1.083671248241469	0.9834505160141701
1.3840279021481994	0.9834474595178615
-5.462499298096937	0.9999590302559326
9.791310170755985	0.9834474561450527
8.456876018493258	0.9834474561450526
-3.5428433746986787	0.9971951860084034
-5.613639890369755	0.9999710489941281
4.766874610821956	0.9834474561465388
-2.9318900146380145	0.9924523352948409
-4.708112355089962	0.9997701371038382
0.6154479298300863	0.9834474693084756
-6.8129063176051785	0.9999981669882695
3.6865564573475815	0.9834474561587055
-3.200594545896509	0.9948830445429524
8.345987961104019	0.9834474561450529
1.1069593885078	0.9834474626737785
0.10010091455847636	0.9834474768787399
9.912492161515605	0.9834474561450528
-1.2159881607410927	0.9834607682009044
4.3621555689502856	0.9834474561484775
-5.646004554921755	0.9999731244217889
4.666588139168294	0.9834474561467667
8.53947453815827	0.9834474561450524
-6.570119128274796	0.9999967943693108
-6.075240315259118	0.9999899861869718
2.89256961902713	0.983447456253794
8.815287126330198	0.9834474561450527
-9.35332580706711	0.9999999947179992
9.674459926551435	0.9834474561450528
3.5795745317040506	0.9834474561633785
9.769047448091154	0.9834474561450528
-4.0705493259075975	0.9990493500507074
1.342108838644588	0.9834474595213788
8.009920254656514	0.9834474561450536
7.010537203905912	0.9834474561450594
5.806709966825974	0.9834474561451595
7.957068304908674	0.9834474561450535
1.2145413278130412	0.9834474592663965
-5.51945422138751	0.9999640539613064
9.648761523688044	0.9834474561450525
8.014563330393429	0.9834474561450535
-5.151313060306215	0.9999163553558736
5.033387354090969	0.9834474561459231
-1.1649743724443304	0.9834553425259686
-0.2499444860448552	0.9834474696414229
-1.0512507381748684	0.9834494782761791
9.688926163309915	0.9834474561450527
-3.550043923548527	0.9972333584818358
-0.4326565184718323	0.9834474834676386
9.276746090384705	0.9834474561450525
-5.264296174910368	0.9999354349962207
-8.077293032765152	0.9999999002695971
-7.707748980704592	0.9999997664564612
-2.5142577065391647	0.9883515594245549
5.920515844542953	0.9834474561451596
8.925620404402071	0.9834474561450526
-1.7342505781162298	0.983913053255662
-3.458248305974476	0.9967148890812436
0.13536345629528412	0.9834474768308923
-1.0238401912658368	0.983448858162983
9.7335847281078	0.9834474561450524
8.047043140925815	0.9834474561450538
-3.4569594152694094	0.9967071113944665
5.476961478920565	0.9834474561452703
-0.5555680004984875	0.9834474854513012
6.351325094298343	0.9834474561450793
2.75140752033343	0.983447456256339
-5.0572302999500796	0.9998962591672322
1.935708742371304	0.9834474570097367
2.1235537596903686	0.9834474565528973
7.567512936391903	0.9834474561450545
7.6992427248986175	0.9834474561450541
7.145745063623782	0.9834474561450597
5.870443040631734	0.9834474561451598
-6.459724998369429	0.9999958668474739
5.849104758576505	0.9834474561451599
7.924185758164658	0.9834474561450536
-6.525830826242913	0.9999964502963757
7.157852868060655	0.9834474561450595
-0.5742180975122402	0.983447485982501
-4.630813047775475	0.9997261531539854
0.6289701871762698	0.9834474686714856
0.264574573935894	0.9834474653313073
-3.8014265735888264	0.9983208022838138
-2.1032697454114224	0.9852901214707221
9.067374192535063	0.9834474561450528
-2.911176822606043	0.9922494340119944
6.59992350060066	0.9834474561450678
-3.514463252662625	0.9970406301709427
-9.226074167334527	0.9999999929197293
9.12058806548577	0.9834474561450528
4.90705462502806	0.9834474561459058
6.660917022854775	0.9834474561450666
4.803342666545539	0.9834474561458926
-7.4845614439665376	0.9999996095630506
1.0283419972926033	0.9834474626971456
-0.4726202554801784	0.9834474839364915
-8.913263956082101	0.9999999854501184
-5.044768315559942	0.9998932601808292
-2.250929981467489	0.9862062213919762
2.2198789804007113	0.9834474565793608
6.996514052662661	0.9834474561450595
-4.378214533053777	0.9995168626364369
1.9394147722285116	0.9834474570095406
-8.202625532020122	0.9999999252698357
2.0906307449912234	0.9834474565894968
2.013262607607178	0.9834474570094314
-7.256441850574218	0.9999993398195268
-4.65028223958277	0.9997379543172211
-9.164920583976798	0.9999999918491421
-9.044607488656187	0.9999999892473325
8.779617243013462	0.9834474561450526
6.424028411028814	0.9834474561450792
-8.928039617142133	0.9999999859368104
1.9114844507836182	0.9834474570084153
-3.4519447420059723	0.9966767181127602
-5.013353918478902	0.9998853128650613
-6.660647312900756	0.9999973974315179
0.46673359677075865	0.9834474551928972
1.064946213849538	0.9834474627039074
2.392322140094487	0.9834474563658131
8.385888461517062	0.983447456145053
0.4800977905439261	0.9834474552639364
-4.342074564969516	0.9994763572381287
-2.556627992622511	0.9887467348404476
-2.646708895071157	0.9896168220918582
-9.89262985330329	0.9999999984742145
-0.006072483781744964	0.9834474767153978
-0.7264148626681752	0.9834475000913556
3.127062270640497	0.9834474561996751
-5.244495048308413	0.9999324363372301
8.334620982971657	0.983447456145053
-1.4657400409376198	0.9835511124875133
-1.2618134328533301	0.9834677129264229
9.935704139459894	0.9834474561450526
1.0177062217828592	0.983447462696876
-4.340211353717116	0.9994741823827378
3.4429757796908014	0.9834474561723814
8.518470925356443	0.9834474561450526
4.148667562155325	0.9834474561518866
-3.8496148777971717	0.9984801354549654
6.271454220798788	0.9834474561450999
-3.95583527445432	0.9987843386479566
9.806930461705502	0.9834474561450528
4.8863594259524135	0.9834474561459119
-3.640584426245148	0.9976783831354541
4.990783973293675	0.9834474561459104
-9.083393504971635	0.9999999901660037
7.082208655463383	0.9834474561450596
-5.731004220067675	0.999977894857666
-2.404679516246069	0.9873925704788832
-0.7867030390656495	0.9834475186042646
6.477926949564555	0.9834474561450792
-7.308861004615723	0.9999994148787001
-6.652136478465676	0.9999973459344769
3.4387770327523004	0.9834474561723884
-0.025460904482144997	0.9834474746527982
-9.03514845604871	0.9999999890105695
-4.937642967704408	0.9998636644227878
8.925679768626615	0.9834474561450526
-8.8660265383486	0.999999983778284
-1.6618463443301668	0.9837734811707588
5.468972154176788	0.9834474561452717
-8.516087847339993	0.9999999636892877
8.500604920587254	0.9834474561450526
-9.080266621275545	0.9999999900949453
-8.811736519828642	0.9999999816182545
2.5137583564019685	0.9834474563624875
-2.4847075950297093	0.9880821603479748
6.618162972737906	0.9834474561450651
1.5382800415702	0.9834474578694244
-3.9660143868822795	0.9988103581947437
9.427713041656812	0.9834474561450526
8.927968232542742	0.9834474561450526
2.6914825557481414	0.9834474562585312
5.0300327257440625	0.9834474561459186
1.348322859068837	0.9834474595213765
8.525727919602271	0.9834474561450525
-0.6051478076320151	0.9834474873863434
-7.238073569544228	0.9999993112995135
5.620216446804488	0.9834474561452662
-9.051590260517095	0.9999999894188372
1.6138383089594335	0.9834474578589765
1.1637480204267128	0.9834474611903866
6.600497682776371	0.9834474561450677
-6.303714504243638	0.9999940810956107
4.06255621391745	0.9834474561518969
-1.9210464395014668	0.984451599720346
8.589121259342072	0.9834474561450527
-2.00397587131933	0.9847934283897802
7.758244973373575	0.9834474561450545
-3.2036974222509063	0.9949083398776097
-1.3790336689522587	0.9835026328206445
8.509086849401385	0.9834474561450521
-1.4098380928778553	0.9835172059588091
-3.0790884167478616	0.9938373355835048
-4.349142173025533	0.9994845283162226
-9.59899782924805	0.9999999969999632
9.991100275493974	0.9834474561450521
0.5100527772793626	0.9834474551731567
8.899897113424768	0.9834474561450527
6.378565852395397	0.9834474561450799
-3.1493329789130353	0.9944546533778045
-5.367299624674993	0.9999490224133548
-9.249189099378285	0.9999999932867171
-1.960051674839459	0.9846040576053202
-0.13737443514473924	0.98344746898843
-4.472043431954944	0.9996083590739689
-8.582681379476496	0.9999999688511952
9.389006587040257	0.9834474561450526
-1.3208584761855224	0.9834817940798001
-3.3803525773565335	0.9962196469844932
-6.327705651814832	0.9999943990818289
-0.8675703401964476	0.9834476135397326
-1.3962619579295534	0.9835104444920454
2.907262310233371	0.9834474562534135
2.2180485855516565	0.983447456579247
7.159458823309201	0.9834474561450598
8.647881468137122	0.9834474561450522
-3.193120486177321	0.9948218116631445
-0.7894760283838309	0.9834475200973959
6.586041813862916	0.9834474561450719
-1.5789484522019581	0.9836544798276844
6.186858672924412	0.9834474561451066
2.349255885737783	0.983447456560205
-1.0661154523672565	0.9834499074047625
-4.575181730351288	0.9996894825441156
-2.616021772459587	0.9893167015315548
-1.530802537793594	0.983604145161285
0.6462747701063343	0.983447468252343
-6.478475048184902	0.9999960414480256
5.286596210417972	0.9834474561454822
9.463553203384507	0.9834474561450527
9.80341143399695	0.9834474561450528
-3.4958787948544723	0.9969358433250163
-0.8448168187677005	0.9834475725764256
5.492952159870743	0.9834474561452665
3.965534659874912	0.9834474561520342
0.49637435653265527	0.9834474554063242
6.295896029502764	0.9834474561450844
6.772082453037413	0.983447456145066
-1.8145615792625627	0.9841108857387015
-7.839553957104961	0.9999998275891259
-9.039632100023237	0.9999999891234396
-0.8828224117868988	0.9834476509984943
1.7505733305689795	0.9834474577363101
1.7437371665510604	0.9834474578266549
5.325399904279093	0.9834474561454817
-6.872588552129706	0.9999984023208252
-2.7778721801638007	0.9909197965074983
0.8084632604193978	0.9834474684714987
6.558116027376219	0.9834474561450791
5.387556904546464	0.9834474561453315
-6.798910250939247	0.999998106960976
6.642162980971364	0.9834474561450656
9.03612084466181	0.9834474561450527
9.705717258098208	0.9834474561450527
1.0143150783505561	0.9834474626948311
0.7870508765296425	0.9834474684401788
6.552049879062434	0.9834474561450797
7.642356504774426	0.9834474561450544
2.4092377561518106	0.9834474563418627
-4.109889172068786	0.9991270623841864
-6.882330151011704	0.9999984377554444
6.414204956671199	0.9834474561450793
-3.317101665467508	0.9957799281085083
-2.977939797519964	0.9928972903122825
-7.326153705913923	0.9999994377184926
-1.2985200423159817	0.9834757277417367
-7.053379822386905	0.9999989463077364
6.3349447935617675	0.9834474561450774
9.036394938873645	0.9834474561450524
5.962435680083447	0.9834474561451549
-2.0923209264225484	0.9852308917594116
7.694023041845959	0.9834474561450541
1.723376043667999	0.983447457888364
-1.2943862087912095	0.983474703009771
0.8670006037473286	0.9834474651779361
8.86508913551953	0.9834474561450526
-0.8209973189538609	0.9834475437512209
-8.544905924295287	0.9999999660205199
8.688372797761854	0.9834474561450526
4.284143425363304	0.9834474561484845
1.7888116682215625	0.9834474570402179
1.8627670391859077	0.9834474570233699
-7.903275846410871	0.9999998511175617
0.14695898057278356	0.9834474768633531
0.14290711204718143	0.9834474768471231
-9.286763976521843	0.9999999938431279
-5.472558197518134	0.9999599658155263
-2.9462265803087195	0.9925918264665147
4.248906365429722	0.98344745614851
6.101272270388243	0.9834474561451062
-9.409528034251714	0.999999995359162
-2.9674351694303436	0.9927966023164781
-4.44339510104923	0.9995823753269177
9.913870953010182	0.9834474561450526
6.117575455140614	0.9834474561451062
-9.882981595651735	0.9999999984399383
5.231663827067049	0.9834474561454816
6.328300048281022	0.9834474561450769
-7.342396721991644	0.9999994583591884
-4.898117927064947	0.9998508004084482
6.799318655793062	0.9834474561450661
-7.568175281630021	0.9999996779385417
-1.9678586177155744	0.9846363316253092
-5.975647976262577	0.9999874072985541
4.793662497682396	0.9834474561460189
-9.072766042672193	0.9999999899223936
5.954551849425167	0.9834474561451605
-7.433146890883662	0.9999995604947537
4.141148883181245	0.9834474561520282
-6.223241808788109	0.9999928767209038
-5.000406462794178	0.9998818689309902
3.127590345452367	0.9834474561996766
0.5321824803287623	0.9834474549019637
-2.4541604702950126	0.9878123468894605
-9.942433967604751	0.9999999986395252
3.0876316456832633	0.9834474561994606
6.320447305412749	0.9834474561450767
6.768064328304291	0.9834474561450659
0.9941006224235274	0.9834474626692767
1.9120149263162212	0.9834474570085321
-0.2991137225395679	0.9834474705001173
0.08059783267603038	0.9834474768904322
-2.5057050827369576	0.9882730596749221
4.948190319923388	0.98344745614591
-5.815196257401811	0.9999817857417418
9.134948760813234	0.9834474561450528
-1.388426402902713	0.9835067879970671
-0.09496127413788358	0.9834474689280697
2.4172878878490334	0.9834474563437856
5.726720243417267	0.9834474561451502
4.35575031229552	0.9834474561484766
-7.506215173067541	0.9999996285522723
-3.069210165978644	0.993748017829457
8.637058113773985	0.9834474561450527
-8.80031797429952	0.99999998112855
0.9531412452987542	0.9834474628048538
2.729550474960302	0.9834474562493155
-9.367146764128975	0.9999999948834487
6.629309403209646	0.983447456145065
-6.596214347140674	0.9999969812743921
-6.165204902121513	0.9999918588065889
-8.877446396434259	0.9999999841992769
-8.373702529531123	0.9999999496012768
-8.662959308475875	0.9999999741081184
5.308271503666928	0.9834474561454791
9.082203198654177	0.9834474561450527
-2.0979310354902836	0.9852611204849363
-2.5962409105627593	0.9891250497754231
-2.3873191266054894	0.9872487857120329
7.3553160782093485	0.9834474561450557
4.852595776182017	0.9834474561459216
-3.0336134782451074	0.9934217112363394
-0.6138237477946298	0.983447488083324
-7.383447757631583	0.9999995072101625
8.43086112215623	0.9834474561450526
8.043862468643823	0.9834474561450539
-8.900234636111723	0.9999999850069933
3.1317705423623377	0.98344745619968
1.3967658454513998	0.9834474595015997
-5.719750485585511	0.9999773154298204
-2.8231385662164543	0.9913742967935038
4.267349633703962	0.9834474561485446
-1.1111523764149922	0.9834517365072354
2.7058287186878296	0.9834474562445666
-9.223133767607745	0.9999999928716291
0.7394548122867697	0.9834474684685166
5.144102747073486	0.9834474561454747
3.904810758934296	0.9834474561514769
-3.7957856871659867	0.9983012145393066
-8.814917805040263	0.9999999817524119
9.805279223001175	0.9834474561450526
1.729718779524454	0.9834474578957513
-2.351124881616675	0.9869563715174099
6.065100640757194	0.9834474561451076
5.085276247617356	0.9834474561456222
8.901290872817906	0.9834474561450528
8.165493728315766	0.983447456145053
8.773907665118767	0.9834474561450526
2.522346779079726	0.9834474563628326
-9.695997117722722	0.9999999976004645
-3.889448237326132	0.9986014767250991
8.867723395524315	0.9834474561450525
-1.6363832218297638	0.9837326447402057
-0.4906196585213749	0.9834474841979866
4.025735134149141	0.9834474561518971
0.7750229221232949	0.9834474684928527
-4.1380542779911655	0.9991789846773534
2.978262114663007	0.9834474562172574
-7.326441708405591	0.9999994380912339
-7.683990992872771	0.9999997533247967
6.494953746504951	0.9834474561450792
-2.387059381138079	0.9872466502979482
-8.71426782149047	0.9999999769932574
5.558312386784854	0.9834474561452671
-7.860821090119243	0.9999998358286062
0.25652059697009477	0.9834474692168818
-1.147922191569748	0.9834539960270924
-3.0191460011996263	0.9932870456611046
2.127920829417631	0.9834474565612289
6.749064388715503	0.9834474561450661
0.13428593706451863	0.983447476829878
-2.5382663243454218	0.9885741591530699
9.287155522244358	0.9834474561450526
6.48573118251964	0.9834474561450792
8.583886653317904	0.9834474561450528
1.322744225082717	0.9834474595238737
8.304500399084567	0.9834474561450528
7.511437685843227	0.9834474561450545
2.769161469861018	0.983447456255513
-1.213925187055036	0.9834605079128945
-0.6228247053208555	0.9834474890180864
-6.599929735458661	0.9999970069846021
0.07125475383443103	0.9834474768703633
5.32600593974848	0.9834474561454821
-9.822733546468276	0.9999999982077835
-7.3647428803717085	0.9999994855229796
6.171072697654427	0.9834474561451063
1.123543068089571	0.9834474628166049
2.9850489581925963	0.9834474562091666
-4.101801939040448	0.9991115912656774
9.275564016802704	0.9834474561450525
1.0040469107502723	0.9834474626818775
4.832722528302092	0.983447456145857
0.2992100404226896	0.9834474542370063
1.8260346030811938	0.9834474569706657
4.219029476728231	0.9834474561481482
-9.253105794610242	0.9999999933469882
-9.041095332963259	0.999999989160023
-4.367972130936617	0.999505701405688
-4.804889951387414	0.9998155034323316
0.5988833243862359	0.98344746933093
-9.682748048036585	0.9999999975261349
5.338843014354264	0.9834474561454901
-0.7708064566868558	0.983447511441039
5.735283167175446	0.9834474561451533
6.871203044077635	0.9834474561450652
8.947235980297851	0.9834474561450527
3.629233493971803	0.9834474561579184
-3.2110060173310684	0.9949676276313855
5.024976742997795	0.9834474561459117
7.577500425128267	0.9834474561450544
7.5798851711168	0.9834474561450544
8.977096462305127	0.9834474561450529
-4.566815827402317	0.9996835669983329
4.070292613836282	0.9834474561519024
8.457831775943024	0.9834474561450526
-7.673919113834655	0.9999997475373151
3.785017911645326	0.9834474561587396
-6.212064442318543	0.9999926910983448
-0.5975560124893811	0.9834474869143562
0.830915459008974	0.9834474686850383
0.6472180640690972	0.9834474682487682
-6.035693252837722	0.9999890321951079
7.135952811487915	0.9834474561450596
-3.1550117692764035	0.9945030659946111
3.6433533760587267	0.983447456158729
0.16609614254891625	0.9834474769289706
-6.917487183247211	0.9999985592276459
-7.013508772152841	0.9999988449999774
1.6597933057432623	0.9834474578609397
-1.305964164658576	0.9834776472163778
8.351138087075732	0.9834474561450531
-4.053694346186707	0.9990141100211006
-1.3864246441101926	0.9835058819478597
3.1494072640921225	0.9834474561996329
-0.5248698827688401	0.9834474847478468
2.507996063809994	0.9834474563621372
8.508126204226766	0.9834474561450522
0.6123011028278604	0.9834474694151262
0.3844486461897123	0.9834474551620138
4.608046389982956	0.9834474561467584
1.8597493770738396	0.9834474570255939
0.6062464325489003	0.9834474695074867
7.050132524727758	0.9834474561450594
-4.886695368364493	0.9998468637706298
-1.0497368254675408	0.9834494385235034
6.107138902898598	0.9834474561451061
-8.59154344986325	0.999999969480366
-4.74741456572684	0.9997897539253401
-7.073037752873481	0.9999989929357556
-1.5344228456045794	0.9836075059019975
-7.575096579989222	0.999999683030374
-3.7912188408539516	0.9982852089317477
6.351168058563559	0.983447456145079
-1.5101266928665922	0.9835857977703145
-1.9705151687036526	0.9846474477629531
7.243833706343615	0.9834474561450555
-5.36208083065095	0.9999484082037173
4.276085221756745	0.983447456148515
-6.661384768857088	0.9999974018463489
-4.52413411395419	0.999651626865299
7.70898362210961	0.9834474561450544
-5.157322528037804	0.9999174986385317
-1.9871034633889995	0.9847184220447207
-8.829928515658816	0.999999982372337
-3.032567523163685	0.9934120155878533
-5.232408038027594	0.999930538161998
-9.005262345423937	0.9999999882277018
-0.3056924247807693	0.9834474710213589
-6.8418033961298885	0.999998284970989
-6.055920885934647	0.999989530982445
-3.717481594353087	0.9980078692618866
-3.5974692385903184	0.9974744337335578
-4.98839157572232	0.9998785813484511
-7.3416962330293645	0.999999457484886
-3.697040362162456	0.9979244298528623
-4.235514593166201	0.9993369727122153
8.252907613402385	0.9834474561450528
7.589379094686308	0.9834474561450545
-2.4163319850408005	0.9874901347303227
6.244014304135675	0.9834474561451078
4.913816331352482	0.9834474561459071
-0.19776208940966988	0.9834474692193633
1.344364632239067	0.9834474595212215
7.233208316471945	0.9834474561450555
-5.420225692029286	0.9999548540647137
-9.829783461623087	0.999999998236642
-9.838875104075466	0.9999999982731731
-8.591420879370691	0.9999999694717512
8.055415125549569	0.9834474561450537
1.9529412234861887	0.9834474570094266
9.833575684247347	0.9834474561450528
-1.534064459354667	0.9836071708806944
-3.7029779830371767	0.9979489699068069
-0.420314201337435	0.9834474832563246
-1.8630182360708467	0.9842512502217403
5.018276383670944	0.983447456145906
-1.250935903012639	0.9834658105384725
-5.470912203785927	0.9999598141966115
1.1459663313680046	0.9834474623763471
-1.7957550816571342	0.984060560766319
-4.392247687915045	0.9995317592994943
-4.976696615003684	0.9998752941563557
3.705451721411727	0.9834474561586652
6.768772595824622	0.9834474561450659
6.994509193607005	0.9834474561450595
6.170498605917164	0.9834474561451064
4.3752231673761734	0.9834474561484817
0.9170030939235208	0.9834474623100578
4.322557978752615	0.9834474561484753
7.87246149948124	0.9834474561450535
-9.247801679303752	0.9999999932652364
6.583161432217217	0.9834474561450727
0.1264798510567786	0.9834474768303048
-7.0586388445990655	0.9999989589894905
8.441740260497653	0.9834474561450527
3.4230010078645634	0.9834474561723789
-5.331071695523897	0.9999446035596394
-8.957981117371716	0.9999999868736975
1.4649829794398972	0.9834474587220255
-9.46078125787638	0.9999999958757674
6.860999655240359	0.9834474561450662
-9.70234059646598	0.9999999976352584
-6.68497473827613	0.9999975391847895
3.3608957745421275	0.9834474561729646
-3.161172468007716	0.9945553232098688
-5.7078591918884936	0.9999766866865638
-8.123353311452902	0.999999910305136
8.937899191036273	0.9834474561450525
6.213951355810519	0.9834474561451062
7.673244363442414	0.9834474561450541
-3.7238345277764306	0.9980332066491763
-4.052702302812126	0.9990119983137002
1.7342798743257948	0.9834474578893688
-2.316050253082844	0.9866832279401747
-2.2781671430186012	0.9864007145453453
2.7002876667382836	0.983447456247771
2.438914016132138	0.983447456362545
-9.74973252530301	0.999999997879728
5.753969031766847	0.983447456145161
-3.4225268092490646	0.9964941555975264
9.238818547093484	0.9834474561450525
-3.6784934728087393	0.9978461569173389
1.7041715045142567	0.9834474578495455
7.180604049843176	0.9834474561450585
2.0051848698303587	0.9834474570043265
-0.1224095323694474	0.983447468983624
-3.2232854833691604	0.9950663021685953
-4.221644154188651	0.9993164035794859
-6.49065246285387	0.9999961508751986
-8.999495523883386	0.9999999880703394
-8.037866557290275	0.9999998907921622
-6.849040152062278	0.9999983133089156
0.9300946332995466	0.983447462610485
4.256981829181399	0.983447456148549
8.597541294655436	0.9834474561450529
2.6608016420605196	0.9834474563311904
9.731535391884766	0.9834474561450525
5.307094410247327	0.9834474561454792
-2.9376106835619	0.992508095055986
-8.472301331504365	0.9999999598374912
8.979639929074455	0.983447456145053
6.503377830913536	0.9834474561450791
-7.599029598664746	0.9999997000247555
-4.80565786535045	0.9998158254688849
-5.918356297586302	0.999985633188436
7.310437992496567	0.9834474561450558
-0.16448638294746942	0.9834474691107323
-2.5190702202816295	0.9883959059619366
1.89572460206168	0.9834474570052082
-2.3577743477906132	0.9870092982714882
-7.410925478651591	0.9999995374221072
2.608032048415083	0.9834474563615019
-2.0361955030345236	0.9849444430685097
-4.638964296726482	0.9997311562001195
-4.7964423979373505	0.9998119238848343
-9.319053759164353	0.9999999942842871
-8.102288549432544	0.999999905847405
-0.25091802072884306	0.983447469653941
-1.1373307494140086	0.9834532621695085
1.7169132641399578	0.9834474578714292
-6.741283573755998	0.99999783838337
9.148338732117356	0.9834474561450526
-1.9538217024066853	0.9845787221749718
-4.417911236310466	0.999557858623318
8.829421296516927	0.9834474561450529
1.8879232665175305	0.9834474570054437
0.08105020288783571	0.9834474768908805
6.250463051826234	0.9834474561451074
2.8044784285584967	0.983447456253653
-4.190650307101409	0.9992682195718762
-6.244378368335961	0.9999932149506433
-5.7592930244898755	0.9999792869695927
-6.815002515213733	0.999998175813258
9.844719371625985	0.9834474561450526
-7.230613686133762	0.9999992993681135
-6.6791561706841	0.9999975059995553
6.00577570571296	0.9834474561451064
6.00385524050003	0.9834474561451079
2.8860030419118274	0.983447456254085
-2.813486018696212	0.991277529736247
-9.22349584941971	0.99999999287757
-2.5782411354755252	0.9889521924475442
-4.1152321628306066	0.999137144198261
-4.030663482426644	0.9989639838570393
-4.994177943517091	0.9998801758282814
-5.1444286105398795	0.9999150262251759
-8.12893031851182	0.9999999114495778
-8.461954080989745	0.9999999588691099
-1.9959864655952266	0.9847575532700015
-8.047886913678926	0.9999998932830112
2.287259257120917	0.9834474565786951
0.31242806647434307	0.9834474540513014
0.9601518072573256	0.9834474627780244
1.8068044085964416	0.9834474569285921
8.196694858022198	0.983447456145053
9.96656411925958	0.9834474561450521
8.667308953137898	0.9834474561450526
-8.347203771178368	0.9999999464304189
7.167580825299133	0.9834474561450595
3.215970012480396	0.9834474561995514
2.441995235530454	0.9834474563644453
1.6303034474010367	0.9834474578605735
-7.474765219195225	0.999999600656297
-5.845722118603902	0.9999830206675376
-5.526857711097444	0.9999646601486049
