-6.8931672555714885	0.9999977327016465
-9.317691416976622	0.9999999914687193
-5.9088672102038275	0.9999781450064628
8.825900786637884	0.9409791912286021
-4.093703997263041	0.9986297536133819
-9.335740048524702	0.9999999918159996
-1.6490066866143671	0.9541994000281095
-6.390921997740371	0.9999927940888262
6.670570493603513	0.9409791912298271
-8.486438158628449	0.9999999421548702
-4.859703697904791	0.9997568944361993
7.502461937077108	0.9409791912287655
-9.170718525273486	0.9999999880329453
-1.4989122417470657	0.9512650556059541
-4.74246006325119	0.999682274188999
-6.709643668786414	0.9999965404742064
-4.961130448395639	0.9998072327501359
5.060299915716797	0.9409791913000629
2.3349166958589365	0.9409791119237806
-8.421417789245297	0.9999999328127196
3.505027765757415	0.9409791936509062
1.575474590190634	0.9409791100087258
3.064063147702555	0.9409791962094445
4.322886477483765	0.940979191530124
-0.4262613235395598	0.9412855812153771
0.40449529509885096	0.9409791843572116
0.20197325898257645	0.9409798897503614
-8.000871944035515	0.999999823057772
3.4594776659910345	0.9409791936666584
-4.713809906634068	0.9996608287699429
-4.621263073911939	0.9995812901197528
2.1824740670440015	0.9409791109455871
-4.31658816394803	0.9991661701539948
5.927481416515841	0.9409791912381777
-3.8681672070558726	0.9977582043717392
0.29955767228855734	0.9409793218355412
7.101101345646654	0.9409791912291989
4.159944326616159	0.940979191780001
9.922109767204855	0.9409791912285932
1.2065380297202655	0.9409791427685521
7.437435112833249	0.9409791912288993
2.758297849590999	0.9409791985274117
-3.413727886969764	0.9942848440398288
5.253651037291153	0.9409791912666584
-2.7462041787353453	0.9824473097611881
6.172561172041572	0.9409791912333968
-3.5654358039698453	0.9957722092758393
-7.348243558362557	0.999999204845058
-7.99896217977937	0.9999998222779781
2.4976503758270585	0.9409790879673604
9.138229637720407	0.9409791912285975
-7.572887349028217	0.999999525963357
-3.757259957397343	0.9971596555667793
-8.40387086929869	0.9999999300425395
7.009904511409463	0.9409791912291956
9.06823424073902	0.9409791912285977
-0.6079383636173006	0.9417739879086041
-9.826650202008981	0.9999999973572515
0.21924540862893416	0.9409797441584784
5.571523385966334	0.9409791912476952
6.707224603289809	0.9409791912297947
0.6866231260720248	0.9409791486479425
-7.662517575757337	0.9999996143590724
3.7695680272690435	0.9409791924331505
6.681472890041324	0.9409791912298181
-5.816173246940837	0.999972949444764
9.434468408640736	0.940979191228595
-0.3167883540304217	0.9411341790763921
8.163707380652298	0.9409791912286314
-2.975873068819097	0.9875367571024386
-9.17628184689499	0.9999999881852658
6.418621047782128	0.9409791912309927
-5.638070516006808	0.9999592527397679
-5.726278875055648	0.9999667349136583
3.1083849667023458	0.9409791961017419
1.3028035763367551	0.9409791442118621
-5.525765092681545	0.9999472471890494
7.474498567262099	0.9409791912288618
-4.924387969510455	0.9997903222168979
-4.743399454611739	0.9996829541318336
9.132164143695828	0.9409791912285975
0.33585259671125023	0.9409792438247631
6.30730757643996	0.9409791912309848
6.586808394310609	0.9409791912302965
1.8946899631457725	0.9409791544399264
7.5731181774898815	0.9409791912287482
-5.666669659600498	0.9999618465875079
3.1054694966700893	0.9409791960980901
9.075669055433188	0.9409791912285979
6.627195913756232	0.940979191229685
-3.464311459281424	0.9948236977989924
4.243502210295841	0.9409791915283532
-3.120548346674119	0.9902009391899289
-1.7662333562038093	0.9567848116039015
-7.32153613395258	0.9999991544125821
8.56063360846154	0.9409791912286121
-1.770881563099401	0.9568911297264504
-8.948269214707478	0.9999999800273144
9.941739330000164	0.9409791912285934
-9.985367775422137	0.9999999980053876
-8.391744155333033	0.9999999280616086
-2.025777182735302	0.9631446613794817
5.879850671674385	0.9409791912381803
-0.47963759714979126	0.9413952808999732
-1.926043641912539	0.9605793671966294
8.419165319183861	0.9409791912286113
-9.627919279382704	0.9999999958237497
-3.9797436963634025	0.9982399527067445
8.719523442315161	0.9409791912286015
-0.452505899669017	0.941336394772204
-6.570093824706769	0.999995229663257
9.875684399065388	0.9409791912285939
-9.210703664048662	0.9999999890855437
-4.127027124160412	0.9987271436083625
-1.4250055514944115	0.9499428080692875
5.448749299548176	0.9409791912476386
-2.5780070690381596	0.9781742581247875
-8.917307204953406	0.999999978551423
4.939054935987919	0.9409791913045443
4.922334720147234	0.940979191304411
-6.387583498335574	0.9999927384949329
1.29872181897694	0.9409791441843054
-5.629593613175357	0.9999584506038853
3.4946016335113548	0.9409791936598019
2.4714327408610615	0.9409790883365703
-3.555273201229121	0.9956842513318959
-8.15781113120526	0.9999998767199333
-9.851438323908436	0.9999999975038675
7.585940925734739	0.9409791912287471
-5.9213185771370425	0.9999787623036446
3.598669108257786	0.9409791924148456
4.258086685545695	0.9409791915367324
1.4107113666663285	0.9409791442522539
1.7589800243072862	0.9409791236824171
-2.8117527539194853	0.9839975852951137
4.9469601197062865	0.9409791913045152
5.2060227112083	0.9409791912664647
-0.8972834676268313	0.9433970444457304
8.588637242936375	0.9409791912286122
-1.0540700748247858	0.9448109712151678
4.009155707293107	0.9409791918275359
-6.877095000072133	0.9999976472286831
-7.617330563441689	0.9999995720730823
7.074416080390947	0.9409791912291988
4.190134291755626	0.9409791915768551
-3.9694633915274613	0.9982000233808233
-8.555209873338537	0.9999999506263377
-6.563383746564253	0.9999951553973674
-0.22468711389905494	0.9410578713578179
-7.7545371981236455	0.9999996879928879
9.047137975201093	0.9409791912285973
1.4557677063007155	0.9409791354885626
-4.457905673387348	0.9993935680723204
8.415963871253552	0.9409791912286118
5.334814821240904	0.9409791912672555
3.079631126394853	0.9409791961298213
4.092533612078025	0.9409791918293267
6.272226689660037	0.9409791912327483
0.602912566643381	0.9409791503422092
-0.9510517716601097	0.9438221727185885
3.256042630013649	0.9409791957470518
-7.006458715752326	0.9999982532767693
6.66476956015968	0.9409791912298254
-5.4869942032199015	0.9999423297620542
4.647764624348486	0.9409791913799456
0.9658621289318639	0.9409791832750438
-1.3096807108511221	0.9480654236610833
-6.00615811799877	0.9999825290134029
-6.187540625935664	0.9999884916373522
-1.368168076684091	0.9489862399413499
1.152208926294005	0.9409791758717038
-0.6151572726591112	0.9417997136435832
-7.582337761106817	0.9999995361668637
-4.403773316749846	0.9993147207751495
3.375365566489311	0.9409791936869062
2.7153717925071383	0.9409792114012352
0.2013918819462912	0.940979895387892
9.874888902310438	0.940979191228594
-9.199088600365828	0.9999999887897018
4.790284179704942	0.9409791913191515
-6.618321772325171	0.9999957309849921
-3.9325592079803284	0.9980495188934688
7.314948722086413	0.940979191228895
-8.305746911230134	0.9999999123084528
8.08009953066524	0.9409791912286575
0.8993796608098883	0.9409791816411657
-0.42826816710480387	0.9412892583889965
-1.6796590676481937	0.954854914457768
1.0394404008229472	0.9409791834989373
9.986009881353688	0.9409791912285937
4.643331125888324	0.9409791913799869
9.537468625434911	0.9409791912285952
-5.5853738303605205	0.9999540033802187
0.49469893501634665	0.9409791689511321
-2.8245626132342805	0.984292333268143
2.7094604536330245	0.9409792115569534
6.118476739256916	0.9409791912333787
0.11739160244550817	0.940981445776945
4.534338839963201	0.9409791913723611
6.950559055790691	0.9409791912291899
-8.565221855972421	0.9999999517515515
-6.257610750530613	0.9999902058671503
0.20317339908124765	0.9409798782783388
5.293040509170567	0.9409791912666716
7.412004049415181	0.940979191228895
3.785589840329294	0.9409791924329534
7.363889863583889	0.9409791912288967
-9.337137342654485	0.9999999918422883
-7.366101148374722	0.9999992368769585
-9.886641214081639	0.9999999976982171
0.637175678552552	0.9409791494322388
3.4961793537832975	0.9409791936580493
-2.827354199321408	0.9843561622666631
4.115621277147309	0.9409791918271708
-2.8477995576650983	0.9848193192826743
-5.888303269026567	0.9999770860146309
-5.136419404762811	0.999871001133851
-5.9950237206966195	0.99998207554602
8.144067317434072	0.9409791912286285
-0.3943934223486991	0.9412314205302965
-3.9496427473967888	0.9981206090669097
-8.92618122467104	0.9999999789852386
-4.104433373910994	0.9986618665692228
-5.89398401556533	0.9999773835831917
-2.4256155585515105	0.9740508924946579
6.647204348130231	0.9409791912297707
2.3392222103104388	0.9409791115351345
-9.539131513999086	0.9999999948764112
-8.164712815609981	0.999999878663596
8.918032130942109	0.940979191228602
6.181365359931203	0.9409791912334011
5.512889121522626	0.9409791912476043
1.0078524130499655	0.9409791835670679
1.8345503466572932	0.9409791545852841
-3.0050799118551375	0.9881097245530426
-9.811427743351864	0.9999999972629784
-2.7830666710501673	0.9833265725338177
-7.585948214244143	0.9999995400067753
-6.325436134112126	0.999991621635566
-2.477391797012407	0.9754595405347338
-2.6676724458850076	0.9805036541112668
-0.7303363370667313	0.9423032684372863
0.8489948637338163	0.9409791534449011
-5.398497275874861	0.9999293231582115
8.66711768811863	0.940979191228612
9.715100137268557	0.9409791912285942
-6.769780201561644	0.9999969877854893
-7.865864011355486	0.9999997585438314
1.974161795732341	0.940979154382616
8.997664487815776	0.9409791912285994
2.889627743553387	0.9409792009541135
-8.898213033724911	0.9999999775873819
5.942398334254463	0.9409791912383683
-1.1561899725593214	0.9459874088218582
0.3409987270451289	0.9409792362767662
-6.836189307724161	0.9999974148700647
-2.568272091703947	0.9779156330641319
0.22521035787293897	0.9409797016660901
-0.3197286328737938	0.9411371297867087
-9.76826057596487	0.9999999969769497
9.0612149282064	0.9409791912285974
-2.935396808308619	0.9867135013674789
-6.312267115374133	0.9999913637580262
-8.514435060092516	0.9999999457661908
-4.108534151513443	0.9986739484309184
-4.913874666888969	0.9997852177770179
0.9043084075087435	0.9409791825026689
3.6900408315792	0.9409791924276502
-0.2913317924090997	0.9411095114989602
5.646513452525808	0.9409791912480499
-5.77349049046596	0.9999701584088129
3.7234950716045354	0.940979192431985
3.2810651714071035	0.940979194361308
-7.186186423622178	0.9999988452070465
-2.184625774972373	0.96737475979607
2.488729829180926	0.940979087999699
-6.400691199282247	0.9999929543377392
-0.4215404543288024	0.9412770655954199
-5.9959100760692285	0.9999821120713268
-6.3020321313695815	0.9999911578653705
2.3540422098573046	0.9409791071278623
6.9306297307999465	0.9409791912291429
-1.833503523131327	0.9583362739745447
-8.085860587633139	0.9999998545066119
0.11149386501551284	0.9409816314538685
3.2371828198838735	0.9409791962168612
2.9268160698472734	0.9409792011299227
4.3753824776598105	0.9409791915306713
6.931411788613655	0.9409791912291439
0.5359176463356974	0.9409791679668993
-8.119874902750578	0.9999998654669363
4.428867263369533	0.9409791915336733
-9.647178762309782	0.9999999960049044
-0.8242342179718278	0.9428653387602529
5.24355983635826	0.9409791912666807
2.8498299431968235	0.9409792009371082
-6.937087681792984	0.9999979507680308
-7.5673474769686955	0.9999995198779162
8.41607952144965	0.9409791912286115
5.857777458789606	0.9409791912381661
1.0105340059976697	0.9409791835529064
-7.725487390597561	0.9999996664092619
-2.5877841090672504	0.9784329897702817
1.3720082032344383	0.9409791443956234
-1.3876723367400992	0.949307517404987
-1.8568523585634225	0.9588789886873765
5.351527621789698	0.9409791912668148
-4.752355373079751	0.9996893646259564
1.7137203365472118	0.9409791097779681
8.937077283737477	0.940979191228602
-3.0725944043158204	0.9893656011244837
-0.47435941265019466	0.9413832936711992
-8.119426334176186	0.9999998653279104
-4.572773644364512	0.9995325268262164
-2.0124127850513363	0.9627944991329344
0.26851936194868387	0.9409794448292559
-5.151998081450113	0.9998755294152724
-7.321628689412787	0.999999154592768
-0.4237662513614815	0.9412810571976283
-9.667442980671632	0.999999996187036
3.145562278163805	0.9409791961174755
9.236725354938848	0.9409791912285974
-6.564508021909408	0.9999951679207965
-0.7022696106817286	0.9421609377713653
-7.825025523116178	0.9999997347369902
6.271066228853147	0.9409791912328078
0.9456720748369243	0.940979182866403
-3.0265968017006895	0.9885203500930897
3.7020765807495515	0.9409791924257181
6.123246064670873	0.9409791912333852
-1.8563150796673078	0.9588663564761973
-9.20944137429871	0.9999999890537744
4.490803244567871	0.9409791914043748
-3.326125091079204	0.9932420150595295
0.4514656746917325	0.9409791728113962
2.8161438318424956	0.9409792010570163
-8.482279098156544	0.999999941598261
-8.647695010259827	0.999999960096562
0.03664713843090084	0.9409854741187824
6.138926878678134	0.9409791912333976
0.185361673093265	0.940980072504196
7.94561803618938	0.9409791912286692
9.91119390315669	0.9409791912285934
4.661095861313296	0.9409791913799038
0.030295905694316616	0.9409859710214034
-1.2783891934556593	0.9475965060397978
-2.577018436501217	0.9781480390036977
-3.5955450740812056	0.9960236456928283
-6.52125785427486	0.9999946620119822
1.233811373675632	0.9409791443178874
-2.96813070121138	0.9873818996439754
6.945819183523248	0.9409791912291775
-5.974567599400573	0.9999812115647386
4.364818285408191	0.9409791915303478
-8.072191662369557	0.99999984985458
2.396769943728927	0.9409790873793503
-3.02306336638682	0.9884535945502555
7.187851616508503	0.9409791912290287
3.2332635211703487	0.9409791962205883
-4.521775464656694	0.999475198423181
-5.875227778439394	0.999976386142265
5.038668015520367	0.940979191306058
7.359240666639522	0.9409791912288965
6.739532273328642	0.9409791912298013
-9.670569875162913	0.9999999962143905
7.525643142266389	0.9409791912287304
-1.3862246320652716	0.9492834197249642
6.320104634499707	0.940979191230778
0.9415969437791283	0.9409791828516743
-0.7407421705121244	0.9423589419444349
-1.5567351846906554	0.9523287203919245
3.2766256586091114	0.940979194613551
-3.183312313744957	0.9912213520018668
-2.915425667047997	0.9862949171976793
6.890193446915397	0.9409791912294138
-7.2575520700743335	0.9999990201929373
-4.555936996837477	0.9995143180989334
0.1660889047476033	0.9409803465295157
-8.369387135188298	0.999999924261336
-3.780546858920486	0.9972963727824253
3.4304038929327128	0.940979193668166
7.128508113864957	0.9409791912291975
3.082137170179241	0.9409791961186379
9.71819606653331	0.9409791912285939
8.15082653979637	0.9409791912286295
8.457981936440355	0.9409791912286118
-1.4962475789876173	0.9512161852560953
5.251339662717683	0.9409791912666631
-0.022857940473937077	0.9409913532094634
-7.414303167471532	0.9999993170425739
2.28270510131078	0.9409791110518302
0.9519244503845847	0.9409791829499271
8.341258290482997	0.9409791912286312
4.163829901519286	0.9409791917565951
-4.8839983280204935	0.9997700284706781
9.77534787829812	0.9409791912285937
7.269462856933199	0.9409791912289036
3.177401294028929	0.9409791961249864
4.818949155699013	0.9409791912971559
7.797712440313642	0.9409791912286886
-1.2762014942122413	0.9475646708426749
-3.9680534948035096	0.9981944808984068
3.8970921165874195	0.9409791918413786
-7.604532262852248	0.9999995592749213
-4.629684861056731	0.999589232020766
0.45783777170117723	0.9409791720176158
2.1687030419471434	0.9409791114958684
3.0996029205475715	0.9409791960930238
9.468376162461198	0.9409791912285953
-1.0560693689496112	0.9448321691078906
-5.850515560408729	0.99997500455079
7.209886984431712	0.9409791912288963
-0.09254194442117836	0.9410034243921015
6.407638808278055	0.9409791912309883
-2.8776835396279754	0.9854822734197834
4.47592011808962	0.9409791914552889
4.023090113578389	0.9409791918297474
-8.57311708234688	0.9999999526207548
-4.414898068017146	0.9993317047373432
-7.691719331642428	0.9999996394365609
-4.534105653047842	0.9994896634112223
7.83632161898025	0.9409791912286627
-8.64394302390036	0.9999999597503342
-4.270196371354693	0.999074765329063
-9.042991374301877	0.9999999839411494
3.639201781614826	0.9409791924133761
-1.2036468111497545	0.9465945316319839
4.020001567056667	0.9409791918293331
1.7644599557277285	0.9409791291885473
4.815677337135472	0.9409791912973635
-4.026572289670898	0.9984114466445246
-3.746172260551046	0.9970923596032888
0.46895341182776384	0.9409791708787114
0.9874019074511011	0.9409791836072049
-4.707061981612148	0.9996555728094532
3.7987370867079573	0.9409791924270187
8.472084726721402	0.9409791912286123
-0.060636632462273354	0.9409967463877539
-9.992456293238323	0.9999999980053876
-2.2064576294741833	0.9679772195216818
1.5684280108731272	0.9409791102229149
-5.965648902625902	0.9999808219623052
2.353059763674503	0.9409791075490278
-4.671999043071375	0.9996269375777079
7.065921954063327	0.9409791912291987
-6.877200051964176	0.9999976477976854
7.906069149957101	0.9409791912286694
3.6116698393251454	0.9409791923152917
-7.070975152516863	0.9999984943958902
-3.6211431089172397	0.9962269338535447
3.282958763325281	0.9409791942581863
3.8977683320278	0.9409791918358389
3.3078515434100364	0.9409791934528672
-3.8008727484316385	0.99741073399402
0.46232234663105665	0.9409791715257955
0.4189859912434848	0.9409791794501742
1.565074022251153	0.9409791103293988
5.1061658105501895	0.9409791912652001
1.6323645704966125	0.9409791100380019
7.834665300338752	0.940979191228662
8.081627629721176	0.9409791912286563
-1.6407303335347976	0.9540250707375291
-4.398457552017083	0.9993064567794123
4.842102285545913	0.9409791913029758
-6.050780366976514	0.9999842341448139
-6.651759274279474	0.9999960472963423
-9.39344677547819	0.9999999928342962
-6.6799113583341185	0.9999962953644087
-8.073945120022854	0.9999998504595665
5.7052843657171906	0.9409791912380993
7.8757168364066	0.9409791912286709
-4.756321519391231	0.9996921623515771
-7.849059145535646	0.9999997490175995
1.0770049793447267	0.9409791836098051
-3.4723948226556356	0.9949056972245534
-4.045945272779066	0.9984776390297055
9.657526574357558	0.9409791912285937
3.3402077299794044	0.9409791936490011
-0.6202265174253654	0.9418178459524096
-3.933367818723914	0.9980529401418988
-1.38002312301413	0.9491806550337748
-1.5550437102423622	0.9522969056094855
-4.449743512881339	0.9993822761234349
-8.54226257214846	0.9999999491322428
0.710245601584635	0.9409791486107497
-6.771338802189368	0.9999969985753694
-3.2303183850030814	0.9919320363433981
-6.551243069393564	0.9999950180759709
-4.864773674334857	0.9997596954698937
-6.505595871086185	0.9999944660273375
7.792969482784095	0.940979191228697
-5.995573919043129	0.9999820982275882
-1.577025417045741	0.9527204213163797
8.879880074622434	0.9409791912286021
5.493947692309504	0.9409791912476408
-5.483058540079648	0.9999418056984494
-3.000118384460544	0.9880136491541156
-2.517289588552427	0.9765465551064225
-8.375160650328827	0.9999999252615449
-2.175091676852259	0.9671136853236414
9.496079952941837	0.9409791912285952
2.983327531204205	0.9409791971458058
9.37675279145764	0.9409791912285955
0.4889484196899616	0.9409791692865029
5.053237513810576	0.9409791913038326
-2.80078135109052	0.9837426699979559
1.580841118424532	0.9409791098921012
3.5900558285506534	0.9409791925771689
-6.2234698065947125	0.9999894051117597
1.9816606491565114	0.9409791542667747
-6.067088925979771	0.9999848149388121
-0.6454144065107279	0.9419103958294152
2.700483148092898	0.9409792074184137
-3.692809090780975	0.9967476988121945
-6.352728018138807	0.9999921318269042
8.611807381217218	0.9409791912286122
2.588782083671223	0.9409790884288306
8.729355225099265	0.9409791912286009
7.106625309329438	0.9409791912291973
-0.7365106719261725	0.9423361060398591
-8.657650213944166	0.9999999610008483
-4.780975975830497	0.9997090020311874
8.880488252185536	0.9409791912286021
2.4588218900228256	0.9409790885998172
7.077871726778756	0.9409791912291993
-7.058772926423007	0.9999984514955844
-3.1735068397062705	0.9910673520025681
0.6338026722396517	0.9409791494626877
2.9882119503422278	0.9409791966739036
8.39016482635435	0.9409791912286213
-2.646420783245964	0.9799612490979697
6.990875551750776	0.9409791912292017
9.369448910527652	0.9409791912285953
0.6715876768850482	0.9409791488111959
2.0410710117812627	0.9409791542729244
-1.4535340192488135	0.9504435547053305
0.5102198420059434	0.9409791686083125
3.678687640810825	0.9409791924390312
4.542694351024794	0.9409791913779018
-1.0859711254438054	0.9451578120886169
7.618322730667138	0.9409791912287443
-8.665773596742824	0.9999999617235416
-8.058809248290748	0.9999998451559504
-8.796443379215088	0.9999999716689831
-7.632049394954543	0.9999995863329647
5.275791712986706	0.9409791912667028
-9.29204765184398	0.9999999909498023
1.016432241707168	0.9409791835240231
7.014029998986693	0.9409791912291959
9.341393546185891	0.940979191228595
-0.018611819133234064	0.9409908546684498
-7.032908474331956	0.9999983564775933
-5.716350641776464	0.9999659664942061
7.7380993902074096	0.9409791912287464
3.5643764426848925	0.9409791932947585
-1.5175777052661878	0.9516074690015166
4.377073416230605	0.9409791915307025
3.8858160016138434	0.9409791919645412
-6.338325117588801	0.9999918665738279
6.949981439196474	0.9409791912291885
-3.977033773917822	0.9982295093360913
3.592141434975673	0.9409791925311253
-7.544400252290808	0.9999994938271519
-1.4019089051567235	0.949546714630128
-4.714827246855147	0.999661614261145
9.631067094034904	0.9409791912285936
-9.341004588553679	0.9999999919146071
-7.553076235324543	0.9999995038387344
-6.7780761044123805	0.9999970447735668
8.354770582268852	0.9409791912286317
-2.0445047680469397	0.9636374863985643
-2.758035958976204	0.9827314479036969
5.712878842323828	0.9409791912374704
-5.364202090773249	0.9999235291518184
9.522769033480568	0.9409791912285952
-6.343586513081441	0.9999919644916568
-9.831800525224118	0.9999999973884071
9.564940005882278	0.9409791912285954
-1.004361656456716	0.9443074570760359
6.604356689365236	0.9409791912298588
-9.033118888817931	0.9999999835719179
7.933783834426809	0.9409791912286691
-4.185685193649444	0.9988826227665761
8.733018085320175	0.9409791912286009
-3.7617532380207974	0.9971865190813947
7.3109804160365925	0.9409791912288952
6.580154683629907	0.9409791912304876
-4.78095981791641	0.9997089912995305
-5.0597068524493105	0.9998461947747297
-4.862934701179364	0.9997586832083112
-2.3237204526259347	0.9712333022551333
4.28742089360866	0.9409791915300547
-8.243025424413606	0.999999898683763
-8.904018728613977	0.9999999778850022
0.7723233919653527	0.9409791484810777
8.590324686827223	0.9409791912286121
-6.523838166223905	0.999994693628073
7.091691544737607	0.9409791912291998
-6.166832875344634	0.9999879298156394
-5.958903563014637	0.9999805219449382
-5.604356919145803	0.9999559679664705
2.9029970940955874	0.9409792009038606
-5.300360565437763	0.9999114521000444
-8.96679501539277	0.9999999808613773
6.5057170260848665	0.9409791912309939
9.44861498026355	0.9409791912285951
-7.421541792618513	0.9999993283312575
-4.0200544265295735	0.9983885669126684
-5.226322119958144	0.9998950456755912
-3.6757921705603014	0.9966302551030943
-9.630510445760514	0.9999999958485923
9.740616061901427	0.9409791912285939
9.966344140019263	0.9409791912285936
6.485380537367142	0.9409791912310045
5.172290213045127	0.9409791912673509
5.104322673540672	0.9409791912659101
7.802242837982906	0.9409791912286812
2.7050468120690407	0.9409792102858763
2.4023361766386877	0.9409790864506247
-8.35778647851582	0.9999999222109731
9.94371437128683	0.9409791912285934
4.949662859591033	0.9409791913045024
-7.9641036265066445	0.9999998074251264
-5.830453623676055	0.999973823757971
6.064015199768935	0.9409791912334972
-8.891019486213008	0.9999999772130522
-7.054494308211368	0.999998436165191
6.743620582769335	0.9409791912298013
-1.1651833141009593	0.9460997395409836
-6.9493752065533965	0.9999980079317852
-7.130758454386816	0.9999986880115921
-8.004884356204215	0.9999998246849873
9.297072414699944	0.9409791912285964
7.7899027616794925	0.9409791912287024
7.28055062626256	0.9409791912289021
-2.209842255960295	0.9680706824057326
-8.049926682838162	0.9999998419563543
8.971527690318926	0.9409791912286021
9.390395991629422	0.9409791912285954
-6.375644510586285	0.9999925361523121
3.9199282661270463	0.9409791917736746
3.1646406184342837	0.9409791961210324
6.6965618911916245	0.9409791912297991
2.3601686701714275	0.9409791042253438
-6.978894303852776	0.9999981388267813
5.50456406715217	0.9409791912475852
9.332204987474924	0.9409791912285949
5.5451060115927895	0.9409791912476944
9.322191965536128	0.9409791912285951
3.345397611341628	0.9409791936876202
-4.657797498289895	0.9996146806509989
2.3592259512797487	0.9409791046983669
1.8546217796303957	0.9409791533512417
-0.951545394792781	0.9438262450167858
-3.5502714432246663	0.9956403767629891
-2.567569746439875	0.9778969358719727
9.349572652856125	0.940979191228595
9.978172341699832	0.9409791912285935
-1.3578890037856048	0.948819752285924
-5.746847711980574	0.999968272201831
7.041977247556346	0.940979191229199
-1.3620559022990086	0.9488870148771111
-2.937360840580525	0.9867542280525066
-1.5101754729097259	0.9514717638292884
2.740477868209773	0.9409792008702647
-8.120503152764535	0.9999998656614101
7.899929535512925	0.9409791912286695
7.744768348494123	0.9409791912287481
1.4413716547704691	0.9409791435477046
-5.577334205803366	0.9999531451812824
-8.086964854286634	0.9999998548760791
-0.7930746535823374	0.9426634797446087
-3.6207350923080295	0.996223767283256
8.05062101802229	0.9409791912286711
6.7267383660682185	0.9409791912297986
0.6227245796397085	0.9409791495196365
-7.861980398402859	0.9999997563749635
0.6472355860796561	0.9409791492835252
-4.496430711867396	0.9994441871150153
-7.340319808753644	0.9999991902046224
-2.3150126514177005	0.9709907191487287
9.009176472033428	0.9409791912285982
5.550462933222228	0.9409791912476884
7.924424312134217	0.9409791912286691
-9.339850848884655	0.9999999918930991
-8.759812377427831	0.9999999691757222
-1.8475466070321325	0.9586613679467815
-7.181686515931847	0.9999988331800581
5.0273691251124895	0.9409791913049109
6.554965217736843	0.9409791912310169
-5.480257101949193	0.9999414297738798
5.394561647722028	0.9409791912505188
-7.1625968616125	0.999998780749848
6.537889978996951	0.9409791912310348
-5.086821037454348	0.9998554629179055
8.914062840837495	0.9409791912286021
-0.15364920154367745	0.9410222980067896
-2.7765479427223694	0.9831723066270458
9.46149092642461	0.9409791912285951
6.668250940956291	0.9409791912298273
-9.905444773923762	0.9999999977957474
4.620103814135463	0.9409791913797069
-1.5087941236935052	0.9514464160516091
6.750366783346795	0.9409791912298011
-6.359289606530378	0.9999922497841136
1.6429704431001078	0.9409791100133098
-2.4667616797185143	0.9751698858402857
-9.241648958362617	0.9999999898361849
-0.46202676873973836	0.9413563007444893
-0.667153445745253	0.9419979877324205
1.2692055861979235	0.9409791444800821
5.718679339170594	0.9409791912372695
-4.208435644368027	0.9989378480678394
8.366339190769757	0.9409791912286303
-7.126694080909872	0.9999986756760866
-0.9182688887397017	0.9435612538381402
4.233148623815794	0.9409791915149884
-6.805831192573741	0.9999972277138086
1.1811739678941215	0.9409791522807726
0.3711909064734833	0.9409792035382124
-8.406792516086409	0.9999999305115903
-9.190814062224334	0.9999999885740651
-3.0696087464118227	0.9893120425004829
-4.178430611083632	0.9988644363757123
6.559694737762349	0.940979191230962
-1.3747231274829943	0.9490934133750322
4.388673002291753	0.9409791915304535
8.777444618851472	0.9409791912286021
8.320790261708694	0.9409791912286305
-3.675834944375196	0.9966305550306165
-9.625218812359169	0.9999999957977005
-7.7255153645299135	0.9999996664307484
8.28294107048325	0.9409791912286309
-2.8875832948415114	0.9856981145721075
3.6475464906917576	0.9409791924457305
5.809615961865923	0.94097919123812
2.9377708507507485	0.9409792011526572
1.9152186011113503	0.9409791542353751
-5.95234634780458	0.9999802257989149
-7.619699517806393	0.9999995744009257
-6.799421854397183	0.9999971865005469
-3.5338464191265118	0.9954935536869667
-9.362979815461575	0.9999999923135525
0.6648213444018971	0.9409791489327531
0.20353828198066992	0.9409798748344069
7.807171279967179	0.9409791912286746
-8.599678040381455	0.9999999554315836
1.2585198133959885	0.940979144792788
4.602476012587093	0.9409791913791327
-2.280128868852591	0.9700192332783698
8.88009416205341	0.940979191228602
-2.9452119869076165	0.9869162382455102
8.771940149663063	0.9409791912286021
-5.6225920456056055	0.9999577761912385
-2.2952934403486314	0.9704413504425246
-4.2664317377747185	0.9990669344910863
3.5363685488112218	0.940979193718827
-1.6737335043530877	0.954727007326934
-0.8312364435793373	0.942912734105509
-0.9358299546304583	0.943699302609951
2.8964975396146375	0.940979200920901
-2.2464029518260764	0.9690820620241486
6.122294047327735	0.9409791912333837
-5.442334384333427	0.9999360958205141
7.284138255392062	0.940979191228901
-7.529411757766251	0.9999994760533291
5.043211922230967	0.9409791913060364
-5.26410261230271	0.9999037646010904
3.8552695433642192	0.9409791923706065
9.745702625331116	0.9409791912285939
1.5980873425002926	0.9409791098202527
0.40244468299213665	0.9409791851802719
-5.855611828619232	0.9999752959302928
4.963435075735436	0.9409791913044916
-9.193332259071907	0.9999999886401255
0.2084044733694732	0.940979830826413
-1.558129814389467	0.9523550329875632
0.5607624679186998	0.9409791612854461
4.598975883067951	0.9409791913791569
-7.980182128216096	0.9999998144242445
-7.334513173520691	0.9999991793050326
3.027228368628574	0.9409791958334268
-6.682342002884503	0.9999963160377853
-9.033927278281118	0.9999999836024681
-6.157597748829389	0.9999876704959189
-8.267055295166408	0.999999904137389
-4.522491239216402	0.999476049041798
-2.5218884796890606	0.9766709674640793
2.4021749877455	0.9409790864699101
7.4915437145018196	0.9409791912288017
4.129011952341948	0.9409791918377844
-4.8421194944963375	0.9997469259907771
6.207364173264878	0.9409791912333744
8.712950559506105	0.9409791912286024
-5.024301577433374	0.9998331966236178
0.4979512862185622	0.9409791688033012
2.472188656653147	0.940979088316601
-5.062390152726124	0.9998471377583376
4.868335681881998	0.9409791913060361
-0.11198561894039116	0.9410084907997014
-9.278947277587566	0.9999999906726476
-9.066513253953143	0.9999999847877902
4.223925131325807	0.9409791915043533
8.368327971396326	0.9409791912286298
-8.5552585261176	0.9999999506318683
3.713112751946589	0.9409791924288263
-1.9840798031417464	0.9620581669350249
3.9693589974202936	0.9409791918402153
-4.423325531941553	0.9993442955826158
-1.978739530682315	0.9619204257048783
-4.624731055206905	0.9995845786915721
2.54389986174138	0.9409790882467854
1.5148169975418213	0.940979107763311
-3.1083310077989657	0.9899927019616689
5.0981663864226725	0.9409791912691313
-7.665414476418468	0.9999996169228489
-1.6967086630295025	0.9552262626081283
5.630507701774974	0.9409791912478234
-9.790989312626092	0.9999999971310918
3.0083137817037287	0.9409791956764002
0.8852517341334334	0.9409791766554977
0.49778421329521905	0.9409791688100548
-3.1585447699374347	0.9908285062812433
3.4188425208619044	0.9409791936648129
-2.135237754464079	0.9660464321012477
1.7145806760817983	0.9409791096686466
-6.699039892498488	0.9999964549754837
6.721124320396726	0.9409791912297967
4.228821991956281	0.9409791915094332
1.7311525786384685	0.9409791081516926
5.6610654959924425	0.9409791912467746
0.03945101293930442	0.9409852657661705
1.8380460759306096	0.940979154116086
7.893711523666521	0.9409791912286699
-8.388701678924857	0.9999999275558753
0.34260923358865547	0.9409792340452869
5.347299801705452	0.9409791912672798
7.9099205881166625	0.940979191228669
7.427609176637656	0.9409791912288952
9.141999152574535	0.9409791912285975
-4.2047163906448	0.9989290040084764
-5.0472460341766245	0.9998417392643432
8.781142748656116	0.9409791912286021
-9.271791782381044	0.9999999905176953
-8.701692712712097	0.9999999647618816
6.533848494218933	0.9409791912310194
-3.616863089397686	0.9961935993632479
-3.8467112536568537	0.997652427764327
-6.239464307829441	0.9999897880910196
-9.550831044168193	0.9999999950125933
7.982754087105249	0.9409791912286692
3.996637036553409	0.9409791918268451
8.61508266015067	0.940979191228612
4.304135619306724	0.9409791915287535
-5.046254156782881	0.9998413791373083
0.6339526410842353	0.9409791494615908
7.089533307302727	0.9409791912291997
6.82741192812998	0.9409791912297977
-7.386854583792046	0.9999992724855695
2.7361359626215034	0.9409792026280211
5.416553780567174	0.9409791912459372
1.4983487129374993	0.9409791087662283
-2.5581836572037053	0.9776465831094644
9.081765215416624	0.9409791912285979
-8.290286914426908	0.9999999091305894
6.572795158543311	0.940979191230689
4.835689792416593	0.9409791913008108
7.66416826341402	0.9409791912287447
-0.17371852649087138	0.941030631583018
-8.882519659921947	0.999999976762683
-7.396919450067023	0.9999992891516909
-5.6071155532723305	0.9999562464005385
-4.2385196581430495	0.9990068313726075
4.400252483814748	0.940979191529106
8.715451609988211	0.9409791912286019
-6.230226778114507	0.9999895686252664
-2.121213202744805	0.9656745170216439
2.0819538119183534	0.9409791190177517
4.137984793507478	0.9409791918426218
-5.889830358119705	0.9999771663890088
2.7060518853670867	0.9409792106956346
-8.73537072083549	0.9999999673912076
-9.10258199657472	0.9999999860001335
-0.8164030522629453	0.9428131880195024
-1.4817677069636126	0.9509514788880433
-2.67628441595662	0.9807215923237885
9.564154003450511	0.9409791912285955
3.718190168746119	0.9409791924305773
-6.225686125402525	0.9999894590254863
9.3241973055158	0.9409791912285951
2.7893384562232804	0.9409792014477041
-0.8868073893899009	0.9433159430664602
7.591622060944417	0.940979191228746
-3.45216671759053	0.9946983963385714
-0.37211459763722843	0.9411979831867366
-3.442358339906373	0.994595338891989
5.6854149935877185	0.9409791912417169
-1.7595897595806864	0.9566333205120384
-1.275813373802288	0.9475590443408912
2.1537531724029293	0.9409791119376008
4.429251045503534	0.9409791915338585
1.0679073935911596	0.9409791836826857
8.475196029764653	0.9409791912286125
7.864102230247031	0.9409791912286706
5.571622917952826	0.9409791912476956
4.3202771966450015	0.9409791915299361
4.12943853533732	0.9409791918381762
-7.691952766128938	0.9999996396303114
-9.54433888644921	0.9999999949374783
1.053235719832287	0.9409791835912532
4.648758096150388	0.940979191379936
-9.08550998131803	0.9999999854388498
-5.4830301996786845	0.9999418019075341
2.777837484158736	0.9409792005811511
7.532462276220603	0.9409791912287307
5.225956807750581	0.9409791912666419
0.2887793111164463	0.9409793574084919
-4.4926628422049175	0.9994394254889297
3.9908165835452802	0.9409791918278524
8.237709313810303	0.9409791912286308
-5.303092054713847	0.9999120057916819
-2.5356531626551204	0.9770422509873975
9.878930646917862	0.9409791912285939
2.7013375056995415	0.9409792080882801
-8.597942917685707	0.9999999552531647
-8.766412346810974	0.9999999696406221
3.0213517398073755	0.9409791957238416
8.244838602962506	0.9409791912286307
-3.943854949122021	0.9980968023923746
-0.31254961530907366	0.9411299567176689
8.669867736436991	0.9409791912286116
4.966180891288667	0.9409791913045094
1.328492951191592	0.9409791442857993
8.239589063127536	0.9409791912286306
-0.15294150932542294	0.9410220255012116
-9.338825805011322	0.9999999918739422
-9.820266767296202	0.9999999973181204
2.584876442430776	0.9409790880847507
2.8866697081094816	0.9409792009692419
-9.003437817830854	0.9999999824099142
-3.3410592810146067	0.9934299450646167
6.528241891483631	0.9409791912309997
-9.914788486746055	0.9999999978426617
7.719270088129612	0.9409791912287443
2.5093321036495233	0.9409790880263883
6.003536718967059	0.9409791912335373
7.354384164711291	0.9409791912288967
-6.262173891853253	0.9999903082061701
7.073285310898125	0.9409791912291988
-5.718922019872235	0.9999661671977436
-6.073944763566161	0.9999850526596321
-4.226458065658121	0.9989797116733689
5.764465219011976	0.9409791912383773
-7.7081819113590955	0.9999996528483033
9.634524092639268	0.9409791912285936
-6.02278213062287	0.9999831847977407
1.5669689885239801	0.9409791102697667
0.870149337103264	0.940979167326998
2.068581991576588	0.9409791320481445
6.17365680498969	0.9409791912333973
6.873421595665803	0.9409791912296493
5.541516314845566	0.9409791912476972
-5.075464785234236	0.999851650810962
4.444791667415071	0.9409791915348126
-5.8521150955113255	0.9999750963722336
-0.6117137785488822	0.9417874246111039
-4.317328373508658	0.9991675547997954
9.939453721027107	0.9409791912285933
-5.635484169181417	0.9999590096577937
4.768434879416574	0.940979191357303
4.100467853711095	0.9409791918272541
2.4792278635481413	0.9409790881417733
0.8551284087203506	0.940979157076719
-6.816925753629546	0.999997297632327
-8.059615396663236	0.9999998454431094
-2.102616125597123	0.9651797618647558
3.0861775278731773	0.9409791961050802
-5.678160671156363	0.9999628417262614
-2.557024115635982	0.9776155938656064
-2.1798998565661787	0.967245067707804
4.226357758185223	0.9409791915066621
-7.31974842545994	0.9999991509247494
7.660226013046255	0.9409791912287448
-0.13005216796263852	0.9410139392101045
2.539198703732932	0.940979088264134
-9.584744837015071	0.999999995387239
3.5689135597797073	0.940979193166159
3.815379206017555	0.9409791924271332
1.189631013507558	0.9409791471597893
0.15563711839803673	0.9409805277336624
-0.8439461813532834	0.9430005893980968
-6.286553372090382	0.9999908371260309
-3.8946446911154275	0.9978826060271432
-2.4054106892544436	0.9734971392275233
-8.952080112068831	0.9999999802018054
8.876569880334856	0.940979191228602
3.6947846002674254	0.9409791924258826
6.691771770474958	0.9409791912298042
-3.4685057903417515	0.9948663848650543
-6.461681221012063	0.9999938772871082
