0.20912145968877027	0.32118949966059784
-8.988568200894074	0.9999999728250418
3.5580239910688185	-6.694798698612316e-38
5.456229935782865	-7.49564068577435e-67
2.315995751617436	1.045726069876357e-19
-9.755137087402206	0.9999999953484261
-3.0787024468697988	0.9821760726058287
5.1787874858553185	-2.1833866016026073e-62
-1.797869002757384	0.8836345399016131
9.55785886867734	1.0171844747319306e-129
-7.190825138059469	0.9999982942991308
1.4976096845889622	5.534810125074275e-6
5.941471274698987	1.9939866078642613e-74
8.95440933788095	1.802088085767306e-120
1.8597790689174651	2.7425963217658456e-11
2.4361898639260193	4.640392691684278e-21
6.658425957518098	-2.40483578269379e-85
-6.255170166658819	0.9999852942298371
0.5424802638222914	0.14244642768390975
-3.7082234042993623	0.9951198498548013
7.112828254265374	-3.4462651834633845e-92
-5.589201317625125	0.9999318965812689
4.384992971269938	1.3120602286209955e-50
5.847821474096708	-1.3253879066103245e-72
8.879402543332443	2.4454273821057264e-119
9.087738951060604	-5.280120613031394e-122
-0.20570434437909846	0.5265936640125997
8.14210480099073	1.3810035252746964e-107
-6.493942927405119	0.9999915131114533
8.757841257681626	1.3157943293769525e-117
1.7116128688133578	8.940623482684542e-9
-6.546294059068116	0.9999924768001318
-8.180514977646943	0.9999998253288844
-0.7036544732007002	0.6918851561781472
-7.520456531217312	0.9999992014975289
-7.447555287151384	0.9999990555546837
-5.6443934318122935	0.9999400180481853
-6.6588474837658485	0.9999941942524444
-3.621227073016078	0.9941103640957694
-4.603226515110634	0.9993453832770133
2.9925384004442535	-1.1349766182673296e-29
3.340071675626369	5.344115655962417e-35
-9.173474866975745	0.9999999822473878
0.9916300986192041	0.011801390510513926
-5.3853071589398605	0.9998911461994349
3.621396555798473	1.5807272167431197e-38
7.248443724871237	3.461279828433711e-94
-3.2704707197799676	0.9877618642939135
-8.25053099661973	0.999999851336129
7.644261157387369	-3.407948061308552e-100
9.50180110394648	1.0305424998948843e-128
-2.7904138098846465	0.9699085094421209
1.3318907277806566	0.00015957991882655217
-0.8817476550744132	0.7350388876210613
7.610777266408114	1.6038832961285155e-99
4.242592476131271	1.1105040544410057e-48
-8.324715532899209	0.9999998746798189
2.3528648435011146	-1.562071872136105e-19
-6.46538048672987	0.9999909362513589
8.360614311921797	5.849038919321142e-112
-7.846092327038381	0.9999996227382155
-4.69932848077085	0.9994744918514922
-9.819305122981818	0.9999999959873437
3.1490724176547236	-1.1517962308804564e-31
-0.5190460978341171	0.6399744354823645
8.264909767335858	-1.0584938316075583e-109
-7.3946400245944455	0.999998933179405
3.5151286397714276	-9.790577642240743e-38
-3.3146304490793366	0.9888067360566869
7.291378132208806	-6.813831886324522e-95
-2.119025294346666	0.9190378445268336
-6.202745676777597	0.9999834078716799
9.07245401389659	-6.535429878359416e-122
-7.260328543397292	0.9999985465484881
-4.9044631173730036	0.9996715229175314
9.26636259480146	-1.7482984528620087e-126
4.6590507207677625	-2.083966913425825e-55
2.975635650611558	-9.23004337026416e-29
0.45805669388044734	0.18523207474529144
-1.7883976973674507	0.8824883533443084
-4.880943523657346	0.999653321692867
-4.7436895456871175	0.999525221207986
-5.405861223595361	0.999896171519929
-9.213793558916198	0.9999999838213017
2.03973150233546	5.355551324791927e-15
0.5718141182668504	0.12996503702130946
-6.0717294726711835	0.9999775670383344
2.4364605603572045	4.1794256455133075e-21
4.07208596849642	1.3266368031280237e-45
1.8000557315671948	4.473154422380689e-10
-9.677181810715654	0.9999999944338506
5.5879027024192105	6.472617394189158e-69
2.8895652553005036	-4.193537040577921e-28
-1.473575105610884	0.8406131312462471
5.547472976886013	-5.093254368703684e-68
-9.487084471855	0.9999999913771149
-0.7809648072006325	0.7114358326967207
6.910430053902054	9.150774126783877e-90
2.964776905271478	-1.207066360501297e-28
-5.735466270370799	0.9999513582884768
-0.32874470568432734	0.5754914942057767
4.228744973032672	8.030206577618647e-48
4.099688409560237	-3.160457881083381e-46
5.684492271633905	-3.955978255845468e-70
0.023362457805262693	0.4213179499537858
1.6305230454409916	1.4590512682278148e-7
-8.711970467201674	0.9999999486232725
-9.032939809272666	0.9999999754643659
-0.687183608852461	0.6875033081459138
-3.0603949751303894	0.9815448979362134
-3.2380184198287942	0.9869401576684128
9.790333768184297	6.014189583750768e-133
-8.372997787737265	0.9999998878656268
-1.822273910907839	0.8865388742835754
2.864384519524922	3.230803423249414e-27
-1.4774689984878222	0.8411805195976476
-4.236486735349536	0.9984928751687752
6.83620573852491	3.021903551212091e-88
9.952370560688799	2.701802527762641e-135
-5.082478636218721	0.9997816854889268
-2.6554403284048655	0.9622989339610288
-5.124775281437883	0.9998018953020172
9.640559513363527	1.8591720234722944e-130
2.703823998315258	8.888231165632027e-25
-1.1440386205452526	0.7873007147339606
-6.5465065317656945	0.9999924804794982
-6.1768032091744685	0.9999823867665971
0.5560601061320689	0.1365323754963686
3.9528921429757204	-8.402429181392526e-44
9.433378964455382	1.8766298388520837e-127
1.6301035761241778	1.4786958086104118e-7
1.4012538441178854	4.0866106181093796e-5
-1.7887407415120649	0.8825300280584135
6.522593132914846	-2.1140728565034744e-83
6.198749655305136	-4.420111499723292e-79
8.220069148794906	9.25814068439608e-109
1.0412475157800216	0.007412552457550563
-2.258525602085486	0.9322472870673404
7.163399664022737	-2.4145020283249615e-93
-6.22063163000913	0.9999840771888817
-8.69655522447439	0.9999999467669012
2.5683682842946443	1.245186565121779e-22
-8.240111972190544	0.999999847726473
-9.612093290349266	0.9999999935338817
-7.499775949006819	0.9999991625541602
2.225108907040818	-1.843268973312659e-17
3.03320014550037	9.017158710306704e-30
-5.8225782354464695	0.9999601943738894
7.178261679369502	-5.25121514336211e-93
-2.388747931121711	0.9433887086813387
6.5427973800538375	1.3129475355140593e-83
-5.698187178892429	0.9999470013974192
-8.34918466871692	0.9999998815454056
-9.06440576165313	0.9999999771791853
-6.91527218439659	0.9999967830258698
1.8147580999344903	2.8795250647364146e-10
6.283010413636308	-2.8775650627462316e-79
-1.3257262873204425	0.8179010900313811
-4.458076780157207	0.9990885013465797
-2.3895368865023814	0.9434522576383435
3.3695100552614665	-1.0821422905587676e-34
-4.812686272367528	0.9995946148113112
4.31798348830573	1.957965826567324e-49
3.589629617071184	-2.1959499854866614e-38
1.6762229052460231	3.2657706145072814e-8
-0.350047171084821	0.5828074668888138
9.511356697230099	-2.349670302838795e-129
2.8119316514545325	2.1957727688972643e-26
0.14683364342561234	0.3556149116227512
-4.436173974608519	0.9990419049900713
2.8088778524747617	3.203627685899453e-26
-2.111816702764635	0.9183236478926926
6.3961884788027845	1.26413993514022e-81
7.494969642815683	-8.188957921733046e-98
-2.8702362538274784	0.9738303254453787
9.863273136862567	1.332156759412622e-134
8.520573623058372	2.3853984698495227e-113
-3.8196330481356178	0.9961750622276421
0.6192669569657596	0.10940053412362474
8.8411509660796	-2.997796275554378e-119
-7.134206246717123	0.9999980567869161
6.517436667441615	-4.020962476992531e-83
8.81204447782784	6.0798519431617515e-118
-7.6696124511770725	0.9999994336020362
9.770023412996842	-1.097203924329091e-132
-1.5596633527510573	0.8526310050081242
9.866070304862482	5.162824467189836e-135
4.607793858918164	1.3584694369957761e-53
-4.267080722990206	0.9985936429294219
7.1348463401659465	5.75345539195647e-93
7.575617107602319	-6.709387025512787e-99
5.069254204394845	-7.931841154526363e-61
7.301372271760766	3.535870021473978e-95
-4.103060451470761	0.9979641617957138
-3.893566069403649	0.9967509431601864
-1.6785491645705584	0.8686324504199211
-1.8806093726406203	0.8932874446521487
-7.3256234551414945	0.9999987494329367
1.0451464266524937	0.007131771796657294
3.6799159426453265	-8.253582844593564e-40
1.7454527122246688	2.341010661307393e-9
0.637856780465146	0.10130877659915986
-5.741643802531371	0.999952044884628
-4.961590219463905	0.9997118656062866
4.191901093825855	-1.3601785834793086e-47
0.11753654382739143	0.3715216187541453
0.6029823974452029	0.11664154969151186
5.813940947712846	5.049867184107689e-72
2.0724360886245776	-5.010577017298122e-15
8.960326870255404	7.988209199329483e-121
4.723071571991095	6.562124834830651e-57
-0.9278760086399984	0.7449257425227945
-7.565842281178665	0.9999992807319948
-2.6359672084405794	0.9610925317029775
8.84030375248157	-9.202975529854544e-120
-3.0095974570705186	0.9796962887888716
4.345120106525782	-1.1369923044471432e-49
-5.741257012929704	0.9999520021807694
-5.678390437761376	0.9999445313172391
-5.7183914715474415	0.9999494090236317
5.41470514583477	4.056140862188206e-66
-6.391610893847113	0.9999892584127479
6.187418191780274	5.599829198078553e-78
-4.3647279469880695	0.998872939373314
6.1810978937569026	8.362097741876451e-78
5.636534303489004	8.632095504096744e-70
3.4619131691139557	1.582001920004958e-36
1.7701748584574872	8.860374786896193e-10
-0.5064622178810687	0.6359963486383814
1.5849442658448822	5.877500944666799e-7
-1.1200278216481063	0.7828812747858925
-6.079833901670431	0.9999779816608542
-0.7315576548518088	0.6990915189635559
-4.321696223113376	0.9987573225947899
8.690750735018536	-4.860524030652177e-116
7.389380687050753	2.7470326194566837e-96
-8.679221339998819	0.9999999445992653
-4.965425777055583	0.9997143901741317
9.685519917223438	-4.1146946284794506e-131
-8.791229699292442	0.9999999571937405
-2.605954287938612	0.9591778603458363
4.171628763987867	-4.795179106556784e-47
4.063404473409808	9.44024561378097e-46
-5.670501561872565	0.9999435152494762
7.516799153995887	1.8095236143538263e-98
-7.319627123476984	0.9999987320467277
-8.242365827151543	0.9999998485146749
-2.106159763965798	0.9177595838040367
-6.7187231553367255	0.9999949419072767
5.189918733986826	1.7602520328672563e-64
-0.964124978404568	0.7521928832304593
7.114834353751519	-3.3160122189110535e-92
1.1679279367861017	0.0018220604102293988
1.4269472856515328	2.3215931647292167e-5
-3.4471082902495542	0.9914808514369865
-2.6500979395790214	0.9619707675600688
1.5928775094362244	4.712022740494484e-7
-9.805315226927318	0.9999999958559807
9.345541501536722	5.8506169164480596e-126
3.366178876147714	-1.3122736318738339e-34
0.21893955648059205	0.3156310126345477
-1.8271368383941233	0.8871080335654741
2.8840389082340003	3.950636171429198e-28
-3.6291144540724085	0.9942093908462375
-4.9192353308366465	0.9996824649189389
6.467991030098155	5.737186165133139e-83
-0.40045174484581025	0.6006337684465204
-6.7084977598646	0.9999948214096209
0.890389751160857	0.026245426150614967
-2.151066166914619	0.9221551798882803
-1.41558404119316	0.8319682291628319
0.9877968343357111	0.012207605755130744
9.116320414352607	1.6609623610294462e-122
-3.42888874296722	0.9911510187741948
-2.764808564036505	0.9685606941882993
3.5903415168800468	-1.9728910208089211e-38
4.209758853431577	9.569002282198695e-48
-4.379963545674923	0.9989112767719168
6.488199661215152	1.449955418946679e-82
4.412937071842006	-4.639767792254783e-51
-4.814127404359669	0.999595951086351
4.971111185374681	2.102982134858807e-59
-2.5472486499290037	0.9552409043956661
3.8364165992730506	2.6680080364878347e-42
-1.3350807581551791	0.8194005796979162
-9.011910937184652	0.9999999742470997
-6.179298146857426	0.9999824876393886
7.135761478214519	6.586666279702276e-93
1.1087670254821944	0.003607057708244649
3.695180386040411	8.890183209911867e-40
-4.498803050651339	0.9991692627159046
0.4874954857329925	0.16986316628720963
-6.884193374415792	0.9999965443864478
6.113085217562123	1.3930988750245876e-76
-8.986546733386538	0.9999999726982591
8.564530330355428	-3.2104389264236003e-114
0.8655917099697419	0.030497456991462765
1.1294739213638394	0.0028194300984389154
-9.042696029495865	0.9999999760093986
5.342018006354339	2.6594705799352282e-65
-7.899473897646914	0.9999996663727174
4.57940541188897	-2.5165325372517617e-53
7.998807121314808	6.695379187868835e-106
-8.960875974950353	0.9999999710358255
-4.6061602227032905	0.9993497551967901
-3.012649824245277	0.9798115558539331
4.4943824305748326	-2.712239016441591e-52
0.2895348374950668	0.2786117714239431
-2.3732818712179027	0.9421331861192722
5.9650827605923915	-1.0532180718028632e-74
-2.899717212201356	0.9751726208117159
-7.885212981680323	0.9999996552357266
5.623368114614644	-4.203421442664993e-70
6.404155492884126	3.70210661691627e-81
-0.20322208934829078	0.5255341062133805
-8.205826307262662	0.9999998352178843
3.53275930026005	1.2222016160994303e-37
1.4068675499616603	3.624266935399514e-5
0.8257153663852712	0.03870785504251868
3.7683887415442108	5.292998941777964e-41
7.208568712885647	-2.0865382779156827e-94
-4.063454562207536	0.9977749646343864
-8.208034408274623	0.999999836053566
-2.1423953483418234	0.921318909563482
-7.311849043716707	0.9999987091338118
7.068033010403042	-1.3478489793269096e-92
-5.653545094191208	0.9999412678849376
1.1524342945930321	0.0021577730127859502
9.927878097075578	3.9306652432657965e-135
3.685813564364228	1.623378203562766e-40
2.3518805651680097	-1.476629506167087e-19
-2.191886325410235	0.9260657754640969
5.721762932876292	1.1536896166771745e-70
-7.367923205822033	0.9999988654912162
-1.7150270091115374	0.8733425372882337
-7.90094577821149	0.9999996675015042
1.7693886713852702	9.088511965036001e-10
-3.407463913051476	0.9907483647735584
-0.2921255232378783	0.5619367087971249
-0.787923557541399	0.7131327875574355
-1.643199125509227	0.8639759535330146
-2.700773816675559	0.9649995251282523
6.551161712532519	5.815226488626315e-84
1.7375445356720576	3.24740678329284e-9
0.3678515377664304	0.2345143089657797
3.034439920586225	7.456925574643184e-30
-1.9863293998331741	0.9052061725129186
4.585851613570707	-4.872071039385996e-54
3.9931027466901625	1.9001594353278282e-44
-2.5508439029678653	0.9554893284626638
8.914345197049748	-8.100336547731419e-120
6.6992260322974175	5.450055955652099e-86
-5.970333355762261	0.9999716697044767
-3.026724268012164	0.9803360277736577
-1.625026712615112	0.8615479110656674
-5.389104404323888	0.999892092544731
-8.079337809292891	0.9999997795053085
0.34262900282911346	0.24864444082913442
-9.313237577780825	0.9999999871323426
1.2628543794917881	0.0005074901017222044
-5.710733719660261	0.999948509638592
-6.303127505337276	0.9999868314285095
8.873688273539532	-7.384305859081217e-120
-3.348573622679507	0.9895552069349601
-7.57347381586154	0.9999992932606028
4.531270891854424	1.850845401066366e-52
3.9834608801970575	-9.068764347241821e-45
-1.1238536521779352	0.7835918606424217
-3.782930379464746	0.9958540782084352
6.58862005460211	-6.088982272740072e-84
-3.501028631480483	0.9923924100692797
-4.7426911627798685	0.9995241349062611
0.18026674058008751	0.3372411879449447
-0.21065270568038308	0.5286992245414841
4.370005422131303	3.3611322726673434e-50
7.9968498618080055	9.68719098881418e-106
6.0859327460112596	-2.1189009082484316e-76
-4.092430024363862	0.9979149788421792
-9.514906906431374	0.9999999919122053
0.9529276390586094	0.01635800873763138
3.7216769352507164	3.0043289514975597e-41
-3.83071001705249	0.9962671774722944
-9.613575611671203	0.9999999935559142
-6.671128928094854	0.9999943561223822
-8.31682801637022	0.9999998723829994
2.0637017148174017	-6.146301673799759e-15
6.6276220725821275	1.8339824687656724e-84
-2.121092200159067	0.9192416438047353
-6.065244156871827	0.9999772296319652
3.789306391436238	2.0692961885878345e-43
-5.124906161814864	0.9998019548478332
4.278338908767028	-1.0005790286776987e-48
-0.1583487860033106	0.5060442574283397
2.2590466948235832	4.362106134180823e-18
-5.132368199260968	0.9998053204548274
4.661983266894971	2.4272319381328164e-55
7.3518327190511314	-1.423446000145821e-95
2.8025476521317927	5.0110921640953774e-26
2.4552656811272513	-9.88627965486405e-21
-9.374434605608002	0.9999999888235933
-5.35230134227775	0.9998825634830713
-5.957852161628927	0.9999708440030841
-1.8374337628580797	0.8883045065459313
-3.732016088085839	0.9953661103590223
-1.5894974085336155	0.8567171459176979
8.764379400138086	-1.2455727884892229e-117
8.03791313652902	9.251291396986196e-107
-4.796747663699876	0.9995795393132884
6.233816640927266	4.604122751196424e-79
-6.669736981477041	0.9999943380057542
-6.957536946142131	0.9999970813348893
-1.5161277284391197	0.8466991443253539
-8.251158102998106	0.999999851550639
9.062999262804627	-1.164423472384008e-122
7.226025635943852	1.1859343428871247e-93
-8.60383696634672	0.9999999340978043
9.81113019459244	-3.0538503926052726e-134
8.00316615811576	7.292555803389374e-107
3.053534868111676	-6.088446403383178e-30
5.833964798519542	-8.566328441827463e-73
4.75270066029748	-7.543856417973215e-57
-0.4246931104312157	0.6090346886964387
-0.6442893389960691	0.6762290385872223
-8.780038369341954	0.9999999560763512
-9.037833415374577	0.9999999757392779
4.253673083397004	-2.088800952498425e-48
-7.523992871008129	0.9999992079730174
5.519327842620093	1.1851916084273722e-67
3.897713216243339	-4.836225207552659e-44
6.727690546381901	2.4462315123966055e-86
-9.27544625707981	0.9999999859624663
7.225369324584765	1.179891542887634e-93
-4.656385481348759	0.9994202633382139
0.9397324092972461	0.018184870683840847
5.48782012513486	-1.3021886265765549e-67
8.965149835444581	-4.088351711718626e-122
-4.903218976251469	0.9996705843966416
6.849092278443855	2.2939069611090653e-88
-4.04633998736148	0.9976880072220791
2.4371718619518834	2.9992895258379884e-21
-7.504435468732007	0.9999991714910156
-4.0461030772634965	0.9976867806041225
0.6724512744206166	0.08729198187249196
-1.4986342830203458	0.8442318503021361
0.0986215929919112	0.38171972874388416
-8.620490505359854	0.9999999365770547
4.110166213862438	-2.217431442220191e-46
7.18501730233389	-4.7881969580854915e-93
9.307200424330453	-1.2683882718786663e-125
8.284875130569734	5.835471909460313e-110
7.006157214974287	2.3596674128645133e-90
6.047591809229118	4.2929041939677386e-76
-1.3472237951030444	0.8213359794406269
8.997078601848454	-1.0029669126648272e-120
-2.572546393309323	0.9569686548140337
-6.6498005653143455	0.9999940720500127
8.584200107636537	1.4527696822459963e-114
9.264334824992297	6.656390759382905e-126
-3.17924554803918	0.9853289509202117
-2.486780086251139	0.9509182575243259
-0.9168588879824888	0.7426579404149208
4.721691669316579	-8.445344855752348e-57
-8.929281082873516	0.9999999688501464
-5.216924760582855	0.9998396943401512
-6.8119107003561075	0.9999959186436903
-4.861820559541932	0.9996377855738953
-7.975015409500341	0.9999997196372665
-1.7965510438563204	0.8834756161850118
-8.151354641367616	0.9999998131980181
-1.7947913436613163	0.8832631295948974
-5.089126425548005	0.9997849929847705
5.631311854671143	6.913494700924041e-70
4.564037908724918	-6.436366421584269e-53
3.774564389408411	4.688307351002444e-41
-8.874294107605545	0.9999999646456416
7.4373709869013425	1.779646809478253e-97
2.05618952511883	-5.378625134305744e-15
-5.6410867742544335	0.9999395599562569
2.938565750108868	8.94076065439537e-29
5.873483210166587	3.316194320960434e-73
-8.679109926085653	0.9999999445850511
-4.0246323649688165	0.9975729484828163
6.082106405993368	-3.446084231046694e-76
1.518088391644099	3.4811405494388537e-6
7.026190341900531	9.759160358315889e-91
-1.1483626897189367	0.7880864754802109
8.22134230176114	8.767878195078836e-109
-9.258239306466995	0.9999999853951248
-0.9282041252075004	0.7449924283793617
8.04045222511973	1.2449807944506464e-106
-8.583389733760495	0.9999999309208247
-7.616585667552198	0.9999993600469627
-0.38508608717618387	0.5951432992936372
7.517596911991696	1.9838496923692085e-98
-9.66864373394095	0.9999999943233393
5.91938329058166	-4.008099285017583e-74
7.4015065032386005	4.201400682012138e-98
-2.6049741725687836	0.9591142121824134
-4.055955831317144	0.9977372633614773
8.508250664493303	2.0328973014753613e-113
0.331571538691918	0.2549146818278329
-1.2739423601183866	0.8094119121640047
3.69450563259457	8.669032924367183e-40
-1.6033919521355813	0.8586235077682729
-5.48619160018653	0.9999136861296403
4.196224031062798	-5.38893524480828e-48
-5.9013335952623835	0.9999667933809674
-0.39313550397694463	0.5980356060989361
0.5899652405649558	0.12234027879961103
-1.2718471139482812	0.8090669061054679
-8.268428540046177	0.9999998573381339
-9.761408653445557	0.9999999954151156
-0.7862476548312323	0.7127249142144524
0.36140876598900107	0.2381099171557811
5.131836711434442	1.2962717812701188e-61
-2.5488738875920314	0.9553533220403884
7.637206955759211	-8.348083259284979e-101
-6.120539618043401	0.9999799511468833
3.611819014597298	1.7099797158526345e-38
2.81872910464374	1.5049208487578677e-27
-6.784667884497031	0.9999956544386241
1.7534426248492796	1.6732815604160623e-9
7.57448844804188	-6.831821771615669e-99
-2.116408430396408	0.9187791851008139
0.967013436210685	0.014576564522174219
9.492758633443799	2.2222506197758375e-128
-8.053654726221055	0.9999997660725224
8.215540451929058	1.0293848196734444e-108
-7.251572768648575	0.9999985169483177
-8.255271863240994	0.9999998529501524
-8.308371736193996	0.9999998698737935
-4.1425612342802065	0.9981371891928302
7.670296621237711	-5.051367349153461e-102
-6.570224310896351	0.999992880091173
-4.743868718780551	0.9995254158983476
5.191791542442804	2.75637650534294e-63
-5.045518149910202	0.9997623493604697
-2.1742555582332157	0.9243795922616983
2.459824323913953	-9.193486031068594e-21
-0.5317830678316895	0.6439468365891431
-3.479188524862611	0.9920345198093283
6.806363015867873	-1.1664454425706608e-87
4.940916123907835	-9.039394145228212e-59
2.44622774393736	-7.249861434432225e-21
-7.938995656461412	0.9999996953929966
0.4778751799350367	0.1748315237777348
-1.6967305594003221	0.8709916622283441
8.829824296288212	3.4952611563639184e-118
2.590571881196336	-2.352823053437925e-23
-2.144749217054893	0.9215463333448193
-5.118537419356177	0.9997990364969284
-3.8111780737701695	0.9961032928675041
3.7441248674572325	-1.6606568958755013e-40
9.570361895697665	-3.0651826174084464e-130
-2.589395710938307	0.9580931162822491
-6.413974825517492	0.9999897974810695
-0.023728931414828125	0.4445518952613397
4.567721779080465	-5.930371273223938e-53
3.206728916909647	-1.4183193867102604e-32
-6.525049212538563	0.9999920996674565
7.978941744864731	1.9928383643498804e-105
-6.350193153550867	0.999988183735842
0.49437533146578616	0.16633390414825552
-8.50394368696065	0.9999999170544385
-5.564087509298843	0.9999278459150299
5.075847541126581	-7.595428883213058e-61
2.8223730767906208	-6.0613145944987655e-27
-6.320708283314853	0.9999873537812245
-3.059446780343835	0.9815117165468039
8.195833228916499	-8.0585289387518245e-109
3.053177376573677	-6.034155054527443e-30
4.3731920519673295	3.348702690040436e-50
3.9810889651202874	-2.0155824437640682e-44
-7.9744656904853395	0.9999997192821685
6.771105585013508	3.0478528476597776e-87
7.8055227995807215	-7.540774671985841e-103
-4.55596319718456	0.9992707958950406
-0.5656211105185918	0.6542356057653363
6.610679409384218	6.195384811855678e-85
9.645839512051921	1.535047849316849e-130
-4.030677900332633	0.997605539515211
-2.79365369981468	0.9700760985765563
-3.1625567597365656	0.9848412719106562
2.478079041441962	-9.790565291053396e-22
-6.0797137603917495	0.9999779755707324
9.863079747752302	1.3893728423764163e-134
-8.04553267635101	0.9999997616565465
-2.2564806425332984	0.9320623195906717
-1.7836620473417888	0.8819118913378273
9.334340913827571	7.838017222656341e-126
6.2457616090046955	4.066806784355386e-79
-3.892772061354419	0.9967452259309304
-0.5213006932010167	0.6406817740884098
-4.538522543752084	0.9992411939011215
4.7458857159892975	1.849974566683807e-56
-3.5028957823701834	0.9924223118286186
-3.62907982128569	0.9942089594536816
5.4540953463259445	-5.694825501890326e-67
-0.247798152020259	0.5441645358010314
-1.7558118378009802	0.8784833140611661
2.8324127452099646	-1.3806585453590757e-26
7.600365196383674	5.272503513771595e-100
-6.162895975013005	0.9999818137478056
-2.6537354523432333	0.9621944381580726
4.071009095665378	1.3425557056675373e-45
5.665328964653886	-4.4277263051273914e-70
9.821514970664968	-1.4543414319789802e-133
4.829695129614407	5.44619791013081e-57
-7.868121293588413	0.9999996413972004
5.489230422361153	-6.592521634849835e-68
3.2703902312664024	-2.8720391758513948e-33
8.446603641022413	2.757209222182393e-112
8.822393283515794	5.852715188780539e-118
-7.884852847200565	0.9999996549497222
3.2994923063418202	2.4055903489233476e-34
2.3791842761247306	-1.0367322076233045e-19
4.893260922205096	2.172090300678714e-58
-4.614360677638949	0.9993618227802881
5.397109394910382	-4.668078422457898e-66
-0.6712524961495347	0.6832339322285405
-1.9494832651488672	0.9011389773038011
-4.389507718531429	0.9989346342814134
-1.2347535529869447	0.8030564839811652
4.142120586637823	4.016790436270453e-47
4.050006013580916	-2.6076430132997472e-45
5.396187490113217	-5.413765959602287e-66
-4.168674808413821	0.9982435934874901
-2.8200381747461734	0.9714140814736035
-7.446022812511668	0.9999990522162331
0.14013489551537006	0.3592698390801497
0.8985102779139211	0.024856186423645097
9.097219527875062	-1.8965749463126092e-122
-8.987756487664992	0.9999999727742037
-6.829331312548335	0.9999960791095773
-6.25998674874078	0.9999854563962779
-0.821556686946753	0.721209301579004
-0.3560067363990207	0.5848498886164902
-2.47172669795249	0.9498020864248815
1.8615547934659062	2.5527381393231438e-11
-0.6266414854796984	0.6716440899286551
-9.251159886575856	0.9999999851551012
-5.600215954938337	0.999933600704165
-1.1433161317993967	0.7871691342382109
-7.782375848317811	0.9999995631232457
5.728445229257151	1.0463297765041924e-70
0.4751150371248123	0.17626685108980034
6.606229204327484	-4.0093606625418633e-85
2.640243923123773	1.807779683265505e-24
7.8034019344532695	-1.0418801824698912e-102
-8.269099037892573	0.9999998575582162
2.718549868346294	9.717538273531944e-25
6.0867507160243335	-1.8403815632139858e-76
-1.7941290374847405	0.8831830687559189
-8.210377350198254	0.9999998369356464
7.754819783200659	2.5784882932185196e-102
4.785168614311299	-2.0124404166386084e-56
9.061080213803532	7.569298489303045e-123
2.0774382075063293	-3.765018766730484e-15
5.817555538136293	3.956018680301137e-72
3.89766708880364	-5.116862306861816e-44
2.006906438778703	1.0809204670627452e-14
-4.148225861762933	0.9981607934276668
-7.8078065883264	0.9999995879704796
-9.29924807405265	0.9999999867110987
-7.309357052068797	0.9999987017056051
8.418029701522268	2.1653238388446806e-112
1.0114940122178098	0.009851870796955927
-9.298940836491777	0.9999999867016943
-4.663622518264252	0.9994297767686046
-9.799779459490932	0.9999999958028204
5.0777508761416215	-7.279627386713011e-61
5.985988834950117	-9.79170603233551e-75
5.947853487991704	1.1220820946728813e-74
-8.621542275254669	0.9999999367304657
-0.23394721410074482	0.5384713964020276
-8.263893605377234	0.999999855840645
9.534070497137328	-1.76516584610726e-129
2.5320497290188904	-5.455351089109722e-22
5.285924635825756	2.9052348178618573e-64
-3.6510802911306817	0.9944770198222486
4.712285684479468	-1.4084144916629074e-55
1.9298257823084555	9.621115442953224e-13
8.66004084709813	2.6216640199575993e-116
-6.648333574364469	0.9999940519934396
-5.2270841804793555	0.999843393659772
-4.711182278048707	0.9994885522202378
1.33784156031596	0.00014318517761980747
2.514921859309842	3.622395919489195e-22
7.087950278756942	1.118076713658892e-91
-8.684565204393856	0.9999999452767752
-0.9242897774635459	0.7441939961866377
4.126208653028151	6.735549965960547e-47
2.2843750722218026	-3.1595668284626866e-20
4.316730406029823	2.3843117865766656e-49
-8.094836383311765	0.999999787235241
8.647772027884976	9.13166507352534e-116
-0.9344827415234391	0.7462613206715568
-8.92903653188501	0.9999999688326011
9.83072286669017	-8.969312493976147e-134
-7.640299732372715	0.9999993940536354
-2.775813292530538	0.9691449090633553
9.80728684716179	8.774717766394001e-134
-9.82187888470377	0.9999999960110537
1.6736576902232336	3.577364834755522e-8
5.833307958727069	-7.533237299213638e-73
-3.1541162464173444	0.9845893707533786
5.159891862212582	-3.918524058042999e-62
6.277183015374895	-3.220938763146421e-79
7.991359473094619	1.7650469446784574e-105
-1.9752624122023654	0.9039942982567972
-4.885121603590896	0.9996566267841354
2.6649807531250183	-4.7349241247404714e-24
0.43597861820714456	0.1970157113697889
8.1105857177775	-6.3773777429853355e-108
2.9540736589868075	-9.510579942190925e-29
-1.0118358787918957	0.7619618853541059
7.899788422225477	4.435852569851894e-105
1.1768557169710459	0.0016551898620866478
-3.0504326843217955	0.9811938171564885
-4.258095431801472	0.9985647555798588
-5.026061586557593	0.9997514939057212
-3.403628685764364	0.9906745594913293
-6.600301891491185	0.9999933564613025
1.6797725861890846	2.875328165303008e-8
-7.437202675404575	0.9999990327711059
-5.288980708593116	0.9998641609435893
9.372281160675442	-1.5633423989379726e-126
0.5960679096213397	0.11968884441037336
-1.4884421731796458	0.8427701339702517
-3.50162071782282	0.9924019038308893
-5.638295657440615	0.9999391705660933
-7.429307908877383	0.9999990150278785
-7.1680319498708345	0.9999982023899626
7.368583054263496	-6.833592607054796e-97
-9.764966083787101	0.9999999954525184
-7.218997292848712	0.9999984014317345
1.3616882886686774	9.136536025150333e-5
-9.162067364034584	0.9999999817749057
6.122445916000984	6.6283716432926264e-77
9.598954263731141	-6.464505772726256e-130
3.8801783331092174	-1.388293552787956e-42
5.580252617655477	1.2498398606192815e-68
-4.156611062746092	0.9981951981021798
3.0946749120699035	1.4481231350156618e-30
-2.284640390254271	0.9345826729888729
6.832792480492746	1.838555124444272e-88
1.2310580377791212	0.0008204100151798886
-8.295600393633995	0.9999998659903465
-6.414959122255106	0.9999898205753007
-7.635849981013414	0.9999993878132987
3.0620423672694095	-5.8456255733989955e-30
-2.5574529994203887	0.9559435243377331
0.9602772581930239	0.015408580104446103
3.259096865386235	-2.8499918514253764e-33
-8.017550635165026	0.9999997457943384
-6.088490597785374	0.9999784160799072
-6.725034763250921	0.999995014880806
-8.865713626245903	0.9999999639401898
4.900831020609608	3.7726170344131644e-58
9.848212756255581	3.550703557721979e-134
2.6145343052593084	-1.1888000451517728e-24
-0.6626944390304637	0.6809817107934011
0.39172307157884134	0.22121509420990887
8.971106572060464	-7.874537781159468e-121
-0.7999344405542139	0.7160417443354272
-0.03332148027368831	0.4488770537386788
-9.507431297063413	0.9999999917717836
-6.96179582970665	0.9999971098159566
4.5876140306172974	-3.0795146756292697e-55
-8.774066284718574	0.9999999554681802
5.682978978924119	-4.2069938670008835e-70
8.676571713115141	-4.8815062271935936e-116
-7.021431347324216	0.9999974806281771
7.807697273049282	-4.742070880787923e-103
-8.338485424359746	0.9999998785909394
-2.150575968345989	0.9221080017934927
4.480975424014225	-9.435683192794449e-52
7.281695074157106	-2.009338952720382e-94
-1.6606738094947637	0.8662896081757956
-6.141681531499721	0.9999809035442783
4.2714037302892915	-1.8884974576243332e-48
1.2089199211477961	0.0011271588537192791
2.2548403925284397	2.2727854417427632e-18
0.9423517029909654	0.017808847368441974
3.635099660701231	5.890165915157604e-39
0.5741199914814779	0.12900997447462573
-3.365231177777215	0.9899059132632219
3.083604550044626	2.23091842199069e-31
7.920532597070075	3.432741901370569e-104
8.0775597597952	-8.24649928358572e-107
-9.500776297102206	0.9999999916447256
-1.867836794740164	0.891808411152458
-9.503275704612255	0.999999991692673
5.490195357757246	-2.521652370075489e-68
-9.63017257017302	0.9999999937975355
0.9357456268493571	0.018770745944556185
-1.1990143489956129	0.7970765293453017
-5.600506882862297	0.9999336451324999
4.689018970428087	1.647914387879415e-55
-2.2893233386850875	0.9349962383465418
-5.635068481874739	0.99993871721514
-7.79844500397374	0.9999995789923998
-6.791115483589452	0.9999957184737626
-1.3327397088730564	0.8190259832178208
-8.577789122588207	0.9999999300242216
-0.1329245017072278	0.4946655560831271
9.977633562322083	-1.1215666047199505e-135
6.289224555391261	-2.2128993316696635e-79
0.5813511897781041	0.12599830672837142
2.260704035740204	4.8089532219728765e-18
3.8408570058857308	1.6491064652996946e-42
9.928839748083327	4.1718698358296336e-135
-7.631947126201024	0.9999993822870364
-2.8964392208416223	0.9750261283022733
0.05518674127928058	0.40477137786029155
6.670160686568536	-4.2809084119021254e-85
-8.72248341724324	0.9999999498520178
7.160546149567164	-1.0483795800591173e-93
4.22579188428243	9.283368626961832e-48
-5.037508788187335	0.999757939135342
2.424928622406007	2.6460460165951642e-20
-2.3334024000607156	0.9388107087681451
5.16614198352206	-4.109133240140752e-62
0.9041573318470597	0.023891338216642178
-6.733472466581905	0.9999951107938051
4.2628113786566715	-2.5523933777542816e-48
-7.565910831278275	0.9999992808455163
-2.6527272479671726	0.9621325418399103
6.075528788526338	-5.5006923741900656e-76
-0.35932931505621823	0.585995361578168
7.234285404004165	1.0558703011746342e-93
-6.930788372821408	0.9999968959258826
-8.977335848181474	0.9999999721130383
-9.630856648339128	0.9999999938072974
-4.888614080289213	0.9996593654521838
6.984799924947037	-5.7833992079199495e-90
5.11282332495405	1.5428342109628834e-61
8.058204821544205	3.851158607538574e-107
-8.921394034672257	0.9999999682792767
8.47217801900613	-1.0804883374772245e-112
3.6706810744228147	-2.7081104226675275e-39
-7.966522633927098	0.9999997141007492
3.6459838741015993	-1.3967162719641039e-39
-6.817976701245088	0.9999959752509615
8.109672164615567	-9.075949127379022e-108
7.50514562904452	-2.6435697790705143e-98
-0.4909509632070872	0.6310306243279936
-5.017644404844397	0.9997466457784921
-8.436256728692623	0.9999999030651432
6.145202842260851	-3.681627271712725e-77
8.618324909686514	-3.5412480223191696e-115
-6.633889821553263	0.9999938508618637
-9.305026535896337	0.9999999868867423
3.391009523776546	2.9669212391626e-35
-3.034629342257551	0.9806255802360365
2.7805948297684004	-9.229460783240557e-27
-3.7844261380690725	0.995867646918862
-7.999366218153416	0.9999997349245373
-3.433071595322841	0.991227750773521
0.23969642721023732	0.3042165948628936
4.967609109314349	1.7243415593607883e-59
5.623468489206346	-3.991657373644842e-70
9.23565502345538	-2.9605789609583635e-125
-8.573688140895165	0.9999999293603228
6.0216758818363445	2.902143227007901e-75
-9.766742138574763	0.9999999954710775
-7.5501929436831405	0.9999992543412326
-5.162427259462428	0.9998183100445148
-5.931676467209632	0.9999690333786153
5.896261105412366	5.715405033278419e-75
2.572614502846209	1.0115389541084042e-22
-0.001992226371200445	0.43421296937794707
-3.175863169984958	0.9852312166049473
6.024660920662299	2.8972892706439045e-75
-3.8943812365317143	0.9967568026912828
-2.546235529832672	0.955170729132474
-5.758595963977875	0.9999538796665522
2.89988367360988	-7.752736751770907e-28
6.828600450821021	-7.91993206682627e-89
-4.7258534567124055	0.9995054378105603
5.8209779573269405	2.77713908442277e-72
7.371237418902602	1.0126464033113072e-96
9.100065796591117	-9.214462320463748e-123
3.7243326540329704	-6.506908904464254e-41
4.315629805926701	2.7607754525212846e-49
-5.790547753748907	0.999957149232767
-6.2996814517298505	0.9999867265388881
-1.6512790291486432	0.8650484987174979
8.587406797785459	1.457771424602709e-114
-3.562440942640319	0.9933209846776373
3.6530952572124686	-3.56223396869161e-39
1.600636188963179	3.7525127785781785e-7
9.703006732399984	-4.105282376862296e-132
3.171636067624126	7.626894289019963e-32
7.128647713066538	-4.052953763119511e-93
-9.873094923950191	0.9999999964547899
-9.172850452269966	0.9999999822218453
-4.05669534828633	0.9977410088846279
-5.185578655564953	0.9998277217220952
7.356154965593706	-1.1538551899109126e-95
-9.045588575970749	0.9999999761686531
-5.197371947492462	0.9998323274200405
9.270163990849241	-1.463292692138992e-125
-6.266424707980347	0.9999856703628697
-4.826167181088885	0.9996069449180407
7.437791483612646	1.854422677057786e-97
1.792743645142174	5.273033344783581e-10
9.215475979247355	-2.059431740780737e-124
9.413003734797208	3.683529236225652e-127
-7.0987046127133135	0.9999978912689963
3.1707826667884618	7.867230019649413e-32
9.348916202981755	4.726726658285595e-126
-7.114343122547311	0.9999979658493091
-6.843620078136912	0.9999962060058403
-4.43783491702606	0.9990455195051251
-9.037259370817132	0.9999999757071896
-4.035509028684503	0.9976312777231578
7.081519070414576	1.425644959012259e-91
1.0251281384752087	0.008665834681365376
4.082332918032122	6.65153014480664e-46
-9.343778256149221	0.9999999880061426
-3.4704984337164735	0.9918878786429733
-4.075723963693756	0.9978353362930549
0.8476093004237342	0.033863369802623514
6.6956877794675265	1.1155129040241899e-86
2.63408216783378	5.619625226716711e-24
2.1351850451333476	2.0935390113083603e-16
-3.5126122161827578	0.9925761814996736
-0.9967091165810782	0.7588910643766934
-6.656266305656016	0.9999941596460739
-1.7803440214716026	0.8815067685089033
8.30044306569944	1.4635515602459128e-110
-7.809489473350344	0.9999995895640024
6.662467761610689	-3.603353983510975e-85
3.3295486387277595	3.791820352591419e-34
5.2461620437343015	-2.0405379590934982e-63
4.458454931964102	-9.325470201936483e-52
-6.458600798079748	0.9999907936650156
-3.1586885709854284	0.9847262698458326
3.6088032057589015	1.574024059327032e-38
-9.581786619996148	0.9999999930665354
8.065991076199527	-3.5484985527205297e-107
0.22590469184653372	0.31171722899923676
0.24588145417037666	0.30098913528548593
2.1629844435582726	-3.0137782713729425e-16
-8.143766367428306	0.9999998099053762
6.8413413157879575	3.51229411365795e-88
9.81943890447118	-1.420925212928804e-133
-2.623489510348125	0.9603046325485755
3.8136486104143064	-4.724518404323393e-42
-3.678303532503393	0.9947926047801271
2.0213661391597526	2.3736607749160606e-14
4.448137394484917	1.9591981320033543e-52
-9.776728542024568	0.9999999955740296
-3.766163519546981	0.9956990467524713
7.941297703704077	-5.763420141455987e-105
5.1311229488692245	1.3482692125841381e-61
-3.3209331960488475	0.9889492262776357
9.050010286579923	1.5688520627705318e-121
6.541687212942939	1.3586189385616406e-83
-8.957846803106516	0.9999999708330961
8.081460951376933	-8.476523739982308e-107
9.038295584977686	2.924622273800092e-121
-7.064698210922935	0.9999977195178463
-7.407985736942053	0.9999989654633632
-3.683696158091294	0.9948530731773297
-3.6375319019952146	0.9943133526084043
1.5478722756567809	1.5482713743548011e-6
-0.0864021511865598	0.4731539067378274
2.955107620199108	-1.007224307071592e-28
-9.89288556175496	0.9999999966127189
-4.5965402750684525	0.9993353099380181
-5.009877848016138	0.9997420888002367
-8.902283034219494	0.9999999668522521
1.9325937341667512	7.693299441416624e-13
4.246540858385144	-4.272638259002645e-49
-2.451568523609242	0.948289687548256
2.466508588734225	-6.661735309669783e-21
-4.627987047599014	0.9993813854790845
4.524190277113336	2.574632784549209e-52
5.105375807713042	5.722351087050638e-62
-0.9425499804071613	0.7478771957633629
3.946205027523275	-2.572536689004107e-44
5.6455994215869545	5.232291493835842e-70
-3.422399011791404	0.9910307626458171
5.298575103876226	-8.205675375648185e-65
-8.077402405620443	0.9999997785205011
-9.781773560098092	0.999999995625147
-2.5798351456777135	0.9574576500905752
-8.655390630726995	0.9999999414743417
1.010359882943611	0.009956086071165222
7.270292161686687	-2.7335814873348925e-94
7.486665702665697	-1.1900694049904318e-97
-9.4425811693865	0.9999999904466457
-5.561306049650603	0.9999273827358015
7.33547479006053	-1.676979068657143e-96
-3.1239636875718846	0.9836600962403397
-3.055408895520517	0.9813698643653426
1.1665062185953445	0.0018501405455235446
-9.523444931081837	0.9999999920696547
