-0.918243270836312	0.971902154306236
9.83698895907121	0.971859551524579
2.23624216425835	0.9718595534770097
8.797713613229902	0.9718595515245794
7.218182176845463	0.9718595515245925
-2.2318796412390496	0.9795930804790834
5.118953249303683	0.9718595515263171
9.69182925333001	0.9718595515245789
8.173812842057146	0.9718595515245808
-8.248514613306464	0.9999999190924237
8.78445322984021	0.9718595515245793
-2.6428116484537645	0.9857721295651252
-2.8036721826001854	0.9882469005192609
3.087663201253479	0.9718595517679313
-0.05762669648383678	0.9718595742748495
-9.012231891883783	0.9999999860596609
9.646879112606438	0.9718595515245788
9.877329703929089	0.9718595515245789
5.0229644215949065	0.9718595515284211
4.6528817416321075	0.9718595515322596
9.147429622504784	0.9718595515245789
6.787412857957911	0.971859551524639
5.8748372076901525	0.9718595515250616
-4.941063993280235	0.9998370019259547
-4.701021260770508	0.9997182644317287
4.228064102128993	0.9718595515388141
1.8727904492425473	0.9718595551619557
6.604454654498827	0.9718595515246421
9.771483262443027	0.9718595515245787
2.929702984894771	0.9718595520220019
8.91411340145639	0.9718595515245791
-1.5998449743827372	0.9735009309390997
1.8885818472323734	0.971859555596426
-1.0666750597807315	0.9719887970940962
0.8400745003351737	0.9718595266815809
9.386985503210784	0.9718595515245788
-6.20620150223651	0.9999910849044499
-7.934817187769609	0.9999998333962219
4.236422591203324	0.9718595515393711
7.061461002155006	0.9718595515246089
8.627921758622588	0.9718595515245798
3.3833225191750174	0.9718595516468798
-5.853035952139143	0.9999799059043886
-4.425768469027078	0.9994749686063371
-7.153758899466287	0.9999989937024885
-8.837123225261227	0.999999979136753
-2.788799608397663	0.9880220913780032
8.282909561657426	0.9718595515245803
-1.0940639811770438	0.9720147327543078
0.34465236603317706	0.971859542443658
7.51038360042838	0.9718595515245863
-6.34932963516726	0.9999935872009468
-3.2808063156994294	0.9943383276608717
3.5588351933646543	0.9718595516355848
-2.727551679920266	0.9870887432646198
-4.401022961153651	0.9994449616315166
-4.825260223206351	0.9997876769922317
-9.995653811702763	0.9999999983869124
9.448953374059833	0.9718595515245788
5.285165654268429	0.9718595515265065
-2.7550076165345683	0.9875085305722888
-4.843980586567893	0.9997965514382312
-4.971218097823216	0.9998478591238888
0.013343362675657389	0.9718595570795256
-0.6754081663416187	0.9718629423855553
-0.596447468547904	0.9718608116335105
-6.434772783793314	0.9999947322219608
-4.126410724634928	0.9989780946391523
-1.9801784289450417	0.9765452167645657
-8.20121259504127	0.9999999097824442
4.1686317388953675	0.971859551549861
2.993581525994129	0.9718595517748729
-6.289546701212383	0.9999926411175815
8.549192984867396	0.9718595515245795
5.939310665956867	0.9718595515250699
3.4317990027451017	0.9718595516469526
-3.4008485304615155	0.9954443278686074
8.830591706613205	0.9718595515245791
2.455655128727564	0.9718595525245124
-8.887368269328668	0.9999999814160967
-3.459604426546683	0.9959208516732271
5.369132324730966	0.971859551526244
0.4696191334468516	0.971859542316308
7.140857388520587	0.9718595515246096
0.9470171427842864	0.9718595404708852
-4.465879468669618	0.9995202764848888
-3.1640255693180075	0.993087170530639
6.462106616128803	0.9718595515246994
-4.857957045616508	0.9998029365254051
7.10808580900472	0.971859551524609
-5.2691341913210366	0.9999231160166346
6.579803446864037	0.9718595515246744
-4.850946518811918	0.999799759022893
8.788783203899069	0.9718595515245793
6.476165238548802	0.9718595515246994
-2.225765150826846	0.9795098487828637
5.089474534378775	0.9718595515269522
-7.55035797936642	0.9999995962251879
3.2141202933373982	0.9718595517679203
-4.06999697557711	0.9988437285796448
0.3628602347836676	0.9718595423415908
9.763474439044934	0.9718595515245788
0.15786952279810507	0.9718595560269543
-6.478774857389076	0.9999952396865434
-0.30553738482380766	0.9718595864771927
4.135789932173406	0.9718595515558696
0.1326168702296293	0.9718595560067026
-2.0398845345982286	0.9772028063393206
-4.660257272933541	0.9996909307324895
-8.832736098083469	0.99999997892493
2.55717996454052	0.9718595525032586
-1.3038792086628739	0.9723574746245728
6.131070886607262	0.9718595515248201
-2.925355759339179	0.9900249620057238
2.720094860730109	0.9718595519721882
-9.733697557581289	0.999999997352669
-8.745813794479131	0.9999999742550979
3.1052224940351323	0.9718595517677464
0.2337012327076593	0.9718595560950112
4.360461804211528	0.9718595515399231
-8.363575444255096	0.9999999379232832
2.4137792296516523	0.9718595524112518
-8.915192580411485	0.9999999825693876
-5.847600264540729	0.9999796530592691
5.134480739138896	0.9718595515263908
-5.7102013308976485	0.999972090825393
3.4790726379831796	0.9718595516470485
5.828151428475557	0.9718595515250611
-9.835580464209581	0.9999999979062484
4.931249195541142	0.9718595515284257
-0.28570431527857565	0.9718595833543149
-4.515629316231733	0.999571185097753
2.154018047944245	0.9718595535182362
-6.7548075861282975	0.9999974785667619
2.468938869784875	0.971859552514917
9.257785473242972	0.9718595515245789
-8.764510125415782	0.9999999753399091
-0.27046093415235006	0.971859581720726
7.531772062076957	0.9718595515245855
9.451723214874384	0.9718595515245787
9.832025235286306	0.9718595515245789
-4.095986155035414	0.9989075893285411
-2.6705085529048844	0.986205104700029
-4.012266350467937	0.9986890265654189
-9.002699616526456	0.9999999857503014
0.5751436346538608	0.9718595305304358
2.1300441514621404	0.9718595534146716
-8.747164219126965	0.9999999743350269
-4.296462132201353	0.9992986847010784
-9.799355802348305	0.9999999977241173
9.484573587375337	0.9718595515245787
-9.548707762412224	0.9999999959468021
-3.077058187217383	0.9920452620300357
4.224366772663251	0.9718595515386195
-5.1501745712956515	0.9998990019389615
-4.54357091424527	0.9995974149528066
6.3811103762667045	0.9718595515247013
0.2089185571068306	0.9718595560343283
5.7054290423219545	0.9718595515250568
-9.559751974976738	0.9999999960485755
6.764236208245563	0.9718595515246391
-7.49195604429147	0.9999995381083462
-3.607177408487856	0.9969411662542593
-5.070009058730842	0.9998786411992662
-5.777963737873804	0.9999761183143332
-9.539284681372123	0.9999999958578971
-4.084894426126295	0.9988807547888299
-4.581434393438837	0.9996304605713302
-3.5639311671858565	0.9966671981435254
-6.489611845332575	0.9999953569766814
6.114289621908149	0.9718595515248191
8.439038060261169	0.9718595515245796
2.7276921851361813	0.9718595519869233
-8.174056594611088	0.9999999039612271
-3.178548682975002	0.9932521340146587
4.037181462792416	0.9718595515552528
-7.475394847127257	0.9999995201551214
-4.580757025587858	0.9996298934993698
-9.41861797321276	0.9999999945312581
-6.221838289230117	0.9999914000589272
-2.3882877096377575	0.9818391723853495
3.2751618647528282	0.971859551698154
-2.505477433219503	0.9836193255617631
4.956253397945591	0.9718595515284231
-1.9974255119281956	0.9767303551050908
-0.3141267160997998	0.9718595883300549
3.275425382801899	0.9718595516973877
-2.5040659907568497	0.9835973350010194
0.07878905396342972	0.9718595561120412
0.6190185974697826	0.9718595256333343
9.765669558284529	0.9718595515245789
1.5287772584215311	0.9718595125095217
-2.036219782957649	0.977161177219048
-2.128893674060288	0.9782573000636657
9.164075470254737	0.9718595515245789
9.504039011859092	0.9718595515245788
4.760196590188981	0.9718595515317492
-5.624333655127267	0.9999659988893215
-9.287531900075576	0.9999999926044011
-9.941113780177062	0.9999999983579257
8.720093468852298	0.9718595515245789
5.669390154345862	0.9718595515254209
9.227110448610397	0.9718595515245789
-9.931770885029119	0.9999999983222159
3.6591955828574783	0.9718595515871646
7.428497001599396	0.971859551524594
-7.2589909572772315	0.9999992102340722
3.3443196579815293	0.9718595516475925
-6.422173645554041	0.9999945772008305
6.6472210265169736	0.9718595515246375
-5.768830996664338	0.9999756113671667
5.856256114021164	0.9718595515250611
-6.061763732271084	0.9999875693646489
-9.00815356497603	0.9999999859281339
-1.3575246503044092	0.9725006767509141
-2.6014046708532756	0.9851220214584304
-8.332585679845801	0.9999999333318529
7.832709033116117	0.9718595515245823
-0.39514199224726987	0.9718596246589788
3.3533164558620463	0.9718595516493791
4.985867405171556	0.9718595515284295
6.872608892319931	0.9718595515246319
1.0536151920998762	0.9718595407456292
7.209199798953328	0.9718595515245938
-0.7433179786799862	0.9718672419776864
2.137278109111943	0.9718595534705592
9.769498438955992	0.9718595515245786
2.6932841433873644	0.971859552020006
7.436699176937633	0.971859551524594
6.600478983770852	0.9718595515246462
-2.6366574549161648	0.9856756711521092
2.5347059321255614	0.971859552503623
-6.013001675491512	0.9999860932347815
7.581374596861249	0.9718595515245868
-0.6327378173289198	0.9718615515223692
2.6502819443192394	0.9718595524599988
-3.9991724539255014	0.9986513269113664
1.112177645094361	0.9718595408211776
8.803794258986692	0.9718595515245793
-0.6095643763318002	0.9718610516224816
9.808367818479194	0.9718595515245789
-9.7446736665777	0.9999999974187378
8.97115800237415	0.971859551524579
7.918692071070922	0.9718595515245828
-7.0490292687784795	0.9999987192907165
-4.995615929394579	0.9998561156903744
0.2214615582593904	0.9718595564427266
3.9536815715920035	0.9718595515558186
0.9049310242834174	0.9718595417664591
2.7042956145219677	0.971859551972618
-8.85122520476758	0.9999999798033213
-2.3858920082505497	0.9818034529559239
7.308813517151073	0.971859551524594
6.110593258347091	0.9718595515248188
6.379309476011052	0.9718595515247015
1.7697136727974616	0.9718595370292855
-1.3546630314135477	0.9724923683859021
2.744442951256305	0.9718595520180081
-6.194459298031196	0.9999908406786113
-9.406311362228013	0.9999999943740742
9.118867716833549	0.9718595515245791
4.29697968815459	0.9718595515398488
-9.265895589001643	0.9999999922266236
-3.8393778281048085	0.9981022951013061
-4.150266673907597	0.999030324332273
8.817588407133972	0.9718595515245793
-3.3991579669140837	0.9954299947754289
5.882515853118036	0.971859551525062
7.619056294796721	0.9718595515245864
-2.736229646705959	0.9872217855735488
-3.0190113612155933	0.991301725171706
-5.364233731522168	0.9999381930108383
-4.925012132593993	0.9998309122103438
-7.524298492003414	0.9999995712558146
-7.485983613810183	0.9999995317126994
9.772229931584487	0.9718595515245787
-0.20941316278037192	0.9718595781606434
2.1150688754996274	0.9718595533045755
4.20515678655407	0.9718595515390633
-4.3681028909273945	0.9994024408796787
-2.0946130633411775	0.9778425694532288
-3.7124286578070187	0.9975283310587189
-5.246276385379542	0.9999189765139307
-0.11214951274744145	0.9718595761651767
5.921350071985959	0.9718595515250589
1.4341115953860886	0.9718595230640605
5.20256512808443	0.9718595515264936
8.605980125395906	0.97185955152458
2.940787815844752	0.9718595520185702
1.9397477738094082	0.9718595553595154
-8.49422788133591	0.9999999540509339
-4.868688927194493	0.9998077041286918
6.101909420904754	0.9718595515248192
-5.434627449106677	0.9999474190671297
2.5460585868501475	0.9718595525029967
-7.430559548771862	0.9999994679711799
-4.544145702788653	0.9995979376639609
8.399808879964024	0.97185955152458
-7.199839017047189	0.9999990950006269
0.004188266103373195	0.9718595575884277
-8.536082712485435	0.9999999582725431
-6.631775384343146	0.999996652942219
-1.0320454023126189	0.9719609852265803
3.7519316051552654	0.9718595515857984
8.562187613870435	0.9718595515245796
-5.489050402312654	0.9999535988424978
7.074676753345187	0.9718595515246092
5.971117610402615	0.9718595515249966
-3.9681374338040687	0.9985578790979586
-4.959590158539702	0.9998437601885921
8.85263753241238	0.9718595515245789
-6.345540997006931	0.9999935310288661
0.3996969803381276	0.9718595422470324
6.224055361365327	0.9718595515248192
-2.6584176133624737	0.9860163331375185
4.956487932008233	0.971859551528423
-9.021064574589923	0.9999999863403172
-7.729813179783833	0.9999997328920422
2.6491384646291394	0.9718595524685272
9.325722102751289	0.9718595515245788
-7.258064696798865	0.9999992085479086
-7.399748868645326	0.9999994288567238
-4.823694895679598	0.999786917815507
2.0192578961957697	0.971859555430838
-0.36471792389734503	0.9718596066646327
-1.43097413349318	0.9727416047913854
8.271662497752608	0.9718595515245804
3.811459463590282	0.971859551585446
-3.600963989062329	0.9969030243670878
-2.0435686359074845	0.9772448074792469
-3.4874850448167205	0.9961325443959219
0.35617428107154403	0.971859542396031
8.171946918522238	0.9718595515245806
-6.150277425954878	0.9999898602873313
6.309172036028478	0.9718595515246962
-9.429095786467329	0.9999999946616189
6.793068638372052	0.9718595515246389
8.56827307646897	0.9718595515245798
0.9946364135624641	0.971859540782475
-1.3010963030176903	0.9723507205449068
-5.270123465691867	0.9999232903345494
-7.5624349130298985	0.9999996072986987
9.17572867371858	0.971859551524579
-6.500262324651636	0.9999954694322547
-9.095855896981071	0.9999999885012818
1.9734122092618023	0.9718595554091934
3.9855617504145044	0.971859551555232
2.495004894028483	0.9718595524980562
4.044566022535108	0.9718595515552406
0.7050835542492884	0.9718595262206535
-2.9177074001887204	0.9899168085804216
-4.773286707599498	0.9997609798238873
-0.9665844186911965	0.9719213784835012
-9.933515750653171	0.9999999983289434
-9.756436894258558	0.9999999974877153
-4.574434616770668	0.9996245591720123
-8.098786819180566	0.9999998857867988
3.0033449282048785	0.9718595517513047
0.26375188549951467	0.9718595494852649
6.915985528605336	0.9718595515246069
-6.115980631890556	0.9999890274939635
2.6338247278047344	0.9718595525237554
-4.6263584784443434	0.9996662223852231
8.622812360038875	0.9718595515245798
-8.474783153701381	0.9999999519469368
-7.803593465439249	0.9999997746241436
-1.6572198692640594	0.9738408122340917
-7.263258844944849	0.9999992179570151
-9.972396919853	0.9999999983869124
2.973271623952659	0.9718595518763801
-4.83265421247109	0.9997912270105953
4.872419099192079	0.9718595515284901
-4.216446438952524	0.9991621897078677
-6.381305719133428	0.999994042271563
-3.826836428879088	0.9980515028026659
-4.982624479723463	0.9998517761907412
-5.460888598052112	0.9999504973630519
-5.184343302615186	0.9999066107806119
-3.743350668130261	0.9976808591234635
3.221538005973734	0.9718595517702247
-9.75248733636425	0.999999997464764
-2.800306957852232	0.9881961522368533
9.692583724187308	0.9718595515245789
9.683920142810393	0.971859551524579
8.636636046808913	0.9718595515245796
3.3148102924074117	0.9718595516350516
5.029605197504306	0.971859551528459
-1.2489429899829485	0.9722379853165591
-4.254592636012298	0.9992301835940951
-5.919652434372593	0.9999827611238297
8.226285077147999	0.9718595515245807
2.065390132988899	0.9718595545452496
6.363528822875356	0.9718595515247022
5.153311689642482	0.9718595515265276
4.3454039086871	0.9718595515399285
-9.979408896032208	0.9999999983869124
-0.11059212090586001	0.9718595761334896
8.47842829244879	0.9718595515245798
-1.9518044913119148	0.9762494256707112
-7.881278657205124	0.9999998115384381
-0.06129285734452594	0.971859575088618
5.182012348211046	0.9718595515265188
-9.36042087470728	0.9999999937470597
-7.815280525200592	0.9999997806082083
-0.23831587882127359	0.9718595793925053
2.1434603157986807	0.9718595535013339
-8.776141970883028	0.9999999759916222
6.130577198286762	0.9718595515248198
-7.777997772783611	0.9999997609422905
-8.413507879685373	0.9999999446654492
-0.6064287702862572	0.9718609915919034
-9.54625453922656	0.9999999959238417
-5.131621035120433	0.9998946149406415
-8.648420126612004	0.9999999677830275
-5.433602821350827	0.9999472951665275
-7.517469664987537	0.999999564461141
6.990240361131349	0.9718595515246092
7.983659897314247	0.9718595515245826
6.333439576530715	0.9718595515246897
9.019550580568456	0.971859551524579
-1.5643900371109432	0.9733121111396069
-2.042250069977367	0.9772297574029776
-8.206503491295889	0.9999999108748691
0.3999641251556838	0.9718595422475633
-5.0736664105528595	0.9998796532964953
2.5130202386875276	0.9718595525017869
1.6459154941573892	0.9718595128176926
9.324341774181221	0.9718595515245787
9.63214334395203	0.9718595515245787
6.6202689576818905	0.9718595515246335
2.3043512895353935	0.971859553463996
7.349036647605757	0.9718595515245942
-1.5315641564667715	0.9731570746109823
3.1550871700300664	0.971859551768708
8.688529245377556	0.9718595515245796
9.515885416106219	0.9718595515245789
6.8077705004150175	0.971859551524639
-1.623990915649923	0.9736389258547884
-2.7342025707065654	0.9871907423513734
2.997101115843538	0.9718595517640041
-5.8993033888662705	0.9999819348528242
7.1362115157443	0.9718595515246092
-2.3631351369207643	0.9814657661186981
4.631433383280999	0.9718595515322647
-9.920372246843971	0.9999999982775989
-3.355391884353982	0.9950467176492269
-1.2335551628855423	0.9722100558260903
-6.219698009337096	0.9999913575889458
7.041116984692415	0.9718595515246092
-9.741088972141206	0.999999997397344
-6.327758140726023	0.9999932607315508
-5.2880422595891075	0.9999263804724159
-2.4625173930783184	0.9829552605678498
-4.090550556917836	0.9988945160160771
-5.891077481092797	0.9999815897149418
4.065435089927355	0.9718595515552468
6.568284614961545	0.9718595515246898
-5.168628264724395	0.9999031849166841
-9.992260294799191	0.9999999983869124
7.0807345531971855	0.9718595515246092
-2.211146920325211	0.9793124139383251
-5.753599743202402	0.9999747418607479
-8.246594100182921	0.999999918733849
-2.2699626885493007	0.980120469736999
0.6137170883755871	0.9718595254552657
-2.854773029062123	0.9890075806503444
-3.1447527311039902	0.9928642131795071
1.4181714572030266	0.9718595229610972
9.519654398846534	0.9718595515245788
-5.390964566785494	0.9999418726722622
2.048061105283363	0.9718595552315163
-2.0567306553523768	0.9773961179275317
0.7919526566026533	0.9718595263937676
-1.019960886974065	0.971952481852317
3.4849992071545888	0.9718595516469597
-1.4903466620915253	0.9729760891772065
9.808389441125168	0.971859551524579
-3.3678569313140327	0.9951582782972583
5.825445026753817	0.9718595515250609
-9.454833570046656	0.9999999949687969
3.044982518064568	0.9718595517711992
0.5337406332106518	0.9718595425281883
0.4402822487762137	0.9718595422572766
9.790282255405604	0.9718595515245787
-9.385717894993789	0.9999999941008801
-3.7217131381079893	0.9975750364198641
-7.449804639475297	0.9999994910318805
1.2661257964563166	0.9718595229214372
-2.5210877229332196	0.983862701167942
4.762057179711601	0.9718595515316178
-0.5011503808032103	0.9718598626286202
0.6198556240927147	0.9718595256680411
8.481846867414763	0.9718595515245797
7.164903904634162	0.9718595515246081
-4.607613818031964	0.9996517347910291
1.3051073972098681	0.971859522710819
4.4336996321847355	0.9718595515402031
-3.029616995350315	0.9914403817159929
-7.118774911010943	0.9999989092915058
9.493169156733373	0.9718595515245789
-0.8842163207932465	0.9718914811330944
-6.078065610848524	0.99998802706143
9.07302608064715	0.9718595515245789
-5.52560391938441	0.9999573371475095
6.388885406055749	0.9718595515247003
-0.5832494856363581	0.9718605999189428
-2.9303848542477073	0.9900957769833362
-0.5851805502993468	0.971860629016728
-0.2595135108145854	0.9718595807864715
7.9051387734877	0.9718595515245824
-4.917358104543181	0.9998279294684187
3.9746339299118993	0.9718595515555878
-4.043646114117316	0.9987753831341954
2.0912914183774447	0.9718595535068473
3.503782744735142	0.9718595516461216
-1.880783192893162	0.9755566977255431
8.906302472292289	0.9718595515245791
2.07894890529143	0.9718595539372977
-1.5598224813615236	0.9732895308826077
9.682781807286357	0.9718595515245789
-8.67038304872227	0.9999999693717768
-7.4471697919782365	0.9999994879346915
3.9512564600682776	0.971859551555724
3.377779499966543	0.9718595516475516
-6.613975424283884	0.9999965129331865
0.24393957039071879	0.9718595545891173
-2.293336655813474	0.980451165353132
-1.3321015392849809	0.9724295462214602
0.281762069382431	0.9718595447646725
0.8957430140984215	0.9718595412673005
4.520773207373736	0.9718595515315298
2.024388123256685	0.9718595554608213
4.279911792250704	0.9718595515400269
-1.5024560818581776	0.9730281340641387
7.565248653450656	0.9718595515245869
2.8367851042950942	0.9718595520127904
-3.505923276552272	0.9962675646716884
7.723333263832778	0.9718595515245866
-6.40944362815091	0.9999944159363119
0.3021674994253729	0.9718595422277073
1.5712009065526509	0.9718595128502282
0.48147993609674344	0.9718595422270673
3.747734734463082	0.9718595515858086
8.354720353649633	0.9718595515245807
-9.722569037947215	0.999999997283956
1.964656625993797	0.971859555412921
-2.429820699064571	0.9824613810729038
-5.433113259661684	0.9999472358648064
-9.445755983780444	0.999999994862529
-8.460334549506232	0.9999999503213586
-5.253245612076456	0.9999202616262628
-1.029171391127166	0.971958908679974
-1.51785252950161	0.9730957501563234
-2.1553651237146454	0.9785837671219962
-9.357168684772542	0.9999999937000584
-5.915825027902208	0.9999826086485106
-4.140652959997344	0.9990095901559123
2.709974350380783	0.9718595519653989
-8.72218557171076	0.9999999728156266
2.822992867393893	0.9718595520127443
7.726960610775091	0.9718595515245866
3.1959551580494328	0.971859551767824
3.1162556927890783	0.971859551768483
0.2323569998313637	0.9718595562019907
6.086422002055603	0.9718595515248216
-8.209175114177011	0.9999999114214504
-3.8996248977095904	0.9983298407697845
-3.6320593305481896	0.9970898989149931
-2.756575333431135	0.9875324131351145
9.341258625871799	0.9718595515245787
5.5848233525779065	0.971859551525544
3.9034543013837553	0.971859551553676
8.430119651064615	0.9718595515245795
-8.196936000149373	0.9999999088896698
5.797772402237818	0.9718595515250594
-1.595251080416439	0.9734753801025375
-6.599931606569442	0.9999963983469444
1.2189107729331248	0.9718595216336114
-2.3269284149478553	0.980935084115191
-5.48544595011105	0.9999532129635444
5.2143955062825995	0.9718595515264963
-2.383717724063592	0.9817710597444345
1.4610621566420932	0.9718595189046562
7.834532895177368	0.9718595515245823
-6.219010828691132	0.9999913439086748
9.561621096645876	0.971859551524579
2.6693626402133965	0.9718595522630727
-6.437016163943814	0.9999947593562767
6.556538828322314	0.9718595515247
1.3732334458171849	0.9718595227785682
-8.304749071433445	0.9999999289187741
5.069901793826608	0.9718595515278298
8.856588177987565	0.971859551524579
-8.338645457774883	0.9999999342556226
-5.913300887662207	0.999982507355855
4.065988573521885	0.9718595515552488
-2.279233071479161	0.9802510103670766
9.531311498003923	0.9718595515245787
-1.0504573607108902	0.9719751180989548
6.174940569235218	0.9718595515248203
2.616454201336156	0.9718595525045617
-4.240536914254385	0.9992057723223567
-0.1197435463818266	0.971859576344485
9.02340637788937	0.9718595515245789
-3.6281607522356207	0.9970670147391076
-4.708071115996133	0.999722743403838
-5.630523846564612	0.9999664793445384
-5.199401294678889	0.9999097801382786
0.6076921009972658	0.9718595253894989
-6.078458154705908	0.9999880378723297
0.9081683055803644	0.9718595417871247
-0.27100142497759805	0.9718595817711265
-2.1481666592146764	0.9784940752343791
-2.4645706113195054	0.9829865634271584
-2.578113042728125	0.984756051489247
-0.04292181988639143	0.971859569779281
9.639152340683705	0.9718595515245788
4.093082154823646	0.9718595515551985
5.769678207310509	0.9718595515250714
0.18663688991952476	0.971859555885079
-7.559748393894878	0.9999996048619637
-9.328087359509025	0.9999999932637549
0.5427074984004641	0.9718595410627834
9.06137140329825	0.9718595515245788
8.690740365164395	0.9718595515245795
-2.984366863853398	0.9908400753726132
-0.6743183914437534	0.9718628958111337
2.4678980784802995	0.9718595525160431
3.495381750611383	0.9718595516464934
-6.6680429064490365	0.9999969210634154
-0.09596248626560921	0.9718595760766435
1.9901888415435032	0.971859555380881
-0.6964850719801596	0.9718639712304945
4.315124338306253	0.9718595515398855
5.152028588801564	0.9718595515265221
1.3198989459642174	0.9718595227582241
-3.782704509169368	0.9978628162359657
-9.121396399077891	0.9999999891580112
-1.1508387148408197	0.972081066550731
5.254203961299124	0.9718595515265034
8.439549740859324	0.9718595515245796
8.635799998131084	0.9718595515245797
-0.5626507059045949	0.9718603298481361
4.1335992131441035	0.9718595515558196
3.230841686182462	0.9718595517734883
4.248906020355969	0.9718595515400722
-3.62546834957417	0.9970511202201391
-4.877678598682222	0.9998116096056889
-1.534620730793673	0.9731709328747219
9.747741902926144	0.9718595515245788
6.01438051750759	0.971859551524802
6.770663639030019	0.971859551524639
4.3602866816962695	0.9718595515399232
5.681132053514579	0.9718595515252901
9.400761597007413	0.9718595515245789
3.660486501343186	0.9718595515871546
-1.0990773968241907	0.9720198948547831
4.588858650383418	0.9718595515322528
6.341105113102884	0.9718595515246935
7.532450244514525	0.9718595515245857
5.55003806430185	0.9718595515255425
0.18804192631049688	0.9718595558714198
-7.2819288470227805	0.9999992508626663
2.336510226956708	0.9718595535098089
2.641062166637891	0.971859552511365
5.27904548301365	0.9718595515265064
3.017810712201694	0.9718595517464663
-0.7438116135323156	0.9718672852371468
3.9669905208032255	0.971859551555821
1.9826236961674937	0.9718595553958806
9.69564607529724	0.9718595515245791
4.091290045522387	0.9718595515552196
8.988255200187481	0.9718595515245791
7.761598617033243	0.9718595515245868
-6.457453403618825	0.9999950002049266
-4.397132586294017	0.9994400945009834
0.8786874826952094	0.9718595379713612
-5.942671099470207	0.9999836503653885
-8.020687132280035	0.9999998632851984
-2.5824353752756624	0.9848239455513585
0.3791829176233499	0.9718595422388913
-5.953570003070077	0.9999840552680884
-4.421648388552346	0.9994700846954468
-9.74179511368138	0.9999999974015724
-2.117419404210077	0.9781177483928656
3.1971500817109	0.9718595517676993
7.723824262890233	0.9718595515245867
2.539781460356707	0.9718595525033279
7.3374544385550955	0.9718595515245941
-4.622746323131084	0.9996634775190817
2.1816262202942927	0.971859553473104
4.673905547861686	0.9718595515322692
5.299521061856867	0.9718595515264995
-5.617005027482462	0.9999654211753592
-7.766689948532246	0.9999997546362067
9.876314727117837	0.9718595515245789
-4.59285176236949	0.9996398913704532
-7.103538960447273	0.9999988703501639
3.11814562436561	0.9718595517685955
1.4666000683927685	0.9718595176042915
-6.566645846284871	0.9999961115021098
7.9736738673604926	0.9718595515245826
9.635540620698535	0.9718595515245788
3.2248418883817376	0.9718595517715433
2.4712533250639765	0.9718595525123479
4.301296177681717	0.9718595515398442
-1.109222302814299	0.9720307481441929
4.1977794108052	0.9718595515402884
-0.02055255251088184	0.9718595620618193
-7.20108459975632	0.9999990975924131
-5.411336941253255	0.9999445296425019
-4.571053735372388	0.9996216757379268
5.967918065857351	0.9718595515250128
6.3758484904845645	0.9718595515247017
6.275146787624347	0.97185955152478
-1.433989035621611	0.9727526499024943
-6.577071741719593	0.9999962037236486
9.430261454641965	0.9718595515245788
-8.338815318071685	0.9999999342813312
-6.943343724827846	0.9999983664628413
7.751390885327623	0.971859551524587
-2.2874840186101686	0.9803678788040963
-6.73937445523658	0.9999973873647763
-1.063298279913587	0.971985850883347
-0.22412015767661053	0.9718595787092542
9.439340514290535	0.9718595515245788
1.1319504081604457	0.971859541356039
9.221515689434945	0.9718595515245789
-9.308750982091198	0.9999999929570546
4.835637164745311	0.9718595515282356
-5.0658148057410335	0.9998774700995008
-0.9683370601216943	0.9719222245743883
8.292124168261772	0.9718595515245805
-1.29685324273931	0.9723405319420129
-9.882351963515067	0.99999999812002
2.840613095856561	0.9718595520126752
-2.1608487696716994	0.9786527041635944
-1.054422125891099	0.9719783535755718
4.946186572227278	0.9718595515284251
-8.783733289618429	0.999999976407628
-7.389998213340143	0.9999994158888693
-8.868075484686946	0.9999999805719292
3.696535495401342	0.9718595515854952
-9.757105895405878	0.9999999974915821
-7.112574138242995	0.9999988936076516
8.23369869849284	0.9718595515245806
-3.5316401572648815	0.9964493891178122
-8.337110834072575	0.9999999340228979
2.127127382783387	0.9718595533895893
-3.8066219130621226	0.9979670305149754
-6.713416819046931	0.9999972264676518
-5.0528598339119535	0.9998737814261438
1.5622095849414528	0.9718595129464553
6.810519185926658	0.9718595515246388
-0.8203176179505931	0.9718770340480007
-8.816219897801902	0.999999978108009
4.853913621108305	0.9718595515284831
-5.727592933954901	0.9999731850289679
5.480556197945452	0.9718595515255529
3.4152614524390223	0.9718595516466702
8.315437041109472	0.9718595515245804
-4.534612364374517	0.9995891813548687
7.517329368037199	0.9718595515245857
2.8666782207166452	0.9718595520130645
-4.478906158248024	0.9995341513056597
-8.1664307100673	0.9999999022599758
0.20009827967283655	0.9718595558490096
9.581386531793683	0.971859551524579
-1.898685209223423	0.9757251926756315
5.372424794402338	0.9718595515261736
-1.7169757318037213	0.9742403809501804
9.218134269205436	0.9718595515245791
2.960677697179822	0.9718595519478993
0.7858191716655192	0.971859526324462
-4.095685141406795	0.9989068692065096
9.59204984088965	0.9718595515245788
6.425318343325763	0.9718595515246993
5.626352962384015	0.9718595515255433
-1.5359194923756228	0.9731768479790478
2.9184495174877334	0.971859552013953
-1.1497635790057537	0.9720796451499908
-1.0373059546279642	0.9719648756241934
8.999181852013539	0.9718595515245791
0.9321091976834381	0.9718595408152024
-3.447638047500492	0.9958271740609176
1.6702207253884396	0.9718595126260774
0.7752084675470616	0.9718595262147719
8.065599418078058	0.9718595515245826
1.5445571646568688	0.9718595129604358
-5.379454310734557	0.9999403157860968
-4.133519298885275	0.9989939321505762
4.642322909300173	0.9718595515322643
7.168295688326403	0.9718595515246071
1.3064042393235589	0.9718595227168066
6.181479841979396	0.9718595515248204
-2.678029062383853	0.9863223145575466
-7.569019147014027	0.9999996132073562
5.015258252344395	0.9718595515284006
1.0454206621875919	0.9718595407108579
7.515088949310552	0.971859551524586
-3.619167354265014	0.9970136322747155
-9.862993072909973	0.9999999980343214
-8.459463103725069	0.9999999502215733
2.475841577701928	0.9718595525073292
-0.5637058216030333	0.9718603419273434
2.7906242345247545	0.9718595520102635
8.610152576406929	0.97185955152458
-6.715789820931035	0.9999972415791379
6.270836842382515	0.9718595515247913
-2.76801675572079	0.9877065156705639
1.8387087655229362	0.9718595552034617
-2.1482638924943043	0.9784952812743734
6.002408479440696	0.9718595515248312
2.7778788261275658	0.9718595520141686
3.3470391005625757	0.9718595516483611
8.678393332543301	0.9718595515245798
9.69350479146176	0.9718595515245789
0.6267366308014601	0.9718595259806363
7.4546935511204495	0.9718595515245946
2.89171545046937	0.9718595520114208
-2.94442058891045	0.9902921170715449
4.075822058635929	0.9718595515552776
8.693272580661883	0.9718595515245794
-2.5135824395172257	0.9837456435308127
0.9388715360738296	0.9718595405857896
1.3603680741645174	0.9718595227694972
-8.758917581593941	0.9999999750202961
-1.0510220007218898	0.9719755746492619
-1.47537545413166	0.9729135226369799
-0.9642163382122249	0.9719202563791662
0.4069275316675558	0.9718595422604163
0.5375026562439125	0.9718595420590084
9.116980460894169	0.9718595515245791
-0.7399953394023981	0.9718669561272348
-7.483259794013297	0.9999995287665376
-7.259658710023449	0.9999992114474188
2.1514614427656653	0.9718595535175052
-1.4478168052785136	0.9728044502571368
-4.926598198095928	0.999831523845194
-8.325960803709735	0.9999999323070771
-4.75906398381746	0.9997531124146462
6.041761689597749	0.9718595515248103
2.348765691145678	0.9718595533981641
-0.5266284962943413	0.971860009073464
2.5813686168239958	0.9718595525039739
4.144955467533631	0.9718595515556067
-5.9458796282300685	0.999983770619807
-7.326448527777338	0.999999323849568
1.3754009833536252	0.9718595227738588
-0.31111035271472076	0.9718595876388936
8.50078702149315	0.9718595515245796
2.4496817976881893	0.9718595525226233
-4.7330440491088765	0.9997380510798612
6.012254422877529	0.971859551524805
7.116154205038953	0.9718595515246088
-2.0681531477184967	0.9775290345211097
9.609484765333743	0.9718595515245788
-4.904587515084922	0.9998228361849366
-7.748827795489213	0.999999744334294
-9.436575606904523	0.9999999947527742
4.947071042313915	0.9718595515284248
2.5492397318192985	0.9718595525029224
0.18153772680065572	0.9718595559397701
-3.2046549434914873	0.9935420304147766
-7.936755666927375	0.9999998341381969
1.3746939342745357	0.9718595227756719
1.3588265061567828	0.971859522766127
3.7038111425569475	0.9718595515855162
-0.3699993221799289	0.9718596092560792
5.019115203519231	0.9718595515284075
-0.06647458430228426	0.971859575937048
8.87075326928926	0.9718595515245791
-5.655443145340842	0.9999683458621352
6.263094237397134	0.971859551524809
1.0338117602226617	0.9718595406885429
-9.59849699901833	0.9999999963858289
-3.751041293234003	0.9977174697379423
1.6942869692219809	0.971859513220817
-9.161895871362923	0.9999999901233546
8.159984218873607	0.9718595515245808
-0.2639930853311778	0.9718595811493299
9.808995828422646	0.9718595515245789
-9.445358461945826	0.9999999948578243
-0.5930123435072545	0.9718607536399276
1.3555388272062494	0.9718595227588094
8.70274790483262	0.9718595515245793
-8.957220661006282	0.999999984177154
-1.1290609335357829	0.972053558669218
-4.897462382468332	0.9998199297785189
7.715597045409343	0.9718595515245865
-3.110686282935591	0.9924589956391898
6.625345121548122	0.9718595515246333
2.192270006948185	0.971859553466471
-8.957902199112473	0.9999999842019655
-3.515917306955161	0.9963391170478618
9.527074470177062	0.971859551524579
2.31927694327692	0.9718595534907818
-7.278105243454105	0.9999992442383585
1.2164119959843802	0.971859521484523
3.441768128214818	0.9718595516469024
5.050165874164016	0.9718595515284446
7.701788122766665	0.9718595515245864
5.622677328750147	0.9718595515255394
-2.294610497685241	0.9804693354862157
-1.8935993248157565	0.9756768116965838
-0.6597868329003163	0.9718623364310023
-4.81704504586661	0.9997836625967778
9.881077815627254	0.971859551524579
-9.044964696562129	0.9999999870717237
-2.980917817269808	0.9907934098879658
-5.3723152485875625	0.9999393293306735
-1.1577502983954737	0.9720903682889697
-6.832842398231693	0.9999978932117594
7.35330427421513	0.9718595515245941
-2.696684755871268	0.9866122877261857
-6.779363494309476	0.9999976171629474
-4.015340334859401	0.998697732601119
-1.088922243255812	0.9720095759268705
4.381511748591516	0.9718595515399473
1.4275888099262346	0.9718595231676088
-8.286166233699323	0.9999999258113073
1.9907939166037316	0.9718595553797305
7.780641106729238	0.9718595515245855
3.3890261028068593	0.9718595516464428
2.6687503604636795	0.9718595522702627
-6.378281565291228	0.999994000653143
-9.296430029738865	0.9999999927543844
5.9455215528956415	0.9718595515250712
-7.115779767112773	0.9999989017437138
3.7170967862464455	0.9718595515857242
3.4045741695996767	0.971859551646323
4.41446630681674	0.9718595515398383
8.685154936625146	0.9718595515245796
4.980095744361691	0.9718595515284298
-3.2988470470782083	0.9945161481957868
3.1970915738779215	0.9718595517677052
6.198723248491209	0.9718595515248198
0.2465787359670948	0.9718595540327596
0.21147709745413934	0.9718595561262994
2.1838325304297346	0.9718595534706859
-9.526639515485424	0.99999999573552
-0.7456319017182622	0.9718674465502554
-7.239747943645254	0.9999991744545984
-3.8786089479255104	0.998253476888501
-3.539209401737393	0.9965014837543518
1.9175690670420042	0.971859555383925
6.318078933406813	0.9718595515246888
5.075881566172615	0.971859551527563
-9.362801157407311	0.9999999937812379
7.19208608989776	0.971859551524599
1.648637678300613	0.9718595127995078
-0.02122655544635421	0.9718595622641278
-5.2784631332205345	0.9999247442864538
-4.840569249289768	0.9997949621096858
-7.014564625460071	0.9999986135216266
-1.941755528714694	0.9761472909600014
9.20124899568576	0.9718595515245787
-0.8145834330611734	0.9718760563712082
-0.5819366751304589	0.9718605805067597
-5.772940110694513	0.999975840776161
4.840844488147123	0.9718595515283259
-5.487356302115907	0.9999534178754598
7.427776542521897	0.9718595515245939
4.737123349137043	0.9718595515324167
2.455932520706048	0.9718595525244761
-7.657877959458248	0.9999996847746602
-5.729007858089079	0.999973272141966
2.0645646208090174	0.9718595545827632
9.997458793091987	0.9718595515245791
-4.87841048952121	0.9998119240855308
9.468449504353465	0.9718595515245787
4.247701280304801	0.9718595515400273
5.311146571034122	0.9718595515264916
-8.506638581829883	0.9999999553454147
4.587330953832097	0.9718595515322622
-8.564762595508615	0.9999999609391123
5.10660968115368	0.9718595515264218
-4.917993005042036	0.9998281788596882
3.768113387097376	0.9718595515858622
2.6043109159359936	0.9718595524968171
4.108663992906054	0.9718595515550363
9.665312480043578	0.9718595515245789
-2.2897919278465784	0.9804006833215093
6.620471292979566	0.9718595515246339
-9.205701507718631	0.9999999910709804
4.84127965241759	0.971859551528333
-8.853124141771382	0.9999999798914374
-3.444552877524747	0.9958027450617878
0.01933845060924	0.9718595569282417
3.8553795287960746	0.9718595515826393
-0.9234228816759718	0.9719039355808202
8.646645503387752	0.9718595515245798
-3.5308551288901624	0.996443949470659
3.7814055796330095	0.9718595515858958
6.144609908227796	0.9718595515248202
3.3332920204960725	0.9718595516424422
-4.646537553150156	0.9996811555856622
8.4658470364704	0.9718595515245798
-3.486939706516412	0.9961284910486483
2.400213964535931	0.9718595524407494
