5.913183019915756	0.9265030913140866
-9.357160828943535	0.9999999918124736
2.0928692837944673	0.9265030459960573
0.26872916482563625	0.9265150306213854
-4.2793788271903255	0.9990460422447355
-8.858031947305358	0.9999999741606707
3.9594444237644932	0.9265030933293462
-6.371710928923231	0.9999920839592504
7.939017684554113	0.9265030912823113
8.769434329309256	0.9265030912820846
3.455450314653943	0.9265030992046139
6.352170605656283	0.9265030912901762
7.471230780837317	0.9265030912829975
3.176816567775621	0.9265031070988334
-4.812146749719961	0.999715048637777
0.672987235981509	0.9265031413570514
-1.4772768010954742	0.9432888188660389
7.627212618071507	0.9265030912825679
-9.090903838675288	0.9999999848849521
-2.6581573915337886	0.9786150394604524
-9.468359245618615	0.9999999936619692
-6.392376017086292	0.9999924517269821
-3.4174736400121475	0.9939851629661014
-1.349197391769783	0.9402758233339302
-7.6010218803403	0.9999995330331792
-4.682578915095106	0.9996170268548976
-3.2746722157143404	0.9920928278556693
-9.075750152781318	0.9999999843482468
6.053108702975859	0.926503091298321
4.386365681326222	0.9265030922901467
-9.4347958974664	0.9999999931527259
-6.358582271483013	0.9999918410597839
-6.3156580324439515	0.9999909936652341
1.7919827638501218	0.9265031635629366
0.660061894557824	0.926503150723171
-2.7176274264709877	0.980276812798673
7.41609714256122	0.9265030912830763
6.289592330590349	0.9265030912927938
1.6802936046850583	0.9265030567946603
-2.1465211842681198	0.9626336040869711
-7.3178232219225325	0.9999991036460565
-0.2702723213994229	0.9271590340991078
-9.238066787852786	0.9999999892292307
-7.440037557269674	0.9999993235000618
-9.864201734105782	0.9999999974525147
2.4367549561969692	0.9265031535752927
-5.500869529810117	0.9999412855529428
6.358459122000248	0.9265030912903027
-0.4624130899661374	0.9280056743208449
-2.8852749692076163	0.9845822523830723
9.742772942825194	0.926503091282055
-4.459936170606964	0.9993649668190108
3.8796190523620755	0.9265030940064868
-3.236079830163634	0.9915062599200656
-9.058410821428616	0.9999999837106993
0.6639222332492523	0.92650314767063
7.69623472057291	0.9265030912825695
-2.0538305777074672	0.959698791037091
3.204012077550079	0.9265031069755345
-3.5126193657046434	0.9950220650716317
-7.897625618605391	0.9999997641233035
-8.366455964853298	0.9999999198586813
-4.986977652212827	0.9998089880934807
2.9717419429172054	0.9265031144966634
-8.043212740220437	0.9999998313063851
-5.754972649822636	0.9999672696300079
-2.3012930959040157	0.9676284530598588
7.092323963533751	0.926503091284107
-9.74234841751326	0.9999999966273992
1.293962808930985	0.9265031485340975
-7.547558630802307	0.9999994718607671
6.0498571847918186	0.9265030912981543
1.3469196742594036	0.9265031485431588
-4.018767587696046	0.9982973847750108
-9.849813670681433	0.9999999973667028
6.862767345487558	0.9265030912860178
-8.220971870152676	0.9999998879684749
-3.3766819041001117	0.9934874819287971
1.4336886632321555	0.9265031513689758
4.677494078837828	0.9265030917888003
-2.7801945713493836	0.9819485663372932
-9.179625797617398	0.9999999876778154
-7.519263436730799	0.9999994363063247
1.3156556121368048	0.9265031485713308
-2.6935001651395662	0.9796110277558153
7.495169980041968	0.9265030912827178
8.92969958238411	0.9265030912820837
-3.645120017521686	0.9962050170859053
-3.2919135350888595	0.9923442041724592
4.610305006319697	0.9265030917860236
-9.104114735860485	0.9999999853378121
-7.8428778147030265	0.9999997324330784
0.8079172991536154	0.9265031146940299
-6.341502572982725	0.9999915138676236
-1.0805855006059861	0.9349871360457337
-9.009985218571472	0.9999999817892384
-2.462149528258304	0.9727285009306798
2.886620747503894	0.9265031225431056
-2.1307989860427146	0.9621388914209004
5.546848791128106	0.9265030913462485
-3.770414082793052	0.9970844768957061
4.793581408522773	0.9265030915686607
-8.342683681629373	0.9999999153496592
0.18742150395005375	0.9265302251700025
9.612967173798886	0.9265030912820553
4.7515732093383924	0.9265030917853568
-8.319496920624413	0.9999999107073996
5.425400014018479	0.9265030913403207
2.4684709974219743	0.9265031513746218
-2.976793525631911	0.9866701550425696
7.566314695123559	0.9265030912825791
-0.09468674223093387	0.9267470376041527
-7.340247874644228	0.9999991487534039
5.094949737749772	0.9265030914252352
-7.9854990799782755	0.9999998073309042
-4.130864451381218	0.9986709829181613
3.5939242356184167	0.9265030954678659
5.064491291041726	0.9265030915116564
-6.060250870244537	0.9999837867799888
-4.355472278718628	0.999196037176231
-1.2467245579307438	0.938096327880744
-4.9514155691665485	0.9997927811325577
1.792306410489818	0.926503163987715
-0.6088882210752011	0.9290410630550539
7.463366590587949	0.9265030912830624
-3.9034878409106444	0.997809797674896
4.9891594009437235	0.9265030915365393
4.586965385562017	0.9265030917883373
1.1884384327997477	0.9265031524144313
3.406232196897516	0.9265030991739119
6.101931982465274	0.9265030912981711
-0.3772754009620627	0.9275601876209144
0.5317044697894104	0.9265035300203248
-8.063700589327357	0.9999998390796772
-1.8550416902658995	0.9535477488611105
-7.692916422848199	0.9999996220864465
-7.996987496925616	0.9999998123607613
0.36350909755817895	0.9265071275235979
8.019748056405412	0.9265030912823097
0.11576523270923644	0.9265557203598075
2.8117524797772973	0.9265031224912064
7.291256232094717	0.926503091283088
-7.627731930435209	0.9999995608870591
-2.370745805387604	0.9698599690905242
-0.744371997245775	0.9303028551658459
-3.452023584345696	0.9943812150457519
1.7284435359952752	0.9265030524695409
-0.8613146906972489	0.9317007507021519
7.801793534191866	0.9265030912823546
-9.018092493150176	0.9999999821260399
8.659836515695968	0.9265030912821176
3.458879840925979	0.926503099206114
-3.878513502174261	0.997688050177075
-2.4626101860110117	0.9727427719533448
8.751500618975989	0.9265030912820829
-3.912912657673555	0.9978541550137551
8.522348247600885	0.9265030912821162
-9.99667716043171	0.9999999979036392
-9.257108780653347	0.9999999896912786
-6.087287039583704	0.999984764908598
-3.9897382856745	0.9981853612766934
9.418700219261368	0.9265030912820592
-8.18030878244679	0.9999998769722803
-4.1455492465236565	0.9987136477618647
-5.468160643189108	0.9999367006891039
-8.208496469519426	0.9999998847036295
-7.072690492064044	0.999998423826013
-6.191751899077227	0.9999880210457405
-2.6101490233469438	0.9772251908076662
-0.1802486232271825	0.9269104638723971
0.26052681898048213	0.9265160261871842
2.661223103217587	0.926503143725794
1.6388710192461087	0.9265030570849527
7.730851502985459	0.926503091282568
-2.312723467572675	0.9679976940773967
0.30176376077089984	0.9265115867169649
4.741115381670603	0.9265030917986635
-5.515854337573667	0.9999432737854981
-3.7330402452338296	0.9968439394607916
9.972696350012619	0.926503091282053
4.281826537718976	0.9265030922936172
-1.8178221890976296	0.9524749449808426
-3.029242013002782	0.9877764304965269
-0.8882802689818892	0.9320606003074757
-9.690808069853922	0.9999999962024353
4.936957742102695	0.9265030915364748
-3.831089511611694	0.9974392196553824
-1.725643265896263	0.9498211332144229
3.2852699507940883	0.9265031007217478
-5.384777743822431	0.9999233304507658
-1.1635439433205654	0.9364969531013693
4.656636205529248	0.9265030917879804
4.660907047053682	0.9265030917880248
-0.830440639694384	0.9313063095740177
-4.933248367774068	0.9997839811966494
9.848309485863705	0.9265030912820553
-4.445156178853229	0.9993433742634914
5.5115454208616335	0.9265030913459348
8.269500449822111	0.9265030912821817
6.6638477218516385	0.926503091286219
1.4968912182933316	0.9265030576032206
9.509973414245	0.9265030912820591
6.675869057530335	0.9265030912862171
-5.75631609145705	0.9999673706318608
-8.058209558254138	0.9999998370321501
-3.939741802364778	0.9979758323235991
2.3003853649929162	0.9265030456850621
-1.101003561096828	0.9353465585643633
9.1722516788988	0.9265030912820673
-8.743094932623139	0.9999999663319369
-7.890469246986576	0.9999997602043511
5.40335186054309	0.9265030913464807
-2.6301159126179874	0.9778082324296773
-2.739902588261849	0.9808804811591894
-7.078262101017168	0.9999984439168549
3.078969616447491	0.9265031071239839
6.532118016054657	0.9265030912902265
0.00414663918190783	0.9266313763776702
2.544089879595731	0.9265031526080147
-3.6585547881688774	0.9963096668886879
-1.8310096616675011	0.9528543816074518
5.259024323743336	0.9265030914097584
-0.7351818218431738	0.9302043560015835
-1.459131435235502	0.9428466795210443
4.387906968542609	0.9265030922898686
2.8730017619239447	0.9265031225975444
5.117025320830217	0.926503091397758
-5.895048419321758	0.9999762872063414
-6.716516273177464	0.999996421058888
9.251539617833977	0.9265030912820679
-9.643373390748579	0.9999999957641552
-5.128601942166422	0.9998619401599205
-3.7130860364269935	0.9967081908591452
-6.0224173780676615	0.999982311726189
-3.0633634032063606	0.9884605415582709
7.5064530449651485	0.9265030912826021
-0.18319991057715512	0.9269172777398218
3.8635881101273295	0.9265030947482291
-8.987622512156346	0.9999999808269688
-9.674948102584358	0.9999999960611906
7.586117884059078	0.9265030912825756
-3.266417313501422	0.9919701554445767
-4.680751159770251	0.9996154285931519
0.4947256118183585	0.9265037911366566
1.4743550277797404	0.9265030895275429
-7.42434390067328	0.9999992986074621
6.786808615982238	0.9265030912861443
5.310795218222385	0.9265030914089896
0.8261726832400953	0.9265031124176561
-4.250526758776618	0.9989823106247009
7.063174864467857	0.9265030912841037
-4.771728817605694	0.9996874929564262
4.965723371292503	0.92650309153634
4.755491238472249	0.9265030917734121
8.64918901947853	0.9265030912821178
4.068574813774344	0.9265030932870797
-9.83323092785287	0.9999999972642113
8.108432392055754	0.92650309128219
3.2061818007052434	0.9265031069736267
-6.060861220210061	0.9999838095397301
-6.450382493046418	0.9999933953118537
1.8540495158428918	0.9265031649485103
6.8139183068885885	0.9265030912861143
-8.618569558736988	0.9999999551519704
4.796058327309623	0.926503091557336
-9.143762013689427	0.9999999866170622
0.8372551316136914	0.9265031141505046
-5.922657236614901	0.9999777468611512
-0.9157547834417379	0.9324344567361464
3.9288976592658322	0.9265030931569155
-0.48146182075607413	0.9281203448020423
1.55028454233317	0.9265030584517553
-3.186362607554556	0.9907008476244453
-1.8605757905296336	0.9537093458974426
-9.565276959905958	0.999999994929666
-3.348611720195005	0.9931255800368027
8.013737902587145	0.9265030912823099
3.8539564490404565	0.9265030951052409
-2.807814230261849	0.9826644924435018
0.5207367795040163	0.9265035935199811
9.715343378967653	0.9265030912820549
-8.574777736589256	0.9999999503938969
-4.161203920205381	0.998757674171334
-8.777164769123896	0.9999999688722282
-1.6742884624032826	0.9483788175383994
-1.294018483088898	0.9390671900803917
0.6844520870525539	0.9265031349123422
-7.867607331032169	0.9999997472432416
-2.5237316214378103	0.9746322740830845
6.706825024727969	0.9265030912861171
8.157012093479263	0.926503091282181
-9.436394951174766	0.9999999931778909
-1.8167941950097735	0.952445284168291
6.748928642449208	0.9265030912861401
-1.8612335970631122	0.9537286298661606
2.0119296889652674	0.9265031666271435
7.252334627446025	0.9265030912830698
2.01011354052277	0.9265031662151368
-9.426117452242853	0.9999999930145207
9.841555510155597	0.9265030912820551
7.94004048343907	0.9265030912823113
-5.430216444851079	0.9999309323390568
-4.029028446085832	0.9983353797966886
5.621289579592897	0.9265030913459552
3.8716482341190783	0.9265030943832285
-7.333343285922274	0.9999991351121438
7.729561662976437	0.9265030912825675
-6.4728543075058775	0.9999937283117332
-4.826129869353801	0.9997240091794696
5.560332182885563	0.9265030913462087
-1.3575157167892868	0.9404628607021982
1.9299052842283473	0.9265031667513303
-1.9910396541468334	0.9577152876917615
5.107369965248862	0.9265030914035548
7.890472793380596	0.9265030912823131
-6.176075356077058	0.9999875808961896
-7.2903330356129725	0.9999990450755463
-7.873445346672301	0.9999997506181627
-2.7998051318686468	0.982458534022822
7.4353907950632205	0.9265030912830878
6.580102562162384	0.9265030912884604
4.27004531068536	0.9265030923064989
2.2236400351129326	0.9265030445083166
-0.9684986253881114	0.9331643181341974
2.307832578946778	0.9265030454903631
-6.872965287587798	0.9999975035761414
7.596045485212883	0.9265030912825698
9.050107187757213	0.9265030912820665
8.338929538943653	0.9265030912821828
0.6795538735373832	0.9265031374711188
-3.465019569807044	0.994524327901366
-0.10124114244718818	0.926757448500971
6.0545478224978275	0.9265030912983809
-1.091134330567547	0.93517167786663
9.570469706831204	0.9265030912820592
-2.972233542016265	0.9865708438673112
6.861744402462733	0.926503091286046
-8.60614636884485	0.9999999538505533
-9.500710656583461	0.9999999941169451
-0.013990270392870485	0.9266485286040032
-1.575549317033488	0.9457165593179493
-6.790143344658839	0.999996979115755
5.195101641271048	0.9265030914093494
6.548198649652221	0.9265030912903531
5.871091207862733	0.9265030913143015
-6.246897363498687	0.9999894490763006
9.9005927354211	0.9265030912820535
-6.34432828770374	0.9999915688910899
5.841179656769015	0.9265030913143106
-9.935684995593919	0.9999999978391233
4.125040707610687	0.9265030932989341
0.3354548291991364	0.9265087953247594
-4.254714188997619	0.9989918109395485
-9.628690755674647	0.9999999956185023
2.016689382009794	0.9265031681801371
-6.575735533868414	0.9999950509835319
4.268138031495546	0.9265030923081208
6.672578096229671	0.926503091286225
-7.955519733565013	0.9999997935612414
-5.2661516207895875	0.9998993154150023
9.123086618874098	0.9265030912820672
0.8267992945641858	0.9265031124101429
8.80600158888214	0.9265030912820836
-2.2228900644616045	0.9650896967749822
-6.15267913571607	0.999986893754927
0.015533442855716117	0.9266211194835015
4.991545115386188	0.9265030915364079
-4.936823931526062	0.9997857420212375
-9.543899261248935	0.9999999946738395
-0.4848313901141754	0.9281412514738545
-3.7594714203745827	0.9970158567051787
-0.6191349624434785	0.9291235486155659
-7.254707219127319	0.9999989634418952
-0.4904178834309292	0.9281763424645022
-0.9866701059194583	0.9334416278375035
-4.5654427263362685	0.9995000731106779
8.688908591362914	0.9265030912821015
-9.270938584495001	0.999999990014382
8.767770456574063	0.9265030912820845
-4.337960414087769	0.9991637040397062
-5.743067336498635	0.9999663608057423
3.6356099431481415	0.9265030951458167
2.8623162331781806	0.9265031225684758
-1.3139584616379238	0.9394984916462271
7.389507803303385	0.9265030912830841
8.81804886540959	0.9265030912820837
4.596475446478392	0.92650309178577
-0.3790520472070913	0.9275683979793855
-4.4582381112169855	0.9993625219906872
-1.40680181502686	0.9415971756622552
4.823592073373817	0.9265030915130513
-7.739752522519829	0.9999996607211324
5.568532174148908	0.9265030913462371
7.9688739904695325	0.9265030912823109
2.323532032302129	0.9265030412747745
-3.4990835625523253	0.9948846751829351
3.04259778766629	0.9265031071360867
-9.86821806307734	0.9999999974759655
0.3006702655956417	0.9265116904903005
-0.8378423709044611	0.93139928145728
4.263641820035403	0.9265030923107058
3.074322684886379	0.9265031072026222
-5.062262571840539	0.9998392554365991
7.86160517735383	0.9265030912823139
-3.9813001292339134	0.9981515049318664
-2.9617060381754046	0.9863396665916264
2.2001506679431984	0.9265030438218639
-5.766882934483255	0.9999681542739374
2.2345370814428946	0.9265030446014186
5.937854820407743	0.9265030913148343
9.153414753714209	0.9265030912820672
-3.9553267572474438	0.998043489115237
3.4451474058273757	0.9265030992065462
1.9249557742603685	0.9265031667999968
5.891277944661649	0.9265030913143245
-9.727455700488434	0.9999999965097407
5.312581585125873	0.9265030914089671
2.1627306010966407	0.926503046333436
-2.0238556545763364	0.9587495549211636
-7.515325897905596	0.9999994311724294
3.939176735036355	0.9265030932470537
-4.159573458776831	0.9987531575467924
-4.308582711061777	0.9991065870211477
6.783127610303545	0.9265030912861435
1.9386815349436848	0.926503166755047
-6.347483190310141	0.99999162990341
-0.22924250519302447	0.927035142865496
4.199828552398941	0.9265030922857822
2.808903161888079	0.9265031224672083
-6.6215148428727	0.9999955460485509
-6.477850497013864	0.9999938000364731
-4.4075490226001435	0.9992851296065139
3.9515616632226944	0.9265030933181307
-3.1200460986725576	0.9895373166670548
-9.209196703822013	0.9999999884889004
2.52607264283105	0.926503152579884
-8.9650685180702	0.9999999798049568
-5.155253716683568	0.9998701287911111
6.207825029818217	0.926503091298175
1.5575717554113524	0.9265030582754357
0.8208826038041472	0.926503112808031
4.236817555203128	0.9265030922548686
2.579759085504513	0.9265031527968447
-8.859753042007533	0.9999999742628684
4.628565198041915	0.9265030917882372
5.041179745674388	0.9265030915416778
0.3152506178350869	0.926510369651701
-4.538296738838148	0.9994682928617638
5.473346456770688	0.9265030913473811
-2.7141081419815727	0.9801804592431851
3.3519592269920793	0.9265030993581792
-0.2943455764748002	0.9272410297975131
-4.682885844100451	0.9996172946004104
6.363979081888832	0.9265030912903554
-8.557247837877387	0.999999948350633
6.2591820393517565	0.9265030912979334
-0.5397368934528792	0.9285087119483847
2.534870797517147	0.926503152551716
3.6325514532403247	0.9265030950913615
5.6999673442124	0.9265030913165118
6.1201968621189415	0.9265030912982007
-1.7097539154608832	0.94937083446592
-9.482540130762649	0.9999999938655806
3.805805937093245	0.9265030952408376
4.297094843597957	0.9265030922841379
9.859255468597755	0.9265030912820553
-6.183906353905373	0.9999878027513243
7.4163890758482935	0.9265030912830764
0.5049798339787692	0.9265037029505597
3.822985445909005	0.926503095285862
-6.591322857495228	0.9999952254357907
9.195743269978198	0.9265030912820674
-3.299196122727821	0.9924484321464528
-3.2287030030171104	0.9913903222111081
-7.169739002076696	0.9999987394521862
-7.4577643815335115	0.9999993505566176
4.431849424502605	0.9265030923049578
8.169132742495986	0.9265030912821844
8.788430910404973	0.9265030912820843
7.4331735406043755	0.9265030912830842
-7.1333825472477	0.9999986293881024
-1.9129318945692297	0.9552929194572103
-9.545831107045784	0.9999999946974789
6.329088059690694	0.9265030912894485
-1.1229359129688596	0.9357423496320565
4.386408335158469	0.9265030922901398
-8.754985174612466	0.9999999672412165
0.7603966531545368	0.9265031168199446
2.6910478976576435	0.9265031241287665
-2.1795078117886346	0.9636833494976784
-8.868671068127597	0.9999999747859791
3.382239695802891	0.9265030992141392
0.1922191731807743	0.9265289753378491
3.0222340560378314	0.9265031058724544
-9.120304456960486	0.9999999858743303
-8.784985840223216	0.9999999694277729
-4.358895829601326	0.9992022138413308
9.098570109624347	0.9265030912820674
-8.604030588090247	0.9999999536251764
4.949937582861343	0.9265030915363233
4.521835305648491	0.9265030917411543
6.276771685999229	0.9265030912952451
-7.342372675075923	0.9999991529078729
-7.986231291346573	0.9999998076554658
-5.271527601367922	0.9999005506997906
-4.453127009724951	0.9993551071789079
-2.2593323252335473	0.9662704235122533
-2.080502364866912	0.960545498202209
-3.742539816524184	0.9969067474555273
-0.488560387842254	0.9281646147632552
0.25701905414339166	0.9265164785659638
-4.254377396389759	0.9989910500366942
0.7862312154209192	0.9265031155759211
-7.4489270614101555	0.9999993372061611
-7.679969693678803	0.9999996106509703
-1.7541158945409663	0.9506341676365593
2.3162793298460436	0.9265030437520047
4.339708096995851	0.9265030922896478
5.09037561371402	0.926503091436875
-2.7362061857639164	0.9807810279396578
5.629727441604903	0.926503091346605
-5.357464681177122	0.9999183649279652
5.329471201788198	0.9265030914107073
0.3892793995559565	0.9265059967844672
-1.6501748967175622	0.9477151963158317
-4.7760589407407705	0.9996905671565962
-5.012198172772555	0.9998197115951684
-9.053013515211447	0.9999999835069936
6.7533203868501275	0.9265030912861392
-7.349407200124367	0.9999991665178539
8.670103676650683	0.9265030912821144
-9.689549387376118	0.9999999961914134
0.817317692056406	0.9265031132974516
9.477753275512384	0.9265030912820589
3.314052872678097	0.9265030984475265
9.177935146275416	0.9265030912820673
-4.990129303589121	0.9998103620868823
-0.9052429706944576	0.9322915062595384
8.271312681581541	0.9265030912821817
3.4647965217382293	0.9265030992107454
3.0933052204293396	0.9265031069983622
9.918981950224548	0.9265030912820527
-9.160624441745075	0.9999999871267244
-5.094155734146901	0.9998505904769655
6.929528798213621	0.9265030912839117
-3.128222095885529	0.9896863497598273
-3.394024032251246	0.9937031125028231
-6.02412670257559	0.9999823811739098
-2.844412846009692	0.9835872502323348
1.64293009758428	0.9265030570453843
-9.596377160276619	0.9999999952800618
-9.170027278259179	0.9999999874024466
7.779731415431673	0.9265030912824861
-7.81558355233877	0.9999997150777474
-4.166914699065352	0.9987733695166704
-2.196411467915249	0.9642312140866618
2.892360007468815	0.9265031224697983
1.0288310151688904	0.9265031757801391
4.422855327860287	0.9265030922908518
6.861947787069994	0.9265030912860404
2.853669374556805	0.9265031225457614
-6.962779465737912	0.9999979699371444
-7.744400302918004	0.9999996643326565
3.714725985459829	0.9265030952576152
0.6909134692942729	0.9265031319387342
-9.523792355320872	0.9999999944214509
-4.377532501797954	0.9992350318625673
5.394279707809062	0.9265030913560697
2.7910196688199775	0.9265031224102205
3.57303672092263	0.9265030972228953
-3.640300000480683	0.9961668256301875
8.253460952761923	0.9265030912821817
1.8160453955799802	0.9265031740477975
6.628858136944391	0.926503091285757
7.6297251508399455	0.9265030912825684
9.496277039968156	0.9265030912820591
-8.598199593945242	0.9999999529983327
4.455798309111847	0.9265030922501283
8.573798751484873	0.9265030912821162
-9.65495360859535	0.9999999958756101
-8.344102668084595	0.9999999156257872
2.460189540626123	0.926503150590782
1.3493837904634098	0.9265031485769532
0.4606422584590639	0.9265042027718734
-4.067252548352718	0.9984699109194848
3.4356613352772136	0.926503099210795
-1.4268839409430925	0.9420722381364862
2.086679206466627	0.9265030572269832
-5.144181158383239	0.9998667872606113
-7.789601042787773	0.9999996975115759
-2.87415230851809	0.9843151735442822
2.7486058191116527	0.9265031230797793
-8.328171158122819	0.9999999124731663
-8.545903669598633	0.9999999469837338
-5.996345799740488	0.9999812179043599
9.395457270379236	0.9265030912820593
9.689639039709622	0.9265030912820549
-7.878779918102534	0.9999997536626033
-5.912146041543513	0.9999772020375713
-7.571401100493	0.9999995000735995
-0.12000160277579752	0.9267889533782283
4.5433704918789495	0.9265030917826954
-6.773192907679388	0.9999968588901886
-7.057521945658638	0.999998367805053
7.1734278525507555	0.9265030912838695
-4.541438176147472	0.999472070176359
0.14901699479287345	0.9265421675825806
0.14637602613382228	0.9265431266559753
1.4143481592842342	0.9265031493354363
-2.0892347965190794	0.9608230788088628
2.931797027900064	0.9265031231941366
9.761502604796654	0.9265030912820548
5.436397004081437	0.9265030913427328
1.2887515428175647	0.9265031485312073
9.977110758227656	0.926503091282053
-0.022277584300773867	0.9266566036654161
-0.6204373543064978	0.9291340062463926
7.402206753632036	0.9265030912830824
-1.904014823811778	0.9550199056159703
0.7640550758044675	0.9265031164963605
9.870789842033645	0.9265030912820548
4.870460387427769	0.926503091541063
-4.638883075398006	0.999576956088485
-4.207253259999804	0.9988788975160553
7.870259958707557	0.9265030912823166
-3.447512500478438	0.9943307972759706
0.8924673596051402	0.9265031625865678
-5.826463733056864	0.9999722336265067
-3.455026022462757	0.9944145590533601
-1.4951850455984008	0.9437290597607922
-4.771226937243567	0.9996871346901767
4.581117027997031	0.9265030917913366
1.2390408491796414	0.9265031490427132
3.3450360866083706	0.926503099266775
-6.2085810221262605	0.9999884762124511
-9.649460616305516	0.9999999958231124
-1.3224507463208965	0.9396835955361036
-8.378717211139527	0.999999922089638
4.44137269071998	0.9265030923093223
-3.5408286269939726	0.9952981028204412
-0.4934311264943325	0.9281954958926297
8.778994954240812	0.9265030912820846
0.41085094842371994	0.9265052742294083
-5.942030910592764	0.9999787171793951
2.3481775098859092	0.9265030519884531
-4.774855360518009	0.9996897156887234
-7.750089638119402	0.9999996687012199
9.511646047555931	0.9265030912820593
9.314951431847721	0.9265030912820593
4.127716995045635	0.9265030933076851
8.945196569435176	0.9265030912820844
-4.869630241475469	0.9997501347882947
-9.316772198158304	0.9999999910145186
-1.4536872517157597	0.942714961078717
-7.981650618523326	0.9999998056160047
-4.5175668221591225	0.9994426909089809
-2.0152054837947864	0.9584761977306466
4.973220524897881	0.9265030915365436
-5.51533814584912	0.9999432064266376
6.631942714583214	0.9265030912857851
-6.420511429916145	0.9999929251413153
-3.005838720404128	0.9872910182225118
1.6616072365004175	0.9265030566126312
-2.5811082460072443	0.9763658160165208
6.92239938929038	0.9265030912839138
-3.7242317526300983	0.9967846592362256
0.6317228859230681	0.92650318093083
-1.107739027293583	0.935467110357217
0.0854046868769629	0.9265712797285611
-2.326983505132061	0.9684575456416065
1.2793597527616498	0.9265031485766602
-4.518024378995236	0.9994432688909398
8.784626890308829	0.9265030912820845
1.2425633580019522	0.9265031490837379
-0.5454832147108277	0.9285499438276437
-2.3569294710201216	0.9694187849804042
-5.013061334436495	0.9998200678052647
-8.989436928860929	0.9999999809069031
3.7170298712671723	0.9265030952601516
7.465517244682637	0.9265030912830474
-8.80007540800868	0.9999999704717482
-4.68967092133088	0.9996231663816726
-8.732883279510872	0.9999999655309181
-3.0291454694964592	0.9877744554826566
0.03909708592340522	0.9266017418895507
-6.114748487269996	0.999985698067768
-5.840857273370483	0.9999731381188228
-3.440039381435045	0.994246426488607
-9.269403334617845	0.9999999899790198
2.8432013882644913	0.9265031225518262
-0.010438569001456344	0.9266451095237053
-8.486614182604004	0.9999999392287151
-3.7351298338423344	0.996857854532592
4.395706718250718	0.9265030922872464
-5.571267543314398	0.9999500596703141
4.75818924365341	0.9265030917631303
-2.4005592915381513	0.9708065311947146
-6.224411072274725	0.9999888885674627
2.558840485245927	0.9265031527666726
0.09572542076250024	0.9265656234730706
-6.510513418620243	0.9999942491564061
-7.573133753072363	0.9999995020640802
-1.009598735770254	0.9338043456770609
-1.8387317116042823	0.9530763150055046
0.7758799451866327	0.9265031157715026
-0.2619554668202273	0.9271322818490108
-4.451936456204448	0.9993533678792339
-1.9569009319579944	0.9566491660739249
8.89640394916978	0.9265030912820841
-0.47983515430846424	0.9281103207493
-6.941933359458119	0.9999978701222146
-8.478885807243461	0.9999999381376159
5.159183371021827	0.9265030914123653
-6.114541459941107	0.9999856912510893
6.325025492794218	0.9265030912894047
7.391529258218064	0.9265030912830841
-3.6603821629997	0.9963236984416235
-9.478917441296296	0.9999999938141959
-3.3985677830804306	0.9937586162569895
-5.142295157996144	0.9998662096139217
-1.1450500720468817	0.9361498633935164
5.945832260328935	0.9265030913149536
-1.5598561833249889	0.9453163288149541
-0.8516390616573375	0.9315751983064283
4.571791550144342	0.9265030917965115
-1.6366949286354746	0.9473480935058174
4.658669109035571	0.9265030917879857
3.498282581889324	0.9265030991718788
7.2587873570642	0.9265030912830909
7.764276699541849	0.9265030912825593
5.1437285905935894	0.9265030914075556
-8.85507747032236	0.9999999739842877
-4.669091765411557	0.9996050767087868
1.215303246136962	0.926503148361792
-4.52191035892171	0.9994481538900369
1.2770713385766328	0.9265031486016682
-4.8817316465981575	0.9997569554190718
-0.8206086639283594	0.9311842642672795
-1.953530155681218	0.956544453198076
5.375147454501153	0.9265030913839336
-7.159108520092188	0.9999987082172064
7.424942732152111	0.9265030912830768
-9.556525390460134	0.999999994826456
9.732563198391965	0.926503091282055
-4.335648510453973	0.999159341594355
3.3127213382740894	0.9265030984498732
-0.5823490290279043	0.9288285690536368
-7.375080474687996	0.9999992143600003
-0.5385897708222842	0.9285005456387356
1.1731638214618645	0.9265031596020539
-0.36284033316506203	0.927496383576232
7.020246071405722	0.9265030912840966
-1.6654624227794876	0.948134946603509
2.82877984395682	0.9265031225704409
-9.329651314499019	0.9999999912770728
-9.782450483073216	0.9999999969248738
-5.346663088300105	0.9999163137701721
8.186118996121152	0.9265030912821837
-2.5780308278212694	0.9762740043064464
-9.467028783793182	0.9999999936425227
5.873203605493696	0.9265030913143087
1.6684517820573141	0.9265030565115108
3.0491756745422514	0.9265031073412798
8.153662421688953	0.9265030912821791
7.730729240416423	0.9265030912825679
6.515017752826374	0.9265030912901362
1.426777775718815	0.9265031520606213
-0.07185499324045885	0.9267132594700199
-9.26514892491356	0.9999999898803698
-7.220049587560022	0.9999988773345392
0.6171718196597986	0.9265032031648746
-6.722716581595463	0.9999964717867814
5.980130101283208	0.9265030913066498
3.070848160031634	0.9265031072636316
5.415497314767768	0.9265030913405566
-7.632492082198845	0.9999995656736967
1.1769363439198965	0.9265031575850674
-3.412941888051124	0.9939315021268659
-4.547894781852411	0.999479750843328
8.549907196816626	0.9265030912821164
-8.821120357309656	0.9999999718685061
5.139340995739916	0.9265030914051144
-9.956289294465396	0.9999999979036392
5.567167457282496	0.9265030913462289
3.9260524489615634	0.9265030931348179
3.0592576370879154	0.926503107407574
-2.556054190937078	0.9756143231976103
1.3486049523008603	0.9265031485652141
7.783697978977209	0.9265030912824623
-6.374730537472519	0.9999921387952367
-8.94440353183612	0.9999999788207917
7.011992062161884	0.9265030912840936
-4.098178464236719	0.9985710673483617
7.072254548803514	0.9265030912841042
-9.626818751008255	0.9999999955995753
-8.17825810126168	0.9999998763899962
9.094392898516801	0.9265030912820676
4.415950678061705	0.9265030922841352
-2.880866914808231	0.9844767443274333
-2.3874177786772277	0.9703903359539602
3.923210656882601	0.9265030931162676
-9.60652634964799	0.999999995389085
-7.8533133116388365	0.9999997387857579
6.776775899321063	0.9265030912861408
-2.1968102766396402	0.9642441676863548
-6.195095123703487	0.9999881128765257
-8.40499227131061	0.9999999266634831
-3.9253371450271946	0.9979113372112897
-2.13914599406396	0.9624014649762984
-7.163142154971771	0.9999987201591303
9.35112074158851	0.9265030912820584
-4.193270532194333	0.9988433541274455
5.891401430388431	0.9265030913143237
9.216343540104383	0.9265030912820672
4.762746988312054	0.9265030917425755
-8.291147923194488	0.999999904684315
3.4651941145086873	0.926503099211096
0.8432075701019102	0.9265031171501991
0.23325507872393736	0.926520092846228
-6.370349464806839	0.9999920591101198
-6.393876949006323	0.9999924777635296
5.8742848773408305	0.9265030913143129
-2.282946757417239	0.9670351135353737
-5.19977628885369	0.9998827424228116
-0.08119189375610958	0.9267265352299844
2.896220978091698	0.9265031224173537
-0.29788259863129696	0.9272534943503394
-4.430763790938075	0.9993216557886913
4.101197227820638	0.926503093276176
-6.948305247373137	0.99999790114194
-0.8078119437586686	0.9310280611403108
-8.038604529448378	0.9999998295068953
6.817380349215746	0.9265030912861121
-8.153354170218229	0.9999998690945954
3.0602686794400533	0.9265031074018671
-9.177117957853017	0.9999999876064551
2.7102234114971147	0.9265031197482063
-2.939394381036209	0.9858409432347826
7.005468433789762	0.9265030912840945
6.598082619199289	0.9265030912867908
-9.891653476011824	0.9999999976085588
-1.7438336326541837	0.9503397422504958
8.250901145553339	0.9265030912821817
-3.971855918592939	0.9981129008672442
7.697885351906653	0.9265030912825695
-4.22997959853932	0.9989344181461678
7.837538719920111	0.9265030912822897
-3.1935522429373275	0.9908208261460182
1.1448280286052324	0.926503174026359
2.231629161772087	0.9265030445957436
0.7293152810056025	0.9265031210062746
3.0560884343425307	0.926503107412818
7.1996241152811	0.9265030912832576
-8.193089991480505	0.9999998805401338
8.797003155179276	0.9265030912820841
3.7969519347199707	0.9265030952526134
-0.7200602968140668	0.9300460258114325
5.588078949225924	0.9265030913463096
4.055205916614796	0.9265030932850735
1.6026967657205304	0.9265030566661132
6.237333355614673	0.9265030912984858
-7.96425821534803	0.9999997976734922
8.527212704218861	0.9265030912821163
-7.95953678363849	0.9999997954619079
2.4645946149450193	0.9265031509558246
2.737478301282774	0.9265031222647585
1.0076154712961927	0.9265031757265306
6.706521011274859	0.9265030912861174
-2.588071938800063	0.9765730504256901
6.626139291840964	0.926503091285745
4.767929727578263	0.926503091715401
-1.3874196713097184	0.9411455052651299
-3.817118581486101	0.997361282493404
7.241912495990391	0.9265030912830231
-7.075047392552398	0.9999984323562932
-7.158708946771699	0.9999987070281869
3.7614241190474864	0.9265030952662836
-4.573659027842241	0.9995093171800243
-6.383719267413963	0.9999922997920553
8.882964680993556	0.926503091282084
-1.5779706508957592	0.9457796302201787
4.943445169393579	0.9265030915364235
-3.7092880138806628	0.9966817564630076
-7.994931694832856	0.9999998114704381
1.807155570098363	0.9265031742727269
4.335256720793952	0.9265030922897661
-9.67731942500488	0.9999999960826386
8.168524083901247	0.9265030912821842
5.393496475683586	0.9265030913570674
0.37765782012633586	0.9265064677546205
4.657710766538301	0.9265030917879801
7.764174264749251	0.9265030912825597
3.9654860804481373	0.9265030933256043
9.192420321833321	0.9265030912820672
-3.124723707380217	0.989622774950039
-4.56752317904733	0.999502429925051
3.7948272385642703	0.9265030952564062
-4.481443966715322	0.9993951467564175
9.587692403278819	0.9265030912820578
8.783948716678239	0.9265030912820845
5.846513279199822	0.9265030913143046
-9.156089464532453	0.9999999869915951
-2.881328080349861	0.984487803304435
5.731202892598745	0.9265030913117385
5.302130839726594	0.9265030914093628
0.5996507600572532	0.9265032401909038
-1.1856918215403809	0.9369208182346004
-1.0709007593267792	0.9348197876103523
-0.6454766544521195	0.9293372973376224
-1.9788053849193865	0.9573320443950954
0.5950695186590806	0.9265032523078054
-8.391310592958039	0.9999999243163732
0.8164000408213479	0.9265031134390438
-3.9253190883120093	0.9979112551603242
8.440975575977166	0.9265030912821112
-1.1925003058685881	0.9370524495711069
-2.5487056632195904	0.9753922185215198
7.6944934533990015	0.9265030912825696
-1.6599141501410166	0.9479822162753682
9.754370209273091	0.9265030912820548
1.9594491466714317	0.9265031672323576
8.958983725815045	0.9265030912820849
3.247654935417783	0.92650310688539
4.630515748017036	0.9265030917883332
-9.640618809106588	0.9999999957372037
5.749075666109022	0.9265030913141339
9.843148846099432	0.926503091282055
-0.9159917385474525	0.9324376690946958
-4.514243028811142	0.9994384745447358
8.943684139414287	0.9265030912820843
-1.2642334187964757	0.9384418369810259
-5.556426135367283	0.9999483259920885
-5.858052181812545	0.9999741801391843
9.320053617243794	0.9265030912820588
7.571186863270594	0.9265030912825803
4.689357770324868	0.9265030917884391
8.127248501151286	0.9265030912821692
1.3223724693269823	0.926503148544422
5.712758154154978	0.9265030913119707
-7.35371624689273	0.9999991747465544
-9.820470780530899	0.9999999971826377
-7.623476536252642	0.999999556563339
9.071326897486749	0.9265030912820679
2.5696693169239957	0.9265031528397822
7.347253670338155	0.9265030912830831
3.6075723169819973	0.9265030949420311
-6.207568805739729	0.9999884493310612
5.394046779008974	0.9265030913563641
1.1842270098301366	0.9265031540869274
2.3946599765706758	0.9265031532835485
-8.542925661814369	0.9999999466189475
-8.626810360650525	0.9999999559949467
3.3566484636456586	0.9265030993786215
-5.730990419807331	0.9999654131250518
0.8786531898146634	0.926503151306888
-9.490475825896581	0.9999999939766544
1.5836147187003071	0.92650305668012
4.367275439030699	0.9265030922896118
-6.973797723090027	0.9999980207899726
-9.30654076882412	0.9999999908003174
5.8355464698345685	0.9265030913143065
3.177290505880542	0.9265031070986554
6.379759082633328	0.9265030912903081
-1.043828402467133	0.9343618296110476
4.670540173721239	0.9265030917884804
-6.739665454905603	0.9999966068148322
-7.07322334508889	0.9999984257586083
9.767854395771948	0.9265030912820545
-1.491784235138013	0.9436453152145338
9.56363218938698	0.9265030912820595
-5.35230954604935	0.9999173923312585
-4.878409483201027	0.9997551016009363
9.298547812838276	0.926503091282062
4.2241396011214185	0.9265030922035499
9.806520995436458	0.9265030912820548
-5.443399705075125	0.9999329936580235
-5.85309423121311	0.9999738838995567
2.9824187564362425	0.9265031106710511
7.21544119140599	0.926503091283025
-4.577233067544917	0.9995132854632481
-5.084399226038516	0.9998472101402285
1.4673477793090228	0.9265031035071751
3.176277378057147	0.9265031070989465
-8.832700591990314	0.999999972608707
9.43309504235856	0.9265030912820591
6.094100626392542	0.9265030912982292
-5.099800320351631	0.9998525120456763
-1.410187750286834	0.9416768136331277
-5.4208889034256735	0.9999294358028283
-6.441694979183139	0.9999932618877994
-1.5092205778241166	0.9440744733245378
1.1235998886258702	0.9265031768179832
0.09493920940156642	0.9265660408832035
2.519565870767316	0.9265031526761929
-8.1020348360284	0.9999998526748699
-3.9708524505227194	0.9981087544317615
5.87595595960118	0.9265030913143188
-1.8646783641868936	0.9538299091962451
4.377131319710831	0.9265030922905344
9.330927545212791	0.9265030912820583
