-1.1698708104593933	0.8627432599501201
-5.994236098176455	0.999976292576926
3.0017054657868982	9.175812192255172e-15
3.298619743302096	5.716968570565171e-20
-8.978942275678005	0.9999999754331345
-2.8883265591535556	0.978734668483329
1.132589679478837	0.3273992227523711
-8.510251353704508	0.9999999277162777
-3.40075158281	0.9918767472065939
3.0661649731737217	-1.4489284910539315e-15
2.418019838808302	1.0418528785711296e-5
-5.059341950060041	0.9997965416434231
4.214698889455665	3.563449487503239e-33
-1.9741571951739942	0.9276010049104867
-7.662216588851445	0.9999994905846791
-7.593691160534721	0.9999994035186878
2.575881650393658	1.4215929843038566e-7
-5.9119468269273545	0.9999713491306473
-1.844602912819493	0.9180851527478745
-3.564811254841862	0.9942118038958564
-7.8119256455540675	0.9999996391190575
-5.120006535212873	0.9998229880201122
-2.6272655316072413	0.9676938319326756
-7.175728396148191	0.9999984384622164
-4.530819874657488	0.9993183966491372
-7.46474824187537	0.9999991973278674
6.300292077204389	-2.391428776564154e-65
6.942907143911306	7.604320521915981e-75
-7.676817705951797	0.9999995074265203
-2.1149344545186155	0.9374779843461211
-0.2809967118384513	0.7643416983986049
-7.736115683633074	0.9999995702919908
-6.299067885262435	0.9999882472584496
7.695836115222576	1.2327163368422964e-86
9.442603600416085	-3.145853124618228e-114
1.480334217112711	0.14614364547327285
5.991200501972358	-2.3292502681089077e-60
-0.5920424581626982	0.8041555764279227
0.140654397172014	0.6916260228471749
-1.3357886235656746	0.8772393196660266
8.112125828223256	-6.828720160043864e-94
-9.167734365993581	0.9999999840941197
-1.4889113362910322	0.8902258788457474
3.441695548410877	-2.316126318388391e-21
8.846437864451634	-3.892244570893994e-104
-5.090228349422112	0.9998104646948793
-8.53388910258043	0.9999999315453869
-8.713905683267843	0.9999999547742021
-0.9299846371660792	0.840070840574341
-5.148281093807738	0.9998341144358623
-9.32404737935547	0.9999999889020047
-3.137482803621374	0.9863999975727715
2.065493646190655	0.003212019739904187
-5.752402843500262	0.9999586391540316
-4.595422425916258	0.9994116909830676
9.609516428101085	-8.83200398182466e-116
7.889842868694814	-2.442139615664861e-89
-4.898573531739361	0.9997058379897874
-5.683339805250962	0.9999515157089008
5.705425089402127	3.33949353560766e-57
-6.231612538889872	0.9999862728555614
1.883531449977177	0.018226490987233425
4.556042549120477	-1.8414461530732078e-38
7.2452986018154775	1.677740733065376e-79
-8.070184739418828	0.9999998008840453
-2.4212146840010407	0.9567785286671242
-1.2860336769978176	0.8728849362407111
-7.075852157849272	0.9999980347133798
4.9374150457936885	-2.860317114941896e-44
-4.884438438103738	0.999696155426766
5.095966888216257	-6.070717232346272e-47
2.4102120414659787	1.2353667599248286e-5
-8.974627201383111	0.9999999751878252
-7.0303811528236215	0.9999978177962731
5.341687233427157	8.793827410187635e-51
8.474735239142298	-3.602563134108007e-98
9.270615303201627	-5.13354275062181e-111
-8.512924052080502	0.9999999281597544
-3.0295363022562727	0.9834057657870118
-6.062046109279708	0.9999797185558748
7.390609616991846	8.031182045172056e-82
4.375298473405049	1.0211096425244175e-35
-9.936474958340602	0.999999997290939
6.945352595000422	5.867019690469153e-75
2.1558812829605056	0.0010817947975993935
5.379138879498848	-5.876741728801657e-51
0.20129223354032	0.678422520340999
-7.6145820606548	0.9999994315318448
-5.2664607099829785	0.9998735511055719
4.770410927222674	-1.0163945044494294e-41
3.8730685195899284	-5.833432709568166e-28
-1.052123388110493	0.8517576557273264
9.106035571799968	2.0918274918104332e-108
-3.5633367349871437	0.9941938548648548
-8.011520385096699	0.9999997720863857
1.5851812587541012	0.09919031759908667
-4.568807095270304	0.9993748936900562
-4.004624963839194	0.9977690188610303
1.617043111281511	0.08643758078806932
-7.613464250884281	0.9999994300668181
8.732441870819201	3.956447908961975e-102
-3.1998021579283087	0.9879182752152779
-3.1081452788632724	0.9856328752350796
7.913418801277583	1.3195159352954566e-89
-5.723594535471652	0.9999558045686102
-8.141043247706051	0.9999998308594027
-4.093829018891149	0.9981710343817288
-3.4218288109471384	0.9922176062466026
3.7789076203269403	1.113505419547067e-26
9.109981732495879	4.066848929069753e-108
-9.137936003475815	0.9999999829644536
-0.5591675907053038	0.8002528986542566
3.877341335294883	-5.096749103700567e-28
-6.374487369215096	0.9999901205423042
-1.7549633599457515	0.9113518298307056
1.7638036162811854	0.04070733870273483
4.94044747627251	-2.9259557326341537e-44
-2.2841321902852263	0.9485369187086214
-4.344411027095845	0.9989592717883992
0.11371009923213293	0.6972326574892531
-3.9095727073187847	0.9972472548340015
-1.146294287611692	0.8605857307927531
-5.824509359528767	0.9999649628360966
1.5088746745727164	0.13322222200747133
-1.5050409218242002	0.8915452585704146
4.434409297911937	6.661484780926827e-37
-5.307284907377494	0.9998848741300098
3.045780596554657	-6.647723799423747e-16
2.473143925440544	2.6653785942655707e-6
-8.663507485236508	0.9999999492092682
-6.680537339059587	0.9999951166321803
-7.85384961456971	0.9999996723273773
0.11811977551634101	0.6963243971805502
3.2973440496687623	2.4430274809081746e-20
-5.134095003103174	0.9998286219967862
-7.909298380385463	0.999999711602248
0.8078545554141314	0.48615290808250844
6.517025516761382	-1.3393827358711452e-68
-5.455535949470254	0.9999181228735586
-0.1839552869207175	0.749762401681175
8.689856722831365	-1.6047609289766107e-101
2.7560427298986454	2.678766228419295e-10
-0.4957678879173635	0.792506774030767
3.381011281380353	-5.453190844392427e-21
2.434707238073619	6.947120766838643e-6
7.078592993425357	4.4984342088338704e-77
3.202352259694372	-6.007272584916451e-18
-9.751969018956327	0.9999999958569225
1.2162711139210067	0.2845105313908327
9.882536951893837	-6.769977514808427e-120
-9.207148631456427	0.9999999854740884
-1.6618414628769642	0.9040619358011114
2.2557194845306583	0.00022884453754862353
7.155466770344489	6.90063035506464e-79
7.513239826242728	2.688079061231164e-84
6.5855827672453735	-2.2293976885938294e-69
0.927363453055797	0.4333731031487961
0.13929513323580167	0.6919124923927975
-4.359727572173084	0.9989947412011989
8.60931572514972	-6.31107290834492e-101
-3.097994319830417	0.985359355184664
-8.411579597366803	0.9999999092781268
-4.9777701004164765	0.9997546737803754
-3.9028899227420055	0.9972064708989306
-9.494450356506894	0.999999992503792
7.958200787400813	-2.378839156286508e-90
3.7399576279360858	-6.649272242983738e-26
-4.751019191489414	0.9995876328772167
3.8517989256475804	-2.7570345872328286e-28
5.450371815147758	-4.3445845579800775e-53
0.1549379109414204	0.6885887207591799
7.339040330603343	-2.8110547622732754e-81
3.8312705877056565	1.0626234012435325e-27
6.425868192690313	3.677366164772479e-67
2.8505963396396616	5.402211598613881e-12
-9.568436185962437	0.999999993677981
1.5663894794101285	0.1070612314897791
-7.643460452197375	0.9999994681024589
9.64677659095942	4.7157693426706865e-116
9.93127678875284	1.4951546327690844e-120
-4.239285998900413	0.9986804048956222
-2.640760293698494	0.9683432666538776
-7.671525485097659	0.99999950138747
7.9961112706825865	3.4901727456172867e-91
-6.49534190692715	0.999992520094148
0.42977805400575164	0.6207747486446679
8.039323809094011	3.623898969620751e-92
-2.5342742880252045	0.9629884865605562
-1.0174810241630627	0.8484431681500642
-5.451898426185502	0.9999174351557278
9.560194439412836	2.464692788511173e-115
-3.843412237305146	0.9968171942995221
2.3105518185116622	8.262354429055699e-5
-3.9229141690566616	0.9973269785498823
8.21289659662827	3.305879266209705e-94
-0.5695453252107932	0.8014925374189427
-0.9074290565782981	0.8379084366713991
-3.3274365431107844	0.9905870428443981
9.396434288019684	-2.0838842935869455e-112
2.970736761710281	-2.1262728424142072e-14
5.19218748247142	1.045382135024518e-48
-7.952812659159312	0.9999997390977845
-0.17905778828911068	0.7489985165857374
9.364678080034423	-1.4214756167586746e-112
2.129770600986829	0.0015520695594011956
0.5538817988388125	0.582579160767294
9.566250340708393	2.3361857634537777e-116
1.4030478199776333	0.18277689075817616
-1.819644005402946	0.9162541838120514
-6.626898616641883	0.9999944747289146
-7.796693951613878	0.9999996262375663
-6.785238314936941	0.9999961626964436
4.809175880400511	1.6495548753151067e-42
-3.4856346097550217	0.9931732922093047
0.5100824615809465	0.596423936696023
-2.831262845301805	0.9765898817861921
5.4564308458453326	-2.46384200170725e-52
-8.535283696742027	0.9999999317648536
7.196150275698656	-8.926073978231512e-79
-4.150408327439923	0.9983886008203974
-3.7112214643264263	0.9957602014465479
7.409614070145384	-2.59250951603348e-82
6.612550549018195	3.0521877177229753e-70
3.551549177159913	-1.2466719196230823e-23
0.17531195321941695	0.6841791312732519
-7.779395763407293	0.999999611050123
6.80908837155302	-4.30290927548816e-73
-0.5184863061811349	0.7953210584724192
-3.423481212138628	0.9922437848555561
-8.693378614358984	0.9999999525852608
-5.240432363205865	0.9998657584646333
-2.476505631834809	0.9598691047807548
4.223052239040236	3.295062874843795e-33
2.3649422756979988	2.7726990629988263e-5
9.348714466033712	1.5469203416061334e-111
6.768019120815193	1.6805630997580035e-73
-3.045560167173962	0.9838803122449544
-1.6719791029363975	0.904864911897889
2.162735608193188	0.0009834697117073136
6.936933593515452	1.1550972641657797e-74
5.843889493454565	-4.710869778493522e-58
-2.2691891926338537	0.9475931297862474
-4.183209997743211	0.9985029699480372
-8.991038734497927	0.9999999761079541
-8.7982515717839	0.9999999627573554
4.622355454939635	7.1362696722588495e-40
-4.350329425431676	0.9989731209180293
-3.710533010876409	0.9957539197873636
-6.396116978450976	0.9999906004463361
-9.915065238877041	0.9999999971540469
2.941486833880248	6.24302248526058e-14
-3.5451256705406164	0.9939679519308365
9.899362830961781	-5.4244667824004e-120
-6.298567036586977	0.9999882336993744
5.257284711848968	-1.997046834816314e-49
-0.17927538315541725	0.749032509113023
-0.9048425255838666	0.8376536741877432
-9.358449916144199	0.9999999897472127
2.743197608953892	5.152893960756191e-10
1.556304952724501	0.11139386096055975
1.7341328655489932	0.04776576784502939
9.747891004215063	-5.171717404674043e-118
-3.5989734469206125	0.9946137096160087
3.2817357145153014	-5.613006157523525e-19
9.493495515648426	6.96277797062469e-114
1.228544341697697	0.2775581919996982
-5.504301585339801	0.9999268085714969
5.626519958703229	5.2422389062081875e-56
6.22768849588833	3.482161258931479e-66
-9.301744663489098	0.999999988317188
-5.1765344273038805	0.9998445356163587
-1.6461846445243555	0.9028173482343076
-8.599706568578306	0.9999999411718334
2.5703448111385576	1.6998449081903973e-7
-0.23618038087339954	0.7577477257253289
-0.14570717240106745	0.7437164505502268
8.057437290846043	1.5221229764529196e-92
-3.840034922668898	0.9967936083331458
5.002093210705709	-1.6083248068654438e-45
9.75980280890333	-7.703853031671791e-118
0.6285631619517993	0.5575971261155679
-4.51535397076158	0.9992939742953456
-2.960278312192437	0.9812262547473638
1.1626713046214263	0.3123548816187491
0.36290975220657273	0.6395009840286437
4.533773642855863	4.944727339004714e-38
-7.1334267838644605	0.9999982787142158
-3.594150252417281	0.9945585611851326
7.326789477857197	8.458347462837407e-81
0.6984171181398136	0.5312185419471485
3.3851232616718683	2.6342868246391372e-21
5.301266904305315	-3.6624152321484894e-50
-1.870218332656389	0.9199602221880171
-7.7888231053244805	0.9999996194020759
-6.090200313511405	0.9999809912203874
6.650497225948492	6.7632612216591945e-71
5.114996286837027	5.428475426872768e-47
-0.0777349553877329	0.7324378953811591
-8.101613637806686	0.9999998147844997
0.10267069984857358	0.6994933072034255
-7.226003650698716	0.999998609155743
-7.949322735392319	0.9999997369927784
9.301183376240232	-6.867004110990926e-111
-7.712616341224745	0.9999995464003896
-3.8356541267858812	0.9967627671844662
4.1469217484511525	2.869748145491318e-33
-5.970231976256324	0.9999749459100861
1.163984755406391	0.311721994109529
-9.909385283212524	0.9999999971165835
-0.5115848669869685	0.7944699832848029
-2.0759669818316473	0.9348128270033981
-5.641084505927965	0.999946565657214
5.733715618940831	2.6974278971822134e-56
9.741016310651418	3.059665047229111e-118
-4.98381253664415	0.9997580498036187
-1.898231987323765	0.9220431371134508
8.500870381574408	-3.4986512228710623e-100
0.0068078126844604014	0.7181491728686681
9.260664919221398	7.542759870194408e-111
5.946098350460179	4.5337049751221704e-60
-8.200607473778426	0.9999998525367413
-8.460383482830697	0.9999999189210627
9.475230888182253	-2.3427360452183125e-114
-8.520839433192586	0.9999999294572444
-9.325952907884059	0.999999988950592
1.6249386190145856	0.08342868797618497
-2.47658115111296	0.9598732660308399
-6.86293662042345	0.9999967912760026
-3.751399457346025	0.9961120953802513
-6.078204324367729	0.9999804590261366
-3.5358603958332324	0.9938499748415823
5.929073591789514	3.0595468428389136e-60
-7.895501926395099	0.9999997022935446
6.268085711022383	-9.37218281035182e-65
3.475075353732077	5.490323671533383e-22
-4.243989251054918	0.9986943155377966
-5.741551717968938	0.9999575934315235
7.003219436554925	6.420078619071627e-76
1.1385044755539795	0.3242959416233143
-5.6916480448133155	0.9999524336884921
2.7670037039277027	1.7193553998877892e-10
-6.19014366139929	0.9999848978377105
4.4647000333610585	-3.8803428140242105e-37
-0.19895868261415117	0.7520885410354118
4.927756665267085	-5.61122896134574e-45
-0.7256967582521376	0.818871222549215
5.130738884433752	4.435266212327327e-47
-7.912106520252333	0.9999997134610015
1.6537068267584143	0.07297264472828838
-3.4257378120508086	0.9922794094364603
8.668099931886353	-7.380708468262889e-102
-0.017449613886757476	0.7224787068228465
3.6091086014717852	5.134867586674789e-24
-1.376738510899834	0.880771995655619
-7.941252033264292	0.9999997320595322
3.739252436462234	-6.802333877763095e-26
-9.600505288837669	0.9999999941279905
8.38970853640371	-6.203271577273883e-97
-7.590458197710457	0.9999993990619009
-4.262893184863654	0.9987487928770378
9.294841759426355	-9.384173588144222e-111
0.11578860607630581	0.6968049414207784
-7.410720641929496	0.9999990909975256
-9.124385788872633	0.9999999824245552
-6.7364800183729345	0.9999957067998642
1.384958983697695	0.19220845841053447
9.482406127438033	5.7003409569768126e-114
8.632959328046923	-1.9668992023245474e-101
6.97314894022702	-3.4119012686069097e-75
-4.228781238771773	0.9986488097712692
1.7695978205986904	0.03949192680811026
-7.359664900146887	0.999998977602042
-8.240992590991056	0.9999998656311078
-1.9693354853697578	0.9272522242134741
-1.6611305867221517	0.9040055414703878
3.656727310322294	-1.2813759156048462e-24
-2.4361653413415407	0.9576256543839734
7.943647050644952	-2.476945520835777e-90
9.515612423471488	-1.5800415131581551e-114
8.464060357419442	-1.840813883026063e-98
4.093898161198215	-5.796822776931511e-32
8.529785071423419	3.989044599564814e-99
-3.3048328569493624	0.9901551232461039
-8.975791280235669	0.9999999752542427
2.87782878514475	2.040860376505288e-12
6.27032260002354	-9.998910472395973e-65
3.5151326085017978	-3.152601872416086e-23
6.581063735788707	-2.5224365410247655e-69
8.92334879765788	-2.5265166550582945e-105
-9.215737967356814	0.9999999857585538
-7.576725073013613	0.9999993797561127
6.956149153682766	-7.29510457977471e-76
-9.128845816123231	0.9999999826041251
5.0163102163037685	-7.984990741666049e-46
-8.497560190077653	0.9999999255728057
9.605794972978469	-1.3212199185243444e-115
-7.849340789824573	0.999999668907736
-1.105751344185899	0.8568188281740001
0.6957993289502404	0.5322436777605282
5.064922809637267	-2.370931295043803e-46
-2.8874588005455992	0.9787031793105146
4.44925181846858	8.820507144549903e-39
7.884559899191956	-3.932070463107052e-89
4.770607925093163	-1.015817734358023e-41
1.0898174539054786	0.35048042723742934
4.695990874112873	-3.729732313142027e-41
-0.8016626462238019	0.8270272143899682
4.2460106520589935	-7.974605378063193e-35
7.610279942157504	5.13451558443941e-85
-0.222810718124693	0.7557371447970253
-1.6923552556981303	0.9064724297440614
3.4939884064396907	-1.2711597186965156e-22
-6.450006769325922	0.9999916971852603
-2.094925833768011	0.9361177883880238
0.8980357074219505	0.4474954108961091
-7.124649950944684	0.9999982435751045
4.255958112403491	-7.598493904538455e-34
2.300384185614316	0.00010077919021735584
-3.846729046468287	0.9968401973046331
-9.870304316492518	0.9999999968450842
-8.624662255978258	0.9999999444569554
-8.344439559553516	0.999999894110726
-9.06856174951547	0.999999980013807
-8.116928679278178	0.9999998212021728
-5.005137283180847	0.9997695986723655
4.837832552208985	9.24143580853106e-43
7.9200329119543795	1.1331387828930256e-89
5.260396273908171	-6.971597834386049e-50
0.43287947242273006	0.6198757495240159
6.341197540999239	1.1516713626167426e-65
-5.171204458427994	0.9998426209541037
-1.7535236277454747	0.911240982220718
-5.0985306475869985	0.9998140425018471
2.219104274848931	0.00042209258163857785
9.525512063829513	-1.6047241807563846e-114
-5.472892486018837	0.9999213263362445
-4.168866494927941	0.9984539670194512
8.15397827114684	1.1278587843329146e-93
2.6723171444766702	4.818282309886268e-9
1.540623655282264	0.11834761267447082
-8.584310151734167	0.9999999390488701
4.2805189887646975	-2.2985316080102335e-34
5.199855840399611	2.905840321913757e-48
-8.116109207501623	0.9999998208644802
2.499634963226015	1.3684974777011635e-6
-5.45743012144257	0.9999184787203068
-4.4888123574661964	0.999250030447167
0.05297742339605449	0.7093698424013424
1.0420581425039934	0.3755674012886098
4.181732459414253	-1.1002443307562835e-32
-6.860179866369802	0.999996770844291
-3.274313615495301	0.9895449175447764
-2.329078588163709	0.9513261776121957
-7.407630970962322	0.9999990845077407
3.6538549817238675	-1.1875339575002306e-24
3.9347935067665816	5.69028475879474e-29
-6.18448922051078	0.9999846999743485
6.587339041437076	-2.0811092000825e-69
6.965365595233028	-3.214163220714227e-75
-6.107274813280297	0.9999817238364271
-4.599993622078844	0.9994177915265289
-7.974224726378898	0.9999997516490791
1.136647510161545	0.32526073425111524
-2.5802976692743007	0.9653667106834816
6.3627701925840086	-4.92353052085401e-66
-2.292793645587725	0.9490802681006425
0.7772464940068158	0.4992410756000534
-7.914749778301573	0.9999997151996702
-4.097938991450567	0.9981877555705194
3.7197176367690368	3.733506193694054e-26
7.516244766593697	5.414279447883711e-84
-8.391520269094785	0.9999999049895524
0.7016664131950812	0.5299427258661475
0.45843092272046526	0.6123425645460676
-2.7537482250648004	0.9734355857390325
4.892770361199128	6.397271384092477e-44
7.090337607817091	2.9641444636008667e-77
-1.4084627211021594	0.8834836028703252
0.32880567747850087	0.6485395564919195
-2.8622827203924617	0.9777744844347301
4.6807429852142555	2.00605587417112e-40
0.7881613446147426	0.49463408208885246
-1.6715379840460578	0.9048300191704028
-3.301301249030373	0.9900861163876208
-0.8789941834945978	0.8350541819620138
-2.4077409468701294	0.9560053291166191
3.7155244823225573	1.0566120262875772e-25
-5.8152331864268225	0.9999642068705381
-8.734610151763045	0.999999956879694
5.280157913116712	1.5245390823962977e-49
-6.136963434962106	0.9999829311161127
2.289427516204924	0.00012418557013585334
7.940782280381256	-1.6907349235453892e-90
-6.806684859872885	0.9999963475779889
-1.2960357318606164	0.8737701604546282
9.285896583038713	-1.1145166290204018e-110
3.356074251651453	-5.095423949957846e-20
7.785499211805906	-1.0228343324588214e-87
2.6904734838426325	3.1737843695149558e-9
-9.914771895627595	0.9999999971521238
4.865022564833353	-5.2481435406509066e-43
-2.1281820431572163	0.9383668059356941
-7.184300776406776	0.9999984689816949
4.354156104259474	-1.2476266058886064e-35
-9.748466495615325	0.999999995823374
6.3625085017353875	-4.865913322026085e-66
-9.249330460389388	0.9999999868185996
-4.130055235498404	0.9983134035202599
-6.841629724558094	0.9999966299362454
-7.527632715595769	0.9999993055283982
2.320882734277019	6.710706944462589e-5
-0.590412537475359	0.8039647110088293
4.056177885228159	-1.8017258641740026e-31
8.842328404822698	-1.8002424312482085e-104
3.893598723765548	-1.0579901062324582e-28
5.564502369653157	8.64057424128907e-55
4.783779999742057	-7.03275729029656e-42
5.755475570954612	-4.908592919420411e-57
6.126526976513258	9.918307390974733e-63
-4.113121902231809	0.9982482492911513
-9.739736593671008	0.9999999957385691
1.2783848519307117	0.24986866785632517
2.515204620416206	8.811175947629232e-7
5.235262193987889	-6.301622695644322e-49
-8.83478432477164	0.9999999657620526
-6.181573160779825	0.9999845969230997
-3.6919397542196286	0.9955809471130511
-8.806963907844537	0.9999999634970306
-2.534734554230851	0.9630127371172951
-3.780268676719949	0.9963478081310047
-2.6508578863948573	0.9688234479104579
-5.359146101450003	0.9998978106986636
9.909302718990865	-2.5999080890640167e-120
-4.927952246203349	0.999724991167845
-6.2887464769089085	0.9999879646538115
-2.036845575268522	0.9320808120248766
0.7180526040337387	0.5234608442464316
-1.5017271991894798	0.891275759580253
-0.09024569067877408	0.7345812720483335
1.0868105970124589	0.3520718928933148
9.235414322525575	-1.0675868409753506e-110
-2.303293207456072	0.949735295899867
6.719570857584529	2.2403315916655385e-71
-2.2021654358529963	0.9432640743075779
-4.12606805182727	0.9982982775332113
-1.6808423136332138	0.9055651393008664
8.953984330334208	6.001110000754315e-106
5.439166760487129	6.404014836094603e-52
-2.3134669678413022	0.9503661080956703
1.5325511220490817	0.12205380984314451
1.7095930808895332	0.05484792287292905
-5.4244001993192015	0.9999120462108535
-3.5477034138265973	0.9940004070383935
-2.0340943383974786	0.9318866707550412
4.053430779860863	-4.606443550278283e-31
-6.541166856269753	0.9999932690459415
1.1856672144749503	0.30108468634612207
4.151045819253682	-4.4351712574036316e-33
-1.8432291178556213	0.9179849104940825
9.500195609968994	4.139755029083778e-114
8.595172419487803	3.149245354142536e-100
9.236695280517782	-4.873626814045961e-111
6.025652459395548	9.247575776841537e-61
-1.5406859156083677	0.894380767070947
4.355636447798519	-8.500353301695095e-36
-0.5178658692517235	0.7952447052865472
4.263050002252683	-8.207445714956702e-34
-0.4303682680973875	0.7842137271910868
3.666928370275645	-1.0834186106385888e-24
1.819677819711739	0.02920690612803221
1.0871882287904988	0.35187216659806847
0.44356577141535425	0.616753755106569
9.67583848660222	-1.405564853809058e-116
-1.290932030294961	0.8733186460233283
7.5044745925202925	-9.651515866553144e-84
-2.122203244188885	0.9379669056816325
8.996870345736895	-3.267049600511414e-106
6.8943799853596275	-3.7358299423484904e-74
9.75240498537628	-7.566615079663298e-118
9.789643550705073	1.939178065473431e-118
-7.4800310678755455	0.9999992250823709
0.4528943202035549	0.613994709945426
1.1280163343421314	0.32984970334658725
-9.442554290925278	0.999999991552316
-2.029960121122807	0.9315944329398639
-0.4877283896217719	0.7915035163383654
-6.007937592907142	0.9999770285665956
3.6209223467027982	5.168792443281444e-24
3.721833571172702	7.646553430107464e-27
-9.926766541607698	0.999999997229698
-8.488371373657442	0.9999999239813192
6.727494790345794	8.232615023267101e-72
-8.647064720720099	0.9999999472494236
-3.6772679628752014	0.9954398481952544
-6.960076044754064	0.9999974343502255
2.482746718638724	2.118003311415264e-6
-7.548036715350248	0.9999993374011074
6.200550063387446	-3.3227342392507335e-64
-6.847989995863104	0.9999966789284603
8.151506051612884	1.8096529190155378e-93
-2.158896801247905	0.9404012705397701
-4.983889711306189	0.9997580926218996
3.2698108703438464	-9.36865730892171e-19
-9.238844319992157	0.9999999864964586
-6.451181481999679	0.999991719609955
9.66853662817401	-7.996235440063828e-117
7.249559807845802	9.222997298905083e-80
6.545304215211999	3.71749999608848e-69
-0.3250866291296681	0.7704579608394067
5.731985029627108	2.948039738508126e-56
-8.287892945642898	0.9999998793857806
-8.848653808811484	0.999999966838187
3.394634144733244	1.1513180735647235e-20
-0.9859944660631612	0.8453796028705892
5.291135756509039	3.332134016130019e-50
1.8458758493834626	0.024186273374475584
8.571992865221315	-1.6005747763693156e-100
8.810766308896977	1.840744634729192e-103
-0.45551602637839395	0.7874425817657793
-1.4832883968914388	0.8897621300250235
-8.984733578629275	0.9999999757585576
0.6347219014762331	0.5553284496317518
-7.573031147431384	0.9999993744581965
0.10445099783997236	0.699130015918405
4.118992563485829	-8.154082414409238e-33
-5.979796363037235	0.999975491414694
-8.47442028485557	0.9999999214997213
9.060945713307529	2.9120603639966743e-108
-7.766759156131684	0.9999995995667034
6.294600065961763	-4.856540673586222e-65
-6.967980208524689	0.9999974806208737
0.2389771251788364	0.6697901872376691
9.50009649467265	4.1895263335174265e-114
-1.8803755586008606	0.9207129425862688
-0.6295314159055607	0.8083640385928084
-4.2841855087207525	0.9988074883654842
-6.9780995160668935	0.9999975386421756
-2.0083714969101196	0.9300593642637989
-8.02330711091178	0.9999997781887411
5.26408238697028	5.10373489802453e-50
-3.374534256284929	0.9914344562977008
-0.7316726932648123	0.8195221162258125
6.877787581662073	-6.6919792515406715e-74
-8.546404504700188	0.9999999334899382
7.85334174600472	4.0508556365178324e-89
-1.303256564016685	0.8744061859862499
5.975504921976352	-4.129387049864085e-60
2.113355698076189	0.0019260202704835753
5.4046834196550755	1.8351620488694912e-52
3.1828546921000225	6.978135136173294e-18
-3.5859211450267514	0.9944632724397413
-6.2707074210499725	0.9999874543302598
-0.9370553705733364	0.8407311120068703
0.5618941176262773	0.5801480665567362
-9.601669102230709	0.9999999941437052
4.813944210406444	2.1464055775623917e-42
9.718258181197477	3.417051514586341e-117
-4.832132068537773	0.9996574866292004
-4.812747971020768	0.9996419457091498
7.014897975855359	7.589950823993077e-76
0.7127339555198464	0.525572631622024
3.511314629600779	-7.561939819913025e-23
-2.6105956419722354	0.9668795926295172
9.94827875318628	1.1609928312953112e-120
-0.4034363236419267	0.7807022721598599
-5.355994911809678	0.9998970678000931
9.499190578282967	4.638520006184443e-114
5.466794641114149	-3.3629088281240476e-52
-6.024492775634345	0.9999778874311165
5.613988162320256	-8.262977670180202e-55
-4.20753921501932	0.9985826445372078
0.755290029942234	0.508392648483904
9.478990725399747	2.7617126985382108e-114
0.16999128904957672	0.6853384540886668
-7.318358029240524	0.9999988755863005
0.7837669567625927	0.49649405849850126
3.214210110537895	-1.1894338399000741e-18
9.018191423161511	2.5579351452835593e-107
8.864052785685853	-3.0716401886187884e-104
5.008795600013535	-1.556400073647745e-45
6.965006730904744	-3.168698142413199e-75
1.3418069904798244	0.21517290508773718
-5.645293499870916	0.9999470805616991
-2.834762658494099	0.9767257598423514
5.551901031260327	-1.2319742190866684e-53
-2.389420283082888	0.9549397372003021
-2.8336376598520374	0.9766821441328908
2.7759337039432985	1.373352981427097e-10
3.3413168630214365	6.976022386329738e-21
5.029958498835004	3.718850878179687e-46
-9.422457687497099	0.9999999911522199
0.26810468986063185	0.6633939141136965
-8.126470743595142	0.9999998250877505
3.3331310963935046	8.4928232408143e-20
2.979328909807153	-1.4751301947058613e-14
5.513028475716002	6.402295269520034e-53
1.0720765124058005	0.3598492290066775
-7.57869658146749	0.9999993825652992
-4.924834043914195	0.9997230186403889
-4.096246990776473	0.9981808898077574
-2.132373306993438	0.9386460778877409
-9.443565948775422	0.9999999915719715
-6.519966323454485	0.999992932355029
4.2444799080427575	1.0327292482826926e-34
6.671573827596294	-1.3613386633294866e-70
-0.1047532587933997	0.7370281533895866
9.583356230008619	-2.7680848849526603e-115
4.243205285149788	2.7217491206410946e-34
-5.8960607511079965	0.9999702822377434
3.55927871265877	-2.2636347239774897e-23
5.032597971368332	4.252940897388881e-46
1.0018859572454595	0.3962305369662496
9.839165964030915	-2.0020068617656814e-120
4.59669172331675	4.3247097634747655e-39
0.2929452105236017	0.6576701847262013
0.2355810193944876	0.6705513350014974
-1.5448458525480966	0.8947067049446279
1.0952117242192685	0.34761674021009986
9.280950760609862	-1.0706889525534389e-110
-9.17708763698534	0.9999999844330177
-9.632369172744827	0.9999999945433918
3.6305803984303466	3.0896859970398703e-24
4.038991192596155	-1.774512857747805e-30
-2.397310216999	0.9554005783431238
6.6178864889554525	5.1074585226080864e-70
1.7984939334962	0.03359208980192979
-9.520213435032549	0.9999999929355463
-5.641430008110939	0.9999466081118686
-1.76817570120566	0.9123661075347707
2.174170335266524	0.0008375707996709798
-2.2143714014029614	0.9440643995948245
8.784539547128812	-7.554218730640326e-103
-3.474836400791914	0.9930193323188732
6.399574268395472	8.556631553626479e-67
-5.586739591401018	0.9999394500501302
7.434457900309258	3.397565779523894e-83
2.6771182066515884	4.227170882108379e-9
2.4552911679806044	4.108708224276681e-6
-5.656627489461927	0.9999484425936302
4.584523266367867	-2.7976915999534155e-39
-1.649792428496589	0.9031045736471491
8.48413653674232	-2.9004020398549996e-98
-5.394128428542544	0.9999057067992543
0.39105215106843616	0.6317847758924829
-0.3531555352570912	0.7740421088530797
-4.318203490241617	0.9988957076227394
-5.427427088758621	0.9999126561948811
-6.694490317896906	0.9999952710170978
-2.144637469353783	0.9394594648047038
-7.6720400181746085	0.9999995019778484
-9.21748850463906	0.999999985815842
9.677765793910066	-1.4574564797247975e-116
7.35997691980544	-2.6656460140907764e-81
4.374699018927908	1.0417360242851901e-35
6.219280346159245	-3.820514548526396e-64
6.206822395334566	-6.698397885630278e-64
9.010501062085993	-8.438618265689756e-107
0.45227588768360505	0.6141785989417136
-9.22148223024208	0.9999999859456796
-7.018000092806451	0.999997754691935
0.201744591457933	0.6783202216286224
-2.6872161880285983	0.9705118448255624
5.98169618292939	-3.702043949407668e-60
9.778643218961154	2.858297473304993e-119
-6.908194769535538	0.9999971088110102
1.0922220116022316	0.3492054801027654
-7.3719736220940835	0.9999990061714638
1.3189094922606017	0.2275576242793859
-8.703814022791923	0.9999999537109818
-3.1061268322106983	0.9855788229001446
8.645914708859582	2.942972334313308e-101
8.366637166559112	-2.6642592684326817e-97
-9.565510845634687	0.9999999936352527
-6.55595164674367	0.9999934943083045
6.666035133445472	-1.337881608762091e-70
8.547793016601524	-1.8145832278438871e-99
3.9354477733023465	5.253370174918507e-29
3.413289679773367	5.001875699065183e-21
-4.99247255119041	0.9997628077774304
-5.945819968759212	0.9999734979031621
-8.841672615877535	0.9999999663008122
8.21023462416878	3.099537770566104e-94
8.21638733083303	3.2880776363786306e-94
-0.46650545419120704	0.7888369021602027
-0.4800790261239172	0.7905457853488299
-9.303987748696464	0.9999999883773734
6.757972087164063	-4.147603690642701e-72
-0.7296810909017282	0.8193053192784449
-8.21851417444869	0.9999998584932542
-1.0962425457644933	0.8559266488917162
-6.053239707464373	0.9999793032416221
1.0895268721313798	0.3506343520946659
-2.8788464821385595	0.9783887803216059
-4.662896884809946	0.9994956412743801
-5.037152545336774	0.9997859141546241
6.118008120829121	3.377748935379783e-62
-3.988360093802279	0.9976870474295968
4.083528128537864	1.7996947180738086e-31
-4.952564535151853	0.9997400775927363
-6.782769340338759	0.9999961408204757
6.868321469081007	-5.525819268915009e-74
-4.983276320452377	0.9997577520899849
1.5098270978778405	0.13277293067515897
2.477220094700634	2.4197834442031767e-6
-1.7555971481937007	0.9114006057482491
-9.30602909279234	0.999999988431876
1.7223830219912184	0.05106270983049474
-3.382529625695727	0.9915715180475245
8.071703667857705	-2.1638090541020895e-92
0.4278394179042877	0.6213351961949904
-1.511374526163948	0.8920576945799545
8.085814788795922	-2.6203842177263184e-92
-6.241466393175892	0.9999865807384628
9.400957364683652	-7.875750232086629e-113
6.342347534614625	1.0237519408479509e-65
4.1302411390432106	2.675226751036799e-32
-7.983627549749408	0.9999997569682538
6.374693785944302	-4.84930286694194e-66
0.26951989482415506	0.6630804135084721
5.582452761546044	3.577991439786934e-54
-4.656382573857498	0.9994880835844872
7.566741433994281	-1.9957027599612455e-84
-6.59584584793925	0.9999940652363942
-5.312910651016032	0.9998863530224141
-3.5642997390343822	0.9942055830631852
2.4539924588513387	4.244501608507065e-6
6.531760775967189	2.3446506335946657e-69
7.522005603203731	8.647812548408137e-84
8.3376674062431	5.679459529596905e-97
3.2533128868242134	-6.801022887353097e-19
-8.04798495438055	0.9999997904412367
-2.315221557165761	0.9504744975107808
0.8367163086874427	0.4734303170749113
8.393594017018621	-5.406586924878293e-97
-8.917204610003292	0.9999999716803752
-6.463594817938643	0.9999919529049855
-2.832821791802802	0.9766504767602932
9.561847087847852	1.849021171121578e-115
-2.3428559922832015	0.9521649818372205
2.02294418721468	0.005023846653025572
-5.830481502111038	0.9999654410715313
-3.9428894706416573	0.9974422242504771
-5.011000452154293	0.9997726766155459
6.243023268699368	1.58424259916345e-64
-8.088200401773884	0.9999998089748731
-0.4053806362917669	0.7809587326986535
4.546083789132748	8.080615206857871e-40
-6.423202303195796	0.999991168673171
-3.298442830314494	0.9900299587230709
-1.3673640764455808	0.8799669163071089
5.037093376344405	4.183388808288988e-46
3.5494575447263443	-8.048194132904251e-24
-9.759306069153123	0.9999999959263282
-6.765828666148765	0.999995987320015
-6.845733128778377	0.9999966616262003
2.492982965023618	1.6342954841716301e-6
-6.079245695268809	0.9999805058101547
-8.404126583760675	0.9999999077077848
3.7162659844681514	9.301333393567499e-26
9.842659185886568	5.590675994060919e-120
2.195352347419771	0.0006135037234610317
8.953832929049344	6.066821357412819e-106
-1.6776434715561273	0.9053126032290684
-4.4364909712725975	0.9991553463452569
8.284098759184353	1.8761939707859427e-95
4.9094421792331655	1.079324572327774e-43
-5.0528257376129515	0.999793476456928
-7.596684268531506	0.9999994076153736
8.738450643032657	3.618828269503276e-102
-7.669819856184241	0.9999994994254114
-3.687205902334978	0.9955358713045063
9.059465504947354	8.388192396511452e-108
-6.184903073193957	0.9999847145436163
-8.744710450764792	0.9999999578709577
7.118708868266101	-8.797850896132939e-78
0.9866443286360962	0.4039881196643792
3.330798179543679	1.093397984284983e-19
-9.141899714593205	0.9999999831192261
6.083891146573045	-9.11368389069305e-62
2.0653839439559363	0.003215484704131536
-9.454442348799002	0.9999999917804198
4.463066823033994	-3.7338876333949477e-37
8.698447857955212	-1.1216313918207148e-101
-3.144361321660476	0.9865749250263074
3.130325087711828	-1.0340691604748508e-16
-8.406270928419936	0.9999999081623605
4.73160125932775	1.6842190629317416e-41
-3.577139577353816	0.9943599026254885
-8.170309999265246	0.9999998418821602
1.010431014809697	0.3918556419371142
4.611960941447219	3.49999258289636e-39
-0.8387032447030549	0.8309132412734325
8.170052432709603	-1.3377530568391192e-93
-7.438190445309885	0.9999991467120373
6.180596284450083	2.7377248350296905e-63
-0.9391969852249371	0.8409303427833095
3.453182303993021	-4.251341558848209e-22
6.051427742499893	2.2386402307774534e-63
-3.895768186485471	0.997162372679679
3.7983535559604586	-3.99534251020737e-27
-8.620827434874773	0.9999999439643374
-2.9670994934330785	0.9814503026983907
-7.7415210329369755	0.9999995756070605
-2.3875505496505145	0.9548301136419055
4.696710214012555	-4.2868080212955556e-41
-4.356715949980834	0.9989878622177424
-9.895148148465243	0.9999999970204969
2.860334106365743	4.489839263157482e-12
4.55210489590208	-1.334563338166403e-38
-5.421322209657293	0.9999114215675179
-7.193206671370027	0.9999985000569787
6.975025691567897	-3.2735154300738215e-75
9.968660536868814	-1.6993336164628919e-121
8.172096669991717	-1.4035085936973877e-93
-7.148854278518346	0.9999983387844799
-5.91997216710483	0.9999718734651885
-1.569861723178274	0.8966797949314312
8.496515636329885	-7.1677081488215704e-99
8.36390064671983	-8.262246876451914e-98
-4.247623601089199	0.9987049663136752
-2.2015345561458455	0.9432225251748774
5.708478584050978	1.5621369058889755e-56
-1.6923076461459097	0.9064686827463766
-9.54855716914234	0.9999999933818773
-6.323579284002783	0.999988892087786
7.389446231937519	8.815407276832173e-82
-8.82826134976547	0.9999999652439258
-7.245563732494968	0.999998670406528
3.9901789560690695	4.344308724362905e-30
-1.2508095049063748	0.8698358671233415
-5.503318877468812	0.9999266429711319
0.12092873981671559	0.6957441354935294
8.391743776127491	-5.814429372473355e-97
-1.6272232641548978	0.901304440401332
-9.770106270993203	0.9999999960263846
2.3632665663587247	2.8588269900694704e-5
-0.751105123739876	0.8216291987863786
-9.33326917787121	0.9999999891351737
-1.0665040933746042	0.8531231666724426
1.7693125990385106	0.039551054418265064
0.14599194827689566	0.6904968050413622
5.544550326010423	-1.8142103849530262e-53
-2.545324480987028	0.9635681560142629
2.6265860778618766	2.5065484066015894e-8
-2.7422486858652784	0.9729454577280332
0.24036918209414004	0.6694802246414153
5.285871805363183	9.429239738006991e-50
7.758339098286683	3.2542232738783433e-88
-7.034169831271564	0.9999978367497956
-1.1348617635237979	0.8595311124201599
-3.884250332385064	0.9970896435524798
-3.1238016201566188	0.9860465370894262
0.03880073292996755	0.7120968736567322
-3.423008752580823	0.992236307775036
5.798035437400809	1.4227539015643782e-57
8.334867865923407	1.5763942459675697e-98
0.7339496149014124	0.5170965742349234
-6.778708336834578	0.9999961045670662
-5.7455868411216215	0.9999579853469648
7.469109072445196	-3.2757873961670385e-83
-3.693161711517199	0.9955925136258329
-7.402344517769048	0.9999990732960171
-5.831748990468806	0.9999655417266275
-4.1620911053134835	0.998430279147377
5.770408679692505	-8.126612211414705e-57
4.445220683919118	2.1635476519287563e-37
4.864197626830569	-5.288963769948655e-43
-1.7115894773806382	0.9079828204623895
0.933955019534384	0.43012577662675516
-7.558376315452908	0.9999993529899114
4.613892280442737	3.0061592932437866e-39
1.3733837471317667	0.19830208721942982
4.824907406460866	2.116994235177095e-42
2.8847262748722677	1.203424280016393e-12
4.268295126839918	-7.132020057835256e-34
-6.231519771383822	0.9999862699237351
6.694227075380358	-3.7914561383560156e-72
-4.704635185456447	0.9995415059430124
-2.7182228948157316	0.9719013532309991
-9.396089006257169	0.9999999905983739
-9.91433515356347	0.9999999971492588
-9.985047045090392	0.9999999973670364
5.655095591200956	-2.7707027512510466e-56
1.5055247186473775	0.13479744493967327
8.133930421824672	5.994610520302649e-93
9.48669345513185	7.462873999178573e-114
2.0034756889145733	0.0061769910322420395
4.4470280108081575	1.2009193612413232e-37
-8.971473597072684	0.9999999750069967
6.360548042071965	-4.3323735756702097e-66
7.312909868589053	2.046768564983529e-80
-0.7945165366285245	0.82627003888545
9.139980546745043	2.2692902486167106e-109
-9.957670474461198	0.9999999973670364
-8.801326115551289	0.9999999630200783
1.2688322487168424	0.25513426479832135
-3.7689360230798385	0.9962569293922716
2.5584773125805427	2.4627686522126207e-7
-2.5381424239111805	0.9631920061816783
-4.817802054326301	0.99964606404519
