5.88664536534241	2.030973337551711e-79
5.1274800408801156	1.4873727289309477e-67
2.224280914650363	-1.6429843086799522e-23
-0.358902877015268	0.42417921496536687
7.36059071503195	-7.245086198700453e-102
-0.6810425317630795	0.5717416192396862
2.3361376721763314	1.403590575456746e-25
-8.628344792601755	0.9999999325142013
7.594189757547266	-1.058644290397197e-105
1.6344115188195154	-1.616515213268165e-14
-3.078439983247452	0.9802009698322602
5.601072963400577	-2.409353067527722e-75
-7.824463154185666	0.9999995703722369
-7.465050706031544	0.9999990171157178
-8.897216718632466	0.9999999636637026
-1.4654671715303103	0.7975582451202814
6.587304698194071	-6.080469769772523e-90
-0.8075617279210157	0.6199650908458829
2.669982403290202	-4.062197305283016e-30
9.381902225762563	-1.6416720673601636e-132
3.0287300440957754	1.3862870715333013e-35
5.4286974913396655	3.7343714711066465e-72
-8.339036486608698	0.9999998686226892
-3.9799039140954173	0.9970827007734467
-8.617769954708972	0.9999999308507854
6.759488998694376	-1.0028801426825815e-92
-0.3912542594024373	0.4406785171612357
-3.8073254734019146	0.9957175553342983
6.878869000653488	-1.9413077728640643e-94
6.583844619171376	-6.881361947468474e-90
-0.10209158087917558	0.28376992468082174
2.773077153575745	-9.263848093746461e-32
-7.109788861327591	0.9999977728019408
0.2396137039766053	0.10644622987679317
-2.164312462444764	0.9095652700880985
-8.138234380705738	0.9999997913962138
-7.235531426138504	0.9999983326808627
-8.71206583178556	0.9999999443466426
6.56875870954412	-6.817840838171168e-90
-5.50238877528479	0.9999098896786164
9.04264826736091	2.3821302704206356e-127
4.512309335260479	2.428255228807181e-58
8.02063945838226	-4.468726164060718e-112
6.169072247238233	4.514642517086383e-84
-6.596616807346352	0.9999927404639695
0.7470624790207481	0.002842952434656281
-3.8601601067226676	0.9961903571441812
-9.915143479677507	0.9999999965132976
5.138121473438421	7.404612569790428e-68
5.998250702905574	-3.251592679412154e-81
3.845382241480607	4.502143981345124e-49
9.770213716595656	-1.0043046839534923e-138
-0.9087266069589983	0.6545429331680849
5.750308963963464	5.790223893403315e-79
-2.7946342506712174	0.9663498945708163
-6.0572760845205975	0.9999748712353924
-5.045306661026672	0.9997422943197861
-7.979151808437983	0.9999996991123605
4.626822811076693	-6.963385773523164e-61
5.0293728451754305	1.0304086902865912e-66
0.9193665925563153	0.0002695508461834339
1.2085781743319721	4.48988424579511e-7
-7.700134439560173	0.9999994279678005
-9.222602133177528	0.9999999828226774
-8.140867469016332	0.9999997926571277
9.50169011860838	9.86046402610248e-135
-8.853533165261087	0.9999999598186772
7.520094387294243	2.288135492544835e-104
-5.301793817203779	0.9998570650379999
1.8107504140968125	6.235337665325996e-17
6.359487029211142	-1.1567907109217792e-86
-3.9415837631217965	0.9968218353319771
5.471847458057928	-8.683758466789786e-73
-5.624497858762534	0.9999319603768626
-0.5271894387945544	0.506866696201533
-9.436167009611989	0.999999989495131
1.219596424936391	3.2922731967948174e-7
5.627338925321922	2.6576178680580158e-76
8.25035625255353	-2.2946161738600205e-115
-7.749948107255902	0.9999994899566161
7.640890041526021	-2.3607752462624256e-106
8.91093367888677	-5.2423120373806064e-126
3.6153302983705693	1.6467023560796882e-44
8.770088843299419	-2.2860890488711202e-123
-6.817908816231628	0.9999956385635999
-5.762616663465998	0.9999504864718621
-6.8895149694390545	0.9999963014942831
4.518094217472694	2.6600586254906357e-58
-4.514207115667279	0.9991299351818544
9.240582382604646	2.540365938249567e-131
-1.7190698762070333	0.8448014585251353
-7.093053931988593	0.9999976853072414
0.5469230594208874	0.01889641361157266
8.092711694524041	-6.201220386432649e-113
-3.7064816237433185	0.9946544165640009
6.5652647681726926	-5.612199225092926e-90
0.49741112092717366	0.027164915877239525
-7.028832537552265	0.9999973164287138
-8.397735086980846	0.9999998852317117
4.4219267907757285	2.0117489209213306e-58
4.349418769726739	-7.521635874062819e-56
-5.1101518856105965	0.9997779583185227
-2.1178028624583556	0.9038428458714458
0.781694439942374	0.0018445466533040052
-7.300406360286007	0.9999985640316993
4.228045324036254	7.851349911574497e-54
9.717390135320567	9.850536674422466e-138
-6.844181350733356	0.9999958945750409
7.479556091921268	-1.248039018965861e-103
-9.402302853862894	0.9999999886432299
9.656652578425824	5.447416649280635e-137
-4.810808061776561	0.9995586123203862
7.3321137735289525	7.291472746308212e-102
-7.846270770198389	0.999999591412694
1.7932811502382187	1.4579378657492468e-17
-3.4754537213842385	0.9912009010727048
0.7537892001202895	0.0026208595857563017
-0.16629776655895157	0.32032431029278075
-8.571015301427414	0.9999999229909371
9.097346402039403	-1.7415173027803333e-128
3.449278036288259	-3.1583052927073593e-42
-7.038821892600446	0.9999973774482911
2.6841588343138447	-1.7236509853634278e-30
6.848110949879107	2.3809813789492342e-94
6.231049241365177	2.9190068544116586e-85
-9.924642530313474	0.9999999965887281
3.5005551475906813	-4.769030213236174e-43
-7.556145961782419	0.9999992030927182
-4.791352715524191	0.9995384829409599
6.834677591325335	2.4348676224891756e-94
-9.62715627135211	0.999999993232916
-9.452524246048718	0.9999999898834259
3.6336473990815	6.658195239468823e-45
5.1847706494339505	-8.568871618938905e-69
-1.7893550493609123	0.8565168428458811
-8.364536764254073	0.9999998761145947
5.644314430735395	5.659278072010585e-76
2.181506921633659	2.4553206634633526e-23
-2.590404525896397	0.9522406829583191
-0.12668031806496316	0.29777446014439374
9.629222299363768	1.6623749082288396e-136
-1.5555293312326732	0.8151167703033819
-6.450539051847151	0.9999898381229787
0.7708180594956904	0.002120673972846552
-3.218355937216053	0.9850037144435744
-9.115782656313613	0.9999999780327887
0.7086767641354363	0.004422215199752789
2.0157943897272332	5.389790875516249e-21
8.195685681738219	-7.874060528226965e-115
9.760021714432618	-2.2328603200680045e-138
7.841494168549584	5.016442036195466e-109
-5.758279845316379	0.9999499898076323
7.675142836041466	5.517792203380667e-107
-9.9712044041169	0.9999999967736604
-1.5608959475450455	0.816119592931546
-5.8831654305946435	0.9999624830202081
-5.801967857398811	0.9999547736260648
7.564477720126831	-5.083769329370272e-105
7.089868765915188	9.03584348621186e-98
9.072974527118646	-6.26587244114202e-128
-8.260623121629397	0.9999998426257544
5.9113115382819	-7.496577930581111e-80
1.9166348043215606	-5.047486458465876e-20
5.6493788920854335	2.550960213647082e-76
5.936473254008398	2.035808338756319e-80
7.017871867303278	1.957648523622519e-96
6.974997040454124	-9.557796463999661e-96
-3.924131078614006	0.9966956523479323
-9.686067775110665	0.9999999940913261
-0.46744881437772	0.4785754500646075
8.809728352885973	5.010564869500274e-124
-0.7773203220204827	0.6089318576722134
-5.585991051958965	0.9999256568160558
-4.677366407860979	0.9994007980190254
-1.9509127301143039	0.8811672441458591
-5.252024449163284	0.9998397374383194
-7.556145884476435	0.9999992030925764
-1.8578217911879022	0.867210070008722
4.486445597696175	-6.399557734053639e-58
-7.109881134450964	0.999997773275084
-4.106049245120902	0.9978024190170032
1.769356336451624	-2.318639148471548e-16
7.407083828871322	-6.158104429442748e-103
1.8657213702803066	-8.924955262034374e-18
-0.5663079101277404	0.5246242632941615
-2.9793469687960705	0.9760480804841056
-4.916985471379038	0.9996540132389253
-1.3536060915426127	0.7735332772704048
-2.40108910181116	0.9355981183968168
-4.547581201797488	0.9991937762743178
-8.965548924498208	0.9999999689537951
-0.009167820603979138	0.23344942520111833
-4.8295545348094615	0.9995771805927979
5.83514599191294	-9.592873184690632e-79
0.275697718501533	0.09290596398790865
1.280739075902705	4.9751807974729585e-8
-6.231648939177985	0.9999831796564863
1.9697494828322437	1.5703541851427276e-19
5.967047253723813	-1.0815368918423922e-80
-0.40718830103236314	0.4488162395518044
-8.993414740998542	0.9999999708832613
9.894485134042107	-1.8854527051544384e-140
-2.4448326513349006	0.9397453861478333
-0.7102723058422669	0.5834305679434901
7.062230982201321	-1.939978757131475e-97
9.700190611090648	-9.459848402151841e-138
-3.7681307090309657	0.9953309084329303
7.977694897519623	1.689731362852851e-111
1.0978144471293572	6.827604663296256e-6
3.6489081615185235	-2.379188129119174e-45
-5.288445630347058	0.999852610293814
-5.708716834151817	0.9999439474601661
-0.46062749911572354	0.47527033233507243
-8.045519524578966	0.9999997417521064
3.6185847593312594	1.5918515142955253e-44
-2.5456280794825936	0.948616656727546
-1.303576828194327	0.7620994048479206
8.449954865793849	1.8823255704214937e-118
-8.226133937540734	0.9999998296183633
7.103735064331602	-1.6061624288858646e-98
-6.310111893115105	0.9999859594533758
7.026807207997237	8.348677889972934e-97
3.171965923658684	7.07676408502242e-38
1.758530495197368	-2.753914591584147e-16
5.010189450895485	-4.2387256823790394e-66
1.9172468967152554	-1.2858681223825198e-19
0.37312011984021787	0.058399368834813184
3.9971035707628424	2.168782984647576e-50
-1.3138264295134494	0.7644806937993556
-3.302261799443942	0.9873612634374074
-5.1289566263570485	0.9997873472926659
5.362202472263174	-1.4793298238598823e-71
-2.4570197093683044	0.9408652891170557
-4.266756999592354	0.9984719426560684
0.21944020859335467	0.11515110065882872
7.830563846565909	7.118042772090313e-109
-2.0892974914353424	0.90020185178154
-8.480031961185158	0.9999999050434611
-1.1153563356938268	0.7153634346772841
4.6555472147064325	-8.471119203437669e-61
-1.6844473442046937	0.8387859627552136
-6.383209219454038	0.9999881342210358
-8.15562606667494	0.9999997995849356
-8.843445252159539	0.9999999588744137
2.5535858481096696	1.1015786919324955e-29
5.1637154397541085	-3.914413646653952e-68
-0.8736799993329569	0.643008737634064
1.1336887309989798	2.6736428085819476e-6
1.3887314704640463	8.793288469705823e-10
8.777670094188444	-2.6475179801685408e-123
-3.58064758109796	0.9929741515500907
5.663311242792455	-3.757083812710968e-76
8.516539328179704	2.4480708047996086e-119
4.350692176724738	-6.483328255851867e-56
1.7612380481068755	-2.7504823071566953e-16
-0.6002268245224975	0.5394998745123766
-1.4908848699082178	0.8027053675553557
-7.147825842563855	0.999997959565414
3.31104238992269	6.3906701208009845e-40
8.86317895459813	-9.703712922909919e-125
2.1691995692940402	-1.7968005507091958e-22
-6.171078202032607	0.9999806627531961
9.885148118675772	-2.0584504184179796e-140
-4.3887118886564425	0.9988417764908374
-1.9085387107345309	0.8749190500499515
1.9953348374526048	-4.627545856127817e-20
2.3717799205121217	-1.4652249422571352e-25
9.737485560878856	2.724275723409143e-138
-3.2021739296727425	0.9845064366461211
-2.3079176551390645	0.9260624845315021
5.956624753232802	-2.6597855306987286e-81
-9.606244875282801	0.9999999928991061
7.357244950198513	-1.0032852737309608e-101
6.074469060064839	-5.424410781973466e-82
6.701729609690759	7.118822222037327e-92
-1.4663003420883847	0.7977287810181898
0.5268308136462441	0.021894249596895777
-8.050930088992544	0.9999997449494499
-1.0863434019840632	0.7073413026629117
4.612090359914731	1.0118353792066376e-59
2.5631613022600988	1.1972760351019712e-28
2.400555216303637	2.7919830874826134e-26
2.883528593816486	4.64769901579892e-34
3.9026986349983375	1.90263250444716e-49
3.28710443632664	-9.947030669550934e-40
7.470609701856084	-1.0418129259702057e-103
8.28159844002289	5.168572266678994e-116
-1.0940210112077864	0.7094819000926542
-1.5593461568677434	0.8158298589721017
7.286637978908459	-1.2681601395307927e-100
-5.2794121352192835	0.9998495170991536
5.944238410507111	1.577861036395617e-80
7.470091035641957	-1.0139223560999151e-103
-3.874510113910117	0.996309821643372
-8.511996448658739	0.9999999117812927
-7.3547512590502295	0.9999987329298872
1.7650026735837585	-2.618941762874119e-16
2.5247335893079956	-3.945021341180699e-28
-2.0706750963428444	0.897768323210155
0.1801571220048892	0.1334037901202205
-1.148111058435127	0.7241668122410418
2.130331951850554	5.090485915430549e-22
5.363641393987306	-1.60030966668029e-71
2.3291050510440403	2.7622376910687594e-25
1.0529539712007896	1.987414464594657e-5
2.2539877245592486	1.5481915763059801e-24
5.936682081997034	2.0415090258434027e-80
8.21798591935383	9.300349007002061e-115
-1.759847346733805	0.8516807301504843
-0.11810067013129455	0.2928937834969418
-2.33317744720976	0.9287412025392363
6.263145313413254	-2.025626794201499e-85
4.577881431508342	-2.8514352662293666e-59
-3.9080705577097508	0.9965752566939726
-3.015943285102982	0.9776607107860409
8.781699011805166	-2.4542952583523085e-123
-5.532176531039377	0.9999158580005284
2.96999766570989	-1.0537071435483628e-34
-7.36993182847856	0.999998776454134
5.8437285967618635	-1.376263432372797e-78
6.100097673591428	1.1571511561404142e-82
-0.9318114165137548	0.6616882839159791
5.29352844377736	2.6135121744153567e-71
6.418150701618579	2.659506558682839e-87
6.290647706273262	-1.912569028153711e-85
2.436434871176658	3.97264512840475e-27
4.1751777406800805	-4.183821759032639e-53
-5.990627371009318	0.9999707044325256
7.367841979395973	-1.1669040360070474e-102
1.3364187750891752	6.791526994575597e-9
-9.173218222880134	0.9999999807540507
-7.970165025472347	0.9999996928213132
-6.470987348643571	0.999990305449521
8.23081434915408	3.4684098665833096e-115
-5.742871929115045	0.9999481846126287
4.563760825156088	-6.073757881232796e-59
1.249530183893981	1.2468986961957566e-7
1.4056614555612423	4.276877508398764e-10
-5.214372771853979	0.9998252486945716
8.885230348224535	3.4541046250415493e-125
-1.1496568296417706	0.7245750300763928
-0.4740699455824071	0.48176725204972337
-1.173015476887155	0.7306705420867462
2.835391320197896	-1.2547036830050987e-32
-6.309263535823679	0.9999859320033664
8.736471022580432	1.1072438541308137e-122
0.4725641788979438	0.032188613397968954
0.11403265618069369	0.1663350963969564
-1.3606192382211457	0.7751022517422255
-5.306779363344329	0.9998586941755648
-4.847665401865373	0.9995943804052043
6.7376020192916855	-1.4211495764013245e-92
-7.794488079979325	0.9999995396720203
2.0542989935901	-6.439727685634362e-21
-4.373381398187828	0.9988006552772044
2.3393474698418704	6.415426119499174e-26
8.728669568823126	1.1128612706176369e-122
6.287316845538054	-2.296104583613683e-85
-1.6852215821612369	0.8389220615304491
-2.2520669056681264	0.919900502122806
2.8073984488887014	3.4577133832593484e-32
6.643438491103627	7.498599000006765e-91
-8.251649502757527	0.9999998393401781
0.4878404388176314	0.029032703611350907
6.051500390528524	-5.4892401048379166e-86
5.943496394741604	1.668708870383865e-80
2.956587483973564	-1.0110008486875924e-34
8.373739616580664	-1.6852452914694384e-117
-7.602780262767581	0.9999992842289884
-0.9289619807640612	0.6608264022489351
-9.348880501859348	0.9999999871566856
9.608289876877116	-2.995299153230654e-136
-9.001956286608994	0.9999999714503219
4.195336539803929	-6.568586460723494e-54
2.264695636390508	4.8492573739711416e-24
-0.881985539607534	0.6457970929011996
-4.2786468863486915	0.9985126042361215
0.6361995027882372	0.009236251227417855
-0.27767541835716614	0.38272333928342184
4.256679861118698	-2.2745879151157812e-54
1.6831494718506832	2.8888194616379285e-16
2.0779606694860853	-3.9148956109402596e-21
9.269264889737734	-1.1212271634360342e-131
6.848586129872231	2.2748231601018218e-94
8.472746464621164	-1.0283179596166398e-118
6.463259525250358	-1.4280990006544365e-88
5.713228170391492	8.385887767188354e-77
-3.3442645562985307	0.9884113909233837
-9.108160659882355	0.9999999776438541
0.6942670348162583	0.005174166208745435
6.129374911504264	8.235626529527502e-84
-5.743687296503803	0.999948281753332
7.960418939464624	-5.838899166617454e-111
-6.138468178061731	0.9999791551842688
-1.3791150960689578	0.7791986702625469
3.56008607690201	-6.768463698035874e-44
0.5793898017658439	0.015033528870181556
1.9252829824139717	-7.381550258964069e-19
-2.3051494040040854	0.9257647682757972
9.037367063407377	2.805672332391392e-127
-6.810013386796134	0.9999955585515266
-5.799610147643852	0.9999545275444297
-5.612245876724491	0.9999300149261654
9.792790338965986	5.450255489212976e-139
6.51660328854021	-4.031421135111743e-89
1.8818394899154391	1.5222133960391175e-18
8.561154263209374	-4.160187099686811e-120
1.705951771902253	-5.966742997126222e-16
-1.6762256158015667	0.8373361775706092
-8.82248402577758	0.9999999568408036
-1.4538799306674033	0.79517380797656
-1.4253932269025746	0.7892050909261769
-6.902273696526788	0.9999964085651698
7.623555358978649	9.844963207917823e-106
-8.68664442651928	0.9999999409917455
-6.681520869198998	0.9999940295048723
2.117557895671794	1.37989658369789e-21
0.8819531079705367	0.00047256010299348447
-3.3570437733353753	0.9887148283897695
6.13249475830802	-9.811439130778698e-84
8.39816238935541	-1.2354245725974131e-117
9.307207302008642	-1.192279003373929e-131
7.04755891235823	-5.626257705835402e-97
2.7535722884048788	-2.3133805685941086e-31
-1.7520462868699518	0.8503827582546822
4.362743425354282	1.6760576221291136e-56
-5.80425169986035	0.9999550107286759
0.015106771489556081	0.22000435458441622
2.3677743514409144	-1.655937172478025e-25
2.9087473466950087	-3.7252578578099675e-34
-6.883953253811574	0.9999962538275473
3.9617132168387403	-9.50734593326984e-50
8.164071762109181	-2.5109943547552086e-114
-7.3059794152411595	0.999998582340705
-1.6983277299859445	0.841215056431207
5.832002605277516	-4.8919232281334304e-79
1.3228960367166067	1.1255109831162968e-8
5.223703019885079	1.6647299725871291e-69
4.123926255419889	4.516630833309754e-53
1.049657570898507	2.1398245843247866e-5
-3.504144869986048	0.9917219126429425
-5.826385274158836	0.9999572451787221
1.6304600041717965	-1.704579649499175e-14
5.912481372738476	-7.136143434712391e-80
0.9218678682641457	0.0002582350056931313
5.682107205726394	-4.083559970873735e-76
-2.6153564472242508	0.9541752960467499
0.731548994720729	0.0034130817650205388
2.145090710184183	-2.671928190357238e-22
5.6519824362808535	9.172648608255947e-77
3.8280944931175895	3.006604666476548e-48
-3.9521345408397135	0.996895837545057
2.3224051880420546	2.8573533493308777e-25
-7.934380156033596	0.9999996664385783
3.3040045106089835	4.658026313908955e-40
-6.076213764019087	0.9999759431772425
-0.7582412232499323	0.6018272656136323
3.284259932410656	-1.3372043217383428e-39
5.43309806027084	3.041060877388671e-72
-3.8388033237288077	0.9960056287536537
-9.869367811673744	0.9999999961257313
-8.805019998893346	0.999999955069899
0.21757230148790718	0.11599826181066941
-1.8599880367190913	0.8675396847679652
4.824628524287199	6.22323873536005e-63
-7.176768984812711	0.9999980911138404
-5.148787672795678	0.9997968199578834
-5.546873592034234	0.9999186555307705
-8.166219504352235	0.999999804414426
8.936696503536425	-7.327446254680989e-128
4.584392190847568	-8.528939549965824e-60
3.857454787454518	-1.4695823849376628e-48
9.335524891234105	7.34889715368353e-132
7.121135309929201	-2.074980379600663e-98
-9.521325551366786	0.9999999913655981
-2.6432672246855526	0.9562678667420749
9.869885646302897	-4.2963301135904037e-141
4.319706518434657	1.303798050726947e-55
-2.0293990143167218	0.8922308819903724
-6.142692674852346	0.9999793569216733
-7.639868702740831	0.9999993428177048
9.281770376045007	-3.1699238101473473e-131
-1.3669831629032725	0.7765183917878761
-2.568964835354426	0.950530076485538
-9.263750251503456	0.9999999843754563
-6.435226573479218	0.9999894734807092
-5.665381560188911	0.9999380694578169
-7.559205040646444	0.9999992086862742
-5.508767810585442	0.9999112023993892
0.2750273589521246	0.09314809249576947
4.3954925541974	-4.7879992265967613e-57
-5.547798240066375	0.9999188283946019
3.712061521035368	4.8191773878896805e-46
0.04254261453515795	0.20468633741350492
7.8318071725433995	7.033907421538861e-109
6.326018834923612	6.86888504173887e-86
9.675078774916294	-4.008397654918643e-137
-2.63489892510532	0.9556484085318308
0.9051798416090584	0.00033974867665836
-0.31611007928540324	0.40323790299204243
-3.541797392462036	0.9923622021655869
7.995031606084574	1.1731802475060057e-111
9.742130230185406	3.834622807653543e-139
-7.003618326604069	0.9999971560188291
9.774896909004248	-3.434415711520314e-139
-2.1683066600328216	0.9100489007361962
3.0093039373191957	2.497501593719965e-35
1.2739577399087132	6.03905502333252e-8
-5.623373098817486	0.9999317840563199
-3.6724821629068094	0.9942424013845838
-1.832946490963403	0.8634069311626467
2.812380846614948	1.9260774917886722e-32
-5.779555530040623	0.9999523795488439
3.6033271182830084	9.812186639389096e-45
-0.6950960311879975	0.5774168145605115
-5.922774806817723	0.9999657521929587
4.50964972912673	2.1320986901984968e-58
-2.6996638194863376	0.9602684763557223
-1.1859683894951178	0.7339927630490709
-1.1547521215379355	0.7259162332327775
0.11229702540093811	0.16723660814518546
-6.355269017186322	0.9999873458549301
2.9687836297483283	-1.0816994228422837e-34
7.510666602428408	-8.333141302159178e-106
-4.669007261034541	0.9993892240720308
2.7923518276134107	5.224037174938756e-32
3.7727182895729783	4.746289006343782e-47
8.583745173844413	1.3534587947998494e-120
-1.4533651369310583	0.7950673120388045
3.083413595639243	1.7181069412493214e-37
-8.429361984330317	0.9999998932924951
-3.0541825559555935	0.9792458108762364
-4.990096728651223	0.9997074624043759
5.58514403612862	8.421245534303864e-75
-5.002459049879211	0.9997156487327852
0.22799129743631497	0.11134561342892818
-3.1360558448228204	0.9823204600931565
-6.751122680224277	0.9999949135765388
-9.090167304769224	0.9999999766981637
-0.21409672378914024	0.34738101787166775
-4.240600374012615	0.9983785968630356
9.064605190570845	-2.3870057798707525e-128
-0.680282697217196	0.5714343231107715
-5.484437299845539	0.999906090533176
4.024022387611197	-4.832971324296093e-52
-8.257830288478353	0.9999998416104601
2.1401940595562863	-1.0029880374152026e-22
-5.114041385253416	0.9997799336433191
-6.29224797586545	0.9999853699615914
4.516534369438876	2.647625046351557e-58
5.6133043127811675	-2.533999581684217e-75
-8.83321954053821	0.9999999578945995
-7.507132514219532	0.9999991078847406
-1.5051799665366161	0.8055402273934632
1.4098290911853617	3.6139230680976133e-10
-0.40415954289257705	0.44728391335214135
7.773416359022519	-2.8380135731482232e-108
-9.016893943608583	0.9999999724156047
-6.4700860666741455	0.9999902853117678
-7.33409020284828	0.9999986711945512
-5.514262621104322	0.9999123178315293
-6.1185965141689636	0.9999781794618448
-5.077822778423129	0.9997608398188863
1.884011871732735	2.2412110281223533e-18
9.395645995122713	-6.772081767842011e-133
-3.4979449871138923	0.9916118128053232
4.561190222746326	-6.117574242406594e-59
8.4818092373906	-9.351481962373849e-119
0.12029789744438446	0.1630977453875568
-4.612640691918721	0.9993051647077352
5.58363021141596	9.600420755976658e-75
-2.9476920006779794	0.9745749084347395
0.29709175011116784	0.08505148597692634
0.4615372892868752	0.03460969505851393
-9.990726942214065	0.9999999967736604
1.3317834098675227	8.039727232590165e-9
3.2255855937377156	4.6302040021295905e-39
8.001935614249103	2.1228917279326935e-112
-9.549680048738791	0.999999991911318
4.9553488309440485	-2.7736688754903188e-65
-6.329293482701432	0.9999865660052296
3.144532099591304	-1.993253723645114e-37
1.0903802215393732	8.211781360450782e-6
1.1615916594205125	1.291662632768988e-6
3.0875245745652933	8.418815056634031e-37
3.6255017262372	1.2603571894938303e-44
-0.13482909786693753	0.3024164107003676
4.298727017997583	5.551539203520041e-55
9.61779538038786	-7.486615455272417e-138
-1.3702734710072662	0.7772477840022028
9.348252429160667	4.664105954019496e-132
9.513125245738557	-3.427905386895586e-135
-8.118855933470481	0.9999997818774949
-1.94036502353236	0.8796295397217786
4.835109986749032	3.551051650917265e-63
-8.3796390847338	0.9999998803485984
9.078620573794595	-6.69515037177085e-128
-0.09049309123597382	0.2770972004023619
6.321132663619942	6.773470458941225e-86
7.3339919215866765	2.0369376566914052e-102
5.510215837814002	2.1144105811485267e-73
-2.6759024356343275	0.9586194436248296
-4.345844632588087	0.9987231387848104
-6.243687847208439	0.9999836394457585
-2.494488663069827	0.9442338740722219
6.684876601334135	-1.9231161096412947e-91
-5.362997616835812	0.9998758300101415
-8.775138402907054	0.9999999518696939
4.92282532716121	6.300052036597391e-65
-9.058074010394183	0.9999999749109992
-0.6966683494098938	0.578046763339407
-4.3976909103059825	0.9988652104506595
0.8025518264315057	0.0013979872273096495
8.463512299474324	-4.809440114867074e-119
9.32918191411349	6.821168190604663e-132
-4.973874639306355	0.9996963625548554
1.8808852182542068	1.1423865489608374e-18
-1.8922205394199452	0.8724536042757529
-8.473197542791047	0.9999999035373422
-7.248643980226102	0.9999983822690738
-6.939465785898911	0.9999967033166146
6.89384498614308	-1.132533194673477e-94
-2.7543177929445983	0.9638627076933478
-5.990579265661564	0.9999707011883258
-8.692776616059312	0.9999999418190745
-1.4144304358328341	0.786866795260785
-3.0577209729818344	0.9793875129859559
-8.692560134820484	0.9999999417900658
-5.571818037438252	0.999923192535455
4.173555989858876	-4.354691935084601e-53
-0.8284286725097587	0.6274114244731597
-3.6870060858911513	0.9944219641220452
-1.403274690591715	0.7844657994934092
9.919349647330854	1.3142555907312245e-142
2.0086622040271394	-1.3123288261503227e-20
-2.8429434655917163	0.9691512472130517
1.333039033372149	7.676344022292368e-9
-5.150753975563727	0.9997977359396298
3.2110103276437627	-7.74317673548598e-39
-8.643913175314495	0.9999999348905539
5.654800504154087	-6.5980983794483604e-77
-5.099016730813317	0.9997722048067936
4.3463082307645	-9.892345013239783e-56
-6.161467851770017	0.9999802301634652
-9.031458608879808	0.9999999733253434
-3.2886579589515863	0.9870031770558373
8.746026275413644	7.386028631215617e-123
-6.8237227088184005	0.9999956965587682
-7.838004344184113	0.999999583561087
3.8421014042960735	1.2487566305782022e-48
-2.915672831045586	0.9730081517061261
-4.901937350846057	0.9996418585735992
-0.9948798223249433	0.6807378796890347
-6.898124631208886	0.9999963740906955
2.0738127160227506	-5.059181105933687e-21
1.0563845083159862	1.83892492938678e-5
-7.820040965698691	0.9999995659752565
1.9712270696516363	1.4180138972927893e-19
-7.250982055125101	0.9999983909549225
4.858503126240205	-1.4415357631826223e-63
-3.2726585282526965	0.9865703873426311
-5.729356815805091	0.9999465476508189
-9.248581822310378	0.9999999838201032
0.5551967979557517	0.017825391949338316
4.888424368043861	-2.0038079506521144e-65
-2.5294563037802575	0.9472593389501816
-9.485625347281266	0.9999999906258389
6.223451162277467	-5.176056054468928e-85
7.288593568907487	-1.0070310756214659e-100
-4.201721407916654	0.9982293914765354
-5.403392003665086	0.9998868458678849
-9.45969490449945	0.9999999900490892
-1.4473899389120284	0.7938276357770748
1.144972523303057	1.9748117002064717e-6
-3.1789422930728284	0.983767078659877
-7.6863712059466005	0.9999994095492682
-8.801399617169201	0.9999999546937862
5.314038324572854	-8.710066565392471e-71
-2.578673391795876	0.9513102688470366
4.601914544287391	1.432245989047798e-59
6.477834507275674	2.098711193956716e-88
-6.305515576439817	0.9999858100880674
2.8470682278906914	-5.064354407889316e-33
-5.203757703365874	0.999820932545939
-0.2898942650289005	0.3894068139754631
0.8575554876951941	0.0006472963750750662
-1.878424593012106	0.8703490774461742
-0.5535746912139761	0.5189115259069907
-8.047798961792733	0.9999997431039841
8.548123644841247	-5.373926254140033e-120
-9.824916805795588	0.9999999957081852
0.9466865218618281	0.00016616742612423531
1.3289905649458547	8.922661464386383e-9
-7.369034189655808	0.9999987739226205
9.573604395370069	-4.9804995853364035e-136
-5.940249683897831	0.9999671024300023
-2.165941183359319	0.9097625534558574
-6.078674898755985	0.9999760790858246
8.94600272519991	2.131019431150115e-126
1.1416990936288975	2.15519644852519e-6
-9.646033956875367	0.999999993520761
4.868796537077884	-1.4079498920182147e-63
-7.196905406920213	0.9999981775984835
9.241306860624547	3.074786338575458e-131
-6.505404960749899	0.9999910440164366
3.9276781664392537	2.9952498955966353e-49
6.001262395238346	-1.826374817373142e-81
4.643380300837023	-3.094188304371796e-60
0.4551522563543884	0.036065854882748535
3.849223353172393	-3.682845328172252e-49
0.3104618607552787	0.08003744791575816
1.8310324887129745	1.508601701531825e-17
7.074168010187737	9.991488496233069e-98
3.6808653719578253	-6.04998674289733e-46
5.370707880664973	-1.8904530789241418e-71
-1.8785785725758775	0.8703725919454214
-5.611552320976965	0.9999299031513156
4.387295818496444	7.524220233253912e-57
4.321976841644224	6.403508544277299e-56
-0.39307426337260054	0.44161793717344644
-6.241340454714206	0.9999835507915223
7.331152897583824	1.0215276545632947e-101
5.67168263638508	-4.776597416661618e-76
-3.4436426085472416	0.9905878628630331
2.1401326242816623	-9.760637366667345e-23
-2.9959665877542596	0.976792265316049
-8.211352922753065	0.9999998237196853
-6.293613354907195	0.9999854158781849
-1.5031616708875628	0.8051430975928825
-0.19509077346707926	0.3366352859604286
1.5117858827588382	7.12827331555862e-12
9.461167942884117	-8.109351917345797e-134
-6.950150988797796	0.9999967834357004
-3.5317322707074172	0.9921957214110223
2.4287968848720887	1.7701452799248372e-26
6.302980303078542	-3.83969427004419e-86
5.9888134435936635	-7.949018715456522e-81
0.7677732412084239	0.0022038471429632173
-7.354166258858643	0.9999987312219949
-7.89058327979081	0.9999996310457229
-9.87891749746642	0.9999999962099946
-0.0844550996239235	0.27360598934649655
0.06497603022768139	0.19244233736501692
-6.210347454739078	0.999982334224454
-9.67170938703321	0.9999999938927133
3.302218100644666	3.842717924327228e-40
-7.8010610588879326	0.9999995465865426
-6.879241341487732	0.9999962129636994
-2.137917834320824	0.9063449422120732
-9.685540362783724	0.9999999940841466
0.8930584003456321	0.0004066707118428578
-5.854095220197033	0.9999598868539226
4.273909538898209	-1.490344136670851e-54
-2.072615980858137	0.8980238120539008
-3.4915694582206047	0.9914971776237232
-6.461008690901466	0.999990080144817
7.491620664060417	-9.28726984523702e-104
-1.64030585051111	0.8309014784548673
-2.9771497269212333	0.9759482017105694
1.6325909756123114	-1.7034143984226287e-14
1.891819524714414	3.390513960592312e-18
8.448469000656527	2.2001451394401004e-118
4.585069234675974	-6.659692546840054e-60
-3.784146719499679	0.9954927827609156
-8.549440115101179	0.9999999190686052
3.0985840287836286	1.3746838451194864e-36
-6.688738267252532	0.9999941278993008
-4.94731245130164	0.9996772738783835
3.040354338379373	7.4350045309842575e-37
-7.943926317852044	0.9999996736905074
2.574021474785031	8.533079763692047e-29
9.40230182583312	-1.2916954372434405e-133
-5.339655820771854	0.999868982721977
3.2142378021378306	-3.4686113235754475e-39
0.857522828444587	0.0006475747771664867
0.985599308555841	8.165917822568119e-5
5.632570241534154	7.214451966804422e-76
-7.953346794826537	0.9999996806923808
1.5419188100828851	8.8935064614185e-13
-4.645293404799129	0.999355167060916
7.909667115922016	3.6368946691871456e-110
-2.5196182723475857	0.9464210166849301
3.784030138471941	1.56856526209133e-47
2.204615016454925	5.741403375704642e-23
-4.219081037970782	0.9982976104911978
-5.967324138021155	0.9999690900721216
-0.723870755089564	0.5887194121226081
5.9041024451661315	-7.190040776360962e-80
5.462948367913549	-9.749176379010286e-73
4.404889762768644	-7.546477424986438e-57
7.144125764405551	8.08218731309289e-99
-0.36562909876692196	0.4275162857297941
-7.463344178518829	0.9999990132459624
7.54133480042189	1.880453105096812e-104
5.175540985879582	-2.6806320186067052e-68
-6.394683963427434	0.9999884435893636
-9.200367691438306	0.9999999819203566
0.0677348414548753	0.19094997561847316
-8.251590187908956	0.9999998393182343
9.078119642920086	-6.713767806813018e-128
-0.9220329782162295	0.6587103478099468
-8.712260959573776	0.9999999443716421
1.0884970061456798	8.601239248647721e-6
3.808812302238538	-8.504838123149259e-48
-0.47002987676908603	0.4798215275967979
9.744940507330398	-6.948590199721792e-139
-6.66044436236318	0.99999373262951
2.6609171610438977	-4.479009602941917e-30
7.578099919081801	-5.9176735928532844e-105
-8.57563556290286	0.9999999238058567
0.05005075718147367	0.20056347822322854
8.252064509751037	-2.289420890057109e-115
7.257869729554656	-7.529255768237872e-101
-9.080386395357966	0.9999999761674293
-4.333499575504307	0.9986868003077237
9.182471978326625	7.317308106354222e-130
6.900846254096244	-5.642667543764369e-95
6.839537348597009	3.2853416392133053e-94
4.397026961510516	-5.953687394665527e-57
-1.0908100749537688	0.7085881644783227
8.932779173900851	-2.143817988885154e-126
9.308711280954999	-9.894027055372229e-132
5.092623171846281	-2.799220335208037e-67
-6.100740817322046	0.9999772638358575
-0.6199655172664631	0.5477011570797286
-3.2745755096824336	0.986622914865924
9.941202386286761	4.4602455483149184e-141
-5.290495383519418	0.9998533032717651
-4.175799768886281	0.998122496671783
9.180202093508314	5.6080060123489026e-130
-4.971063467147596	0.9996943967883378
5.180115275242043	-1.786168790887488e-68
-7.863668191054858	0.9999996074569728
-7.030107063253048	0.9999973242924548
6.501510078911078	-2.4019870438616347e-89
1.1995988705537783	5.624676070257564e-7
2.729049525884765	4.845315714831058e-31
8.296893691361731	2.6638043484351964e-116
-5.865252582434954	0.9999609038663497
-6.261079601605326	0.9999842815753911
9.16023092608302	-3.194191503569831e-129
5.804327243512567	5.768024077022566e-78
4.779337692503432	-2.5013491079721996e-62
2.9019373459404143	-6.787878052560817e-34
-3.3110355785934598	0.9875874705779765
-2.0762713973874147	0.8985038330930611
-9.110665686676205	0.999999977772434
0.13505805202563614	0.15557043969589823
-6.070705083925558	0.9999756361722703
7.618029645710461	1.3624021776184749e-105
7.694520331082536	4.348597728436387e-107
3.980766916628994	-2.045717087723698e-50
4.86915366208283	-1.3911579620292723e-63
0.22039545028381902	0.11471973238581665
1.2186222347488407	3.38903739222385e-7
9.120562528669069	1.5192638319453358e-128
-6.223693605783831	0.9999828687580881
-2.9942798126376946	0.9767176397520719
-5.7806476659649375	0.9999524990919462
-9.943715411048192	0.9999999967353019
-4.171231527683892	0.9981030124950853
0.03996738594267413	0.2061073417769261
1.1844244871008502	7.840207636926163e-7
7.445143077509961	2.043421689979345e-103
-1.3670422398574722	0.7765315044763701
-1.3949058333453745	0.7826514312177815
4.0310498752827115	-4.477296509570193e-51
4.041197103635241	-4.866216310724006e-51
7.806289383642614	-6.1458913891760795e-109
-6.529065805342862	0.9999915188551708
-4.870134522536667	0.9996147534156973
-6.114522073836883	0.9999779738286034
8.626702282081421	-2.0452822177552445e-121
2.2081907774342433	4.054439154173711e-23
7.045395180618431	-5.575319039751041e-97
7.470485716775297	-1.035322961528123e-103
1.2037160436542358	5.087453467742212e-7
7.664085771163585	-1.2845062851319514e-106
-1.624248738258789	0.8279743597544433
4.6749857683067475	7.838672979350716e-61
-5.494568160962459	0.9999082538154057
8.023823846326977	-3.489657250697149e-112
2.348498557765385	-1.0319921249047642e-25
-7.070014533455611	0.9999975591998459
1.6568484105272319	9.412541391053507e-15
-2.21421509779693	0.9155393374635732
0.12379799999278518	0.16130042630652852
-9.714660087501624	0.9999999944677995
7.694812504820877	4.182320719585895e-107
2.78229387946225	6.080732728794268e-33
-6.747863039467394	0.9999948752581691
-3.2495354418456657	0.9859220818741742
-9.014988822657365	0.9999999722943338
-8.203880672105148	0.9999998206604538
7.186720300709794	-4.286883177750398e-99
-2.5471941466051895	0.9487467400726703
-8.29146695251632	0.9999998534148848
-1.7258260065413609	0.845957493744387
-9.94056759897747	0.9999999967115507
5.844724168140258	-1.3600304371636134e-78
-9.044312939921074	0.9999999741032897
2.7512318114927545	-2.1837590849524303e-31
1.5676667303401803	1.0159523372619576e-13
6.199277144000245	-5.92161701362544e-85
-7.814098295828802	0.9999995599954803
-4.058491288465116	0.9975541543689406
-0.611787691441732	0.5443602926807164
-0.11208249402374548	0.2894702509668733
-5.3291145136279905	0.9998657680861021
4.328756496207081	-7.73428949718258e-56
6.385293655046652	-6.411506664084603e-87
-1.3906064886476344	0.7817151900736361
-6.208066048929597	0.9999822411964945
0.6386665790166735	0.009022375125296644
-1.2532197314357383	0.7502386442347231
6.813101430620176	-1.2571568116109211e-93
-1.5825110128400066	0.8201876557447947
6.333121443796141	5.7239498974326416e-86
8.339452793804206	2.3852661566843057e-117
5.282280366702032	3.89170257727869e-70
8.368761605388265	-1.118662700958122e-117
-1.0103940008752978	0.6854157033225661
4.84737882682008	2.1570913123060196e-67
5.7049422578363895	3.202212795690337e-78
6.57132290220251	-7.36791883198677e-90
-0.6853042772580498	0.573466400052376
-5.507896187644108	0.9999110241641924
-2.6713380591688107	0.95829662878402
5.2567753128718095	-6.489224446723452e-70
9.830725904424838	-8.434895394176137e-140
3.6068471526689105	1.3444819099562237e-44
8.390889166347627	-1.7463828944671572e-117
5.937516678489608	2.0523037756008675e-80
-2.7582099234396873	0.9641085448148513
7.414906172698789	-8.07365518971755e-103
4.994228794397056	-6.707511587560723e-67
-0.9960676990826087	0.6810998836865007
-7.466333881566616	0.9999990200154716
-2.4632402893468797	0.9414319700485714
-8.346580529001045	0.9999998708851007
-4.382223426908718	0.9988245453276503
-9.241232030749389	0.9999999835439533
4.100571474036423	-3.029947669657732e-52
3.564329677052651	-7.245849265579108e-44
-8.623217383589203	0.9999999317127188
6.652284625712568	7.740942041036366e-92
-9.915031451919054	0.9999999965123982
-2.0959461979437455	0.9010606334104965
-6.347411399770881	0.99998711484831
-1.0673292783869481	0.701983318347467
2.0508903011671276	-5.510167555673659e-21
-7.8985758265957795	0.9999996377736029
-0.9321016356001621	0.661775838394444
8.954890937653719	1.6294978618558268e-126
4.823835003268634	6.346726479825471e-63
-2.370141993778816	0.9325352938383115
-2.248163126174112	0.9194575135442482
-3.58380423203712	0.9930217994581415
-0.50601248937976	0.496974395760741
6.255391395434952	8.15915826771711e-87
-3.2220431747743072	0.9851150266524535
6.5317257612305895	6.779718646428009e-90
9.323653474633549	4.800439980218139e-132
0.8488710272043996	0.000727011057900765
7.462815672925089	-3.994442850463141e-104
0.5906386714631005	0.013815808741286585
0.5615792818543888	0.0170485043420096
0.6987851540600651	0.00492840121453596
-8.894533223619652	0.9999999634384856
2.591382266102258	-2.4112880830567308e-29
-0.8138027788096167	0.6222081932802764
-2.0617634984391	0.8965897073769129
-8.846006878338738	0.9999999591162724
4.753475377254173	-9.299797505221924e-63
4.6832650220317795	4.594798826798957e-61
4.289209809529275	1.967275761041192e-55
8.526526973632677	1.6047210637567192e-119
-7.526158225713213	0.9999991461227922
9.66860904369782	-2.3609627985480874e-137
-2.0728229382305674	0.8980510296689407
7.258432068692432	-9.178122165904423e-101
7.204551983684894	-9.006455516526727e-100
-5.59033428837981	0.9999263960461685
-8.670751950008215	0.9999999387924177
-4.711159708365886	0.9994454067712919
3.1663573855875917	7.79753927818838e-38
3.388427081021824	2.086576282456461e-41
-7.397940061636263	0.9999988528708107
0.506342563564445	0.025488463207793025
-2.7514792366245766	0.9636826140708067
5.500056386304998	2.0658176750760807e-73
-4.879267041077648	0.9996227395243997
6.265983121542394	-2.4866139583053936e-85
2.198216597871374	8.03900364918679e-23
-4.560553422992015	0.9992173169947927
0.16946672204889524	0.1385299539039296
6.407866471173591	3.731330519852368e-87
6.910795108991529	1.0423792308286734e-95
-5.070133932048915	0.9997565784331619
-4.7029251772991865	0.9994348508956455
