3.2960064377763665	-8.407575456772724e-35
0.7497728428719199	0.0660997636682791
1.6984243019476466	2.783426845958973e-8
-0.7059800047625853	0.6967968947934273
-2.7975771678442696	0.9704319907845569
5.3108146869811925	-2.3020172613189692e-64
8.4835440493714	-1.8298843323621803e-112
2.301391243644888	-2.0566724620975045e-18
3.933536790032349	4.004853892823529e-43
5.2180430953687065	9.548635334339307e-63
-3.4739924283809476	0.991979301280484
-0.15773997668689788	0.5138718255566253
1.277482420468976	0.0005450154369712906
3.0464486851205628	-7.414921524916476e-30
-3.60824291574946	0.9939673489378424
-2.5243908382139457	0.9539161508368321
7.756262821887034	3.821302357709627e-102
1.1157162851034386	0.00412582084786361
4.9514633339367276	-1.0114907013011731e-58
-7.6741544232196635	0.9999994414502315
7.067838671521113	-3.736510069733027e-92
-7.762388444426507	0.9999995441432475
6.043302786471276	1.94874206851405e-75
-9.630760076342998	0.999999993827532
0.9988714415187072	0.013064924446927459
-2.5896703114266773	0.9583526972687352
-3.939846495555326	0.9970787585102822
-9.540129583762113	0.9999999923951706
1.1181795569215183	0.004011599487898398
-0.052349277853567244	0.4662629535932476
5.116593074197727	3.463085657433886e-61
1.6020065367855718	6.208078239310036e-7
-1.855428768895898	0.8913086219510222
8.294691082468248	7.247848280028679e-110
-1.5079444618422713	0.847091390562807
-8.217171791353426	0.9999998400269892
1.2098174665262906	0.0014419903460480882
0.07944280107640367	0.4018437906369552
-6.405497903208617	0.9999896327135406
-8.582733911963135	0.9999999310578035
6.938120074523056	6.64048509556054e-89
6.290152212274478	-4.1452432559113694e-79
-4.115533178532629	0.9980275871399634
1.283221992299616	0.0004990879849222413
4.6516033758181194	-3.495878841239424e-54
-2.9176906391486535	0.9760812181574382
0.527175660371423	0.1591800345598797
-5.892042281529322	0.9999661940420584
-4.4711295167708265	0.9991183347878324
6.697700920312858	7.483011390336939e-86
1.248015996646373	0.0008410964271558677
-2.3700893702620984	0.942248868188679
2.0511614799868294	-4.975924308146077e-15
1.799239832505716	9.662777258311411e-10
7.054190767772365	-9.571974114075067e-91
-1.5314237469656522	0.8502974607705852
-9.505882481284456	0.9999999917711976
5.0849290901211575	-1.0828339535929762e-60
2.8350901285391483	-2.654964486590926e-26
-8.46279962785256	0.9999999091303228
0.5753776665915531	0.13747390548801178
-2.917371724050555	0.9760674440669891
1.7437351243696586	5.104842397444534e-9
-3.0465781152710125	0.981143968109338
7.508146227910565	-2.316568689960544e-98
-5.427654261117794	0.9999015920449533
5.716163811987261	2.0620749069563074e-70
8.860434836769077	-2.4853508707714467e-118
-6.2192692564998575	0.999984082915312
-4.273919690062491	0.998620202082613
0.6006789920652444	0.12632114383450063
9.60150822594684	-1.1123536994412554e-129
3.155273261073841	3.9059137016801356e-33
-7.3851042516645204	0.9999989133012348
9.702257929361764	-1.1099215889607077e-131
-5.32205984751807	0.999874547991156
-5.459690446338028	0.9999085820015253
2.8184018669800217	4.608798444712245e-27
-8.21664009167499	0.9999998398310167
-6.0412705729444305	0.9999760217015565
-0.3412582331575198	0.5864528659916591
-4.156278689357462	0.9982003597023855
-8.845749671901997	0.9999999623756013
-4.542737513336426	0.9992511142543796
-1.72544908844095	0.8758008433768352
-9.660340811708874	0.9999999942339552
3.112455726987392	1.1810459596383689e-30
-8.89521274494963	0.999999966425735
-9.34486715087413	0.9999999880779172
-0.6231769671422285	0.6754775112618745
-1.9726998058130274	0.9044827470143892
9.699017777102714	-2.5139984838070205e-131
9.555615637343841	2.4222688054040966e-129
7.1727158677180505	-9.734010879338422e-93
-9.48125155415736	0.9999999912910137
3.6905836716112503	1.2892279029872328e-39
0.2538093349337256	0.3075497091147952
-6.6446772430018175	0.9999940226385438
6.295106915142064	-2.841435922411926e-79
-0.38750868820864426	0.6023299088270913
4.355973004281566	-4.677264137651707e-50
8.370065589645534	-2.7272936713491886e-111
2.7435945350013	-2.083660035985707e-25
7.862927693681577	-2.0548693879789183e-103
-3.755802278552536	0.9956170928748428
-2.989110858063624	0.9790082888292706
7.964662725661533	-7.356530034552927e-105
3.4857489438681597	5.842860392417324e-37
-3.0028334459029793	0.9795356395092119
8.802088181610333	-1.5232680703069765e-119
-0.8446606346403129	0.7302280712701735
4.030885138189699	-9.300484967884896e-45
-3.874899295842531	0.996626496157347
-5.093531119775121	0.9997879024664271
-1.1282583304022786	0.7869404614834548
-9.317319640903383	0.9999999872971973
4.079456602156277	1.8039714826154022e-45
-5.860025453734132	0.9999636088280318
-5.398428157916069	0.9998947507330755
-9.499586821595805	0.9999999916510415
-6.273213615704285	0.9999859418165056
7.932967912400297	1.474361235791668e-104
-4.210712307446434	0.9984082457738029
-9.920151976516944	0.9999999968299349
0.2601560950859607	0.3043529778340429
2.2811427913862303	1.738682864694092e-18
-1.4814288099214945	0.8433515251296683
6.49902388225145	-7.537552496857652e-84
-9.535070378263558	0.9999999923060616
-5.517160482321906	0.9999199016667576
2.483013506151339	1.5773499700583977e-21
2.4564272598583905	-1.9404106937976368e-20
-3.576869483713252	0.9935486146418713
-4.610068736876243	0.9993578104586673
7.641122689974118	-5.120721682346231e-100
-9.176395246426829	0.9999999824278838
-9.238962191137743	0.9999999847855219
3.6501677515560083	-5.751476389588642e-39
-9.213150734925538	0.9999999838538655
7.6702298511617	-1.2279184633314128e-101
-6.275392346142339	0.9999860121531856
8.886267292613908	7.354615012050746e-119
-9.251698593950742	0.9999999852252315
-5.985433414777339	0.9999727329791791
-3.7275539170892102	0.9953385656496382
-4.566119576388927	0.9992900227027923
1.9447885160568656	1.572051337194108e-12
-1.8845108513236575	0.8946286761709493
-9.376852949035722	0.9999999889244321
-6.679018434022321	0.9999944770549932
-3.729911274601525	0.995362435656448
3.6500774873023865	-5.701727048681403e-39
1.2136788224811301	0.0013702360974207402
-2.7117489326629274	0.9658166399622122
-1.2015926300652602	0.7998269003082316
8.71984453708243	1.2502204918471389e-116
5.053826709245071	-3.9187296548638046e-61
8.302827553482253	1.2180249016556204e-110
-9.915314047582807	0.9999999967944257
4.554524320076032	-1.030891223965313e-52
2.0609634723448202	-1.0680730536891163e-14
7.112476963066456	-6.829326601431368e-92
7.933054459407565	1.4378864243476868e-104
6.371153706188629	-3.271682587122138e-80
5.244541026067143	-4.283502100887479e-63
-1.6377699018407021	0.8645379908116851
-9.625373735206724	0.9999999937505012
4.554508484876752	-1.0297282834012389e-52
2.2260173772255154	-3.821012229671274e-17
-1.7329643141519782	0.8767398087328976
-7.243182749571249	0.999998493294515
-1.6191628640842772	0.8620796320102986
-6.580391772415424	0.9999930690969422
-7.980661318961313	0.9999997242239543
-5.2550962684896385	0.9998536718797851
-0.6431870842444773	0.6805884615916106
-9.608805137728904	0.9999999935074716
1.2678263340974194	0.0006297175421669366
8.559994405985229	-9.481954392139357e-114
3.3364685410353303	3.111922295787609e-34
3.301910731590132	7.745840803275991e-34
1.3797018729266988	9.236919070088787e-5
-7.267165230123038	0.9999985742412492
-3.4809382598453364	0.9920953982265159
6.19807476223043	-3.624028507006954e-79
5.904541622031916	-1.5476420244129183e-73
-4.372358032537607	0.9988962471686311
3.260108890143689	-5.7763625822000545e-33
-5.537542046176536	0.999923570352217
-9.313290047522255	0.9999999871787854
-4.293936346244802	0.9986813489007366
-4.6233141187329485	0.9993769517890442
-4.621016457925564	0.9993736724365275
6.911709087827084	3.0956631441661424e-89
4.832731519434468	8.983268805148951e-57
2.468165623750709	-1.159613999454322e-20
-0.6975345895219363	0.6946178522241215
2.258337371781858	8.150574701919789e-18
-8.24734180193095	0.9999998507629202
-2.0836327997592896	0.916123344345859
7.10962936133437	-6.572913156686333e-92
-8.613409120782398	0.9999999357593501
4.740789978713362	7.674557172848636e-56
-6.635797420311298	0.9999938991723859
-3.545339277420587	0.9931007217284279
-9.309536922885684	0.9999999870675047
6.341697905774751	6.721154927079605e-80
9.333624677757516	1.5475471448441014e-125
-7.581065332166825	0.9999993079299162
7.426743672055139	-5.441157502685301e-97
7.576214821760296	-1.3102102827338352e-98
8.06422028601527	-4.320528681114228e-107
3.738785672673025	-4.2254751744590465e-40
-2.218672978010683	0.9290929264175578
-1.8974205965340918	0.896106845852549
5.734393466387594	1.5902152509324722e-70
3.17106251221265	1.5409052781133994e-31
-9.807831217469927	0.9999999958942943
-8.33485048989806	0.9999998779976611
-1.8731055196817792	0.8933217404983962
1.4109129416407828	4.921585364811921e-5
-9.319725754274435	0.99999998736738
-8.872500348254038	0.9999999646231711
-5.894956070656199	0.9999664200003805
-9.955313140411173	0.9999999970326301
-3.1130723600330823	0.9833878936843202
4.617246677177839	1.2793169894965673e-53
4.029695522927415	-8.393751314361178e-45
-7.9805300343856	0.9999997241405764
-7.966269554535157	0.999999714932159
-6.572585955346133	0.9999929434093651
1.822337291892456	4.5619006509866593e-10
6.795346578205098	2.7678225247636083e-87
0.6136453877250236	0.12037392964663081
7.923405076405736	5.722040357142843e-104
7.48018721381316	-2.617763146066127e-97
5.84128956500618	-2.8725420462756e-72
-1.3582705752875324	0.8249682542409198
-2.7906938982143314	0.9700792777503257
-5.387416505135945	0.9998920516202368
-8.936168227801469	0.9999999694472
-9.903724326424497	0.9999999967077344
-5.355806172172581	0.9998839133740374
-5.7731984041094675	0.9999555594765815
-0.2178415590653806	0.5393470381429778
-5.31468273228529	0.9998724022227501
-9.691848986412367	0.9999999946374677
-7.745093172495361	0.9999995256230614
3.9240160553805303	7.480989521792864e-43
-5.843317789263405	0.9999621822243696
3.9985249351939025	4.674502635945719e-44
2.1672716080549783	-4.381650004655071e-16
3.1631787240627407	1.4858112623909317e-31
-7.93929218752766	0.999999696662931
1.909006884107022	1.3466889580625605e-11
-4.087736920747731	0.9979005379131298
5.2792543008930615	9.764215112813125e-64
-4.487568119820211	0.9991507396888156
0.4717037483643125	0.18806684851466401
0.5046513543164188	0.17081554070217747
-4.224593232654512	0.9984573731065484
-6.6724635023629775	0.9999943930705545
-1.077861913014054	0.7776198752418472
-4.423619667322538	0.999017646362958
-1.192210055212307	0.798229308740771
-2.4276065338505504	0.9467948356755647
-5.074921287092882	0.9997786420535227
1.2157040883287031	0.0013333938434620025
-3.6177880461113343	0.9940896296221428
6.861486753860614	-1.5840759002342608e-88
3.9143659136979547	8.704685901009228e-43
3.448413179595388	-7.569036566964499e-36
9.796046143147422	1.0009749441985154e-132
-3.203526235379841	0.9860750398994128
5.215711388450606	1.2023855154688542e-62
0.34186657979666357	0.25969160393759566
-6.621546177008355	0.9999936956720454
7.23893896026944	1.6986642758340005e-93
2.364764755372587	-3.6716078603187912e-19
5.675069684642136	-9.974643362172501e-70
-9.710694287949257	0.9999999948651855
-8.328155382229824	0.9999998761022902
3.4890028234121004	-1.2284993080321332e-37
4.114176100426036	-2.59242452815114e-46
-3.558688147477409	0.9932937505664687
-1.894979787866946	0.8958280516182132
5.64893445347867	5.960842400027503e-70
7.681620908430126	1.7934218369082466e-100
8.394272129305701	-3.216771058589871e-111
-2.0072780614888375	0.9082051904779644
-1.4050506957978257	0.8321273074679899
-2.1398293861316953	0.9216498631340639
-2.4426033680086645	0.9479360563661694
4.521886887154668	5.38037503415214e-52
-6.601056260908975	0.9999933911317274
2.4387768787478414	1.030316872591081e-21
7.048945058417246	-1.1644138117559875e-90
-4.880257884996815	0.9996539956242482
7.141679262282512	1.7600584683635262e-92
8.68439489869597	-1.0676698961588603e-115
7.075427818543211	2.365989111453603e-91
1.7580389297355836	2.8891997085741533e-9
-2.5557254270153473	0.956084355266561
-2.352100916303468	0.9407745045438778
-7.16755217187548	0.9999982066818921
1.3236229263553234	0.00025693995152639357
7.630704609392712	7.940650701046187e-100
-0.952841165831888	0.7530950800132798
-1.0360853053759733	0.76964033602314
-2.751060161760708	0.9679906265846807
-4.590944292444559	0.9993291395636366
2.138926135784441	-1.070892161285547e-17
2.3032828929517315	-1.7903082296040204e-18
0.8938082790732835	0.029299277584102067
-7.422879251907171	0.9999990038272634
-1.216611777104312	0.8023335483505194
2.103828021693843	3.5197979819224498e-15
6.870258738137451	-3.68596903169329e-88
1.2979494418680737	0.00039505397137597144
4.670119079936942	1.646927640821797e-54
3.887103931655055	-1.6683674510860373e-42
-0.5911045940448787	0.6667061300929793
8.260990600603847	-3.2280669426216263e-109
5.103453299927022	3.5902017302187292e-62
-8.687433628979484	0.9999999458266807
-1.7206468151797907	0.8751983367056222
6.6916340381680115	-1.1684387017929106e-85
-3.4672203374299038	0.9918646101663737
9.882539021622371	-4.151495340288121e-134
5.3429378749668786	4.863123294642018e-65
-8.499882225677492	0.9999999165672162
-5.646139633043927	0.9999404672267035
-9.666482234464983	0.9999999943149208
9.221170103274385	-4.415201701807837e-124
9.90141184819468	-3.000745959759152e-134
3.4537288591503312	-2.088500318974039e-36
-3.7343160620371973	0.9954067275641317
-4.040809803383731	0.9976677301836041
2.4807482910186316	1.528159808822147e-22
-6.106743696824335	0.9999793764439942
6.154872408646362	-4.437718850351705e-77
-9.703412439153198	0.999999994778364
-2.031496750511783	0.9107644576024326
-9.817068308694807	0.9999999959806969
9.566355560764485	1.2131370588822543e-130
-6.023367222852203	0.9999750128785616
-6.054967506634323	0.9999767659317086
7.720196118348088	-3.5838618549166226e-101
9.879190700767321	-3.7058997152069316e-134
-1.9009706809967852	0.8965114128552449
6.933860328411683	8.090278235528779e-89
4.825794267406893	1.2642554400146634e-56
6.693387661970011	-5.1874748618843125e-86
9.000408146722275	-1.638536755628483e-120
0.14252731751408731	0.36818763544326705
9.793186666419757	1.132718044612355e-132
-9.541263651507347	0.9999999924150031
5.6190318137224615	-2.8133603118047215e-69
-5.294054058494755	0.9998662055533105
-8.41982748467338	0.9999998996791454
0.03787449523087716	0.42336557849904394
-7.519438846342195	0.9999992024167041
-6.687046767321707	0.9999945782052325
-6.6379602740040555	0.999993929477697
5.564739649726773	6.336810296260921e-69
3.2181027176565635	1.6019353710689196e-33
2.635844707729156	9.080438784291995e-24
9.913432492761913	-8.62226143656609e-135
-4.248221230015132	0.9985375980411058
-4.895765491435373	0.9996660821200155
9.387810344417147	-2.7858650942524163e-126
-5.401208106567705	0.9998954214165773
-7.8432297032944565	0.9999996215682325
-9.151327265764237	0.9999999813837563
-5.28027272910482	0.9998618992480338
0.5458603644984841	0.15025008006149965
-8.899894370665926	0.9999999667857172
-6.9989241058491425	0.9999973558816199
-5.535088446447434	0.9999231377492827
-3.700076142322586	0.9950516212699546
-5.166078887776808	0.9998204586524183
-2.884134281706805	0.9745968540109335
1.9380611658543359	1.7704041490410858e-12
9.731324876189468	1.3000565239666867e-131
6.8063758545879836	-2.308620707839639e-87
3.3394786395460088	1.3729937994661648e-34
-9.763960602081148	0.9999999954578814
0.0690577081589705	0.40727992506996286
-7.6431225486309895	0.9999994000797516
9.4346110456368	3.126997085759098e-127
-3.609923321723807	0.9939890461429101
0.6769393595539661	0.09302434876484601
-8.921915181285192	0.9999999684278529
-2.046762122443031	0.9123548630973705
-0.23296604470903404	0.5455480263938218
-1.5988674615139509	0.8593637861164927
7.492645267339768	-1.8542178589179462e-97
-8.310516657687144	0.9999998709666459
-3.416018067603517	0.9909479509615686
7.972462203654903	6.716840906004557e-106
-1.2875315722739664	0.8137318899768909
-3.677959889373903	0.9948086417922428
2.5643009323410038	2.565799340939335e-22
9.045901211619054	4.228221522715516e-121
8.265732300512312	-1.847484826395982e-109
-5.916031212533577	0.9999680100016742
-2.2551017956044506	0.9324072294064073
6.931508976655145	8.689535286368886e-89
-0.03527812694906096	0.4588051616630329
0.19168474596750862	0.3413776764343975
7.884545928215534	-2.413355396615755e-103
-0.8800112294415854	0.7381095493238844
-6.4101832615373855	0.9999897439451382
-9.345237358274169	0.9999999880880757
8.460945739211347	-3.6227616595504926e-113
1.72796256295603	9.4585358277248e-9
-2.4630550660220285	0.9494677993851744
2.1746548626606668	-1.5225881565281075e-16
-5.390539626388073	0.9998928240856119
3.7281974097588755	-3.1577258043734407e-40
-6.290341675038431	0.9999864853689273
7.321882345262143	8.612062187228956e-95
-4.5002383665579515	0.9991749095821644
-0.8715789375565564	0.7362510201380541
0.21538331366747876	0.32816693181215745
9.394919425167458	-1.557858026172433e-126
0.9858524428447488	0.014598963917801135
-4.299555162807072	0.998698028839431
7.031162211367224	5.870447189069841e-91
-2.6056382935030653	0.9593907661607599
6.468438460883309	1.4318688013698364e-82
-5.368611301202435	0.9998872814696914
-5.293193889042165	0.999865940740242
-3.3993305737649093	0.9906295621136822
-2.9386147303799515	0.9769710967202083
-0.983388579184993	0.7591894108254889
4.546624623285304	-5.0042259985107966e-54
4.461213453426055	-2.146027322102338e-51
8.803802194929563	3.103779968385666e-118
-7.17255504264537	0.9999982272211494
4.728639792403907	8.80700684054779e-56
5.144443577587822	5.344514749772886e-62
7.325050501816975	6.434327394160919e-95
-0.5913210189871734	0.6667676732941564
-4.5510978671874724	0.9992652631088438
-5.944218938669006	0.9999700196000071
-7.5679961820345865	0.999999286787452
0.4473873355141844	0.2010999977042373
-3.227093238238341	0.9867103223047687
-8.70511553518812	0.9999999479879953
-4.616480532733402	0.9993671481331982
9.597968911468072	-1.3377607371315826e-129
0.16523700740972203	0.3558487192261325
-0.2727622758325321	0.5614216830913331
4.095185577508325	-4.4727244886912495e-46
-4.317511534953029	0.9987499538379194
0.7069701681209253	0.08129143600764571
6.152419379987716	-5.44549097350777e-77
-9.23343601878225	0.999999984590688
-7.658296042355426	0.9999994206778381
2.4353832982870838	1.1961287891611915e-20
-4.193767528208974	0.998346191439378
-8.074858640758077	0.9999997779967058
-8.051733534165312	0.9999997658551835
-6.940681677342679	0.9999969764217818
-8.776632357171895	0.999999955884971
6.543983094141268	2.4640723604356342e-83
8.462247308231081	-7.114326106485188e-113
0.43111035889172555	0.20993002242951428
-9.461602924532784	0.9999999908879466
-8.92211252302879	0.9999999684421961
-6.029192119348661	0.9999753456710403
7.571897945800941	-1.3695118096290637e-98
-2.8613060529950918	0.9735460558711215
-3.9690991965794797	0.9972628014617244
-7.50151314189234	0.9999991688074259
8.743961044687222	1.7643334518729e-116
3.5311403692418217	2.540471143417875e-37
-6.569951535161587	0.9999929004779857
7.069718212551486	5.764071947048303e-92
-3.8500586438811935	0.9964363108427432
-7.38369090314047	0.9999989097590068
1.3879330691306144	7.857401328762654e-5
-4.5760966915347945	0.9993060084126476
5.817782828109607	7.672895947868318e-72
8.678093602559986	-1.0096280887161888e-115
-5.8208960369368645	0.9999601794899031
5.012792920246465	-7.384946550037465e-60
-0.8316610394094415	0.7272640382120701
-4.993579147618412	0.9997331971698572
9.848656086797156	7.137324193263734e-134
6.353693602190631	-5.317141421081038e-81
-5.941772857965026	0.9999698503293403
8.239244148308146	-1.0381099548177704e-109
7.579845692815724	-1.1645585454226885e-98
9.76655378319668	-3.211456133907315e-132
-7.352638949553221	0.9999988289538169
0.3020885575089949	0.28235297208977683
4.589076164808436	5.903657132493915e-54
7.326797353069502	5.1809297897579245e-95
4.2974958576478794	1.1320681303904252e-48
-5.083658845581063	0.9997830390874398
2.255337657113241	5.166833298674826e-18
3.6349176653532176	1.193896597338203e-38
9.571671079683028	-7.991830215497231e-130
-4.717019488195606	0.9994971154198551
-4.128027569855308	0.9980822211340262
-1.002069163926599	0.7629624891310884
-5.015080985418101	0.9997460440531905
8.481689154413829	-1.9739862317639528e-112
-8.366255461598943	0.999999886508525
7.928211197342634	3.606332856380291e-104
6.9451021932476635	3.7067588476789604e-89
-1.7362810628166123	0.8771526299042509
8.123308565809229	3.2740439125483375e-107
-3.9196553399822287	0.9969448151452919
-9.222687880748932	0.9999999842045706
-0.3083696294743987	0.5750354288820897
0.35076587849395935	0.2546676582687881
-1.9642298846834585	0.9035589627956125
-5.67087078605633	0.9999437603295332
-1.5454534173006564	0.852173167796679
1.1801797746598943	0.0020404475546229586
-9.170636569006444	0.9999999821933291
4.165034912590917	-9.613467000233753e-47
-9.452324113273093	0.9999999906911704
-4.332096363833764	0.9987906237205005
0.4683921276886629	0.18982697426187653
0.22997212844599346	0.32002753459741207
-1.0432114289061722	0.7710187010067113
-5.341087346488584	0.9998799176055186
-7.648505469417142	0.9999994074695718
-4.9020294511448625	0.9996708441624287
7.4953372596595145	-1.580599050262102e-97
2.7980770664421595	1.1349722858786072e-25
2.8111138561218887	4.8776038505747574e-26
-5.147711986999877	0.9998127208622964
0.5740056509202685	0.13805898945761397
-8.471053869959565	0.999999910841099
-9.385721270043653	0.9999999891482999
-3.9094022512494497	0.9968745512556266
-3.0697046338441503	0.9819510063818018
4.423197998608114	1.354909253604362e-51
2.9489206783061572	-1.088785004622523e-28
-7.881251613890132	0.9999996532905602
-5.070477598014644	0.9997763718601956
9.867148684326288	4.318896607513706e-135
4.865297151276069	-3.20706523842877e-57
5.2324203083594245	-2.8828406224884126e-63
-8.942581677382337	0.9999999698950733
-8.69538029133626	0.9999999468089155
5.037283902937922	2.5496776827594547e-60
-9.234196272329127	0.9999999846176392
0.6012718788661395	0.12605091184164935
-8.662538995644717	0.9999999426306276
-9.987396357595726	0.9999999970326301
7.2670443714374215	-5.094429429344681e-94
2.409002537912585	8.425963570158664e-20
8.406074879746072	-1.2094037894705448e-111
-4.9240168474011	0.9996870305078227
-7.049619145525319	0.9999976471870556
-1.2221964150312168	0.8032469723215294
-8.790502771435671	0.9999999572716249
0.8419752615235065	0.03949021230480595
3.558833732115069	-1.36673350625198e-37
-4.518419988000302	0.9992084076446692
-0.2934046704276927	0.5694348092000291
-7.69596431024596	0.9999994688072872
6.578166121190971	-1.6102238030231254e-83
1.21079762800559	0.0014235964355602518
0.8084203163882364	0.0481712576733775
-3.8010239466769624	0.9960303208250479
-1.8729183582310363	0.8933003413284247
7.759495133778454	1.0181869848756789e-102
-8.379241950006406	0.9999998898519719
7.616886655181702	2.9795041303356085e-99
-1.640934441435892	0.8649539274059421
-4.617965787414247	0.9993692918598208
4.769166665996295	-6.232278680778198e-56
4.722485664825697	9.506057942552346e-58
-9.844041582571474	0.9999999962227344
-8.950608528773728	0.999999970446375
1.814318797328962	6.203386332923631e-10
-6.3006841727896745	0.9999868033600396
0.6537133882231458	0.10258700110131483
9.603417946120185	-9.802637180007162e-130
-6.265700390341937	0.9999856965400904
0.7496280267849986	0.06614818080088375
-0.29200652346616707	0.5689006551055106
3.760971826122667	5.869213763927126e-41
6.18034576359323	1.6901290716159857e-77
-0.044862366655745944	0.4629898212134085
-1.7666662868676433	0.880890447845608
-7.684307223085849	0.9999994543562845
-2.441552284664117	0.9478566128293587
-7.249494641652765	0.999998515034036
5.162024249674634	-8.119572069374526e-62
-5.466946226132823	0.999910094929579
-2.2330127315833437	0.9304081664790218
-4.232941344250936	0.9984861992564227
3.9585487597384006	-2.004594670468224e-43
9.70175220920002	-1.317878817784381e-131
3.7843290002744823	3.0909030542577766e-41
1.071856324246788	0.006593077849617272
-9.245385703527562	0.9999999850088983
-0.6223480053546773	0.6752611489598319
-6.352497380633992	0.9999882872719883
-0.462573452454933	0.6275568468626562
3.678203672396654	-2.3093226800289636e-39
-7.940543465529122	0.9999996975356344
-8.437424776628673	0.9999999036627913
9.84085786603189	1.2855079395091147e-134
8.134491086811636	3.6375141638547844e-107
0.9733330264875804	0.01618488581560291
-1.479054091121327	0.8430118771583093
-6.675066728919554	0.9999944265760067
4.515576373293687	5.512236630478729e-52
-5.64246686087587	0.9999399620119008
-1.545167153164373	0.8521350298015045
-1.8472278187687952	0.8903763281284508
0.26587419804017465	0.3014790860122806
-6.69543180815714	0.9999946818736135
2.5181615190654227	2.9545481662683977e-23
0.4141307504621885	0.21923746412831957
1.4662285428924626	1.5430531663527974e-5
4.7975126771754475	-8.551228469161045e-57
-1.0284945839539397	0.768165269636259
3.8276635963704067	6.220835200610687e-42
-0.5724116492745459	0.661315143178852
8.747192504681244	1.426393751529348e-116
5.9226856741849545	-3.9986016828696505e-74
-6.302149246774298	0.9999868477963796
9.326865847083944	1.297530633351354e-125
4.5737853454861455	-8.635705914599014e-53
-7.27837877946492	0.9999986105823819
5.23341952192605	-3.283165079646637e-63
6.804809251978263	-1.9736101767989577e-87
3.1579777905975916	7.306375856342381e-32
-7.313233642875945	0.9999987177321848
1.7140164271476976	1.5949031585429557e-8
3.726989503346969	-2.6754504202286874e-40
9.66866967496022	-5.011321311545274e-131
8.4969022857561	-3.985935014370919e-113
-7.074841137221259	0.9999977799327813
4.434076779558783	4.114421633315267e-51
6.363127596170614	-3.0642697268368414e-80
9.84861924880093	7.128466045279405e-134
-4.252807486851493	0.9985526880984257
6.328094241915132	1.401564612154115e-79
3.7298178685205663	-3.6698454777617427e-40
7.026459571351772	1.8531706773901932e-90
4.292422467990447	8.022393317340214e-49
7.466482490700415	-1.6047136757173169e-97
-0.8727019743627871	0.7364993383562695
4.209643984563964	1.8809499517988341e-47
0.27540474890842326	0.2966521288769513
-5.421820816747758	0.9999002629808698
-8.06685924953101	0.9999997738696679
-4.514794629749113	0.999201837538476
1.1081190365831404	0.004493439444172656
-2.622479332392791	0.9604655591052793
1.858883932779447	6.938602185320553e-11
-5.746311371483226	0.9999527229001548
-4.008857888498691	0.9974950479271653
-4.6674391866613485	0.9994367244128218
5.896354653248203	8.118901382170816e-75
8.807903486612169	8.830911117569235e-118
-7.782156700065768	0.9999995644277432
-0.6172922142910053	0.6739297223445773
7.764136670251318	-2.2982796430685567e-102
-3.7197594092495256	0.9952588097525938
5.260565087286636	-3.8789866231216465e-64
6.770787664058943	5.5999430581775075e-87
2.835259345641429	-2.645162668439855e-26
-4.554542359121796	0.9992710151020868
2.505542626498599	3.074141444397001e-21
-4.171736584679597	0.9982619560369421
-1.1397929145073924	0.7890224127674214
-4.070480833501047	0.9978176875689646
-4.380297864681646	0.9989159761330104
8.367372304181483	-1.8970638228209328e-111
-0.46046825588448215	0.6268753687567817
8.94932704461226	4.5288858738825556e-120
7.151656378026431	9.478001278732679e-93
-2.946566402500821	0.9773021581046687
1.2886064788564067	0.0004587963761731586
-1.9677340086732542	0.9039417315501648
5.711444682229905	1.5093999458564782e-70
6.109501848480569	3.045865523275797e-76
-7.889447298543524	0.9999996597719132
3.8841586808420825	-2.1416986212802314e-42
3.62379169349715	2.8664090406629346e-38
-1.2621398379543116	0.8096191333859177
-5.895502239006665	0.9999664621862482
-3.3210718433290998	0.9889984375752202
9.866468399633685	8.00173274077609e-135
0.2634924025506713	0.3026766773301076
1.9980341992967965	4.987440543810143e-14
-7.65806633751966	0.9999994203713465
-0.3208736362919318	0.5795091711062373
-9.415839966353769	0.9999999898753672
4.417363284261704	-4.0705495730212157e-51
-2.1472290215330148	0.9223573574345887
5.497020386714473	3.457444238112451e-67
-7.685929982909996	0.9999994563912935
6.977106369713702	-1.8742765096821538e-89
-8.655065305129401	0.9999999416348242
0.3793338841549243	0.23863803799336322
-1.8115793229704238	0.8862692708360866
1.8208977184644048	4.84143791443039e-10
2.9079653987440004	-8.699878081083927e-28
1.2034567344687694	0.0015640619619165835
1.4314979953316218	3.159075020851806e-5
9.093326678800405	-6.575743099772271e-122
-1.23958108219448	0.8060371982184344
-7.873007980064259	0.9999996466466942
-8.076487479397052	0.9999997788277767
-7.49877834563867	0.9999991635568273
-5.579623140119487	0.9999306224290206
-2.2031405733866727	0.9276508779279452
3.2887760986021064	-1.674472749398653e-33
-8.323134495417136	0.9999998746615899
-2.8477907137364644	0.9729080238581327
-4.846689205324375	0.9996263200314034
5.585850856125276	1.647963325500445e-68
0.23150979260348947	0.319187091233408
0.17896353065769333	0.34834959649870856
-6.457462982713071	0.9999908017263451
1.4521210151908814	2.0341521062126464e-5
2.7773143170654446	-8.950459030638975e-26
8.41884564121964	4.972018334885849e-112
-7.9235684665505435	0.9999996854793455
4.373726895652714	6.5529342773954295e-50
3.2860256995918125	-2.362981438266048e-33
-3.502092374239054	0.9924395691975304
-5.573422350582229	0.9999296256372809
-6.644023609009713	0.9999940136360894
-0.1977460887532203	0.5309596737709478
6.678474151067277	-6.644397293295647e-85
6.949791619131744	1.7217026171211947e-89
-2.39512642886921	0.9442601321208439
1.7963856864268166	1.0339739104279365e-9
9.622987804374873	2.036041195094829e-130
2.5621859372071665	2.442590509053425e-22
8.444785722483058	6.230623988573213e-112
7.630602996876785	8.117963908542598e-100
-6.116472065375964	0.9999798331699524
-0.3665576723846087	0.5949835313808982
6.57452579523218	-1.6185401874275592e-83
-6.518673289478207	0.9999920108128173
-6.313190905071067	0.9999871779161786
-6.365376072267002	0.9999886294586317
-5.325045933253767	0.9998754062691025
-0.09363303861259809	0.48520732609305217
-7.693486936671841	0.9999994657685247
1.1315002513791192	0.0034412260790324294
1.6881656342651752	4.0106905533260493e-8
-1.11236630444842	0.7840372698859074
-0.8840445067750871	0.7389928162057442
-0.8096339741422156	0.7221510413497337
-1.8691022251293035	0.8928645526903656
5.65389774533298	-3.897520033200114e-71
-7.06934116315884	0.9999977516395907
-0.4277256445705788	0.6160917375137509
1.9483563462505913	1.5579616887738167e-12
9.304520586651876	-3.275410411030074e-125
8.795788134960244	-1.5966089004836302e-117
1.853782162878975	8.823459242588172e-11
6.256625361651697	-7.238607556588483e-80
-4.142881915039007	0.9981452526810236
-5.2874059171510535	0.9998641451852823
3.025807951358889	3.621968679667334e-29
7.194471576988988	-6.185339626179753e-93
-7.089498036064992	0.9999978536052316
-5.710994334533095	0.9999487202202834
-8.866809916860102	0.9999999641565888
-4.244761348706998	0.9985261118659298
-1.2350321894498215	0.8053127625158436
-5.634338568734312	0.9999388286276463
2.6496773965170775	-5.5801609474326195e-24
7.927800324960529	3.7948637536247656e-104
3.0756058946784925	-3.9568057996199905e-30
-7.695668358417858	0.9999994684451821
-4.7841587788759155	0.999568761079663
4.019744205234549	8.180393833118299e-45
2.0934579726530913	1.2576837773432777e-15
-9.60818787905449	0.999999993498237
2.030429585989083	3.818237197833512e-14
6.269061080958167	-5.935208718869687e-79
-5.498525892952122	0.999916393690406
6.7503526690445845	-4.321347391581783e-86
-2.8051871484179225	0.9708182144776943
-1.6802068978429077	0.8700571479953285
2.5267284840135407	-9.607329843515114e-22
6.66716974322447	-8.37261648934164e-85
-8.369611334561164	0.9999998873821193
9.406857069299615	3.035168169368628e-127
-5.088746319758015	0.9997855590532296
-3.722172463459512	0.9952836378724158
-7.524195972624517	0.9999992111053828
-8.373498901738557	0.9999998883857176
1.4742315088156523	1.3339253697275392e-5
5.018842626369331	-3.020228481318959e-60
1.9261313850041475	3.697243569703678e-12
-2.114166687837713	0.919162881126359
-3.1008580765360394	0.9829932473888134
4.106334098765165	-5.745673379703039e-46
-9.314761651385162	0.9999999872221568
0.25349237565358784	0.30770996134309336
-4.639283138074624	0.9993992776384484
-0.7005582937797037	0.6954014462254094
2.4918261256807703	4.4063018888052675e-21
-0.5048653749604526	0.6409763864803081
-9.465734786237148	0.9999999909742276
-1.0873424587437839	0.7793972124420445
7.45170076822464	2.7218735511563735e-97
-1.5025772946328075	0.846343367974633
6.732613514549971	1.022829133719815e-87
-4.236546755420791	0.9984984847969158
7.6644552115623235	-2.5284851101687027e-100
-5.930642091538649	0.9999690679258163
0.6260544957302372	0.11469356690729134
-3.9507613797006025	0.997148786697672
8.76616612507712	-3.387209088591834e-117
-3.802004892066937	0.9960388593630517
-9.593067138451197	0.9999999932678797
3.5726654023020856	-1.3934354717771263e-37
-4.772058493339966	0.9995566442024394
7.89808436488055	-1.3063474640540032e-104
-9.65677782860801	0.9999999941864545
-4.476240356932348	0.9991285384952957
-3.5272861268758238	0.9928314919174904
3.792864510359749	-1.4052774417970316e-41
-7.106048901430677	0.9999979338626995
-5.442998814237181	0.9999050042692464
1.1873955831905683	0.001888409607423021
6.270216091264569	-6.1167168575757e-79
-8.01998729933298	0.999999748098538
3.758430027772345	2.2150151840994028e-41
-7.75969179008182	0.9999995413038986
2.2887610859286447	-1.6496493931314293e-18
0.7932987018697268	0.052485318093486354
-6.967503987823158	0.9999971575058044
2.518377185188477	-1.0277953093130297e-23
-7.052671529989505	0.9999976636650797
-0.99943447889971	0.7624352017987786
5.395794577721041	-1.1340708369126912e-65
6.839955666215097	6.940742960062597e-88
5.83726110334808	-2.4579563144722954e-72
1.4249738208244	3.6421057990947455e-5
-2.638317530029668	0.9614573814917372
-6.802796270710578	0.9999958466316212
-1.8364130778237566	0.8891432117405084
7.629037960427588	1.0900531070409831e-99
-8.070718675673918	0.9999997758703136
3.354252627156722	-3.0189974892950526e-34
-2.2684826766450072	0.9336017456799173
9.356622065511871	3.827837188655469e-126
8.462159542489278	-6.892187104461175e-113
-1.3892313549961024	0.8297278578419546
-6.323075236579201	0.9999874663981272
-8.67288280007713	0.9999999439808855
3.917343129991382	8.703870251970559e-43
-6.259791271751709	0.9999855006281141
5.657657182733793	-4.134209308453037e-70
7.798706706744806	-3.359723978531413e-102
3.6693046465104295	-5.8595194116688414e-39
2.9780719254159003	-1.6117564112102399e-28
8.314116768124563	-2.7120719980560646e-110
-0.753938019464595	0.7088031805106746
-3.607359495250275	0.9939559130279427
4.259252321125672	-5.049487352093283e-48
0.40544510704803827	0.22404559737382038
-8.116008368790052	0.9999997980658446
-3.714068377631081	0.9951997636936277
-4.36256008365262	0.9988714124603449
3.5762968418949193	-1.2372839250177478e-37
-7.434579098439631	0.9999990303055466
7.646431571304717	-7.335281169324843e-100
-0.6050819271132148	0.6706236527592212
0.5075500552030512	0.16930555186933713
6.60824870720009	2.0918814945981308e-85
8.039756082272874	2.3214760868573236e-106
2.2487082343930975	-7.138368713299531e-18
2.379503111404869	-2.000667630439776e-19
2.961439859503109	-2.3693278158903006e-28
-6.993774915482538	0.9999973243462866
2.119822920550366	2.8411630962854516e-15
9.857661674180228	5.678224676260966e-134
5.837086503100881	-2.4277659926180725e-72
3.190806622854673	-2.2010196749311238e-32
1.393342855726054	7.053713827245275e-5
-3.0930242394272067	0.9827359772419273
-2.022903121569928	0.9098612255561328
-3.8618252531006103	0.9965276466618401
9.187974867637017	1.8627046272622418e-123
2.708983735785635	2.1028308714498077e-24
4.715243614556567	-1.9480569167425226e-55
8.860164157835943	-2.5246769813065954e-118
8.74061729450603	2.0638590319411454e-116
-4.5433705677765035	0.9992521950047221
7.762506882891461	-1.2569115818826108e-102
0.17823306771257208	0.348748958978579
-6.444935324938936	0.9999905325603851
7.833895932936091	1.4261991172743599e-102
-7.32209708719314	0.9999987436362104
5.231087610795013	-2.2493955580536697e-63
-1.773890495715996	0.8817679858144787
1.3127446877486104	0.0003091936710599132
-4.3430954871697836	0.9988204299413334
6.291007625751011	-3.9277762027307306e-79
-7.6347597701926295	0.999999388415862
6.378514996461028	-2.4743621596435938e-80
5.402213107283478	-1.8083924165694642e-66
-8.459421199119808	0.9999999084206714
-9.141742228187981	0.9999999809683227
8.518896441347316	4.954732656781218e-113
9.803327454932251	4.755829780838434e-133
0.32821898181287423	0.267462959482424
3.823079711750484	3.902307091585687e-42
-4.034384846813603	0.9976339626761777
8.864795484395643	-1.7472549301815586e-118
-0.7353187045147447	0.7041976688046218
7.245716738926756	9.826527521279728e-94
-1.1988648312373495	0.7993646804994899
3.8872247843942365	-1.6487894534188885e-42
6.537522240528922	2.6721539311204626e-83
6.724757035940719	8.088683775335585e-86
5.348356732345865	2.117228372234705e-65
-0.9050843461032052	0.7435149433286636
-5.855609192435138	0.9999632370556375
3.986798470500128	7.814006107696696e-45
2.9118640116940355	-4.329682530240722e-28
-8.241374259391684	0.9999998486981454
1.829023704938928	3.3701052049101374e-10
-8.393339980143946	0.9999998933701505
6.9994437354982075	2.298709591099188e-90
7.625329396324947	1.7606836483812883e-99
-5.671286825990713	0.9999438141415199
-9.406894661095997	0.9999999896646637
8.188051631769241	-5.050416267310299e-108
-9.505318898512275	0.9999999917605122
-6.725673489973865	0.9999950395754841
3.8768786776948936	-3.181969383408976e-42
-3.4534764087216363	0.9916272324812992
6.938810411954229	6.372042653519082e-89
9.289020950938301	-6.652953799694005e-125
-1.429348390104476	0.835767340276355
8.507688077270984	3.818224343744671e-113
4.442382852791948	2.2537014239577158e-51
5.980554413136554	-2.340543237010264e-74
7.2942637597554025	-6.070945477515493e-95
6.983703499189488	-1.262272371148794e-89
6.0680178669298	-1.325708551229708e-75
1.4877859093629517	1.0513309857006966e-5
-3.870607808267965	0.9965943510392361
-0.6967466357054608	0.6944129781295891
-6.906459135306999	0.9999967285346059
8.581179619196774	2.547048746811938e-114
8.514222256044818	5.1395031000336973e-113
-3.93759083226211	0.997064080822943
-6.336827125418982	0.9999878569943071
0.27020419109538807	0.2992953956463733
-8.892157205636044	0.9999999661886847
3.674814753564778	-3.702664738761968e-39
-7.5052403536917955	0.9999991759103655
9.827894373760206	-2.2836497349366316e-133
-6.139422297485058	0.9999808709659416
3.2800037939732185	-3.862083619981951e-33
7.855933942463345	9.243031863209196e-104
9.773240356055869	-1.1932297547106585e-132
-2.2392833855344207	0.9309789944025424
4.557446713361944	-1.1977038369978437e-52
6.874121253673572	-4.035836550966569e-88
-0.4389930621786533	0.6198389902141676
-5.673563967205402	0.9999441077639933
0.22100139487099213	0.3250078707057308
-3.00772175862837	0.9797208330729424
-4.400262050979027	0.9989640586655127
-0.24738507681759891	0.5513626011862114
-2.9414825395260946	0.9770909449072105
-6.174631992968549	0.9999823602895027
-4.2148865337745045	0.9984231783569465
-7.853943211986527	0.9999996307895617
-5.207572433031524	0.9998367850579557
-4.19325354429632	0.9983442725586242
5.451224026119439	-4.914779664321657e-67
-7.879691920453968	0.9999996520432006
-2.1370739258632465	0.921385529766629
6.5305116436239885	9.381438499516599e-84
0.12777077651280777	0.37612964751749106
-6.605733144299113	0.9999934619150219
0.412841713753739	0.21994891050754872
-5.444556153397069	0.9999053439084149
-7.962493202919312	0.9999997124425861
7.661513395536339	-3.898231573395861e-100
-4.898096437824848	0.9996678621350483
-3.751615961775383	0.9955768365160746
-7.116198431010354	0.9999979815874768
-6.326313348081696	0.9999875594862081
