-7.756658962007643	0.9999996568491641
-3.1090626717381653	0.9886124531621899
3.106594879184117	0.9045609280286269
8.72472701427283	0.9045610953685267
4.010671646825511	0.9045611035716746
-7.638149938888588	0.9999995491906692
7.259362934737762	0.904561095372683
-9.464649687252745	0.9999999932780055
-0.2993602596310865	0.9082043939490473
1.5207170745738985	0.904561129522084
5.409781231006283	0.9045610956129796
1.0194410911542473	0.9045613094240255
-0.807781193431353	0.9161767899997129
-7.8982087552603275	0.9999997522941098
-9.182094930550097	0.9999999871159378
4.182681069808671	0.9045611007482914
-9.176773215439532	0.9999999869570896
2.044777480250403	0.9045609488161045
-5.736711733065514	0.999964103578831
2.1601497113608215	0.9045611565156837
-8.424556155242765	0.9999999262790842
-3.751068937155906	0.9967914907102668
6.838315012561825	0.9045610953853411
-4.212630361750129	0.9988332978805706
-0.7523593862782452	0.9150332291029722
3.3354460251953455	0.9045611333289032
5.789461754871388	0.9045610954995729
6.378816737053551	0.9045610954021261
-6.63768025957113	0.9999954874807486
3.0211029092680164	0.9045609227134184
6.782795211416762	0.9045610953851427
3.6833605012397275	0.9045611118662857
0.1466626157288342	0.905233758351869
-5.412710350944532	0.9999243817672276
4.745870433318448	0.9045610974317007
-9.683707100905558	0.9999999959407999
-7.7061424877709905	0.9999996145207087
5.32067686564028	0.9045610958825073
3.3644460918922725	0.9045611242244305
-3.369734294630091	0.9929929876879657
2.249331136563253	0.9045611599502474
2.770586268922127	0.9045610008791323
-0.7668971229657284	0.9153266357706258
6.615857508098397	0.9045610953839236
-9.425344505614888	0.999999992641262
-5.77195178540562	0.9999668990192857
2.515619468338045	0.9045611323917756
-2.3067883466918326	0.9645156184931204
5.111625170214618	0.9045610958450772
4.11586176579069	0.9045611035639822
0.5093025526194204	0.9046271603958059
-8.336408498998082	0.9999999096895041
1.7707544474906456	0.9045610299844675
-4.275896696828414	0.9989875809707126
6.4439887884431	0.904561095401625
7.592114510318222	0.9045610953705482
-4.437212285167771	0.9992963217304254
-9.054962344252772	0.9999999827342589
-0.8459459708126928	0.917002062283635
-7.774447266712676	0.9999996706203127
7.451735795030679	0.9045610953727258
-3.2163041381434843	0.9906210285549862
-1.9669708500565584	0.9516705888354586
-0.6548950185452451	0.913190774900557
-3.1089795190967617	0.9886107778301516
-5.897805984651137	0.9999752214399487
-9.525984876550808	0.9999999941633588
5.78233976881684	0.904561095500583
4.883974760235974	0.9045610963973372
-6.16206208089813	0.999986512203228
-8.907275732226662	0.9999999757410605
-0.3119998619942699	0.908337204582451
5.3989340657158635	0.9045610956461947
-1.9451489881330595	0.9508466056915019
2.969349661312215	0.9045609666815088
-0.06076265178199236	0.906196750094514
-9.344714242803413	0.9999999911400023
2.254983628944416	0.9045611600311371
-0.11215020671253129	0.9065410865243986
3.702878271000966	0.9045611117710827
7.931344069866839	0.9045610953694745
5.6145866925574595	0.904561095626685
9.385087683451516	0.9045610953684358
6.615403073185348	0.9045610953839677
-5.228739152516306	0.9998846091923372
4.449583493899997	0.9045610994221722
-0.9049375647979083	0.9183281796264687
2.805219115870571	0.9045609989735488
-2.50776876200526	0.9717785725955789
0.15090508796214408	0.9052196881000648
1.6755284692805095	0.9045611313724699
-3.8822632441944593	0.9975804795738041
-6.000936187859596	0.9999804565175195
4.916095441074155	0.9045610963899592
1.87847932467621	0.9045609409574713
2.589170718415449	0.9045611319831027
-2.6149787931379853	0.9754158788047822
0.3393091597675557	0.9047925594228027
-0.9522898172045338	0.9193858341870594
6.965599668709306	0.9045610953769919
-3.5690203717508906	0.9953016122113274
4.907404827090417	0.9045610963879077
4.047175358090303	0.9045611036009928
-2.8968663064572686	0.9837292780715877
6.211954823210625	0.9045610954339467
-8.700958170744094	0.9999999609888077
-2.812919529394442	0.9814586233011978
-6.765470480710172	0.9999966376637051
3.6545016094176717	0.9045611121850788
1.4413995969501805	0.9045610781152348
-0.7208535424699782	0.9144129325076168
0.10844563801334672	0.9053705293362008
5.785945253643284	0.9045610955000499
-0.21573096250426005	0.9073795126394931
-5.090594343238344	0.9998415638713248
-1.5145975895075559	0.93557617792799
6.875058044738381	0.90456109538274
-8.17106670325984	0.9999998678463097
-1.0913982005687437	0.9228980635061095
5.121850051956848	0.9045610958354905
-7.395920772202067	0.9999992125582433
7.786950681253661	0.9045610953700152
8.61098206588305	0.9045610953686724
-7.852263879490273	0.9999997246527522
4.6784130713554095	0.9045610974043737
1.8087509093021872	0.9045609359116886
-0.7142251070091543	0.9142853013620397
-0.6419261309603908	0.9129747916244493
-9.844484112603617	0.9999999971967376
-0.31891072115121766	0.908409294438598
-3.8426317289483025	0.9973636902910374
4.439339238224607	0.904561099511294
-6.174094943376289	0.9999868806557808
-9.264050501001574	0.9999999893316495
-4.942482081835733	0.9997775260391002
-2.7849889661624516	0.9806615717635887
-9.474641503541852	0.9999999934308934
-1.258295072213551	0.9275187289088941
-8.199142796425516	0.9999998761193032
-9.292181024942883	0.9999999900007659
1.8926590965207613	0.9045609402077058
-0.6068974514782699	0.9124018097795565
1.8861993777877082	0.9045609403711653
0.74659464877878	0.9045673720588726
7.075020476329126	0.9045610953768242
-0.004995708333108695	0.9058928615692415
5.420743163915267	0.9045610956034293
6.826291916016917	0.9045610953850627
-8.084627351463528	0.9999998387430014
-4.783451845455438	0.9996799180503236
-8.934623596645554	0.9999999772215611
-4.85608606583523	0.999728885559167
-8.380232468653741	0.9999999183578695
6.750137282945239	0.9045610953851286
6.176900910055295	0.90456109543439
3.005386046671914	0.9045609229290826
3.8297526592942113	0.9045611121115704
-1.387423275846107	0.9314579537735423
9.188190378712704	0.9045610953684691
6.867877766095617	0.904561095383945
7.170950125190462	0.9045610953760687
8.968447615556272	0.9045610953685352
-0.7571608297281873	0.9151296693974987
6.644499610179906	0.904561095384513
1.7833033795514996	0.904560982054532
-7.849636277135792	0.999999722981758
-2.483761932968571	0.9709346683411537
2.3220942418447557	0.9045611606476117
6.137936883919846	0.9045610954343711
-0.6881471303296358	0.9137890239733535
1.970718528286417	0.9045609400593302
-7.200810144787972	0.9999987659740512
1.3559194322028532	0.9045610773169412
1.0297257564581983	0.9045612919955552
-8.790527007441128	0.9999999682590147
9.664582587163466	0.904561095368418
1.4464194068259761	0.9045610809638271
6.305683572124114	0.9045610954020644
6.295940914206781	0.9045610954076183
-5.509300668624064	0.9999394383381862
-8.253651766770354	0.9999998907315455
-3.8062723211267935	0.9971489131217257
5.26089158153917	0.9045610958843986
2.8796374428461036	0.9045609996344253
-4.460964048531029	0.9993331638670037
-3.038754200742475	0.9871304998766971
3.5661896160542828	0.90456112256209
5.105918920641921	0.9045610958660883
0.07073413918642579	0.9055244526017505
3.7564013768614792	0.9045611118480259
5.6203141881749765	0.9045610956271086
-6.783248360290783	0.9999967725112966
0.3134503481707007	0.9048340244630048
3.2846710545071023	0.904561086743818
9.891619201947318	0.9045610953684144
3.0622593308579873	0.9045609297914656
0.5671439601023831	0.9046016972779245
-9.594207977496758	0.9999999950118468
-2.0044089456300584	0.9530896635938113
8.691422095360736	0.9045610953686022
-8.169199177383945	0.9999998672768096
4.801951009553168	0.9045610963886674
-8.052061064689013	0.9999998261859883
-8.097757517047345	0.9999998435453321
-0.32641580125670977	0.9084871726824864
8.731909528474606	0.9045610953685245
6.0523553884714545	0.9045610954344918
2.419888163517827	0.9045611305277933
9.432592522662592	0.9045610953684353
-0.6634096539120868	0.9133371003191775
-4.094717010123032	0.9984826712362319
1.9675827304087932	0.904560940093527
-2.7535086564263045	0.9797423607440242
-0.351180301096484	0.9087484608111788
0.7106093301143233	0.9045707192172527
-4.063621902732506	0.9983744438052512
-3.465874584562778	0.9942064236048168
-3.588533404851697	0.9954868169179176
-4.7614809128557045	0.9996634457589709
3.038098962450295	0.9045609275895862
4.482890769672103	0.9045610980808196
-1.4880525538776013	0.9347087899393616
-2.0140138216598524	0.953454787857608
6.266401493092534	0.9045610954293427
4.050328696110682	0.9045611035996227
-9.418631910568905	0.9999999925266392
-5.823827644492607	0.9999706231576113
-9.716549758461387	0.9999999962364466
-3.3583644885608477	0.9928362353580381
-8.744983012672778	0.999999964749569
-3.803519773134414	0.9971320060272563
-4.1298521657767395	0.9985966103746372
2.5714738612781005	0.9045611328749101
-6.1541342531987775	0.9999862638131952
8.6000753814475	0.9045610953686731
-9.417670689977964	0.9999999925100803
7.084948415042284	0.9045610953768323
8.189211073842788	0.9045610953689484
5.387985973368664	0.9045610957024959
-0.6158969740770495	0.9125503081079793
-0.08922321589743021	0.9063809694352902
-1.196935760522857	0.9258116281373042
7.104390033844826	0.9045610953768081
4.320248583629542	0.9045610994207923
3.5163151004331894	0.9045611280413581
2.126224378103707	0.9045611676353315
7.366754841380928	0.9045610953726402
-7.730148588850834	0.9999996352501231
3.6310586057234353	0.904561111026408
-4.777217395583322	0.9996753269218995
6.129495854092216	0.9045610954343051
-3.5923798065490242	0.9955225451187762
-9.566320793408014	0.9999999946810363
7.933569212042983	0.9045610953694752
6.271556963222423	0.9045610954259644
-2.3963998494192973	0.9678234812154094
-2.3176424604020207	0.9649214288361143
9.902652372365196	0.9045610953684122
4.229721438396986	0.904561099150882
0.26849443344552526	0.9049140963317808
-5.617311112025045	0.9999527577994154
-3.6320340739894386	0.9958763537996198
-0.17514234855845245	0.9070269062613414
2.973714814138905	0.9045609592965326
0.15797873072314061	0.9051966997706724
-0.5456711186146723	0.9114018184255955
-3.823921223933633	0.9972551297370064
2.4133349368326016	0.9045611302154306
1.7995811300313456	0.9045609434722218
-8.176296522704432	0.9999998694281591
0.8282383436641361	0.9045632461075465
-3.0865194058322487	0.9881514172437271
-1.531045953260307	0.936106921132436
4.0067053112532225	0.9045611035638129
-1.100850447525783	0.9231517182788574
2.4650813993203435	0.9045611327794
-3.776949228592952	0.9969639363204037
8.194662537099646	0.9045610953689449
8.599871799866477	0.9045610953686731
-6.927826565781121	0.9999976863573391
-3.7263767920647384	0.996618571538612
-4.39316847375582	0.9992226367463004
-4.73095849513987	0.9996391584359731
1.6955036109803068	0.9045611290150581
5.83291268550925	0.9045610954993576
-5.23321429291677	0.9998857887883732
-3.5538397744496697	0.9951528778390738
-3.47421900158166	0.9943026504416386
-9.813930954003268	0.9999999969924219
-6.365961539727101	0.9999915647990216
-3.9084498230191356	0.9977143926110283
6.7796248522391025	0.9045610953851375
-2.6286860784256083	0.9758643737506639
7.277685853219285	0.9045610953727236
0.1385566631790347	0.9052612322395643
-0.24566232588440684	0.9076590091794488
1.1019114489084245	0.9045612311197978
-6.485821210441762	0.9999935988522971
-7.270897842304045	0.9999989498815173
-6.420120215146934	0.999992553577961
-7.916097516849243	0.9999997622898869
5.7299692290313065	0.9045610954884924
4.308024622887881	0.9045610994070764
-2.6694565947342674	0.977172771018148
-3.1767158597548972	0.9899145100429111
4.148050909919512	0.9045611036123079
-7.163995650123693	0.9999986568095787
-9.42089624343723	0.9999999925655029
-6.1290087086673495	0.9999854459808141
-3.771577144228422	0.9969288631410966
6.2512945005159	0.9045610954352722
-1.660353908567851	0.9405073615522039
4.0340957966423865	0.9045611036061155
4.965447468946724	0.9045610963929727
-0.25947310548349733	0.9077936828117067
-0.8609475396128694	0.917333628148655
-8.94706753078756	0.9999999778649736
-8.139356112881334	0.9999998578358514
0.20808831828716734	0.9050502954622935
-5.793916630503544	0.9999685302157808
-4.1209468871771815	0.9985685385365698
-7.0266844763499	0.9999981573475243
4.89966568943348	0.9045610963877584
-8.975734471525602	0.9999999792788873
-8.43544828633036	0.9999999281049992
0.5849298647342813	0.9045961511876544
-8.888778007133315	0.999999974685488
2.2757947961239786	0.9045611601114585
5.446367797021683	0.9045610956254975
-0.11407685970123538	0.9065548811399514
5.112622006852497	0.9045610958426978
-8.305140981323582	0.9999999029477323
9.253265983093684	0.9045610953684708
4.158418664685492	0.9045611030232753
-4.509630152849016	0.9994028230869946
4.853711618567091	0.9045610964080057
-1.901151497929213	0.9491945105068375
0.6541051387838426	0.9045789635443703
3.890222597134274	0.9045611047091519
-2.2511996755380714	0.9624236763717684
2.0895746722877995	0.9045611407729117
1.4052602912555123	0.9045610776096187
9.081355268996742	0.9045610953684706
7.696268985618616	0.9045610953705387
-6.932124071278891	0.9999977091373254
6.3061859206146735	0.9045610954018446
-9.86580599847052	0.9999999973310416
-6.766322328389163	0.9999966442517472
-6.503653824003592	0.9999938563284035
2.0683712902733973	0.9045610469685
1.393472197637852	0.9045610776461093
6.291475072808254	0.9045610954107808
-9.677013557585221	0.9999999958777537
-7.939756236480555	0.999999774892986
-7.052923702508456	0.999998265375825
-1.3141228926181157	0.9291835457275462
-0.7284855488439046	0.9145610662108976
-5.964763211946087	0.9999787598919683
-2.8577610964992273	0.9826948759622035
-3.788203939447783	0.9970362142924155
-0.21369862039226106	0.9073610993995311
8.680591384557147	0.9045610953686364
5.83062400089128	0.9045610954993173
-7.996322443999575	0.9999998023835434
7.952198143888918	0.9045610953694765
-4.403712912474145	0.999240938727706
-5.951939496194076	0.9999781237088703
-6.544485513673455	0.9999944075485401
1.7318323509806142	0.9045611377388427
-7.7041075186731645	0.9999996127102575
-3.7886261382340614	0.9970388943038812
-3.125468895360526	0.9889393493794199
7.491071895745609	0.904561095371347
3.3291140142227817	0.9045611389296363
0.7758017359163105	0.9045654464196686
-7.4151834603238465	0.9999992467204702
9.899184016871985	0.9045610953684129
1.2813475939907004	0.9045610799233323
-7.371455056252203	0.9999991669257815
4.477796410884629	0.9045610983251412
0.37729353673664257	0.9047411064455445
-3.0007597448375023	0.9862743414964384
-7.403935573827511	0.9999992269567319
-6.453758381633121	0.9999931084734824
-2.323927549436484	0.9651558859303668
-2.301783498038974	0.9643281559788219
0.1980991985794489	0.9050773809057402
0.14298157733396266	0.9052461379952085
4.126234385421821	0.9045611036731169
6.792472457642354	0.9045610953851435
-9.665448132001352	0.9999999957665014
4.6218668624449	0.9045610973994819
-1.4098007005929212	0.9321704685035621
9.017130846755904	0.9045610953684685
-3.5825277376677533	0.9954305218990103
8.415329085552052	0.9045610953686688
-6.987733395143878	0.9999979844541947
1.4022978413375995	0.9045610777024402
1.3901224724341077	0.9045610775450827
9.48609774340828	0.9045610953684353
5.531166842238097	0.9045610956284084
2.3467363877165006	0.9045611586318576
0.15632645289260338	0.905202016568568
-7.047517721646455	0.9999982436496595
-8.434598226735517	0.9999999279641404
3.867621877100307	0.9045611089548085
-4.824382175047366	0.9997085004625847
-9.458854892340707	0.9999999931877127
-8.459925999031007	0.9999999320450927
-9.567698049760502	0.9999999946978775
-9.847415731660698	0.9999999972155967
0.3075728791207144	0.9048440905267731
9.575408401809554	0.9045610953684337
-4.9092503151231615	0.9997599387081152
-8.778651250790448	0.999999967379099
-5.964022817649992	0.9999787236693904
-5.7333009585132455	0.9999638208038049
-7.611798675989938	0.9999995209907364
-4.107718240135281	0.9985258354120088
3.7112281444647	0.9045611118014221
-9.53440216196201	0.9999999942753931
6.420220371951594	0.9045610954015002
6.942271036021971	0.9045610953763923
-8.193175214260071	0.999999874405344
-3.8231122842298326	0.9972503431923337
-1.6361493995531937	0.9396582152478483
-6.7756443168405145	0.9999967155082803
5.2188056823557005	0.9045610958832934
4.819320373290639	0.904561096294806
-9.368452854287197	0.9999999916112994
7.072169566614029	0.9045610953768216
-4.596294915015875	0.9995095588652402
-4.923231429182482	0.9997675004219716
-0.21259965322414942	0.9073511737857276
-3.07000335553397	0.9878051523287623
-5.595898551571237	0.9999503731058179
5.39496423960761	0.9045610956645951
2.8592317935991787	0.9045609994877256
-0.14541119001712843	0.9067886624918086
9.26205698910141	0.9045610953684706
9.803500151085089	0.9045610953684179
0.17094200481711752	0.905156108371715
0.38260246732060743	0.9047346706827261
-5.651522654977841	0.9999563326419383
1.3255218193287632	0.9045610779347643
-7.177148981424932	0.9999986968792542
-7.632142591358857	0.9999995429116297
0.904429314406956	0.9045619306052527
6.690740023814627	0.9045610953851847
-6.716659322838079	0.9999962377465667
-4.824041918573587	0.9997082736301572
-6.079735578662375	0.9999836981357788
9.00446246910019	0.9045610953684832
6.565813923867417	0.9045610953995693
9.429539406282778	0.9045610953684351
-3.851783091753571	0.9974153109302492
7.057965609018247	0.9045610953768211
2.628757661640506	0.904561137519228
-0.9771030798533751	0.9199685553564929
4.793205992977416	0.904561096529756
9.174396096933211	0.9045610953684691
3.707797168782289	0.9045611117867239
8.189363841359942	0.9045610953689481
5.002012070958216	0.9045610963890478
0.6993051953391962	0.9045720496726906
-0.3009424550754325	0.9082210455995208
-7.609340635232016	0.9999995182719564
-3.2339110471369947	0.9909224097548209
7.795497643300958	0.9045610953698007
-9.68712190776047	0.9999999959725913
5.966033192600717	0.904561095488608
2.765446093799465	0.9045610015611674
-6.747945838289446	0.9999964992239073
-0.5069795494985208	0.9108080262025633
-3.7285164647207214	0.9966338884930594
1.8133834380165368	0.9045609348619229
-5.5619616710109065	0.9999463449254334
1.0892410612658878	0.9045612368269843
5.468551088194221	0.9045610956338324
-8.315394571017904	0.9999999052122618
-1.6248984871914107	0.9392663928029794
8.744615271766357	0.9045610953685285
-6.8068434641983755	0.9999969431688599
7.766180416419072	0.9045610953704689
-1.955462721285329	0.9512357264118634
-2.7986849335899766	0.9810549506080495
2.8199554642536953	0.9045609994444171
2.347365095186124	0.9045611584000537
-8.322361120861244	0.9999999067206256
5.864971320250287	0.904561095499299
6.459538131299951	0.9045610954015985
2.574907545962777	0.904561132871745
8.386824445902	0.9045610953688242
6.145172199132702	0.9045610954343692
-7.033274586284639	0.9999981850961753
3.3248394870220785	0.9045611424133828
4.231726866566724	0.9045610991865659
-3.6006804681925164	0.9955987859593106
-8.080464047858914	0.9999998371897146
-7.287466257533146	0.9999989891875996
7.020600357564909	0.9045610953767912
9.750042995864998	0.9045610953684178
1.379757627729612	0.9045610772184636
9.88993915828146	0.9045610953684148
-0.8925044157085118	0.9180457923174918
3.615628968807588	0.9045611102902434
-4.66484922193259	0.9995804393563692
9.668006625406072	0.904561095368418
-9.229056252444007	0.9999999884364416
-1.6901504527990383	0.941562175847681
-0.6229437837441409	0.9126654668190385
-3.52055568544122	0.9948120816654901
-6.655390687392577	0.9999956677818074
2.8174554433229595	0.9045609993839838
-3.3901819263403077	0.9932676923064597
4.8848368182192345	0.9045610963964125
0.008960381865339428	0.9058195857548336
-4.419914983914182	0.9992682396298896
3.6522070837332166	0.9045611121516939
9.749921381191125	0.9045610953684178
8.886297464504338	0.9045610953685377
-5.030432168271122	0.9998181284097769
-6.761233237193727	0.9999966047009017
7.749230118276671	0.9045610953705815
-8.38293853361825	0.9999999188649924
-5.359264473827081	0.9999144999313087
-2.4225216061207666	0.968765519771329
4.5701454463827496	0.9045610974384775
-1.9232382606581453	0.950022684703883
-0.6508503424901502	0.9131226738193327
-8.09809110019533	0.999999843665459
0.6439119789515004	0.9045809484272571
-0.22870781841564636	0.9074987882012051
-8.512732275976909	0.9999999398251671
-0.6532529825358147	0.9131630316584064
8.225498700189515	0.9045610953689406
7.16967732367597	0.9045610953761698
1.412467925463595	0.9045610770356504
-7.663160398791513	0.9999995744185236
8.463496725750957	0.904561095368676
-0.16552298049919756	0.9069480842088201
2.545577778375069	0.9045611322788963
3.736702164460981	0.9045611118606235
8.681782470759309	0.9045610953686327
-2.9214437555093564	0.9843582366946942
1.028638244789235	0.9045612936815087
-8.591558826428809	0.9999999498133259
-6.683390045523305	0.9999959382420909
8.33776554121794	0.9045610953689445
8.466695072997155	0.9045610953686776
1.933682085374926	0.9045609412235467
-8.809631681483037	0.9999999696250301
7.999917549170405	0.9045610953694769
2.745013442373999	0.9045610009826925
-0.22398839322522512	0.9074550766952781
6.391767387233472	0.9045610954016606
4.223766988466107	0.9045610990631906
-6.28797543658433	0.9999899059823786
-3.795986341770057	0.9970852545701347
9.683109882615515	0.9045610953684184
8.243791324223476	0.9045610953689425
-7.16731613519582	0.9999986670397703
-0.20606757370762807	0.9072926378380808
3.7038838096752436	0.9045611117735549
-9.370832899429518	0.999999991657146
8.18906939121094	0.9045610953689485
4.856087557440706	0.904561096411377
-6.583800915607365	0.9999948915165904
1.9207214594750397	0.9045609410150282
-0.8927152725031817	0.9180505886620052
-0.5075352504929995	0.9108163469374635
-1.7563395376656388	0.9439380577815597
-8.511289801291095	0.9999999396249686
0.34490002651085483	0.9047843184348117
-0.8964400044956058	0.9181352984290981
4.62486206030983	0.904561097400859
5.197594450455444	0.9045610958822788
-8.738970779030705	0.999999964258181
8.419057647773286	0.904561095368659
0.6488348301301894	0.9045799661863452
1.1174543103436854	0.9045612294436445
-1.6850201377835958	0.9413797946412025
-5.16916553605876	0.9998676989681443
-6.775752575391767	0.9999967163268504
-7.914869665042428	0.9999997616168768
2.859140943331342	0.9045609994864312
-0.1988966781542736	0.90722931199584
5.410668483045322	0.9045610956114174
7.012563596501916	0.9045610953767784
-4.972495381591373	0.9997923057159099
-5.96271887613542	0.9999786597259601
-8.070419471779218	0.9999998333802886
-8.516011666811742	0.9999999402778407
1.4229937574501594	0.9045610756966169
4.927223052585617	0.9045610963928011
-7.0805295570402915	0.999998372201322
-8.85680516831517	0.999999972751514
-6.668865070603465	0.9999958001158452
-6.250509744169475	0.9999889967746142
1.1751282797333893	0.9045611476761508
-1.5087030307994667	0.9353844350525738
6.609920387090156	0.9045610953847145
-4.329157422567804	0.999101882697452
-6.980514949074488	0.9999979506759774
-9.848041498589968	0.9999999972196056
-0.6273881246829571	0.9127377571232378
-1.2680477345939387	0.9277978572243655
3.0324865663780507	0.9045609259331583
9.594306540394676	0.9045610953684265
7.236509607630023	0.9045610953723094
5.672861664607844	0.9045610955857779
7.886386915684977	0.9045610953694904
0.26074387983541314	0.9049288164189081
-2.037297965277638	0.9543402552520674
3.763161439342454	0.9045611118562291
-5.408381556640793	0.9999236257064409
-6.715097531143481	0.9999962241937723
3.210890201173031	0.9045609304584364
4.875377240592735	0.9045610964071525
4.399465699799499	0.9045610994112001
-7.3368575941715	0.9999990978465839
-1.2481921203510105	0.9272355928943568
2.6372162153231127	0.9045611370758024
-5.322967500521649	0.9999070640585075
1.3640401780659062	0.9045610771808162
1.214282556207955	0.904561094054918
6.693289480710636	0.9045610953851425
8.84369493741977	0.9045610953685378
3.516357355999853	0.9045611280427236
-1.5364009260951228	0.9362789588659051
3.929146077025649	0.9045611030745883
4.912594258256462	0.904561096388997
-1.2236126188725738	0.9265574117567208
6.311563248129492	0.9045610953999708
0.691423604811785	0.9045730657156977
-9.409313941771575	0.9999999923645622
2.4117979522706854	0.9045611302052995
-7.643770922607831	0.9999995549877214
-6.754317561446137	0.9999965502061454
9.22329189635455	0.9045610953684687
0.8132435475049924	0.9045637442267607
0.682455562719273	0.904574313700985
8.679957992799512	0.9045610953686383
-8.432471053622091	0.999999927610447
-0.14832808208669057	0.906811342632267
0.3223030335863175	0.9048192520966671
3.749445427108867	0.9045611118491453
0.7853976523256136	0.9045649385060726
7.355058464677022	0.9045610953726424
-0.6662163062346327	0.9133863763534834
7.0102566578789975	0.9045610953767773
-1.0888736078240555	0.9228306546345093
5.587303750579249	0.9045610956287138
3.46621420476502	0.904561128209692
-1.1704868070232965	0.9250664822808428
-3.1988316584816534	0.9903141628488341
3.7159763064511395	0.9045611118232905
2.2298306221650144	0.9045611597563665
8.70113187667766	0.9045610953685714
-6.42420843430906	0.9999926233333166
-0.24469718460268552	0.9076497449532369
-1.4307970203881037	0.9328457142647929
7.092512929387723	0.904561095376833
2.7650544452976966	0.904561001607026
-7.885782192486395	0.9999997451042031
-9.466290864726012	0.9999999933033599
-0.19974205110173315	0.9072367252810583
6.816362197311975	0.9045610953850165
5.505894119592991	0.9045610956270059
7.624237828674559	0.9045610953705295
-0.16976553661672256	0.9069826351869018
6.109321234074649	0.9045610954339954
4.29687985007126	0.9045610994048979
4.934970167633988	0.9045610963935113
-7.3527295260646985	0.9999991302211427
8.877941767705856	0.9045610953685378
-6.090830407466696	0.9999841091551838
-7.101989802112292	0.9999984506795699
4.106490969330476	0.904561103548442
1.336256321702244	0.9045610777222566
9.367474478296337	0.9045610953684355
9.594892763393435	0.9045610953684264
-6.188725309525895	0.9999873151195042
-5.509985078335586	0.9999395335609154
-7.0606123677764865	0.99999829581383
8.43733550278931	0.9045610953686491
-5.267797049674505	0.9998945080000697
0.04114023800364208	0.9056584162853228
5.180459120402867	0.9045610958893868
-7.313553228086156	0.9999990481154426
-1.218081063363794	0.9264042354021382
3.3791565826868997	0.9045611272700589
-2.651528424665197	0.9766022262200544
6.512709411661007	0.9045610954014123
1.1633212104205626	0.9045611760881003
-7.505533914688445	0.9999993882032493
1.6008152923782824	0.9045611309333639
-0.7279179616164946	0.9145500011679044
1.3436522581818124	0.9045610775737494
8.064496892072562	0.9045610953694613
-7.764228471601227	0.999999662778257
9.877261285756234	0.9045610953684171
7.3784956502420975	0.9045610953726438
4.843078657667451	0.9045610963766539
-7.582608645541273	0.9999994876893119
-8.984103132658955	0.9999999796743512
-2.337000900928685	0.9656421288610861
5.342066558617216	0.9045610958953946
9.133385152078269	0.9045610953684692
-3.369405371720764	0.9929884934349864
-1.7180682132644076	0.9425603728024088
4.602070522717479	0.9045610973908055
-5.670448299294972	0.9999581927945556
4.423329414625989	0.9045610994353399
-5.068402307914042	0.999833291626633
0.936616383538734	0.904561636932918
9.384258117340632	0.9045610953684358
-8.628402908826182	0.9999999538953882
1.4471147593731217	0.9045610814308387
-3.3333243361819953	0.99248069018841
-2.222614569660668	0.9613412751651774
4.71420121480512	0.9045610973892264
-9.011421316962487	0.999999980913501
-9.855226696787653	0.9999999972652275
4.668990862975813	0.9045610974026459
-5.742054844907432	0.9999645421277399
3.2735534771579466	0.9045610359210585
7.672637068942532	0.9045610953705363
-4.15189466901992	0.9986638256751326
-1.1512885844082987	0.924531516131488
-8.609891037200539	0.9999999518876891
5.751878472066609	0.9045610954998432
0.2643075961743335	0.9049219840064946
0.055459752529255724	0.9055920068513457
-1.8206579204338258	0.9462614558919216
-9.854659683433065	0.9999999972616547
-7.042810140497813	0.999998224508847
-1.3429458660529505	0.930066916521884
6.6638534736387065	0.904561095385451
7.554360935008532	0.904561095370519
2.813237245920268	0.9045609992515333
0.2364043468509749	0.9049796296365828
-1.5672220713023712	0.9372822621057596
6.857876088097981	0.9045610953851042
-6.6252674748891405	0.9999953566610194
4.308880966823811	0.9045610994078651
2.025563320042071	0.9045609332881704
9.598472146638422	0.9045610953684249
3.4396473631743696	0.9045611278774242
6.850572796815552	0.9045610953854405
5.180655747997566	0.9045610958892708
4.020585531196277	0.9045611035941462
1.4696724434538346	0.9045611023042115
-3.146976937528141	0.989357032415062
5.996514179389383	0.9045610954441737
-5.617087826205691	0.9999527335325157
4.8118951989933745	0.9045610963086481
1.3490920820805385	0.9045610774605102
-0.36433076702690137	0.9088953407486302
-7.907485443780242	0.9999997575290589
-5.204769287715401	0.9998780810813674
-9.475383616340736	0.9999999934421088
-2.832605689198129	0.9820078656620285
-4.913055304445648	0.9997620205323619
-5.223717117012976	0.9998832709660727
2.375107543382464	0.9045611425504475
-8.671676056290693	0.9999999582678046
-7.509284446871427	0.9999993934638889
-1.407154125889507	0.9320857565323246
-9.429530271773313	0.9999999927118457
7.545354123010249	0.904561095370437
4.565381597523412	0.9045610974447998
0.5205567260280617	0.9046210810107878
-7.067195918327807	0.999998321452017
-5.02085596461503	0.9998140921397828
-9.972881285489233	0.999999997795549
1.4146828916526832	0.9045610767564357
5.56505044461943	0.9045610956283308
-0.28111879991405075	0.9080133788648241
-4.8450948629854595	0.9997219839676779
-6.3329862646501445	0.9999908995286494
-6.918984691496557	0.9999976387738384
-1.7456421458011384	0.9435523263173736
-2.054147803882489	0.954980395486728
1.0722215337531171	0.9045612476603802
-9.085627962403047	0.9999999839113524
-4.71880648998654	0.9996290122833709
8.298216117153121	0.9045610953689434
-1.1842793853701181	0.925454512205123
-1.5857093932806166	0.9379096352062728
0.47644707253265395	0.9046475868687599
-3.0620245183289097	0.9876353492057989
3.8786263932976173	0.9045611068007045
5.424471991416905	0.9045610956041502
-6.017802206163894	0.9999812006047171
-6.452643536072893	0.9999930907629938
7.558682585920657	0.9045610953705485
-9.203147379629382	0.999999987725598
7.112387024543523	0.9045610953767791
4.391441901802207	0.9045610994248054
2.904462992958724	0.9045609985436662
-0.41273581268891135	0.9094964731076741
5.2146229225358365	0.9045610958826954
-8.20838541904575	0.9999998787278593
-7.945708646014733	0.999999777957212
-9.857244127255607	0.9999999972779019
7.145313643707798	0.9045610953769913
-4.870772321904715	0.9997378422590005
4.567796065350125	0.9045610974421161
-3.635402104810259	0.9959052109882388
-2.500043183904914	0.9715080602951894
0.3682656056557043	0.904752441901527
4.235526330115658	0.9045610992578255
5.373703409850128	0.9045610957889759
-8.949966955080942	0.9999999780122578
1.6117413521277548	0.9045611308589089
3.2937091448955726	0.9045611198279657
-4.538601146972581	0.9994408335191488
9.061562905624289	0.9045610953684691
2.1782514253107763	0.9045611597932666
7.6840056776362005	0.9045610953705384
-1.6211480298332415	0.9391361949211519
9.079344158930759	0.9045610953684707
3.330903878799898	0.9045611373560525
3.7135467137960365	0.9045611118121087
-8.311944056021359	0.9999999044561685
9.823102859534071	0.904561095368418
2.3643834286746355	0.9045611494083496
8.003789038360726	0.9045610953694759
9.44166506847695	0.9045610953684351
-0.16117171499397287	0.9069129884468623
-4.584579905676103	0.9994963145210926
7.2582430603799075	0.9045610953726719
-5.338843339848318	0.9999103926578337
2.241403920817646	0.9045611598319434
-0.4167391285425559	0.9095482722366112
8.157766134340328	0.9045610953689404
-7.072829843224602	0.999998343085567
-1.833525789847176	0.9467210417023912
-5.278630734445451	0.9998971004099585
0.4695764812002956	0.9046524321358467
-1.395502255949168	0.9317141609520387
-9.103697102217234	0.9999999845669902
4.393034687706274	0.9045610994225006
6.895600401899923	0.9045610953787693
-4.491016914357839	0.9993770702396557
0.8384832859884597	0.9045629639410352
-0.04149047642708936	0.9060866617823795
-4.540035500519237	0.9994426521530311
0.7327712530502559	0.9045685128084054
9.348659861947514	0.9045610953684329
-6.380941031857423	0.9999918507205654
-6.415077746836313	0.9999924666316466
-0.14374746994631593	0.9067757945233985
5.525861333530502	0.9045610956281576
-6.26429104350136	0.999989340365546
-4.904367255683324	0.9997572404975955
3.6163183508494345	0.904561110296064
-9.367048365635174	0.9999999915841263
-2.9851733238658396	0.9859115379196159
5.170093982108508	0.9045610958946447
7.094868670070802	0.9045610953768309
-7.8433472020425565	0.9999997189410087
9.806530082426256	0.9045610953684182
-8.39377105020949	0.9999999208636787
2.375161436746289	0.9045611425165256
5.620023303018073	0.9045610956270668
8.446413322332237	0.9045610953686579
8.301211700147348	0.9045610953689429
0.5609387356102769	0.9046037960414012
9.937806691872815	0.9045610953684086
-0.09970546772338196	0.9064533274160761
-0.28114612882865764	0.9080136623709992
4.469130860274708	0.9045610987399069
8.783250383896238	0.9045610953685406
6.921154092574362	0.9045610953760688
-4.653075814088967	0.9995690315350543
-9.827917655077583	0.9999999970877393
5.206521017824578	0.9045610958818946
5.373767869044421	0.9045610957885921
-1.2594229197340834	0.9275506739042656
1.2202175961948072	0.9045610918988298
3.758598621746433	0.9045611118497383
2.703138865371372	0.9045609908444928
-4.462878390188112	0.999336049268508
-1.244809585716574	0.9271417482152563
-5.987836688693138	0.9999798583471915
7.3466922771083745	0.9045610953726437
3.1944499936877246	0.9045609295642235
-8.22081681205943	0.9999998821499796
1.6510574016638948	0.9045611308860944
-8.935813949117172	0.9999999772839088
-3.498936737140217	0.9945795842950751
-9.806945400665041	0.9999999969436547
6.050527803412518	0.9045610954341102
4.0118764733614185	0.9045611035743865
7.985955253697945	0.9045610953694774
-5.7659312232458015	0.9999664373375909
-6.082549628434513	0.9999838033797527
-9.982165668364416	0.999999997795549
-5.087298140637637	0.999840361538074
0.31773175691145994	0.9048268161792528
-3.835468179647812	0.9973226101352142
7.809773246387689	0.9045610953695069
5.955785056921435	0.9045610954985505
-5.941807973820539	0.9999776076497918
5.292059655861898	0.904561095884783
7.5448756432517285	0.9045610953704325
4.261160460472357	0.9045610995179091
-9.308375570703781	0.9999999903667637
4.397976436771014	0.904561099413905
8.149551329752338	0.9045610953689223
1.52810435610197	0.9045611295014377
3.5871778462696327	0.9045611146963647
-7.435254627780221	0.9999992807410069
8.702272457557932	0.9045610953685682
-3.4209112091054683	0.9936633926367507
7.199602438247986	0.9045610953733603
8.233618153489207	0.9045610953689417
-1.9836813491950842	0.9523031146485657
-7.199384117808139	0.9999987619155014
-7.5034967876239245	0.999999385326799
-4.038343817249324	0.9982810346553357
-8.427505532720648	0.9999999267780373
-6.3907267352970765	0.9999920322521493
-8.168304193421868	0.9999998670030152
-7.733131878071409	0.9999996377470893
-2.313070943112323	0.9647506428726859
-3.2316824892304563	0.9908846959496318
-5.375638468883599	0.9999176570664919
-5.054721951630401	0.9998279792632382
7.4072639268735045	0.9045610953726311
9.2159444269127	0.9045610953684692
-5.1239287380598375	0.9998532274086134
-2.5158478840530885	0.9720601358873182
-7.328930579444397	0.9999990812290951
-6.687066189513313	0.9999959724743319
7.283226893782167	0.9045610953727021
-5.239346260435038	0.999887385601528
-2.9599167876411503	0.9853094064490938
-0.869220449894712	0.917518510644789
8.851858207584975	0.9045610953685378
-8.739084764817493	0.9999999642675608
9.777610246093538	0.9045610953684177
-4.55486118254091	0.9994611112345736
-1.2070668664329975	0.9260966571056546
2.9003699364898683	0.904560998635144
-6.92057872161878	0.9999976474240313
-2.149850082262925	0.958585615129372
-8.931958827488025	0.9999999770813657
-4.794445012202311	0.9996878572416428
-8.108861466331767	0.999999847494837
-8.706341611835864	0.9999999614694014
-7.491830589498516	0.9999993685916261
8.639174750534092	0.9045610953686741
-9.939761643907632	0.9999999977489377
-1.2063055793828816	0.9260752938070903
0.3467748124057213	0.9047816115106164
3.339576032283439	0.9045611299571841
-7.289438193532969	0.9999989937666586
-8.501282109513145	0.9999999382175603
3.327264197656884	0.9045611404991668
3.8485497076444197	0.9045611117562093
0.0355561915047673	0.9056852099761263
7.96384653076252	0.9045610953694756
-5.909850926558482	0.9999758988134315
9.089357509658509	0.9045610953684703
6.987533819374903	0.9045610953768923
-1.0556669340741731	0.9219561702424354
5.547247499615242	0.9045610956284457
7.290227458536563	0.904561095372669
-4.660272854334053	0.9995760410426107
7.7303471254505	0.9045610953705309
-0.44753967135524597	0.9099584786446423
6.971726222974777	0.9045610953770041
6.673849123966743	0.9045610953854646
8.687219128127545	0.9045610953686156
4.98297291815204	0.9045610963943833
-5.770332565686549	0.9999667754786175
-3.32669358455445	0.9923841203539382
5.15718432719547	0.9045610958938856
3.4510101187398323	0.9045611280349759
-8.877687085524965	0.9999999740306869
4.814666104319588	0.9045610962996322
-5.6048801443040075	0.9999513876725233
1.6848689062033593	0.9045611305050913
-3.354969950121358	0.9927888733275063
-0.35983481856511546	0.9088441778699984
8.410351992877438	0.9045610953686869
4.7178717576226745	0.904561097392542
2.9003129555627005	0.9045609986373337
1.8437474359547892	0.904560943696111
-0.32945653697458965	0.908518731367482
-1.305456971182629	0.928920234889446
-7.628492609900861	0.9999995390539274
9.427555921241861	0.9045610953684352
0.475534699747584	0.9046482179210428
2.0504817943727716	0.9045609665514662
7.334355718778198	0.90456109537264
2.678547477038906	0.9045610398427015
