7.674077096270558	4.9310870422317016e-108
-2.844171386603551	0.9685761528007277
-6.257120999325001	0.9999839089547052
-1.7369337119749382	0.8422000695064273
9.14680606900513	-2.9320004655802145e-130
-3.0367197206081853	0.9781233786751485
-3.8813069566771796	0.9963095517021703
7.988657665930688	2.125241069559517e-112
-8.627194314472636	0.9999999313598141
-2.0555762795213095	0.8924506068389713
5.6325550126151605	7.882634237019817e-77
-4.9889567615925845	0.9997024467261845
-0.876197665882831	0.6257913502899918
-1.4290711415621473	0.7811173919452329
2.1834664808880966	4.8185704372879475e-24
-2.915116671304432	0.9724339847501269
-5.2510510155683665	0.9998370567300137
2.42370343319973	2.9590917747367598e-27
9.920897739777843	1.0990558686989103e-142
9.215045073084088	-2.0628142097283742e-131
-9.15687825796866	0.9999999797280795
-0.30059800675728	0.36406464435874825
9.285241433693415	-3.5593886920651644e-132
4.7113032402917465	-1.5813197469682047e-62
-9.873304168542454	0.9999999961053462
-4.862299404689665	0.9996020760023913
4.296916283485533	5.776369970573983e-56
-7.458692894041183	0.9999989882438461
2.2353091544816763	-2.0196673877076872e-24
2.013131783028177	-1.0415923036884514e-23
7.928085037771162	1.9067865025390863e-111
-7.009867806389352	0.9999971562378722
-0.3652015390427863	0.39731286933676313
-0.24156648034385775	0.3308080672853703
3.770017217447892	5.4642820800669807e-48
5.979581833014853	-1.2454530434189975e-81
-8.090283647290315	0.9999997636865828
-1.741043227388225	0.842929694062688
-9.679899689590332	0.9999999939204199
-2.376526642246932	0.9313848575050396
-6.867330539491454	0.9999960515578773
-5.339233894670028	0.9998669608933373
-9.835241519216309	0.9999999957486015
-7.044710585178224	0.9999973754709444
-3.7591802652414152	0.9951639562750371
-2.97043029708012	0.9751604613259284
5.478239379069336	-6.538682479822694e-74
4.507668097067526	1.9928088099880957e-59
5.265776595219904	2.921027415025411e-71
-4.111555430334777	0.9977970861794141
7.739018956115476	4.907225976409412e-109
-0.9891078164327674	0.6631750691129424
4.887662586054775	-7.216215537505645e-66
-2.7988226852767495	0.9658863326098845
5.975419394193544	-1.3183326983821848e-81
-6.068148758451035	0.9999751389572492
-1.736659261219522	0.8421512489065883
1.1599539323810362	2.470056199417886e-7
5.0850121014139695	-5.609004960410012e-68
3.3581664820046786	-1.6428858272833717e-41
-6.861807785772811	0.9999960010281373
-9.124658424866784	0.9999999781669352
5.467976707785528	-1.0561283408153357e-73
0.004464687657041111	0.19425310027690848
3.520768477154137	5.736002090741854e-45
4.016989667565149	7.921144484011662e-52
-6.9654213719496205	0.9999968498003575
3.8288897717574155	3.35815309198869e-49
-8.055206287938912	0.99999974380793
-2.8326898737523942	0.9679121058073861
5.08337539169402	-6.102913376939274e-68
2.7941267314501097	5.940728089582385e-33
-7.086689019421724	0.9999976172748182
7.467588132534921	-9.308075172697825e-105
-6.23965740361756	0.9999832488326438
-2.711866642017293	0.9602248098801924
-7.805174835823241	0.9999995443868691
-9.147092079421624	0.9999999792660982
9.05517904087754	8.475246891740803e-129
-4.873232826837426	0.999611931626299
-6.2049305658208675	0.9999818546201138
-3.066751550334561	0.9793626256737419
1.285319233851654	5.699358482304668e-9
-7.1485176196550615	0.9999979334462799
-4.338107683418575	0.9986813374500397
8.612181659753034	-3.036411381553059e-122
-2.810642446654308	0.9666049493211425
3.7457297122497835	-1.5071709928732581e-47
-8.813654605434035	0.9999999553194658
-4.321344302737811	0.9986301187499307
-1.8647590802651859	0.86366053735258
7.6721786325785075	2.5062440128544183e-108
-9.139791952595777	0.999999978914634
8.955871238670191	1.6265640529686413e-127
8.051762227640392	1.1076007873778928e-113
1.308981592188868	2.318369521816517e-9
8.341843561328478	3.3208134188766887e-118
6.934702389654408	4.078147508704945e-96
-7.750411481460979	0.9999994831561282
5.784828384006261	-8.729926133873088e-79
-2.9836725042014933	0.9757782250270157
-1.0601948381245219	0.6855039654787437
9.680899145699978	-4.669619916792062e-138
6.2780849469224655	-3.283047049603093e-86
-2.8215586948876625	0.9672574921489665
-1.6419545219625409	0.8246707948226757
1.7144680168504287	2.2194990670508826e-17
-6.699063969577415	0.9999941831936464
-3.361141864793633	0.9886202878053203
2.8223202430177796	-6.145041696429877e-34
6.385489069455382	-6.835518659841939e-88
-5.403629305940596	0.9998852742608902
8.094009844329058	-6.385453919234626e-114
0.6350156728296454	0.005256775881793616
-0.04965582365572985	0.22203506136054169
-6.419469938113527	0.9999889272253301
-8.89693077312109	0.9999999631156458
-7.233033743565489	0.9999982988911403
-3.303398111239999	0.9871724208516764
1.5784227562664164	8.795611106322651e-15
4.649304322514499	-2.3299331369020287e-61
-2.3091828107497214	0.9241466431377591
-9.713136770251133	0.9999999943683352
-5.962221971818074	0.999968273844894
-2.481997181530402	0.9416846811476496
5.619170632728787	-1.4296346104198767e-76
6.468707096155995	8.33985203502579e-90
1.2626903567967762	1.1195260226990985e-8
-3.3903085349667084	0.9892936600763587
-4.339177238951901	0.9986845404209123
6.204798677670247	-1.946683589000464e-85
-1.2104916156485466	0.7282272715659212
-9.36872124004751	0.999999987553371
4.543195723182642	3.383385737674321e-60
6.535593822680919	1.2682178618645698e-90
3.5682035329074644	-7.854998370026049e-45
6.211275029415383	-2.1406809390083388e-85
5.693509801239687	-2.213097444266742e-77
4.192774337195724	-1.2206728190922685e-54
7.443205434920269	2.3115745721343698e-104
-8.696508844781686	0.9999999414854328
1.318358829818056	1.525011166696839e-9
9.748262849645183	-1.7391314184642434e-139
7.377238646277952	3.285396114371307e-103
2.8645708681384043	3.3368311645578444e-34
6.296745518902917	-1.2488555993221091e-86
2.0455358615974184	-3.322153124054398e-22
-2.310531375633862	0.9242967188542193
2.292753151179433	-1.216337501998788e-25
-8.571034272605619	0.9999999218842798
2.5140256304243547	4.836809514659636e-29
-2.7274952625924387	0.9612929420545053
-3.2841968063928606	0.9866552231020267
-8.266188668825496	0.9999998423900259
-4.113218999948267	0.9978053349041293
-3.1695351745751887	0.9831588181353592
-0.8064363167730448	0.5999418527743201
7.076050096102669	1.2869867274486919e-98
-2.1824435716495305	0.90913074823048
-3.9073000325579743	0.996517080204551
-6.798788448484232	0.9999953765616874
-4.839615933667694	0.9995808258114511
6.097457887190956	9.238306844105285e-84
-2.8096774848594874	0.9665467552704752
3.2814902148114413	-1.8228405000409805e-40
-2.948270438766487	0.9740968517282523
-7.33370651331569	0.9999986508482772
-5.456851447702005	0.9998984934349234
-3.7398963418903497	0.9949543794557647
-9.701421901159527	0.9999999942143566
-0.39475644995355275	0.41310804765236453
-9.979507250544422	0.9999999967271538
6.069844099939878	-6.767320684842176e-83
-6.296016262107131	0.9999852872175953
7.285837826588821	-1.5027876772904188e-101
-5.50601343481425	0.9999093478463764
-9.799916668395383	0.9999999953883465
-4.719853715293731	0.9994484296581074
-0.3969538622738522	0.41428349655806007
-7.746949050549081	0.9999994790191399
5.520234441051111	1.089432515536949e-74
-4.497147966053743	0.9990821521382619
7.013694996561441	2.503287669813957e-97
-0.8526943277888712	0.6172868334337711
-8.295065737672207	0.999999852528987
1.6523126849748024	3.9332995093291596e-16
-4.3036798189967485	0.9985740213292177
-6.78713386014679	0.9999952508143651
2.3701474349688123	-1.6967051923844527e-26
-5.3127048676780575	0.9998585922677059
7.174147147048728	-5.226807855373454e-100
2.8124529764286486	2.082144445189966e-33
8.233561821147049	2.183278303924465e-116
-8.299518285885942	0.9999998540331921
-1.2451278296065347	0.736972090087183
8.227252219104834	5.933447020893861e-116
-5.725933479938159	0.9999453475663682
-7.712996735165181	0.9999994366556769
5.739348551500223	5.636085626738257e-78
-4.717224577080206	0.9994450982787965
-7.8999795461321165	0.9999996337378918
2.7841277318854942	2.1360959684514555e-33
-0.704386641652599	0.5590928329227001
-3.0673946125356366	0.9793884939965367
3.1801607726518277	3.715742455412763e-39
6.372430582658879	-1.6579327111201376e-87
5.4540426378761975	-5.8073662976976065e-74
7.9088470139589795	3.857540474823198e-111
-8.86587713465175	0.9999999603817021
8.373610857641587	-1.83134820467589e-118
-6.228637981541327	0.9999828184373
-4.787050383800229	0.9995271376834969
8.934320220107882	-1.3861876118712015e-127
-9.107159703262496	0.9999999772692664
-8.359943286583151	0.9999998729925412
8.827713885219922	4.379583231810168e-125
6.798122320638246	4.694023248577329e-95
-7.753657219326162	0.9999994870043798
5.45545821807972	-7.09862638692867e-74
-0.037478647035570134	0.21589944286606466
-3.2779918395569885	0.9864841160319446
-7.871553774211719	0.9999996089634849
6.02510388870602	2.969161569788592e-82
-3.2292882358952824	0.9850711712061438
-3.925609426237129	0.9966564292679813
4.795811631459266	-6.545271823215974e-64
-1.978033649303402	0.8812641103370757
-2.528299895150279	0.9458583019051724
-4.240252258309791	0.998353284416782
3.926774628069083	3.4408788245239616e-50
-9.036592088891858	0.999999973258796
6.907836396341338	-6.473468564962325e-97
-7.026552474176233	0.9999972634146591
5.855472037975957	-7.655220887153584e-80
-7.700809114439169	0.9999994206227553
-1.8243565551713292	0.8571621538477765
2.6174964998736137	3.327309787313583e-31
-8.142922869136214	0.999999790661406
-4.353113625246214	0.9987255796804433
0.03055546559838973	0.18013758344326852
-8.957388666392578	0.9999999679089172
1.035449717772794	7.892489156352303e-6
-0.7400712902227049	0.5737761646179838
-9.90598482993532	0.9999999963876609
-1.7525334855284278	0.8449560588330719
6.30386884834985	-3.1380442419814e-87
-8.703117968788302	0.9999999423691704
6.01142393360881	1.7534955610761055e-82
1.6903046951164455	-1.8079152500780087e-16
-3.1279338249017608	0.981702907488736
3.0604575356783137	-6.258566847111449e-37
-1.5594673923133904	0.8084752704037137
-2.137179270976901	0.9033961875721315
1.3363228176391075	7.072321266763052e-10
-2.7852836453072616	0.9650478897333754
-8.639441392445711	0.9999999332684295
-0.9788512381710923	0.659822495755329
7.087147642314271	1.2113552333402518e-98
5.202758065733422	9.937447674423153e-70
5.165094818614314	-4.2690887149548054e-69
-4.887587849677542	0.999624503220791
0.7474212677655334	0.001359066069954074
2.1791568623409763	-5.171338228592071e-25
-1.8726684306776686	0.8649247369178438
-3.7889544275111975	0.9954712524845036
2.7771359577329147	-4.876454788956752e-33
0.20482199514948007	0.0966691211750829
-0.6922046545441862	0.5539353585138462
-4.144478291191365	0.9979548211319549
-3.9539973033768794	0.9968618551983509
-1.4794793409931515	0.7921498377942018
-6.584063027566267	0.9999924198455759
8.881426041865215	3.162402983043304e-126
-8.816793183351738	0.9999999556412015
-0.4485804513167615	0.441212953758588
-0.9698323588617264	0.6568902869806448
-4.987982197638554	0.9997017801850231
-1.3897519724087726	0.7721624024974932
7.532404567645234	2.964882447300506e-105
-4.707780628039111	0.9994329659478883
-2.4834210395101897	0.9418163196900909
9.219922968495247	-2.3377771966010476e-131
-9.570986543764036	0.9999999921875571
-3.193279491887382	0.983943248020185
5.722838417425917	1.185159702349124e-77
2.433563332149472	9.669581580238844e-28
3.357515585326496	-1.642585445779728e-41
-3.581780176579783	0.9928786131715913
8.374250623071646	-1.8881109988186451e-118
-2.263235060318176	0.9189121455042358
1.952203467299146	4.265544957676405e-21
-1.1825688346004917	0.7207861835213417
7.09170364842409	8.176609302247906e-99
2.156199565573109	-3.95687297677111e-23
3.3798975004628584	-2.570532785862812e-42
9.630336409616117	1.8930829734558053e-137
2.879385162632868	1.4126323069574778e-34
-8.726907366048513	0.9999999454411254
-0.1216984272638797	0.26219095988487695
-8.083213211865008	0.9999997598078822
-5.585555657517647	0.999924508225212
6.695513663345089	8.831478641223953e-94
6.334089428624274	5.996303852316393e-87
2.6197106182905436	5.681675543655597e-31
-0.666443351230793	0.5429407007427868
-8.182959214212818	0.999999809096954
-2.7015108049151815	0.95950394711968
1.0658269999127867	3.685110089188301e-6
-9.169916379200519	0.999999980327627
-6.5660013508349335	0.9999920979763604
-3.8424164943953887	0.9959765754405485
-8.858685476818211	0.9999999597201834
4.881650149995519	-5.483961004143484e-65
3.539887457335311	6.650651826138134e-45
-7.305305910376516	0.9999985596730606
3.4723490563408266	2.0078475103531824e-43
7.942725770153366	-7.217926060020614e-112
-9.81135175506087	0.999999995508188
-1.159089168493498	0.7143315638888971
9.43490987531639	1.553817660784028e-134
-4.5188402469808375	0.9991264973120744
2.9104449963457935	-3.0777144885993203e-35
0.5574584558949667	0.010721710245811818
0.05980690936620903	0.16473987595791678
9.898846488501917	-1.7711859954840356e-141
-5.903513284878676	0.9999636832589301
-7.289817477895375	0.9999985073800078
-7.4813008686734594	0.9999990395648585
4.651920851308695	-1.746910471730062e-61
-6.212195314371516	0.9999821555732873
1.4886727947976084	5.662305627442292e-13
-3.4649409649362406	0.9908538346734775
4.897998887741997	3.537609808524076e-65
-8.525999571210892	0.9999999133490918
-5.178661016695454	0.9998075569107117
8.761049742359628	-1.1509578137201984e-125
-9.969805239977255	0.9999999967271538
2.829422498505302	-1.3566402589259753e-33
-6.27608343056949	0.9999845963133229
5.2607552922210274	-1.789302656266172e-71
8.558189884493899	-5.464159893335608e-121
-1.8910353223581033	0.8678641666585876
-9.766142023680784	0.9999999950153875
-3.6315689171296084	0.9936065596333168
-3.000714728018141	0.9765540224719561
-2.9063999796328943	0.9719822564275605
6.317380896532242	6.615595698069257e-87
3.394197133314716	3.6248231533112105e-42
3.152973470408984	-3.776599289517861e-39
8.658698356445313	3.698365602928464e-123
2.1151289411024	1.6273462288245882e-22
0.6727244851916137	0.0034707949638582334
-4.4479256849312065	0.9989730809161093
-5.751592092140707	0.9999484814218049
3.0562052955277927	-6.493293185306003e-37
2.561853134381643	1.2542917734234367e-29
8.688408868483947	-5.2880045799926766e-123
-1.7295403992470568	0.8408808076241552
-7.396737675263303	0.9999988331087248
7.332769990274173	5.884173056809583e-103
0.34281351578320596	0.05021078281054121
1.4312203520811053	1.0662239870881395e-11
-7.756584025956426	0.9999994904499362
3.19761249051429	-2.0566073970634538e-39
3.3947692778595915	3.687470733563877e-42
6.352493012346709	9.200263649275108e-90
-6.610034385325951	0.9999928598313198
1.6645112641238846	8.459040987340526e-16
1.5384370923374	3.543879889833771e-14
0.06679628211001187	0.16113671000892474
3.741262574630099	-2.0134566172668044e-47
-0.7498094266848234	0.5777104402661976
2.3065817989746584	-6.474851807673482e-26
-8.652820131208365	0.9999999352927909
-7.225749298097717	0.9999982701184306
0.5050790742857245	0.016563672280398446
1.8128407084344111	6.620351910419174e-18
7.594035594850087	-1.2094726582154137e-106
-9.999282664485868	0.9999999967271538
-6.549145630881514	0.9999917852790741
6.328461125497515	7.240560407575543e-87
5.092050091841713	-3.258246968019381e-68
-1.998225697574597	0.8842463417942668
-4.790277697853411	0.9995306227771398
6.308210951159406	1.3355126653657606e-87
5.370089776544598	-2.059762569374334e-72
-3.638815046165318	0.9937064525482018
7.030062960676698	4.5014836483070706e-98
-8.58390896943543	0.9999999241660313
7.092170938742871	7.726600957397376e-99
-0.6053155467585789	0.5172861940188855
-6.03478096435488	0.9999731540319851
9.06438649755912	-2.430871335367073e-129
5.178958990069912	-2.2088783674717575e-69
8.013959718948556	-5.689214542980036e-113
-2.885593551889083	0.9708791283664767
-9.934801704239323	0.9999999966195628
3.065562367661169	-5.236412685777119e-37
-6.3614534484812735	0.999987344887888
2.0713024179458994	-6.2047751294194415e-22
5.222813098099902	2.2931814104581742e-70
0.10982592569820682	0.13950849519973765
-5.7730187242345465	0.9999509603117327
6.237323703161696	5.61119845658543e-86
2.798740968422674	5.83671119863139e-33
8.465935457803688	-7.70468206475603e-120
-2.5771367117526767	0.9500150189694674
-5.018789580650287	0.9997221472400397
0.6197128464506907	0.006183017546372383
8.378695388478093	-2.148052153237138e-118
7.492206721207538	-9.869242141984452e-105
5.203619487463161	9.997969276080415e-70
-0.7026050990462664	0.5583448369901134
4.700759610412902	-2.0053161327660515e-62
8.753498481515486	3.727563634032347e-124
-9.956209326027983	0.9999999967271538
1.4502498381121232	3.051359892761894e-12
-3.0636180300305016	0.9792361806032259
-7.704773745771001	0.9999994258877233
5.147600853332426	5.117797598620107e-70
1.3113983826112374	2.0845609128371445e-9
-3.402708482227168	0.9895687675491596
3.5723246096156647	-7.3140087441992e-45
9.05343417478155	1.1033878978950806e-128
2.907824609547154	-4.6078442236806586e-35
6.799762715948042	-2.0632005719291482e-96
5.632097434692284	7.627183261273404e-77
-0.6051089709560529	0.5171941583444115
-9.89018392865589	0.9999999962538175
-9.198202801554917	0.9999999815680906
-9.182752068310375	0.9999999809005401
2.0459876862590534	-3.6073381138128146e-22
1.5663164189978964	-2.0986832178705924e-14
1.8625743110225734	-1.208590388484447e-18
-4.109154294625639	0.997785126697911
8.369831969062169	-1.3859628919591292e-118
-8.20203189809655	0.9999998172992091
6.257204854035265	-5.818443620157384e-87
-9.56322887224621	0.9999999920467512
8.721461538082114	8.101298448426098e-124
5.408810738805524	2.5369967138479963e-73
-6.621740155159004	0.999993049700435
-4.1869242674813645	0.9981419177028747
4.353077254342086	-4.9384840445709694e-57
-4.092913854622733	0.9977025514483376
5.639187819934865	8.517620605272564e-77
-2.513297089845472	0.9445315831803985
-1.76810961753786	0.8476717910810737
6.081022109801776	-3.927026789783276e-83
-6.690391786497889	0.9999940658806887
-7.794016324781974	0.9999995325289269
9.387958272138054	-1.438154568027608e-133
-7.2599646359395775	0.9999984011733483
4.926371889307756	3.038782889713906e-67
3.667409980306555	-3.379843222949796e-46
-7.933779243666792	0.9999996611618273
1.3324130351873276	8.258869321668716e-10
1.1894009765127542	1.2157054269645447e-7
-5.536905782645958	0.9999155670599561
-8.364872117189744	0.9999998744258142
-8.295351198618853	0.999999852625888
-7.828225846964294	0.9999995679387657
-2.2658148451695492	0.9192123200607702
-5.08589132923543	0.9997618339608668
2.713366690690627	1.108815088171352e-31
0.4364664249372332	0.027784194891633977
-4.839241309917455	0.9995804655306942
-4.915697259789593	0.9996479573424751
1.7272529715847682	4.724291355253118e-17
4.438854059718338	1.704721833488617e-58
0.9611126135359491	4.1459452925551384e-5
1.8802919245704253	9.723440097240521e-20
-9.519027176721053	0.9999999911946584
5.929477324475908	1.1039104416994585e-81
-9.917498857702821	0.9999999964821673
9.834661563733928	-5.056055996045422e-141
-5.645814563610321	0.9999342823703897
-7.260441973676985	0.9999984029296598
-3.9645193002112578	0.996934838048173
-0.12092557152084993	0.26175145687775286
1.9986428764566675	-4.640763989168833e-21
-8.357107421270772	0.9999998721604896
-9.739553032762247	0.9999999947006768
-0.7676410503115818	0.584826600180746
-3.5179656881177257	0.9918314500539458
1.5693891555664408	-1.2850980675649986e-14
2.1433195457716714	-2.37664948045306e-23
1.7676746124521046	-2.69138749279801e-17
6.237167822988056	5.594981446045715e-86
9.649747475272498	1.2472563095935936e-137
-3.6211798141225193	0.9934607205771318
-3.5873787957925174	0.9929642049611175
-9.406171312013099	0.9999999885816849
5.404011499127822	1.9762216659909385e-74
-0.850807046519023	0.6165955986116951
-6.824648548137406	0.9999956438172115
2.833816924767362	-1.4102809001787147e-33
-7.044066371100266	0.999997371575052
2.7184784112463376	1.0020889360695927e-31
6.295700912884634	-1.395250092205506e-86
-8.039582473472514	0.9999997344236505
6.609796328380636	4.57694406798756e-92
-6.708643989583374	0.9999943100938605
2.1640381221036264	-2.9776143603243613e-23
-6.523952333448313	0.9999912946948009
7.405763923402237	-5.539954028227213e-104
2.670459883293752	-4.38321325333592e-31
-7.088769192075568	0.9999976286600314
-0.10420135635523131	0.25224686072931607
-2.0753563825886534	0.8951843690260473
9.596560332076727	-7.377474280354939e-137
3.6033398255086446	1.074932069984465e-45
9.872799740426885	-1.0691001180944569e-141
1.9194050438966812	-3.992634346062783e-20
-4.910764019935705	0.9996439494091944
1.6608420285223104	8.702209435638881e-16
-4.842946472515823	0.999584015320085
-5.7750203079650575	0.9999511856962388
-4.034185326670379	0.997378041708821
-2.781536556343025	0.964813056550723
-1.2647238418102589	0.7418189779797055
-3.2293799256043787	0.9850739508861704
-9.063694785188252	0.9999999748766203
-3.300698796561856	0.9871008237221962
8.35402166009779	2.4918622079195156e-118
-7.774452802606433	0.9999995109896186
-4.666050197074889	0.9993761200533642
-1.1941125380494633	0.7239002121639811
5.2732481401801845	5.595809427612488e-71
4.343336419704906	-1.285319863495548e-56
-5.777620611036158	0.9999514769525261
-8.44681215616741	0.9999998960174551
-5.842507624907918	0.9999582083510304
-5.666165822776668	0.9999372890776378
5.315979845569787	-7.751789739072032e-72
-6.1911647495589905	0.9999812703615436
-6.695832191449811	0.9999941397492179
1.0072249447890549	1.5436202875637086e-5
-1.0969015562852302	0.6964967500007337
3.586377657283526	-3.3337687746609416e-45
-2.5297283879713595	0.9459833808808992
8.73786082692235	1.173377973254832e-123
8.560174767654015	-4.876432943721089e-121
0.9994282297563686	1.8455670899914923e-5
9.628003204079327	1.7164683712262016e-137
8.541705153073917	-2.6042338087625632e-121
4.72145516174869	-1.1571577477297386e-63
8.264011870116484	-1.2282334658652574e-116
2.9295489919235216	2.0461704512602773e-35
4.135897397284136	7.640634341802449e-54
7.4705634211083805	-1.1368167602273975e-104
7.113122285511114	-3.5354596376075086e-99
-1.2880563897639608	0.7476773472134141
-8.039041729660692	0.9999997340927744
-6.919796619224212	0.9999965008579826
-4.185287561630449	0.9981350253957958
0.07238600481608515	0.15827138735806784
-3.8613832624566236	0.9961424373794241
-5.143117718996089	0.9997911777939614
9.371771334423006	-1.5631149147887704e-133
-7.246863859408026	0.9999983522089176
-9.786558221323943	0.9999999952442918
1.9275521230161097	-8.658610998613748e-20
6.80271647471249	-6.971855763597227e-95
2.118814135380159	1.435937438700287e-22
-4.793158999883267	0.9995337126175246
-5.560577338084496	0.9999200425059974
6.131612556204416	-5.769873472664247e-85
8.28659680030086	5.9137351851716675e-117
-5.717983680946381	0.9999443384885301
-9.71868706209326	0.9999999944398505
-9.28812222124693	0.9999999850152006
3.838234430798938	2.3516846032020843e-49
8.090116489161229	-7.49376157134158e-114
1.9018971204685862	2.7983078915089234e-19
4.519233194348487	2.896601217214375e-59
-9.274879755881278	0.9999999845512488
-6.138959680580505	0.9999788785161053
-1.0124095918078702	0.6706735824427879
-2.039576898807982	0.8902035479439994
3.6782718425436514	-1.1873993630818936e-46
-1.1680504068394626	0.7168119076838321
-5.794749140399369	0.9999533525833463
1.2598423965935623	1.2268429289810272e-8
2.273099960048551	3.658268985140352e-25
6.369843449258028	-1.733080996217468e-87
4.490979826558949	-4.569702480380863e-59
-3.8452895354315064	0.9960021346244683
5.326054506270852	1.004079063165313e-72
-2.359858311281582	0.9296420945062575
-2.68264705241386	0.9581639825730455
7.29857508167553	1.4980702985298477e-102
-9.504661343263887	0.9999999908985205
-4.272854206009069	0.9984706505565688
5.122641800772914	1.8259454674578403e-68
3.1915302936195253	-1.3196817177104725e-39
8.775454472288985	-2.9006307216635604e-124
-3.638207358082317	0.9936981322026238
-5.177533395936642	0.9998070575355985
-8.470385820814972	0.999999901511276
-1.5437455211639808	0.8053705236660073
-6.27987478078444	0.9999847301801879
-2.232585672553422	0.915289108332667
-1.75413304121955	0.8452365776244485
-5.340107464198374	0.9998672278836668
4.810103199448491	5.666956492643023e-64
7.204161175065234	-1.0666307884943143e-100
1.9177835845487614	-2.1082665675901168e-20
-1.2647719329148277	0.7418309292672474
-3.8779716114414375	0.9962820718484169
-0.8112204576427153	0.6017736907458825
-2.6712155902837065	0.9573350491315228
-4.410510392182054	0.9988816727685079
1.6000490466715611	1.355884569564981e-14
8.46230714409661	-3.7803525981036884e-120
3.8673241708259543	-2.008899480110754e-49
-8.34868356925693	0.999999869656639
-0.6850679439752625	0.5508765812850253
-2.748712903419026	0.9627058014655047
-5.746659488397898	0.9999478932394597
4.562365472226642	-6.702291547777367e-60
-7.496594108718235	0.9999990727966027
-8.645954768213887	0.9999999342617719
3.223321886921905	4.377258512390962e-40
3.585945574620908	-3.477884997217571e-45
-1.4648109015996305	0.7889905013725832
-6.632337777282631	0.9999932172362784
-8.352160785493234	0.9999998706960715
-0.1940689261650661	0.3036097625040072
-0.07342237646884442	0.2346912234873889
-9.925426510775512	0.9999999965457962
-9.214610984188486	0.9999999822514788
2.8232309575683487	-7.637900957473486e-34
-6.8585398821862675	0.9999959708248417
-6.652353667253559	0.9999935227317529
1.8240535546906642	3.8897017583287346e-18
1.7637334493330226	-2.947756062247217e-17
9.800574364655084	3.600500264359203e-140
-6.942728365528765	0.999996680821187
-5.386650987569994	0.9998807055985327
5.873752345879545	3.445158503179737e-80
1.4559468907788045	1.9028526191679356e-12
-2.4597305711452266	0.9396051763675806
8.862326451197863	-1.137584866449243e-125
-0.14773050430182622	0.2770604100878812
8.077256260035842	-8.441076243681384e-114
-6.479588683584114	0.9999903585189143
-1.7972451649890289	0.8526568347161038
-8.899275965673162	0.9999999633142849
4.139834830914184	5.601681703949456e-54
-8.38684921344852	0.9999998806222791
8.954402826895482	1.855114641259978e-127
7.159354866988497	-3.9502170206913243e-101
-5.5499661729547745	0.9999180663994733
-3.3656943490184377	0.9887278643003226
9.434660438873781	1.6150641907648616e-134
-0.5436360524267947	0.48852208837069544
-5.348319188286856	0.9998697116413884
-6.070328599812185	0.99997526339774
3.7716331905759226	5.3422794431415194e-48
4.721228964704842	-1.4386509783893282e-63
-2.2718417313247974	0.9199106474060115
3.247300515012107	-6.742298985595604e-41
-8.813973140695147	0.9999999553522251
1.7974373291327304	4.258896508149391e-18
8.561873219043573	-4.298250720417986e-121
-2.2731169089692482	0.9200578743156226
-0.020409152757782323	0.2073264057716992
7.623308263689221	1.0984096144460535e-106
-9.6589942434283	0.99999999362061
2.3582579431937667	-1.9041607813756143e-26
-1.310277102018972	0.7532168123200855
-0.06878284027913573	0.23211891904516624
-5.0890761393507145	0.9997635701438642
1.9646774162435108	2.0784634693264683e-20
4.388865144822546	4.854334739225369e-58
-5.906753348283504	0.9999639530972976
9.289945242319938	-3.4109892847627744e-132
-0.8825384764280955	0.6280527704239219
-9.841968680911858	0.9999999958139479
4.871052344305834	-1.410306124547616e-64
-7.4753734323561805	0.9999990263667387
-5.247266682061511	0.9998356329413162
3.1925045451362077	-1.5224543089000763e-39
-6.59949110383808	0.9999926843808804
2.9123454697407745	-1.9793422792978812e-35
2.003578867704036	-3.2555716433377377e-21
-5.225422211405886	0.9998271682119424
1.9303041717463678	-8.770146367434418e-20
-8.97656798971699	0.9999999692952926
3.226765138786858	5.250200903842107e-40
-9.919746975133425	0.9999999965003292
-6.881611009675002	0.9999961792742001
-2.2729153848938077	0.9200346193559847
9.112953752047133	1.5730794637425116e-129
-3.4800473139704913	0.9911428761794072
-7.191993502264427	0.9999981303011968
-1.3294970887256419	0.7579032423342974
8.084262436910517	-8.55688564257545e-114
-4.874622783280436	0.9996131670069686
-4.9860000011112815	0.999700419887606
9.78541327303002	5.447430823414573e-140
8.627998727497403	-1.9060234459245084e-122
-3.1381234792265866	0.9820693382759267
-0.2413759151515471	0.3306997787234071
-3.7565599259018168	0.9951359756428356
-6.740499482511817	0.9999947124892171
-9.301059030681884	0.9999999854549839
1.7801440307344674	-1.2877299461644676e-17
6.392154524682457	-1.2160176286237439e-88
5.0363453570032135	1.3616346151756814e-67
4.436108286818893	2.0083719957282033e-58
2.079987538561534	-3.633609920983625e-22
-3.1161029681075947	0.9812692622594276
0.09961068434671816	0.144537042262443
-3.1930326918955743	0.9839352636062149
-7.110904205671766	0.9999977464908459
-5.486145652346779	0.9999051083340851
7.84021912149003	5.890598707711872e-110
-3.789233214024801	0.9954740393110226
-6.74283988394349	0.9999947409052782
-1.281440968111962	0.7460091711718755
-5.987030688822452	0.9999700348670224
2.485972929253389	1.5481442386734553e-28
-6.777532942799409	0.9999951446600529
5.193820784817259	5.1801141941257443e-70
0.5704799081654386	0.009672122836603672
-5.904683374637609	0.9999637809382502
1.1134830397236541	9.888325412987057e-7
-9.312789655873011	0.9999999858425994
3.5633844687267633	-7.86677876913696e-45
7.828964677893051	7.819034519079009e-110
-4.463703081154526	0.9990093717205865
8.596603183228911	8.67855414451254e-122
-9.027240747107843	0.9999999726767582
-6.358596190077348	0.9999872613642674
4.05723769718287	-2.659062662864143e-53
-2.081015662491943	0.8959577145386287
-8.241451885039135	0.9999998331522183
7.630560353279105	4.263173872106408e-107
0.9424390579786959	6.03718213867546e-5
-4.099620669527546	0.997737011547949
2.1627450929626377	-3.1991815755286233e-23
-4.482442269185096	0.9990508272935047
-7.202954471217025	0.9999981768985808
-8.910387775383995	0.999999964241014
9.744264256987769	-5.070103991289285e-140
9.866591628303162	3.81224558711069e-142
-8.96140440414742	0.9999999682042828
-7.7214851849343225	0.9999994475594971
7.433904818964059	8.971369312773857e-105
-7.277167484115377	0.999998463265477
8.49305554083169	-4.290376336768088e-120
8.380507084823122	-2.1922871115403937e-118
-6.776673145884078	0.9999951350386092
-8.207673085826963	0.9999998196570191
-1.826314800861466	0.8574817796783232
-6.560067529075764	0.999991989276838
5.3325144819091275	3.2956620972153133e-72
-6.263042984445963	0.9999841268488976
5.458230078032699	-9.021577091893971e-74
-9.534025948165956	0.9999999914935682
-4.3639654705653985	0.9987566573859173
0.4240930733825401	0.030254415821418582
-9.439217401138515	0.9999999894182894
2.7132321260646464	1.109979540085249e-31
3.460057641139045	1.236874013498215e-43
6.372343188440279	-1.6614192114103133e-87
-6.742700870027871	0.9999947392217096
5.5276872002169775	9.920987597450183e-76
3.0350094210882226	6.947294775313521e-37
9.61676670453246	-3.6952688943190647e-138
3.918784175134288	4.45924438672421e-50
4.588216041574098	1.1359556012209957e-61
9.675811902765648	-4.4818262381441007e-138
-5.557978399108343	0.9999195629573435
1.4710149134571182	5.440307745408616e-13
-9.227554328580151	0.9999999827726356
-3.463890514541328	0.9908334141342658
2.02351124243528	1.3035507354185885e-21
-2.596329984363326	0.9515812811758869
-0.04118118802740156	0.21775395898223962
6.621001141031471	1.8286579307956178e-91
6.29858678091545	-9.934833159802226e-87
-8.665181116906968	0.9999999371085413
-3.9348849504913375	0.9967249456389031
2.290702755422256	-1.0760816245302839e-25
7.283751779147863	-1.7965568291022453e-101
-0.25122362755257477	0.3362883836681007
1.0351342197774915	7.952944205242897e-6
-7.082211432296068	0.9999975925822723
-4.799434058740224	0.9995403719523515
9.345769222777136	5.946483820653579e-133
-4.996581370498201	0.9997076104557864
7.8770550856554635	-1.730347459218672e-110
-8.290763597542528	0.9999998510608697
-2.925011853371573	0.9729394087339858
5.846588499430103	-1.424368612736147e-79
-2.162739597129817	0.9066493349565209
4.8917619800927845	1.6058123738784308e-65
-5.522458656745224	0.9999127135137219
-5.168098036595685	0.9998028280007956
-7.7815161644019515	0.9999995188784965
2.121683513075343	1.2436281433884591e-22
8.568845658085571	-1.6251513212314885e-121
-7.71762510756417	0.9999994426274448
7.289221385605828	-1.0098868790179528e-101
-3.7401974502183544	0.9949577176403572
7.502022042947122	-4.438707511260899e-105
-3.401866380060823	0.9895502916228849
-7.7574874815365025	0.9999994915088419
3.6591852059207532	-4.152280077636472e-46
9.89003385586269	-2.240520206856572e-141
7.112080484686917	-3.5567492465758927e-99
4.624106060223303	9.577232982946124e-62
6.512747073844377	-5.345618873953738e-90
-7.498361035017904	0.9999990765612465
9.613923380231896	-1.256301800264759e-137
-4.487082815371366	0.9990608248963283
7.3161630749864734	6.074816722212513e-102
4.24360067205539	6.966052805836863e-56
3.431557825050856	-8.686101996219174e-43
-0.5094687531892728	0.4718747783838688
-0.7491992334480546	0.5774648650010749
0.5173057101879053	0.01495723515481497
-8.562951579158792	0.9999999204168482
-3.516755718799822	0.9918102702856441
-3.1866826876267895	0.9837286186757619
8.375637766165049	-1.9938346141577416e-118
-4.383591916822218	0.9988109734876481
4.748693842927953	7.030910468951676e-64
-5.810397874268385	0.9999550027700895
2.2254783443558956	-1.9535190359162387e-24
-8.211379174021047	0.9999998211894435
-3.8582017102871102	0.9961150834229993
0.5326243939170272	0.013129095719169169
-4.394233163157004	0.9988394352575477
7.958313714135375	-7.533066417427189e-112
-0.6151362810130934	0.5216023628135577
4.437334914698168	1.8881345439472064e-58
7.118982332959401	-2.751417483964588e-99
6.61724377995202	1.5728171965334557e-91
-4.464342609019427	0.9990108156409372
-0.3127310372826919	0.3706116694167549
-1.2532059845841417	0.7389676764604667
-7.7961060631792956	0.9999995347728883
1.2971341577615512	3.762998126337613e-9
0.5401502173988995	0.012328133180742253
-1.328882061555369	0.7577543705222302
-3.103620418246451	0.980802007313498
9.936179822322018	5.1505393868016555e-142
5.8844250687097865	2.701778390779666e-80
-9.509845351250545	0.9999999910065156
-3.3633005276455252	0.9886714134086675
-4.76079051850649	0.9994978062112564
5.839770990258195	-1.444885898089591e-79
-8.521069893605514	0.9999999123599114
1.5122106421114712	4.609885033829392e-13
7.691146664082915	6.7505752274925516e-108
1.711734672054348	-2.9966167785221017e-18
2.451013492806382	-9.69230651675258e-28
-6.377407283518699	0.9999878012811014
1.8208723066819275	4.854561991586494e-18
-6.386411712946973	0.9999880515656397
-2.3057890344745946	0.9237680608830443
-1.1538022367690104	0.7128581819818717
3.6149721371241874	1.8021800674402957e-45
-1.9881606643735026	0.8827656626462561
4.237740077308722	3.56222749879751e-55
-7.315126683701791	0.9999985918775408
-5.124877852726848	0.9997822395126946
-1.1736329239188024	0.7183466310474074
4.933405280462605	-7.469500119525322e-66
-9.21645168294039	0.9999999823265437
4.119229538557509	-2.1333851896446437e-54
-8.35803807623465	0.9999998724341456
4.777809478369051	-2.8754279604629844e-63
3.773615388565691	5.0287297623489344e-48
-6.557681654591385	0.9999919451505249
-7.338840716728718	0.9999986667037245
-8.386348473637387	0.9999998804845588
-5.1030886323547	0.9997710602419786
-8.727195580010726	0.9999999454773204
-0.3544889159698492	0.391826812860667
7.526964962133778	3.082188120056256e-105
-6.54319818635523	0.9999916720183395
-6.903694257789588	0.9999963686892523
-0.20392899952290122	0.30927523471266705
-8.580395564346773	0.9999999235500544
1.1757328169203252	1.648118387550264e-7
-7.669551704133566	0.9999993773862857
-1.9194351377455199	0.8723413575846145
4.83959815651251	2.343906952625261e-64
-7.302161030449068	0.9999985492054184
-7.813237141458691	0.9999995527669326
-0.14116744737999198	0.2733029625679738
6.773026590080416	4.268638475182007e-94
4.881513724539911	-5.602327477330844e-65
6.631973642333641	1.7146840099995156e-91
-3.408025689504117	0.9896847369609226
-1.925256338296176	0.8732451189608006
-6.657330162731854	0.9999935965262777
2.5925038844262183	-2.877966480553888e-30
7.413467437220838	-8.98329181859876e-104
7.778949248198646	-3.4422520045817945e-109
-1.8397160653412303	0.859651830810604
9.09141713245877	-4.140877590170743e-129
-1.5435786128116735	0.8053374921225546
-8.763854520766717	0.999999949890726
9.11147401362787	1.455682350133293e-129
-4.114686341410616	0.9978125855203406
-0.03205802324925067	0.21318936081687806
8.340394026787791	2.9352212730352625e-118
-3.680539775386382	0.9942534975316265
-7.412610455564592	0.9999988749862462
8.37193937689387	-1.6581663709132574e-118
-8.406779855557582	0.9999998859769442
-9.881136231218065	0.9999999961749543
-9.251440807995287	0.9999999836945657
-7.949678807552498	0.9999996733423305
-4.906378802152185	0.9996403485533724
9.9271112148501	3.8209481026206156e-142
-3.4551263724703407	0.9906613891334834
1.7872303249486343	-4.179696888604435e-18
4.061174798707512	6.329828653500712e-53
3.1898238274664656	-8.747408724191953e-40
9.676178086094009	-4.523431487901834e-138
4.761871815958374	-2.777206583357372e-63
7.751053480523918	4.260945867180263e-109
0.9359665664922581	6.879856144807728e-5
4.797751064204867	-4.166117074679628e-64
-6.323005306977052	0.9999861735894704
2.5531988887926094	2.8324051090847367e-31
-4.36645445424539	0.9987636791098021
0.5297796321021675	0.013449803208753802
2.405929711710204	4.141832468059443e-27
9.589221234738417	-8.843884188440763e-137
5.706440924267614	2.4836583573592906e-78
7.418957043678908	-7.478307471698482e-104
5.436708229948781	2.5807658137883875e-73
-4.893645968624405	0.9996296862191456
2.7807577278693074	-7.84442195497328e-34
-5.7206664848786914	0.9999446810851407
5.497652835164807	1.9158403653999547e-74
-6.170441974259382	0.9999803551664949
-9.420716955630994	0.9999999889577809
7.795744185395961	-2.1644461035162194e-109
-5.917090389163149	0.9999648006644626
0.8836939528058743	0.00017440294179076992
3.4847746270524596	4.322537198995287e-44
-2.8459790697142084	0.9686796771215948
2.2288958994875294	-2.1994763169797415e-24
-6.940908545898075	0.9999966668839804
6.097779816362873	9.725786062501435e-84
0.46743431222968645	0.022213170548345547
-7.3990351321772385	0.9999988392653172
7.408144516896034	-7.494938900968435e-104
-4.178751097954283	0.9981072485668314
-2.056019536643996	0.8925123996400118
-3.0690362203232358	0.9794544062679746
2.872897085784217	2.7630076661223722e-34
8.99129347110032	-1.2807917317604149e-127
-7.315203389985383	0.9999985921262226
1.7329715866770314	2.8684709833200595e-17
0.6491121186926652	0.00451319343103945
8.442924881271065	3.633912676032674e-119
-6.825498674277126	0.9999956523357239
5.89890945534734	-3.4481826352955292e-81
-0.5740471723128859	0.502932377172604
-9.983322263838756	0.9999999967271538
-8.549539463538757	0.9999999179207741
-9.957587141729679	0.9999999967271538
3.7402959886693576	-2.0957890454848766e-47
8.025260443126648	-3.25742231448819e-113
-3.1065110685528285	0.9809111102725172
-1.095153624794488	0.6959805662533666
-2.2626891953237127	0.9188485336834423
9.15337282182307	-4.049657355012008e-130
-0.3615190463922868	0.39541010008931965
-8.491481286807687	0.999999906180885
2.7420340271699253	-6.3284538691011e-33
2.973811227635025	-1.024771130591908e-35
-6.6861924996358635	0.9999940082281344
0.7780067330907094	0.0008825892012994831
-8.157331993900794	0.9999997974930168
-2.5427194754724836	0.9471112429152139
-9.284951309059263	0.9999999849053925
3.4849245232049206	4.1213134828596824e-44
6.718917227600755	7.486253927250572e-93
3.3283764337766097	4.2812143111095875e-41
3.1060381387714173	1.1403023503715143e-37
3.2931495224089815	-3.417112333957756e-41
-8.299941392826558	0.9999998541753294
9.372568695266928	-1.6323042538240112e-133
6.046218977619937	6.178488375705284e-83
1.0449021874608064	6.2694911265331175e-6
1.6432199700911454	-1.15557122425352e-15
-1.1277821544170799	0.7054906636441732
3.218253119719847	9.790609330755527e-41
-6.132923897147187	0.999978582984784
