8.09946697944224	0.9482378516430643
-0.2150110585817533	0.9482556770806494
5.773218914630318	0.9482378516498354
0.011934935536576319	0.948239019108162
4.875557921473362	0.948237851696698
4.0287934870405895	0.9482378520627018
7.309123685597562	0.9482378516432419
7.2408646958581	0.9482378516432302
-7.7728242841351936	0.9999997105178677
-2.2411744125296185	0.9709135480239832
9.525088152969992	0.9482378516430325
4.234948944040413	0.9482378518444842
-4.661291760027946	0.9996302210723084
1.6372495867311443	0.9482379460276886
-8.925873930647942	0.9999999796494576
-0.7913679542286225	0.949111211503461
-7.052641454868214	0.9999984801967376
1.237215759711363	0.9482379332298735
5.741551108484897	0.9482378516494674
1.8097476303318096	0.948237897748299
-3.6317388394694383	0.9964409152886211
-1.3054437005005646	0.9529828435137288
8.949892052638422	0.9482378516430375
-0.05259612229946953	0.9482405012797598
-2.511551583431393	0.9777015241032738
9.195857753513206	0.9482378516430338
7.760344401953002	0.9482378516431377
3.9393142159040764	0.9482378520546327
-1.4023375899249366	0.954211389548902
4.496230269750413	0.9482378517552049
2.3665682327490387	0.9482378717122816
3.1444254846197808	0.9482378549584825
6.843651768303687	0.9482378516438899
-2.7589292526263165	0.9835991359885952
-8.836388980609765	0.999999974993043
-4.7415536901468425	0.9996919979233699
0.07837939886938017	0.9482382970473019
-0.8984899696849027	0.9496010832660807
-9.834679506359816	0.99999999748944
5.370178524583995	0.9482378516657022
-6.527637055172404	0.9999949097221832
-3.2970122685258474	0.9931433617887916
3.545114612861706	0.9482378533168009
-5.456077774449293	0.9999400859220589
-3.674674906175577	0.9967426714828905
-9.403733708136626	0.9999999932280095
-3.403334203097441	0.9943900351016705
-3.5089221409164795	0.9954375148424306
7.991157242485983	0.9482378516430842
-3.44677714057235	0.9948430647731153
-6.8606601600667405	0.9999976354051486
4.603667280715706	0.9482378517480216
-5.813761443021441	0.9999736780300026
8.623127526692087	0.9482378516430442
-3.168933566708323	0.991364562501537
7.488717492102772	0.9482378516431833
3.169129292157855	0.9482378549621999
-3.3092845150848937	0.9932976215603253
-2.8331313152011406	0.9852225199513847
-3.8823389473190284	0.997900476459084
-8.160919285087967	0.9999998815516524
-6.974199981497975	0.9999981793587998
6.3202885321063995	0.948237851644554
1.2265010266927057	0.9482379344009082
-3.776272894534647	0.9973671520184155
-3.023296464117018	0.9889601704680593
2.723835600169844	0.9482378577902281
4.824591757350415	0.948237851691219
8.395038679717622	0.9482378516430493
2.396925169893173	0.9482378642487983
-5.525523372303183	0.9999489250456309
0.9231969834653952	0.9482378921412328
3.9174727556121027	0.9482378520222557
7.409397699707444	0.948237851643242
-3.3240943294841463	0.9934801023222858
-4.124260755852247	0.9987622890426446
2.7259348150994924	0.9482378578462067
5.939308349514128	0.9482378516498321
-2.9224270011142517	0.987058905764087
2.5798550184130775	0.948237864708057
4.300939675834602	0.9482378518523426
5.473980756008906	0.9482378516565788
7.251056261298153	0.9482378516432397
5.904700298813999	0.9482378516496844
-2.5088706881074563	0.9776345804866389
-7.021557235100628	0.9999983674368242
-5.25937095907119	0.9999058643827081
-1.683098512956036	0.9586423744114395
-1.1239222878560682	0.9511512564332772
0.506308709332469	0.9482378893267223
-4.505994217311442	0.9994739503961041
1.6874559670805098	0.9482379458959229
-2.742858072827028	0.9832386263068288
0.34135722387978795	0.9482378927445012
-3.777074204250428	0.9973716112059969
4.707916621167607	0.9482378517479224
8.33362624100847	0.9482378516430574
3.546682562157745	0.9482378533057951
4.522008698605147	0.9482378517387707
9.640488763986394	0.9482378516430315
-0.16402948863040478	0.9482481475938138
-0.5630440441457871	0.9485101987820858
-6.303594995507735	0.9999914741991094
-1.5871663700572611	0.9569620519406984
-7.29219249565455	0.9999991245216375
8.476486142050117	0.9482378516430445
9.826366443113766	0.948237851643032
-0.4509330292411562	0.948368068582228
7.935168689423602	0.9482378516430844
-9.9202319467398	0.9999999979383294
1.4989011324495483	0.948237946688697
4.239764018256613	0.9482378518489832
-3.2983287149669582	0.9931600420154043
5.065986710576347	0.948237851690022
-1.703792349736947	0.9590250789438624
-5.755203389582948	0.9999698822350177
-9.268695424592126	0.9999999907582435
-5.276417878345994	0.9999094772012289
-7.685473371026181	0.9999996460255989
5.825130442490547	0.9482378516497001
-1.371894658238082	0.9538071422986938
3.2873835370387816	0.9482378535546786
-5.381631749128282	0.9999289084841796
-7.0187549332856625	0.9999983568691067
6.033220401215406	0.9482378516461253
8.562424737956064	0.9482378516430444
-5.509963025959483	0.9999470650880304
-5.643726725147955	0.9999610797358066
4.319324491700375	0.9482378518531566
-7.964082352103419	0.9999998136346305
-4.801705941309753	0.9997314907525773
7.998673838379368	0.9482378516430843
-3.2196916788721097	0.9921068278156195
5.875586380908917	0.9482378516497135
-8.940883121415752	0.9999999803407585
8.21675999512522	0.9482378516430572
7.022183780113458	0.9482378516434519
2.4893435628445424	0.9482378646361196
4.451054431003518	0.9482378518517453
-7.302041610543166	0.9999991441520781
-5.055092421739187	0.999849602866087
-4.083821211864032	0.9986466763862256
4.925156021598273	0.9482378516959384
5.899394875055837	0.9482378516496999
-6.130809368275423	0.9999873099813675
-7.5609087994187085	0.9999995284426691
-5.835686400127735	0.9999749728364392
-0.0108678919196592	0.948239439552438
2.618641003905907	0.9482378647546157
-5.738047973320737	0.9999686699315035
5.097945753396198	0.9482378516713964
8.701311940120231	0.9482378516430392
-5.68318273874576	0.9999644559202092
7.950764901090377	0.9482378516430842
-4.879790317901196	0.9997753562799672
-5.606107544720791	0.9999575629237535
-0.21400158922827117	0.9482554923151675
-0.7562717875259128	0.9489820994709325
-0.5150672556471481	0.9484395929407579
4.790249209481825	0.9482378517062215
6.8119810316753835	0.9482378516438689
-3.1358207652388304	0.990853576164118
3.2644040461480817	0.9482378544225155
-1.332111014921482	0.9533040704232598
0.5173131001409601	0.9482378899445696
5.977030437558932	0.9482378516483683
3.215982702144448	0.948237854952896
7.121884179206898	0.9482378516434505
-8.579146791526874	0.9999999547828917
1.280954017010556	0.9482379335509624
0.9321544477583252	0.9482378917308093
2.4098345067739544	0.9482378635001444
2.0143518831134877	0.9482379016677314
5.0230168201066725	0.9482378516959249
1.0858251645148265	0.9482378920585337
4.59311475043541	0.9482378517482012
7.252673471756637	0.948237851643241
4.357933480606064	0.9482378518533996
1.664365884755746	0.9482379462332995
5.271485128205313	0.9482378516695942
9.504531013434448	0.9482378516430323
8.994198818919138	0.9482378516430356
0.3480632576688425	0.9482378922192309
-9.018329482828452	0.9999999835517238
-3.6484779371295684	0.9965613969889076
-9.587683944057801	0.9999999955663026
-1.868847626367538	0.9622658505728084
-3.9441199066726496	0.9981628789761207
-9.337212796332075	0.9999999921070898
-3.7040781103601272	0.9969359058577526
7.424208100130578	0.9482378516432415
-6.524709640116497	0.9999948753002418
-2.471890917296724	0.9767079701138844
4.867767443438877	0.9482378516970545
-7.82053382539091	0.99999974063425
2.762885818799198	0.9482378583537184
-2.6804347332542955	0.98180394991733
1.4284164009904732	0.948237932940728
-8.867376427939249	0.9999999767151504
4.199877614860652	0.9482378518526022
2.9174328024196647	0.9482378582400824
3.5687447328512345	0.9482378529756307
-7.629804679376302	0.9999995976168036
-7.0514978063340505	0.9999984761894809
4.307334797228123	0.9482378518524905
7.9326857421152255	0.9482378516430844
-7.792339678426932	0.99999972323789
-3.020653762570653	0.9889128239173861
6.584588279739169	0.9482378516442637
-0.39314219053730426	0.9483222912352234
-3.1135561531039224	0.9904980723245889
-8.89232123007333	0.999999978014889
0.8073351940974796	0.9482378646026054
-3.131460598664182	0.9907847139305134
1.9540766517706452	0.9482379016032877
3.5980779765695416	0.948237852473243
4.301602447766989	0.9482378518523449
-7.69560060531798	0.9999996541843055
3.9790983623157494	0.9482378520651681
-9.115142053899913	0.9999999868384214
-8.956547834800519	0.9999999810372153
-5.684191215862242	0.9999645382663864
5.265969858899657	0.948237851669579
-1.5946143456589468	0.9570875503603461
8.61897417423262	0.9482378516430442
-8.41809688573842	0.9999999344832569
-3.6239470033833454	0.9963835655165395
-2.778960459839648	0.9840444765642383
-1.9988389579819543	0.9651273309792869
2.2341864838926195	0.9482378773584187
3.5231153103100077	0.9482378533201147
-5.002712495126986	0.999830429943457
-1.4209495767740332	0.9544669355684042
5.498636069147938	0.9482378516562867
0.6150956649355521	0.9482378651622714
-9.383238117526762	0.9999999929007635
-3.239484700302082	0.9923829176589567
-1.5775512126837263	0.9568022505648381
2.7410779812263684	0.9482378582475169
9.747018692353837	0.9482378516430318
7.581740027750765	0.948237851643139
5.488674203016979	0.9482378516563681
2.077913889723927	0.948237883841151
2.1986677357842908	0.9482378772367432
7.243270119885899	0.9482378516432323
-5.158388225744575	0.9998813164446712
-4.404132663757099	0.9993378490195549
-8.238911870903207	0.9999999010224008
7.231724143504877	0.9482378516432237
-0.3608222521868285	0.9483030784838604
-3.440553923321441	0.9947801020192406
5.134178352688675	0.9482378516679908
-6.99826906140633	0.9999982775090119
-6.601123864835414	0.9999957020057637
7.884080722090786	0.948237851643085
1.5038340522657414	0.9482379469521504
-1.7237842977576037	0.95940154837788
-5.236185818123418	0.9999007188869745
-3.811331623929002	0.9975558928757186
-5.477769196522706	0.9999429994992592
0.2132735786782458	0.9482379440137811
0.8109417679529187	0.9482378643932652
0.017043021929591617	0.9482389372704735
-2.4189848869687225	0.9753898212273989
-4.830634830005867	0.9997486535112013
9.37377749046837	0.9482378516430326
1.9417692191227243	0.9482379015944441
-0.6961036418662339	0.9487934569964915
-8.994960986369627	0.9999999826424284
9.819803727811234	0.9482378516430318
-7.407809191104944	0.9999993291405176
-6.865582853195238	0.9999976620544605
1.5798267690364831	0.9482379461075303
0.4274552384353125	0.9482378896203782
-2.268315602284008	0.9715932237325176
-8.46445507099431	0.9999999411164426
-9.937097383897605	0.9999999980168566
9.2505989438995	0.948237851643034
-9.554767163344895	0.9999999952171923
6.88402467886111	0.9482378516436654
-2.759263163271255	0.9836065937748018
-5.092438998230517	0.9998619402942941
-9.275033890239431	0.9999999908921471
8.118861095401474	0.948237851643056
-8.16495183824555	0.9999998826463969
-7.800844332592325	0.9999997286048733
-6.864002220944747	0.9999976535305102
5.018241880394317	0.948237851695708
2.3802594778018804	0.9482378676759708
0.5857013444829597	0.948237869563322
1.6068063228222673	0.9482379461238479
4.96049821070509	0.9482378516959517
0.7750887419511265	0.9482378644616574
3.9013378603404405	0.9482378520493076
9.87594704115407	0.9482378516430319
7.6496597608105965	0.9482378516431371
7.887582732808621	0.9482378516430849
-4.775409796919949	0.99971488447549
1.2913630601196289	0.9482379336156984
9.433861236995405	0.9482378516430328
5.521245421067107	0.9482378516563186
-5.9376042561357245	0.9999802044585483
5.682053310685253	0.9482378516527142
4.44614761789162	0.9482378518559039
-5.092029029426111	0.9998618104874374
-6.2122861147107455	0.9999894799915899
-6.938032775610625	0.9999980212560385
-2.132896110283813	0.9682668834879508
2.600907324959092	0.9482378646142356
-0.4944294554368014	0.9484138512302991
2.4593006311113275	0.94823786495212
2.2215840380409	0.9482378773578629
-0.3121328049140981	0.9482824230304708
-4.527753511986297	0.9994992441669577
-3.0289743216579357	0.9890614340682027
-3.8929503808380517	0.9979479080889497
-2.786266058457789	0.9842058884202173
1.4593773842164417	0.9482379377212722
9.569990259197866	0.9482378516430325
8.314565204172503	0.9482378516430575
-5.574685827030592	0.9999543834518222
-6.354116378045318	0.9999924102616135
1.313656586488401	0.9482379334634912
8.986037603528114	0.9482378516430365
3.1950991899234893	0.9482378549471063
8.032843111615364	0.9482378516430846
9.051974171142902	0.9482378516430334
7.896991556605787	0.9482378516430843
5.902574820637829	0.9482378516496909
-5.169388238830757	0.9998842736422227
7.355906563896152	0.9482378516432428
5.018939473209599	0.9482378516957305
-6.535554286798089	0.9999950016628205
-8.011565452762262	0.9999998329361844
-6.9582443306085295	0.9999981112301644
-6.8387774881641805	0.9999975132181328
-2.5912720131971723	0.9796699432358583
-0.9401243224154356	0.9498221024444959
6.102628691308034	0.948237851646363
-4.287999914733551	0.9991404294209301
-3.1481121204378315	0.9910457244089008
-1.8371164470240675	0.9616226654227291
7.215119215430647	0.9482378516432322
-5.149478226444777	0.9998788659940488
7.375983907958137	0.9482378516432428
5.326957838266191	0.9482378516696632
2.680954591097384	0.9482378597902604
-6.076722845985656	0.9999856277425231
-2.796033036546759	0.9844206419495102
-4.182967720841471	0.9989133892078564
-0.3808894045815592	0.948314422026434
8.029631805907634	0.9482378516430843
-9.794946501097144	0.9999999972489176
1.773013867447002	0.9482379176799507
6.2129285773964895	0.9482378516463589
1.118723279618802	0.9482378908505298
3.8867791908092144	0.9482378521470949
-2.3833532461956697	0.9744946219209063
-3.4736794340585586	0.9951079699507751
-0.24051279431565575	0.9482608838973239
5.925646807866499	0.9482378516496998
-3.560479310691478	0.9958852734120393
9.649124238122528	0.9482378516430316
-2.6064240938163286	0.9800385132460365
-6.9389705819410175	0.9999980255240307
4.696367335547693	0.9482378517483905
5.3003208969433615	0.9482378516695106
5.614878077835819	0.9482378516562593
3.403345890886458	0.9482378533008141
-7.825336125652016	0.9999997434864046
-1.1325014547128376	0.9512270918266641
6.279502649650304	0.9482378516456507
-2.893649079470082	0.9864820636083811
8.900660403079499	0.9482378516430374
8.88132843155255	0.9482378516430373
-9.082064075001881	0.9999999857968168
8.089144085966854	0.9482378516430705
-5.5591923135947585	0.9999527292365694
3.3637369704224227	0.9482378533416043
7.117799042407313	0.9482378516434502
-7.876241859857158	0.9999997718581921
-4.476342913330353	0.999437450832362
4.490904404970873	0.948237851765411
7.46042493874274	0.948237851643242
2.935516280217243	0.9482378583664082
9.744742223196688	0.9482378516430318
3.9348551639171916	0.9482378520464197
-3.2196103503670948	0.9921056779661928
9.750819050615757	0.9482378516430318
3.4869240351232644	0.948237853309036
-3.862824827839706	0.9978105729257724
1.510624666350168	0.9482379470382941
-0.7483193538746633	0.948954854559161
3.0520945041945815	0.9482378550249533
-1.4752902024678605	0.9552441541750728
-4.8985761859669275	0.9997848002502974
7.5882082947532865	0.9482378516431382
7.04439999024703	0.9482378516434532
-6.114493886193513	0.9999868243833683
3.8112562666514194	0.9482378524740388
-9.188473040891223	0.999999988883272
-5.994309017931889	0.9999826261237118
-8.35071472738337	0.9999999234871458
-0.7173031834546162	0.948855485785194
-1.4879123783572936	0.955431253621343
-3.0198736734915776	0.9888988218738552
-9.515857782898745	0.999999994768909
-0.7946274270130225	0.9491239806837163
6.040526042456218	0.9482378516462279
7.435009759259973	0.9482378516432437
1.7637319471768098	0.948237927366612
-1.8932703207858168	0.9627846398162204
-1.1159808446886963	0.9510820649285231
-0.8504459733430991	0.9493632696758076
-3.391795581506969	0.994264328657454
-3.824210441422844	0.9976220400895655
8.204378237957812	0.9482378516430575
0.6197854560739113	0.9482378651088668
-0.09268911949893877	0.9482422642094105
2.7864485975756494	0.9482378582101774
-8.347684219824538	0.999999922951376
4.404779340097424	0.9482378518522704
0.07410223161374319	0.9482383255460803
-8.526489779543628	0.9999999489542356
1.1998988849689454	0.9482379348104976
2.759683680053824	0.9482378583666561
7.8904749526261675	0.9482378516430848
3.6720735187984133	0.9482378524900653
-0.18007947830444238	0.9482501466798715
-4.461991580462286	0.9994189029665308
8.701142823632999	0.9482378516430393
-6.141121536110057	0.9999876076316816
0.0573899791493524	0.9482384550440014
-2.093062734935973	0.9673242576496643
-6.111270409956622	0.9999867262677112
-5.292100666994637	0.999912678690063
7.986444529972072	0.948237851643084
8.478378021649782	0.9482378516430445
1.8665658576564539	0.948237902110177
-8.441840883541495	0.9999999379690445
-6.5789502388706245	0.9999954768991643
7.0844359309745	0.9482378516434535
6.679188628745202	0.9482378516438871
9.685459737363445	0.9482378516430316
4.582283334715104	0.9482378517491097
2.738966257799147	0.948237858203781
2.759388021429018	0.9482378583675244
-2.8441607919308165	0.9854566157500427
-6.247700043601907	0.9999903035280489
-5.536717764035597	0.9999502226366396
-0.670762893065703	0.9487252911135187
-4.641178165795941	0.9996129109411632
3.4840482335231506	0.9482378533101201
-8.768108296173036	0.9999999707354931
-2.6564514779724835	0.9812388672403279
-6.334216852383681	0.9999920544936803
-3.929046415932973	0.9981018556857102
8.166247022842484	0.9482378516430582
8.099516858506991	0.948237851643064
4.015326793600945	0.9482378520615746
9.935952815033183	0.9482378516430312
-8.485754413267967	0.9999999439346071
6.4793355076048265	0.9482378516447121
-7.384850130503482	0.9999992927220402
0.25495633394172934	0.9482379210295371
5.219355644231358	0.9482378516695185
0.9344949015232462	0.9482378916427008
-9.086340804485005	0.9999999859359946
-1.0042103034649585	0.9502194888127713
8.435240005740582	0.948237851643043
-2.858478247441063	0.9857575444959007
-7.448873414557133	0.999999389665101
1.1066346670148164	0.9482378921427346
-6.594456320275368	0.9999956355202375
-3.8866812981719923	0.997920008499524
-6.503544531006549	0.9999946194093091
4.340053785814719	0.9482378518535565
8.243618853662909	0.9482378516430573
0.3578999898995594	0.9482378915302303
0.8245993432817968	0.9482378635344368
1.3783764345401437	0.9482379334415214
-4.6780749487288675	0.9996440779041522
9.858952606468968	0.9482378516430319
8.739318084021974	0.9482378516430368
4.630592130785821	0.9482378517486182
9.538839771261376	0.9482378516430325
5.09947604708811	0.9482378516707489
-7.143797082790182	0.9999987679289041
-4.214318363307701	0.9989866266593499
1.072981165187855	0.9482378917555969
4.379514648791671	0.9482378518537596
4.84945021364334	0.9482378516962723
-4.887463850126927	0.9997792625874066
4.078071538798081	0.9482378520631208
-1.9789262070776772	0.964674444862766
-0.7590749382311266	0.9489918743638158
9.602895110186871	0.9482378516430321
4.5061264148068005	0.9482378517427164
-2.3636305295916182	0.9739972641101476
3.468626988703951	0.9482378533102592
8.637006069543062	0.9482378516430446
-8.517508584788537	0.9999999478876186
3.001525661820615	0.9482378547652688
-6.199552968048105	0.9999891670985273
9.4914115980961	0.9482378516430328
-3.683883876245253	0.9968043359202181
4.919236209453377	0.9482378516958585
-8.800700035148141	0.9999999728512502
8.184178099821033	0.9482378516430581
-9.664455477843198	0.9999999962846956
-6.386517914996608	0.9999929557756544
-7.906934558325118	0.9999997874247508
2.68716400652297	0.948237858977405
-2.1205054871008766	0.9679740405437163
-1.5063690575976239	0.9557075976698162
6.4724088047891115	0.9482378516447105
-0.29913173281543415	0.9482777620791387
7.574036898602714	0.9482378516431395
1.5306519226001836	0.9482379463090334
-1.1696087569953129	0.9515681719702263
-9.307639878195747	0.9999999915509069
2.0818765449827303	0.9482378817996712
-9.771323118630878	0.9999999970951287
-9.842608519704768	0.9999999975348599
2.172118086321566	0.9482378775185465
5.504096870374809	0.9482378516562755
5.296672815024248	0.9482378516695521
-7.709914318910678	0.9999996653959679
4.102320635884267	0.9482378520603529
-3.040649550879122	0.9892676987705444
-6.209402466899707	0.9999894099320316
-0.9266725350496721	0.9497496902002939
8.501699308332075	0.9482378516430444
-0.5552878960327376	0.9484976762803624
-9.34526455274893	0.9999999922520741
9.672830525033604	0.9482378516430316
1.9951107860521908	0.9482379013549688
2.996470852297568	0.9482378549202822
-1.4219170264058878	0.954480378030421
-0.909081056140435	0.9496566171487916
-5.667941217459469	0.9999631878763263
-7.85349612321669	0.9999997595910951
8.144647485780059	0.948237851643056
-4.768383757549439	0.9997102777894097
-0.022746104773734288	0.9482396930788659
1.9104993158951356	0.9482379015382467
-4.991719093022593	0.9998261072136447
0.19349015418879034	0.9482379581536958
9.042964712717733	0.9482378516430338
5.930881817845478	0.9482378516497489
3.4860557417581006	0.9482378533094123
-7.996613356205877	0.999999827084318
9.453427777552083	0.9482378516430325
6.140030570693604	0.9482378516463815
-5.732253225399639	0.9999682495263666
-1.334128986120744	0.9533288939455481
-0.4631629892500442	0.9483798633575021
4.868543380667475	0.9482378516970298
-6.359009790425949	0.9999924952791889
-1.0522826121728244	0.9505654123874617
4.0556161081153554	0.9482378520623975
-2.949881097749656	0.9875952551236296
-7.814051951670318	0.999999736734198
5.166382526788102	0.9482378516701532
9.991976195317424	0.9482378516430313
2.6628406917093947	0.9482378625257751
8.826906066816612	0.9482378516430374
7.035069809149498	0.9482378516434531
-8.695183599495806	0.9999999653848574
2.6124344556321653	0.948237864654016
-7.308573552841633	0.9999991569276898
1.6010144652502625	0.9482379461435013
-8.812855698622077	0.9999999736005928
1.9214808784842763	0.9482379016190565
-8.549136326277363	0.9999999515478329
-2.2436547094248382	0.9709755009292805
2.7917768827423863	0.9482378581994714
7.5909360845002425	0.9482378516431378
-0.965225050918983	0.9499654995787921
9.565465731159776	0.9482378516430328
3.609227840636965	0.9482378524054998
9.495005953910628	0.9482378516430326
0.6483039650978242	0.948237865103647
-9.515618099333905	0.9999999947660214
6.013912868264978	0.9482378516461354
5.0965373964231695	0.9482378516720344
-9.345270261925371	0.9999999922521757
-4.071354370074958	0.9986089977086107
0.23316462554661577	0.9482379340681892
4.026686216448564	0.9482378520626198
-2.891878670970378	0.9864461019299954
5.142310988816847	0.9482378516689525
1.8051482450213143	0.9482378979526739
-1.9333927694608022	0.9636579560394148
1.2128124603101718	0.9482379357319742
7.052754798272325	0.9482378516434532
3.046705427091121	0.9482378550025332
4.164874515466996	0.9482378520066824
-2.9377269944670825	0.9873595282559439
-0.25614613709878853	0.9482646527196892
3.2301192285870037	0.9482378550202027
1.2022675558231946	0.9482379352327368
7.609993366689018	0.9482378516431363
-6.082373095298861	0.9999858134284102
-0.008808071626242864	0.9482393980008929
5.65152206582184	0.948237851656449
6.213542217405891	0.9482378516463585
-1.3601772142952626	0.9536560609254972
9.044429649035411	0.9482378516430336
1.9464862998614905	0.94823790158871
8.382709577453511	0.9482378516430533
-2.5970605907309885	0.9798109853979075
-7.556148940103742	0.9999995232459975
5.186936269817103	0.9482378516696417
-3.8779423888992204	0.9978805264641911
4.523186364183932	0.9482378517390218
-8.16043398071892	0.9999998814192167
9.26320802891269	0.9482378516430342
-3.311178476387666	0.9933211818678958
-4.189631403644696	0.9989293717319341
-6.479936630025365	0.999994318884056
5.314726500419429	0.9482378516694089
8.255324838985047	0.9482378516430574
-4.3086789488185495	0.9991793522382488
2.9198714942340906	0.9482378582640126
5.458466117327593	0.948237851656593
-2.926577281141065	0.9871408759655038
-3.343288259472521	0.9937106749158764
7.051435430989962	0.9482378516434532
1.318210159750226	0.9482379334425697
7.55639041379429	0.9482378516431371
-8.923256271680572	0.9999999795264264
-5.63629398724296	0.9999604087660632
-7.506535241266947	0.9999994655496292
4.2789670688586625	0.948237851855064
6.187562628622981	0.9482378516463843
2.585335001778306	0.9482378646913765
-8.266671620082132	0.9999999071509927
-0.7151826750846837	0.9488490849770959
-3.3259750689347367	0.9935029897729166
-1.2229803527417271	0.9520909460744984
7.94218516790891	0.948237851643084
1.6023116442189291	0.9482379461397598
4.1545214232073455	0.9482378520470092
-6.2578290737309805	0.9999905269938811
1.9290717099244326	0.9482379016233153
-7.304601755574338	0.9999991491822887
-4.176130589676723	0.9988967515647807
2.1237833559479125	0.9482378759377823
8.173974890844143	0.9482378516430582
2.5807811129080847	0.9482378647061327
-6.840709386963439	0.9999975242547345
2.282090249890887	0.9482378773601751
6.156943594229492	0.948237851646379
-4.169798736878723	0.9988811245702882
-0.42879251086607084	0.9483486729050238
6.304155108150212	0.9482378516447703
-0.2616064986742117	0.9482660890840889
-4.4706252593611495	0.9994301319678403
-2.086094787549553	0.9671594458682131
2.7171163475868845	0.9482378576513406
-9.495614990187796	0.9999999945193123
-0.3419534734011176	0.948294197614368
-4.789080700266091	0.9997236409480615
-2.0467289786788	0.9662348150543751
5.162483103899046	0.948237851670158
-9.807709965159933	0.9999999973285927
8.975001546378053	0.9482378516430371
-7.797464913899366	0.9999997264848103
6.874985278230067	0.9482378516437537
3.7647920638798773	0.9482378524794477
9.700657530711815	0.9482378516430318
9.332155462134779	0.9482378516430321
3.5878118400417502	0.9482378526124868
-6.234012993664351	0.9999899931734582
3.9347042417189257	0.9482378520461338
4.691338089866267	0.9482378517485869
6.290979796498135	0.948237851645197
9.985194868610243	0.9482378516430311
-1.531547797656362	0.9560855938569456
-9.578579367439106	0.9999999954723731
9.597893724787085	0.9482378516430321
3.511527097728159	0.9482378532993347
-0.7448618643878913	0.9489432338445924
5.7297126681926525	0.948237851649146
3.07851110671594	0.9482378549703688
-9.716755340113728	0.9999999967062182
0.7897953783863265	0.9482378647266982
6.221817652560816	0.9482378516463624
1.8560842001226074	0.9482379024716912
-4.605340391509398	0.9995800632966488
-0.00012041581401334156	0.9482392304254083
7.207342902115151	0.9482378516432504
8.212691855417958	0.9482378516430575
6.472800733891514	0.9482378516447109
0.9154944927040312	0.9482378923758302
-1.9592123202391996	0.9642310352872902
5.5559467873527915	0.9482378516563431
-8.085319310593082	0.9999998590292997
6.998576928445395	0.9482378516434523
4.058836153580669	0.9482378520624343
-2.709621205699815	0.9824817372274598
7.512689808163774	0.9482378516431346
-7.181753614336679	0.999998871034548
-3.020841642855623	0.9889161944654907
4.328289280627487	0.9482378518535202
-3.2724948825636346	0.9928268451322574
6.298088195423279	0.9482378516449451
8.438248961785458	0.9482378516430431
2.5154260312746004	0.9482378646840627
8.699302102339672	0.9482378516430395
2.1733428724138992	0.9482378774863078
-2.3910733701710374	0.9746890951824629
0.7454471409090004	0.9482378645225781
0.7819197887819751	0.9482378645648378
-3.819814372603312	0.9975996493722677
8.89628068717975	0.9482378516430372
6.438309328483328	0.9482378516447112
-7.264370926805879	0.99999906660419
-3.199995916293674	0.9918246716995079
0.7355021966442834	0.94823786455233
0.3418464817995748	0.9482378927048335
-9.450043972060689	0.999999993912962
-1.6089314096255016	0.9573308946087731
5.075724009873195	0.9482378516842265
-5.8631140836072015	0.9999765033749559
-4.0569782538375065	0.9985643048303572
-9.626936389656873	0.9999999959494537
-8.787753793740315	0.9999999720297786
-4.418633101865268	0.99935914613504
-0.5723566054866644	0.9485258693258932
-4.529178519197665	0.999500858265507
2.234516244598396	0.9482378773579861
-7.87329247649073	0.9999997703035882
-5.6756933241923235	0.9999638383742832
-3.5014816141554617	0.9953695612368435
0.5433663864385263	0.9482378876177906
1.423479041963759	0.9482379330136155
6.370816888166509	0.9482378516447466
1.864293169314415	0.9482379022111482
-6.111031810389753	0.9999867189762954
9.078212008022387	0.9482378516430338
-9.7275052818945	0.9999999967867474
-2.2900631634132207	0.9721400423138525
0.19588121431257655	0.9482379560565842
7.192973348022296	0.9482378516433094
-3.711186394002719	0.9969810432291158
-8.28093963959816	0.999999910151814
1.1571275618009835	0.9482379043175491
-0.4732510338238569	0.9483902032664008
2.0330694199001407	0.9482379025732351
-5.837738133110637	0.9999750906975745
-8.805884194298299	0.9999999731733967
8.385304439022473	0.9482378516430525
-7.800507876629159	0.9999997283945379
8.851929741430201	0.9482378516430373
-9.926882042016697	0.9999999979696569
-3.5840116019931223	0.9960766324010051
-0.6904831571210579	0.9487776892970576
-6.339929372341464	0.9999921582952462
4.375577795609296	0.9482378518537253
-0.14121124110696215	0.9482457867054753
0.3099548753285717	0.9482378961638971
-1.8681968013037142	0.9622523352937041
4.866206138757846	0.9482378516970942
-4.253999382416818	0.9990725005867084
5.061031134360036	0.9482378516925363
-7.056286706439963	0.9999984928992378
2.437702682793951	0.9482378646298412
-2.9317943580258943	0.9872434703755872
0.9104040056619755	0.9482378923481171
5.51372104238267	0.9482378516562912
-5.6478135083595715	0.9999614438087208
6.089365893615973	0.9482378516463896
-6.77088310556436	0.9999970924567207
-4.831546925389714	0.9997491765656892
-2.6716117205865997	0.9815968813375285
-6.232180492078392	0.9999899508743947
-2.967447407679309	0.9879310882382151
3.7685175570734675	0.9482378524797922
9.736875436538071	0.9482378516430318
2.6938801470901765	0.9482378582865183
-8.343386842335958	0.999999922185195
4.23538501223943	0.9482378518448991
-7.066013731648568	0.9999985262774722
3.0475945785131984	0.9482378550075771
3.448737420420592	0.9482378533083723
-3.2662177204199994	0.9927440076527914
-7.7141952028497585	0.9999996686779439
-0.8601418037891371	0.94940881314819
9.174641990188348	0.9482378516430339
1.6582641761941765	0.948237946175264
2.4266023673011183	0.9482378640397722
-8.931925268433805	0.9999999799310515
5.488090704414725	0.9482378516563758
-2.4428487513957275	0.9759846502734522
3.063063961001472	0.9482378550228822
-3.601962803404093	0.9962173263327581
-4.662316521398546	0.9996310822255531
8.705636358816985	0.9482378516430385
-3.795476230393402	0.9974721301526168
0.05234375249222012	0.9482385008381314
-3.079812999148688	0.9899408937328775
3.5727087877722674	0.9482378528973988
-6.356679151342117	0.9999924549064095
-0.7782575771573796	0.9490612250233378
4.432858738366381	0.9482378518570437
0.2312084565333361	0.9482379350642456
3.1709264275914926	0.9482378549627009
-6.395754335303283	0.9999931039739176
8.825537434135104	0.9482378516430374
-1.2174778320712534	0.9520364284335346
9.849540897398853	0.9482378516430318
3.1241627734043753	0.9482378549595749
-9.7866126758416	0.9999999971956162
-3.41632389557351	0.9945288235730244
-7.161514300604752	0.999998817178454
9.337398252342055	0.9482378516430323
-2.028545458342763	0.9658118315452902
-8.565458517289418	0.9999999533350264
2.660542127828913	0.9482378628576731
5.699763127251911	0.9482378516501926
4.809295679847029	0.9482378516922577
8.38678164757048	0.948237851643052
0.04259657300504571	0.9482385997911058
-2.485535954580116	0.9770497956172477
-8.52609446350085	0.99999994890775
-0.2380212196759146	0.9482603268564396
2.6048758797626057	0.948237864611006
2.6498330711068405	0.9482378641713073
1.0516082757211578	0.9482378918482796
-0.5839595667802691	0.9485463569078979
-9.806555615833235	0.9999999973214829
2.8490539881485653	0.9482378582297237
9.991983024206021	0.9482378516430314
4.008257697798268	0.9482378520607719
-1.8290243743778092	0.9614617291516926
-5.565396220589696	0.999953398688073
-4.294394283953906	0.9991526530265479
-6.524968663284709	0.9999948783553242
9.891738238316275	0.9482378516430315
9.10589834646511	0.9482378516430338
-8.789033014328954	0.9999999721120426
2.5301190910709757	0.9482378647018256
-8.881424859015228	0.9999999774563083
6.01746797466085	0.9482378516460835
3.0016216588074975	0.9482378547630036
-3.402940518235096	0.9943857837663361
8.711144693889011	0.9482378516430379
0.28463271853916083	0.9482379037063781
-2.21555469058746	0.9702759194000168
-4.550357943514971	0.9995242533649232
2.6560952047416286	0.9482378634577976
5.264722585183277	0.9482378516695763
-3.353989953181191	0.9938363653919766
-5.887190426391942	0.9999777696166585
-5.8102644831378125	0.9999734654108798
-0.3863905357396433	0.9483178766178472
-2.574897867105621	0.9792694465275411
0.22321532114822773	0.9482379389594173
8.657529872587453	0.9482378516430447
-5.15767899058595	0.9998811232123203
-1.9037817604904674	0.963011992856182
8.004996999795754	0.9482378516430842
5.658637571288562	0.9482378516559526
0.969510364194397	0.9482378917755903
-6.836143347901245	0.9999974980904179
8.086584749365613	0.9482378516430721
-8.085400066638208	0.9999998590555101
-7.006592155991624	0.9999983102038685
6.741727633986475	0.9482378516438734
-8.20098771982014	0.9999998919907344
8.310996395127013	0.9482378516430575
-5.487887727069061	0.9999443098075115
1.5112750855882737	0.9482379470328326
-2.494077302847617	0.9772641325604948
-5.4689421662989846	0.9999418313333607
-6.643371279393353	0.9999961003645321
6.744241984028399	0.9482378516438738
-8.662597459795997	0.9999999626876833
-6.695867907363859	0.9999965443183477
7.772061442325548	0.9482378516431288
4.988764361771182	0.9482378516960147
2.5588938196932673	0.9482378646975397
-5.174215282333572	0.9998855480287178
2.218685606054013	0.9482378773498663
-0.5033557757107552	0.9484246538447402
2.2063543827904866	0.9482378772789495
-1.134238668766102	0.9512425812317823
1.314233745384783	0.9482379334600841
-9.440271341784214	0.9999999937744369
9.42072405299292	0.9482378516430326
8.68767433419211	0.9482378516430414
6.72922332895395	0.9482378516438724
9.65691137755308	0.9482378516430315
5.921593720881923	0.9482378516496768
-6.25664306325497	0.9999905010965756
3.162618720720104	0.9482378549599002
-7.8584616736107415	0.9999997623242027
-3.0191265881428864	0.98888540112985
8.537741061304814	0.9482378516430442
-0.8556578579066088	0.9493875940963069
-2.6492666659280406	0.9810682302735501
-3.2287899551711563	0.9922346655449922
5.302252807690397	0.9482378516694874
-8.56717315762097	0.9999999535189016
6.8693584235488885	0.9482378516438024
-8.430866919090473	0.9999999363816583
-7.348633796171193	0.9999992312137573
-3.578365540126227	0.9960314431085712
5.905554530103041	0.9482378516496819
2.2292590084996533	0.9482378773630505
-7.4643659182814615	0.9999994110533568
-7.126874870528539	0.9999987189759785
-8.169532259910607	0.9999998838775992
-0.6084229517351059	0.9485922504870361
2.5062947079505093	0.9482378646528742
-0.6498815892430656	0.9486763202834275
1.3265882206917858	0.9482379334327558
-4.046058966789885	0.9985294468035651
2.77302836317466	0.9482378582864668
2.091682295548342	0.9482378777383171
-7.098602291384588	0.9999986328107275
3.6136334830849037	0.9482378523987565
-3.7810619080410657	0.997393699580303
6.532944293707711	0.9482378516447204
-0.2050643663818832	0.9482539236551422
5.118777557275184	0.9482378516670186
7.804539873339888	0.9482378516430903
1.0244879535602038	0.9482378918870872
6.049287363479266	0.9482378516463535
7.3446152275773	0.9482378516432427
2.8486297156667906	0.9482378582297852
-4.649162381330645	0.9996198760765276
-2.5693685916763798	0.9791337077666844
2.800557394283384	0.948237858200113
-5.287975956182134	0.9999118477807307
-1.4341306329195014	0.9546513276027819
3.4087238439269107	0.9482378533028497
4.576998325827365	0.9482378517497438
0.12269230725002522	0.9482380886609529
8.467569333476632	0.9482378516430445
3.7384837282028016	0.9482378524794846
-7.375986903630434	0.9999992781397142
5.0415822090036535	0.9482378516970796
-6.467074737262277	0.9999941481508238
-4.784238028208714	0.999720570022608
-5.896991067964321	0.9999782653184429
-7.841299448201742	0.9999997527437439
8.83270119138329	0.9482378516430374
2.314804723875925	0.9482378773638438
-1.4711399142491786	0.9551831514741952
5.041194836685619	0.9482378516970832
-3.1910927071010198	0.9916946900071508
6.35760391862317	0.9482378516447315
-3.8474106917882267	0.9977370412083705
4.270906079008668	0.9482378518569269
-5.957977578108649	0.9999811110937649
8.483709189130298	0.9482378516430447
-5.389926914328829	0.9999302504313949
-4.384539639440956	0.9993079690699156
-8.536126267523784	0.9999999500744096
0.6051948014846396	0.9482378656810206
-8.323261844494802	0.9999999184944433
-5.433856966300072	0.9999369469965934
8.041318017062537	0.948237851643085
6.019085566321422	0.9482378516460694
-3.5525464076569246	0.9958189585373407
-6.282890742846301	0.9999910580213848
7.004144921817105	0.9482378516434513
8.974134024762073	0.9482378516430372
8.241123774692856	0.9482378516430573
9.663167006891037	0.9482378516430315
3.709485863352757	0.9482378524761051
9.069160779323127	0.9482378516430339
-1.1053536113831406	0.9509910611834967
-5.692896593744896	0.9999652412236135
-0.32066768982450533	0.9482856111610204
5.090809970003729	0.9482378516749829
6.864605272508818	0.948237851643837
-8.337207132849858	0.9999999210700339
-7.695617045580416	0.9999996541973958
8.42175693213322	0.9482378516430434
0.60761259023392	0.9482378654893844
8.732257154289762	0.9482378516430366
0.25006859268857795	0.9482379241600182
-3.54079313702651	0.995719003474462
9.170438763317069	0.9482378516430339
1.447199782953481	0.9482379347256297
1.6188788094430038	0.9482379460704708
-3.9601977807825994	0.9982259308828056
3.309321409694883	0.9482378531574008
2.1231130718110514	0.9482378758719594
4.28865283551772	0.9482378518531089
1.37680822815652	0.9482379334339374
7.095158479715341	0.9482378516434534
-1.9808576767140629	0.9647181501463422
-7.187277855308447	0.9999988853034665
-7.769441757414692	0.9999997082544306
9.780283260816212	0.9482378516430316
