7.1281886496338105	-0.946717202146818	0.0077946138756923335
5.5351074392998605	-3.8532423639214244	0.9962995599074423
10.400381503769283	3.712381123245464	-7.889858899032165e-46
38.70630424865256	-3.4679371797405487	0.6004963927601386
34.69561404447869	-2.2735677865555353	0.0016618484960337322
37.08279442233151	-2.189391719435374	0.00013953123998333914
32.91523920015711	-0.1584558998214618	1.5129468558208902e-48
18.403699023324325	7.088549837538601	1.0083237875053737e-257
32.903497871399196	-4.793206928271122	0.9827216982134507
29.651394917263765	4.867597245188655	-1.0624937767982603e-138
3.092192308640575	5.915231392850334	4.831633444915094e-165
38.542210912130145	-2.398127467825315	0.0026359267302142504
32.34505342530995	-3.043836057316472	0.3886058698004564
29.209364481356218	-3.28375058848329	0.6416212656990984
15.57594842654049	-4.577921497855584	0.9936290683352329
11.76287687867041	3.893780119351341	4.48220851594432e-56
38.88757399070033	3.9590212420785704	3.6140443127518063e-97
6.041920101182175	5.569769951202069	-1.349787555458386e-147
12.840026956341468	4.880954915986827	-4.0606732134663343e-115
2.8360689186128383	2.334044958056147	1.9064412497603517e-6
31.395700394920766	-1.2798832058580487	4.772599538184722e-15
15.971268213369301	6.814657724105938	-6.710761671281793e-239
11.94964266785711	3.822198201889428	-6.170619367248388e-53
29.903586887068588	7.951498666111011	0.0
9.828820257646141	1.4528438168305158	5.250745386188975e-16
6.3978432062387425	-5.3044861942793595	0.99981073343417
28.04810016201527	-4.478049265386371	0.9741731066800905
33.067291131297466	-5.612238044418731	0.997333228940789
32.729872616396676	3.896346767025438	-8.287001721780383e-86
20.39755086423868	5.289803108450528	3.477106362622448e-151
22.458207536699724	0.36667132685803594	2.676163200825206e-33
9.043223844023517	1.3024388058255738	2.997983866672189e-15
5.3766079190171965	9.04323775796204	0.0
11.79711897083338	9.235774689283108	0.0
23.19407555602906	-1.028773123806289	2.798800234890473e-13
6.108284267047589	5.8792220254670475	8.055971096943678e-167
32.87971747185782	6.200269498944994	1.1275836366818977e-224
38.63343341983879	8.080242546337846	0.0
17.558171159062276	-1.0725652742731313	1.1183803394741492e-8
9.77934614981255	-3.0375346544286366	0.9175527418637613
18.76115451131321	5.986777361571395	-1.5137929325364415e-191
21.370898811982226	8.614479328600762	0.0
10.894623057222088	5.161523276884875	1.4122857361711763e-129
18.74842373063964	-5.800780279372777	0.9994441983334136
5.6276483307866725	-0.9422144080539567	0.053634713885308126
22.197966454163428	8.248008125883906	0.0
13.960940587602916	4.308586824660949	-3.1567993589776137e-81
22.64096288784353	-1.7645445478782307	0.0001728269459895893
10.96357510305751	4.167265981975248	-2.781176279940438e-70
22.348163347196024	-2.478072523671848	0.19069611874888395
35.02207075163797	3.4032070635436895	-4.955896786050706e-69
17.216728583380316	0.28486720646932184	-3.823659411143972e-26
10.489576379227927	4.792579468027107	-4.2681951779123173e-107
23.587117087583074	0.07246135954528299	4.0270921831036324e-35
5.877405958625555	1.125743977225028	-4.6318801334668446e-10
28.412419331793696	9.10710170098482	0.0
16.368862092522885	-4.561161031837095	0.9926856046385822
23.552135454515252	8.446566510922981	0.0
7.977520659260929	-4.103244540395618	0.9952815047846466
32.033622268054756	-0.2982227002806752	5.435711449334504e-41
2.5121943546214642	5.42833961116488	1.9173939523646948e-134
12.560582787201978	4.158526837566701	-2.186483932885662e-72
15.998415746136974	-2.068968196641812	0.11531871664038915
13.288560362173648	8.733444326841301	0.0
6.243116198907062	9.758161735235607	0.0
31.580214060188183	1.7726695349102144	1.713232803018247e-46
38.74716599515744	8.012036611490469	0.0
30.54589811005821	4.001525141393451	1.3637350953871766e-87
27.852934891719208	5.2493929113357645	2.453432429291341e-159
23.773250075474742	5.900467093154862	-6.15538442238194e-194
30.3783401582272	1.9259917587078412	-6.124505908914685e-45
8.61826805326599	-0.5984104984612486	8.3155463433042e-6
33.23494942006473	-1.1781163712896863	4.0703827590868586e-18
26.978068407009967	-4.9158005419397455	0.9912045028120057
34.25434281580312	8.969551843703417	0.0
0.854532172730794	7.112967439480453	-1.6660739489494936e-234
17.516703567310863	1.2045157643999254	6.46272061797157e-27
35.92920023666839	-4.7192639713527065	0.9756617620503188
38.27598532620855	2.5008693763215604	-4.7498436152638145e-58
4.729512484951135	1.3774164507211815	-2.685096266158983e-8
21.217996816874976	0.9195244077458788	-6.317040505626915e-32
11.764096925720743	2.0805666521841992	4.362670715682979e-19
10.847847720221928	1.8271510139727134	6.531069240004774e-17
37.01975981614632	-0.7877227116241023	3.794697174684592e-30
18.42103802411168	-0.6268133292256088	3.697476325782932e-15
31.152288066161294	5.688854964236864	3.574037385874259e-191
39.383245466073745	3.788145201658935	5.030816067774239e-91
29.527455965674328	-4.90179699131491	0.9891283958203394
12.707512569410227	-4.136781263498335	0.9883982203431452
33.55889843640296	5.259196552202624	-8.002188171463679e-168
34.121911451117256	1.0612183437999008	-2.5359454373576965e-50
20.896149683913848	-4.420812250558818	0.9835659593458185
34.5464737462078	3.240295334151746	-3.7049212241665545e-63
17.465114070677487	5.655522239876301	1.230358662464803e-170
36.52229455213575	3.7623773670012604	-7.139026492790584e-85
13.670442617300473	-3.793635299130983	0.9704427950590697
21.209904059386886	-3.1796917734701715	0.7427853188372195
25.800863437876473	6.315459351019214	-1.6859455618463185e-223
35.8505375433539	8.519108270063189	0.0
22.781561417897844	3.010832064922994	1.4208279857447943e-40
37.94465457391134	-2.2560504915674855	0.00034161006667430893
25.28063137384651	4.04444959757582	1.4058258721720937e-82
24.67679582321486	4.153264840857116	-3.878519839309917e-89
31.003180244975525	6.085135664638667	-5.795401213903437e-216
26.42517849411273	1.9675623661037989	-2.4469923356507534e-39
3.7437626224796112	-4.880525383316645	0.9998561752147574
12.359362833661988	-2.0551734086033875	0.26797090301529747
33.71560336764076	1.3777323967316235	-7.479678408330678e-50
15.086157139161271	-4.853292852729936	0.9968212108461251
17.382567457855995	2.471327594914456	1.2750898098138556e-28
4.717495458909056	6.520225837929296	1.742889224386115e-204
27.107808597848567	-2.1333291571512234	0.004609710130746252
31.58891174891581	3.965311269702127	6.514970037219435e-87
20.53554281666193	0.8972070493321311	-2.0680080922210277e-31
17.335004613768806	-0.8522497870124397	5.4074196276843346e-11
20.50787577265691	-1.1600940159342912	1.1228928216830842e-9
4.895294209577346	-3.270325654523873	0.9897099779059905
35.30057772445769	6.685241558307528	-4.733790670478597e-258
15.862531390860928	3.6276615155827905	-1.065291313372696e-49
22.69811591638435	-1.9528660875034518	0.003372450894782867
11.931163416066667	7.387189671631187	5.055826079483642e-267
16.089360414917248	-1.3155732525092638	1.53244131779775e-5
11.521513177870125	-2.6989107354334188	0.769764611936244
12.038450504557492	0.12787656982506945	-1.4269030806885042e-18
10.061530418452184	-1.6868416141320601	0.13373177079637674
9.168998174658737	0.8362588094517172	3.564719481223884e-15
5.98027599607357	9.873555009885877	0.0
27.714384563085932	3.4838149875097812	-3.095009608466802e-61
28.20195983356422	0.6177029717966569	1.2282702593238859e-43
8.040384430986524	8.996245441214445	0.0
19.390642635692714	6.801823108015274	4.2008979556922603e-243
34.311333719745	3.9611891930377503	-9.67829401837243e-91
39.499582518314824	-5.611804909963226	0.9961932689275169
15.217945198206415	-0.6032247775652664	2.974356449290664e-12
35.68004169824743	9.207978298932673	0.0
32.67559608770962	-5.036135402034287	0.9902234476789653
16.532991614140787	2.0721191427612062	1.2378807105038306e-25
13.870216785901738	4.047051308634948	3.7227940161893196e-67
5.294492975034972	-4.050298144875967	0.9979067942556012
9.526951005033963	-4.420373908393113	0.9966432360962943
26.213152353178735	-1.1911855703115606	4.377310152955288e-13
6.882464410615801	2.667004048105273	5.456002221122015e-14
3.2945713705530335	1.7550273510195282	-3.8732540908781105e-6
1.3366159611268698	6.480610681340611	1.2738967031023632e-196
22.304127127984206	-5.07187634227348	0.9957926410601048
7.911593422930074	7.359462965093165	3.0228742121547106e-259
21.373609971706625	9.645657919973022	0.0
14.250876417607211	2.412073307600121	-1.866873329570402e-23
31.15666689036465	3.5412224116697217	-1.213757866236458e-68
7.891860335979876	6.19162006455468	-1.570544124610441e-188
33.70141210748484	6.879869598422399	-1.3830841814492095e-267
38.88908069462782	4.9349688527066	-2.8606502133762063e-156
11.697314482615665	-1.1249209272288176	0.00015874968302463579
36.71552563893368	6.126276896775899	-5.671967521175276e-225
28.200675187853516	-3.093512197473032	0.5268526317638711
18.88094455409504	2.1793689740309468	5.106051158358675e-29
39.764459155632856	6.695680210421017	-5.768722695633834e-264
12.652793916135714	1.7754888848969124	-8.09178622217542e-20
35.47270630834137	6.245759137879496	-3.837274646994044e-232
6.144331703889406	8.160183569078555	-7.73396823105418e-306
28.172119129493613	0.7003425990907282	-3.074625013801882e-42
29.162769162069328	-1.5732477346176523	1.9533174102029656e-9
6.21585605182942	-4.530272776427179	0.9989500436865769
23.86360807212899	0.750683784455898	-7.851881828725957e-36
6.604820479510129	-2.5565407616686926	0.8925973801414535
35.28672980835139	-5.048728864665591	0.9889318509133322
28.336800520262525	9.364548988359775	0.0
33.14549494420379	4.400418185611848	1.0375188383234476e-116
11.831834137821906	4.277598199770914	-6.370329539479423e-77
27.932500281573926	1.1709188314621493	1.42848881289153e-41
5.886691202525415	7.541791678243371	-1.8423180503054768e-267
27.112615970963418	5.678936126096456	-1.531948960024042e-185
12.220761567774064	-4.524507015314235	0.995604169227668
16.666672760312412	2.502924876088457	-3.276528396937578e-27
22.49217967371016	-1.130130653506619	2.092008582938359e-11
8.674695877130322	-2.7290878255578725	0.8753110877086782
10.160663622168038	4.2471310006875775	-1.328401277840446e-72
10.961600635718256	-4.86627344079394	0.9983813820076434
30.726929285933817	-4.908970000046743	0.9884249086601257
3.9076318826501115	4.063315735148148	9.560568684145457e-53
17.332863680333503	-0.013879189877325615	9.16702124457551e-27
1.7770034773701457	-0.9977636846802689	0.845354393465629
5.074915575927187	-2.7962973790777212	0.9668840424917077
13.808179714307311	1.694792470713118	3.3845384572472123e-22
22.215706421677265	5.3088164887457125	-1.764921210424823e-156
23.88201329818334	-4.373375696682768	0.9761527218284288
20.025523007667257	-3.8967573254146224	0.9504484656734655
22.12326868596794	4.310048429003476	-3.7376672413708515e-93
7.891815796426024	5.366666800380823	-2.0958991562959547e-139
8.801486077280959	5.187920970466148	-5.079935523385843e-128
10.587624122139466	-1.8615191413886372	0.2214743971447871
5.350020437953933	6.866740657130052	-1.0431717625384431e-226
32.0246615170028	6.262695607461559	1.1527504065510461e-227
19.827523120791348	-1.2164935103002357	1.3091036075779747e-8
38.20309948991315	7.170688715427747	9.328965062389163e-294
19.134198415010147	-2.881998129600433	0.6190570218154215
20.76601828689067	-1.280275811540676	1.775667756246524e-8
7.511260816347977	-1.980627281355897	0.5756495879720216
28.821989709025242	1.4830846837891443	-1.7165585157411086e-42
6.891501548776043	9.969694887069764	0.0
