36.91549293301846	-2.331681488733931	0.004363879489927079
24.174266240122197	8.57526696292885	0.0
17.807376213470956	9.982524015382573	0.0
30.535343816074047	-2.098561892381575	0.004813550133091653
37.26364158933675	2.842975658910717	-7.705184941843846e-84
31.118317406884813	3.4426403559430234	3.6503157928375435e-106
27.89498269348304	-2.019964804077027	0.006568268053223698
14.684847125647408	1.8797276334248316	7.51064907954508e-26
24.05202530559095	-0.004678397975578008	3.23907978711628e-36
7.153999443704399	-0.4942281104725943	2.167966082551505e-6
11.555597684662962	7.229820316593859	-9.058692241860404e-309
22.106471733437868	5.436139395164048	8.68741467592649e-215
30.83330176525145	7.393136269838706	0.0
39.30050419530263	4.976924394244342	1.1175724770141238e-211
2.8549708795560713	8.171184840037853	0.0
29.413353628443193	0.397981912736622	-9.924802628733436e-46
30.223064611750775	-2.4568394917744953	0.0636821231704651
19.379446898750164	1.0708543475182069	-5.608843918365181e-30
34.301094295097826	1.3243317417733564	-3.755956484274929e-51
31.272180596469866	-2.9541477344852254	0.3541145305324699
39.11369712386064	1.5088721007612946	-1.7793159696224054e-58
36.04805480285836	-2.961802210819954	0.250447740184248
30.13261860327156	0.9861366258741633	9.353212834974107e-45
12.79875483737195	9.202238600632942	0.0
9.299274002174753	4.077621973709537	8.584923664648854e-114
20.467949925358006	1.0382154128349335	8.970075398423429e-31
5.762205323617052	4.872776574472621	-4.500524762331406e-157
32.779778685217956	-2.1449506950363464	0.0031187614866304623
6.478996878209859	7.932585514965833	0.0
28.95599929045097	9.741948830603054	0.0
5.5804242872479355	1.529941782804233	-1.4556546790553172e-10
26.038427729098697	9.69997139618621	0.0
8.0130237217092	-2.389649737842337	0.7510172135217345
22.600167170647477	-4.954177609847051	0.994371257470611
5.621864888270992	1.1439362363693242	-1.2133763633189775e-9
3.9530594238042727	0.7621706853415269	-5.890398911870816e-7
30.665941357673447	-3.9359348431295587	0.8982852910859703
15.466279365382825	1.059532713533688	6.644201044434075e-24
34.45753809746248	0.6095176940054543	-1.1497193436888992e-50
38.6059928368303	5.865302700725071	5.872210402702266e-266
1.7723488145032706	-4.696368779979114	0.9999191066363252
8.125297653149422	8.626216605095923	0.0
6.178368647830662	-3.732711521562333	0.9927462219265591
7.281699373988542	0.17460626783227795	3.4723272269473334e-12
9.621552905433191	7.992528743513272	0.0
26.91903992116139	-4.837916109521178	0.9897762702575617
17.037734295420318	1.0266416264849667	2.4585402471290468e-26
29.109239151758313	3.8970553614178343	-1.2509614805048346e-131
28.38904633686031	2.1799671748997227	4.200762016312699e-49
31.139711975421196	-1.062533171769708	2.428095864729649e-13
34.82061681499005	4.314261328420457	1.7809323224464733e-164
24.379584792182246	2.292635971448835	9.354448398690539e-46
16.129345696969406	6.512075323653072	2.2620277098678116e-272
9.485270838420595	5.486591750088174	2.0199663227729688e-199
13.882632443414112	9.627785761777357	0.0
11.597724343209379	-5.672207843577411	0.9996364547595654
16.20740681348673	-5.805518891567722	0.9995331745804192
14.332987796797493	0.7140210404477862	-7.7078453075820985e-22
19.680416171893405	-1.137493502259165	6.763479998862997e-7
37.448102691020765	3.4390865964215536	1.1470310692054383e-115
10.813353216031325	7.738638526796059	0.0
35.13183950122962	9.759478294779239	0.0
27.163460832185894	1.2624428439374356	-1.1170681874283454e-40
26.01862919748029	8.852965180353305	0.0
34.240241702639004	-4.493957799874945	0.9631842944440804
36.266257611960505	-2.2216062406044053	0.0018073275195701964
15.806284710771457	8.428353322339731	0.0
12.60966568074042	-1.3697931839872624	0.004497682768911975
16.255153246884927	6.244726302750255	6.068040270522971e-257
20.181096074817994	-1.7925667814759905	0.013309268812774484
30.33582407063815	-5.1745816050506726	0.9939440963216696
36.30383937651339	-2.0145331424357273	0.00019404170136716651
33.11658781166786	-0.33807814821450677	1.2158170627719987e-44
19.890006460348456	8.737043626388829	0.0
4.291282561855775	-1.6102658891337036	0.6961854769810454
12.50936899308819	-1.9865130265766666	0.21120114887224947
5.019342625270464	-5.767256902236262	0.9999606241415324
32.72772536118913	-5.647268345377654	0.9976020816495986
8.884919778433137	2.45960293560524	2.613798534537507e-28
14.226841666322011	9.76329020927578	0.0
1.0318011991411657	8.780664686097616	0.0
20.44981866306421	-0.17382080711740144	-2.9086052886535917e-31
14.493851644447012	-5.257344117232311	0.9986161978190793
21.65761438732189	5.815439886459487	-1.1499332562643578e-236
38.75847977521808	9.833835949051725	0.0
17.416005748175834	7.167151951536557	-5.66220768e-315
3.7023970219137996	4.641655789646375	-5.506969390072233e-140
17.609636556356914	3.688114509395472	-2.271109616829586e-101
7.226706611411355	9.89739512870247	0.0
34.04372909629088	-3.9873885300657115	0.8879824870437836
5.254613122284883	4.899228195054896	-4.731419020439273e-158
19.443987150835284	-3.827981256802744	0.9434853908465478
12.872290453401522	9.203957565712638	0.0
37.14948491512361	3.6738261446070766	4.733614531122885e-129
29.956668130177146	9.094317004446431	0.0
15.744135535577014	-3.065547927575217	0.7930614772398271
4.312429041850263	1.823455264701174	1.8114777759263452e-10
16.151454669048388	-2.136805727003825	0.19098799198333774
16.981271891014867	5.0904684842109695	3.0826318731446383e-189
25.57867401587649	-1.0316244344491778	3.1187937071622256e-11
11.198461628673943	0.9060605772994883	-2.436511811196165e-17
5.722924417809059	-3.9418934532041767	0.9963222781802573
23.146743979555673	0.8989710046086934	-1.8271686982676953e-34
7.010519451613883	5.428280403215268	-4.940416873590834e-194
14.503701155340213	-4.726309273118829	0.995307137762504
9.028661514545718	3.923370776393437	8.612395424672481e-105
38.206162377719416	-3.61892848446022	0.704886100850368
15.419727870792245	-4.463194055269884	0.9905610308101447
25.329536531578334	0.24359756612490813	-3.1872093806497466e-38
20.90850421979025	-2.4006502504162093	0.23351980449545937
35.08182355458342	-5.546647297295756	0.9965113288623615
11.043167797827236	3.7241998156452034	-6.657661322442858e-95
10.400872256300461	-5.715721395733549	0.9997339428321435
15.16364695672016	-0.7064603944096532	3.902031479402136e-11
12.009104913276035	5.486954887640273	7.540815006516337e-203
16.28856041721174	5.915911978143651	3.251537775548797e-236
15.736561694983314	4.746260304326299	-4.890169682009387e-165
30.722726538852257	8.900030096068072	0.0
38.857137834404746	4.686701402585765	-3.1704098168330014e-193
38.27637111434927	0.6010820927621765	-2.33643278627506e-56
38.33734680656768	5.203237874784101	2.7306767168441243e-223
35.41328177880663	1.236189010454794	2.272925093323519e-53
20.71308121219656	9.547031648392004	0.0
20.063781585464124	-4.295848862723972	0.9792381421864291
3.9404980760765556	1.112723337679288	-3.025872148307665e-7
22.41013940252075	2.5907861765528786	2.6908758727434447e-52
12.333875384661221	-5.873403377273174	0.9997441809575666
35.074762149422085	1.5030202417270324	-6.866449683226478e-53
7.072180338965542	8.95428320033363	0.0
1.5270501416915792	-2.503305120333593	0.9896657151890617
22.434901609696638	-4.850872850072591	0.9929574571206848
29.49130633686486	-3.9746179929302343	0.913624966861316
3.1285320322204035	-3.5147946574150275	0.9973798718023165
22.619552613035406	-2.125185292067904	0.059909271364327485
4.246518906266443	1.3898421697007635	1.2275976491577838e-8
0.3907476387505051	5.0931768638297825	-6.740493455884921e-163
39.182148004048365	8.034896430488693	0.0
32.470854135434685	0.683084308287107	8.959979017852173e-48
34.29961624142648	-4.6837253314456895	0.9759685043679156
21.766536018206878	9.959171609312012	0.0
20.12986040111207	-5.404881890289861	0.9983547406788198
1.2128332276403548	-3.7255998000243373	0.9995426143148198
24.810427238309714	5.567029003057193	-2.5608246984131224e-226
31.814155673883594	8.09793200676718	0.0
34.414563628718454	0.5208366599477259	-9.079846067343465e-51
14.003163047930121	-1.9585082893944374	0.14495687672878152
18.778819265916077	9.035446982896335	0.0
13.158277195028912	9.459786433233926	0.0
35.6983581971797	5.857156438286495	-6.067336020855064e-260
35.68095224514922	3.346296040122624	-6.656632638768459e-107
36.56530860655096	-2.660944518584845	0.06318272120939791
4.4915359885925215	4.16615609713234	-6.735408480337113e-113
3.644158443605712	9.96635867730651	0.0
7.612662959799493	4.9010479723172296	-5.27358541899014e-161
35.72325478258978	9.46953639599381	0.0
3.5962202237649725	6.4608297481828245	-2.2214692716254528e-250
2.7281008851439505	6.290047344021854	2.2404305498322612e-239
13.716963517644997	-1.3350220883729271	0.0016847615079784639
1.9218277028290796	-5.3789698196846025	0.9999814038037259
6.5170135538071525	-4.734668934404258	0.9991628377716061
14.482568106176931	9.891845384919634	0.0
8.058925501691764	-2.7314981744186753	0.8718529008829586
38.29501639893887	3.550893029538031	-1.7879840622079846e-124
17.24717127346901	-2.473846506955166	0.3944277728568369
27.07587338054835	-3.4025000559111724	0.757318207183637
12.674790373385068	9.728383189174462	0.0
33.54461780325645	3.9648944172283365	8.610015589628861e-142
10.84455917937651	1.209920563511961	3.0825903355649165e-17
35.23273719866096	7.246446674938941	0.0
17.96194992269966	5.978229515572	-1.9739159687306388e-242
1.9866994036838723	8.27261354712077	0.0
4.71054060815923	6.839645629766817	2.96595579650646e-276
0.5122113708036888	-0.46881634329160704	0.8076089649238593
27.789894253325986	6.221013780615404	-1.0564829493399726e-272
29.041790260356986	-1.8279747577669134	0.0006260747990961185
21.658660475187283	2.7300114771693806	2.168232267034445e-56
7.800206700251839	3.065667688834729	5.499217021198945e-54
18.711888375316487	9.390996826798773	0.0
5.522446887101096	5.7809888072977	-4.158398561409713e-212
29.03825366413524	1.976954842398122	1.2581641294000442e-47
6.518625081516506	5.111465778938594	-6.266707887050665e-173
29.88709359309724	9.865123714899745	0.0
37.28467021256113	-5.413802543477203	0.9946463641571973
32.7020170274906	-0.3913707937554065	2.1004560811436516e-40
23.899354377106064	6.3800744691842155	-2.047915174655518e-274
22.465664816538663	1.971877318958846	-1.0743979784323498e-37
13.042966022784231	-2.2934027173714	0.41160148461653945
14.804416815090697	7.349668084987197	-2.145e-320
22.85112740928261	-1.3444523569016127	8.527632966905963e-6
27.88909780423217	-2.974946143253895	0.46368211615950805
22.609821760743557	8.740428263036819	0.0
35.38419975590518	-1.9091781261117937	8.328394402780488e-5
4.0748527132878625	1.1869080896244526	-1.4570567273223822e-7
18.124777965877463	-4.889601110248744	0.9954434256924544
10.51431228478497	-5.476853197012339	0.9995286862380616
30.129208890307048	0.03571243151750636	-4.36921173643526e-45
27.216087725200047	-1.205523783810797	5.427087647859434e-9
26.46572791581594	-5.755721971009255	0.9987999744839257
29.778029468086125	5.25448589931673	1.0656786272086576e-215
21.201170750177855	4.458149490014311	1.4186875832933333e-154
