16.56871462171835	-5.607132164405961	0.9992384323608612
8.309357363179354	-2.3618006194188332	0.9723186186554186
35.78862830658534	-2.8340304831809426	0.19536270099220798
35.352173324940765	-1.6695555353303497	0.002909135486961912
19.25813485743912	9.357204071675657	0.21525873103480436
35.34518191613852	3.244041121390275	0.002557561939666147
13.806968857227663	1.7756886744355285	0.7591098576750327
17.416381240293504	-3.9236347353161847	0.9619653739935923
21.580115223632976	6.600742484819303	0.08327776951700741
19.799281168054474	-4.88018536913679	0.9947076268666397
9.60355374661128	2.416563807167595	0.9319482574295431
31.17473249622239	1.3524677337839037	0.010450260438030903
23.930492957799206	8.784128329854617	0.04719637486996563
27.593037242540234	9.7572943999898	0.0252301036885684
10.925260251234878	6.941695168857972	0.8810491585562237
16.940568798093267	4.320498379203283	0.4798942561630023
11.39942229147067	4.265092936563704	0.8617539820628239
25.93156596979864	7.667264525242942	0.03446759041823644
4.484541294623859	3.9696971939310046	0.929114808486662
31.626669163662083	8.443296292134491	0.009147110016078578
32.68305973580934	9.136633412247367	0.006554126949736429
10.344780492680323	1.6094804717141749	0.9043298952732995
14.261531484589407	2.6063384949785977	0.7336959947880444
33.70606271883795	1.0003233461110668	0.004620990294011015
3.7362092804286617	-1.1050670471911985	0.9057258199788545
34.46059590423149	3.8757683363256277	0.0035287230183386913
29.06612580332719	4.887759762878829	0.018165480408008906
31.551782103424074	-1.6002377111646737	0.009906306568069135
7.358381736275632	-0.3695340132823297	0.9778924419955463
26.87099033978523	5.931966539576315	0.029128750443107393
23.44758901033189	6.818027405424164	0.051315898963971755
23.000696951870427	-4.790769068344488	0.9916038091365548
17.555249188612194	-3.446896984179066	0.8940601640524695
21.367727216506186	8.450010984690323	0.08982153629864917
33.101354188283224	8.849008384600364	0.005697291874946709
26.21422007949655	0.34306045016161946	0.03283814354200767
20.16246085061079	3.076396558125243	0.14622318312565163
14.135273487655548	2.4213620309646338	0.7411663429020917
3.1626838912765556	9.012662345808867	0.8875860203514436
6.504668318142577	0.3728616686090156	0.9745362657114803
27.18077658976988	-3.0362239879880875	0.5563564140767439
20.68881911513093	-5.951949178324195	0.9995174418279354
23.60819692132196	1.2155723009431298	0.04984975376169681
18.120977856117875	-0.24051649332489333	0.33495445838394494
9.269008590722422	1.7211006300942486	0.9430155370802381
34.037818868330135	8.884558110296432	0.004108050500982951
27.954941799206704	-5.093589177443789	0.9937087085952458
2.190915544568036	-5.324409663294237	0.9999071971396725
26.299543699558182	4.279244464748782	0.03234980846686508
10.201335384575135	3.7463939535778046	0.9099221644164225
16.35832991217433	8.20813637704114	0.5492536825534997
29.436241847262373	5.594493131253994	0.016607965765263556
7.652512708988473	-5.437532195425412	0.9999513699685668
22.83557241054791	0.24507800561038096	0.058160322209340004
17.072577747043383	6.326644428018774	0.46362640897076357
11.327955859968288	-3.905251377788563	0.9877478236283403
34.59876876349923	7.046606286057404	0.0033564503743271135
11.858993573379488	7.794736906753734	0.8431516391090115
19.125884776964934	-5.369391141842179	0.9983655183595164
34.7018377232709	7.206351560170301	0.0032331669454681543
4.204499516268027	1.9816338854574909	0.920492816635683
18.08323951507348	0.5472630155192597	0.3394144656560965
28.916959530261764	-5.887698541354421	0.9989111731997926
18.09214268502104	8.985431771395582	0.3383601616273526
36.23413250114405	1.4950547427095735	0.0018533358211770725
18.470561212865416	0.2933933818239254	0.29487176784290275
32.75381078909124	-0.033190121756536684	0.006402623142003204
24.137548502599813	-5.909205188868306	0.999291841613817
15.997171088218188	-3.107186753310451	0.836628940821218
17.132571698817504	0.5182600071733106	0.456196749004451
16.12070828213543	-4.717015303677627	0.9944018564691142
15.047768446313057	5.047094540478799	0.6784603877342587
9.711015362899351	7.503133807566115	0.928176579364499
31.31038614059466	-5.646932447581452	0.9977741341194704
28.830916828208576	5.39379267884366	0.019201750471344613
15.950164156544458	-5.812547416453047	0.9995556861523676
5.423179816888249	-1.8582247609751228	0.9558429288668986
6.833028467782083	-0.5055429708619954	0.9772220621146523
11.004689789565498	-0.7187542316059776	0.8778198957192076
2.670126936121068	7.101913816839822	0.8723072952017763
20.809433599163974	4.069422984266346	0.11147205970246134
4.655952224109904	3.103978285770591	0.9342539807817666
5.1263800774912065	-1.8882363556659563	0.9486631476580054
3.329189539727578	6.986221752545514	0.8928265577169598
14.212401368100098	7.676946545079495	0.7366437497393385
12.444023322350937	1.1079048838222505	0.8195898732753947
5.396512359138195	7.832105719993521	0.9544690986025456
19.254879768308452	-3.5193302605300048	0.8940722118338286
36.10696698934348	6.194487575358508	0.0019400165007505972
16.983082468760472	-4.285711897979059	0.9837125817375731
1.0912974686496273	7.161920106163809	0.8215178895295538
0.8552862681051512	9.391177467911234	0.8080914097787705
35.583418907594975	-3.7810280157876157	0.8127888051396532
30.76579189833339	8.725972591549276	0.011732563147384766
12.372105329094081	5.2747077047038715	0.8224963828275359
11.649575937450562	0.13634943711609182	0.8516085713225551
25.912662351623045	-3.857805676112111	0.9134529397013746
22.99874821360028	-4.1403024575135134	0.9632794457431159
26.454478044654344	3.266751193050485	0.03146744356550888
1.6411633833111745	-1.3848504382781606	0.8461762972419434
36.46832431388922	2.595243610380244	0.0017044642589844961
7.639379639023182	2.4527082284017574	0.9763538991407266
17.802995201810116	8.175339079200622	0.37316041874563716
28.0846338078426	-1.0558825855338796	0.022725526088793295
17.369653880890088	7.80396956645475	0.4267239162738774
34.587971584072264	4.286283265954612	0.0033696209137952203
6.314168019854143	-3.37726582000332	0.9949978952621182
18.056615729507545	-2.1462450628892284	0.3971646944479944
25.78773923293922	-4.076239189175457	0.9468001798253992
3.421575904957428	0.6100284189353751	0.8957465559140474
20.217053101668554	-3.236648039628289	0.7989908791645928
14.202681684587898	1.1422121006241	0.7372206898674434
13.66459167917134	5.061711942245299	0.7663121126861938
13.800753659692036	-5.5052463142281844	0.999348115770977
7.555854268480192	-4.7747160143124	0.9997859307093349
3.6356913870263305	-3.0634451959223306	0.9791736306662499
5.081348064429974	-1.0357029349106597	0.9463420632045403
12.04436196559365	-4.017146353092947	0.9877101078531143
39.09843384562185	-3.2202198965445774	0.4166813786953063
39.314226640844566	7.328655633371646	0.0006541051755783322
29.426221567407524	9.605132846396199	0.016648958849549037
9.838102276009359	2.506184220214436	0.9235981716773893
37.23478189661057	1.6820031451556403	0.001302282869943964
36.570549669074815	5.216660932069015	0.0016436203637887649
8.898747890066348	3.4024981163133603	0.9538586274703182
19.95962532678047	-1.095719726467081	0.15955363005059944
39.51576961996819	8.225534441359216	0.000613468901036238
35.335661179370085	3.6875650297769553	0.0025664536593402176
31.904056101559938	-5.936464665333364	0.9988129777705825
12.424062860737333	-3.0058406783219027	0.9073708063101128
26.919465840462443	0.7311220526654765	0.02886030340210886
13.344420420801418	-5.330226385542055	0.9991139246781979
19.2670475240726	-3.8000794216487677	0.9418038189093594
4.460528003845505	-4.816037816579161	0.9996110666801139
18.290780175260792	6.734904520734627	0.31518937863342866
37.89775691450368	-5.088418341842914	0.9883411612703142
20.59425342005256	8.402259995760982	0.12178187848201422
30.496572425735263	3.050220154282343	0.012631343893191533
29.700076227103636	2.039640849284485	0.015551952994272969
12.297064280684738	2.4177681619667197	0.8255220863397353
7.978683495742933	8.001124464562388	0.9727358994740435
19.37397635267757	-2.4221403018459498	0.3933918079692196
21.439790535544795	8.544571776201998	0.08750635705136094
7.298738144500106	3.1034937471814565	0.9780476032830128
20.939881816293557	-3.8107346289181727	0.9353520446530458
26.133131781452214	1.2560528327812293	0.03330388149654985
29.22365522342253	0.06435298606559314	0.017491739811257616
37.2338375463196	5.895912704505481	0.001302705437132345
5.3047071682259626	-4.136997692303293	0.998559906754943
37.45662040386348	-4.142281541092363	0.9041982322113522
28.515864730273062	2.669583217586812	0.020646103438392176
35.58409830997874	-5.951493308498609	0.9985800147435941
37.55458313670637	-1.8671846638650784	0.0020981837429396477
28.40519313750465	6.897410240967986	0.021168600897921292
27.778638043482076	7.2247711378657975	0.02426845890337585
17.44016267717596	-1.2269060561467846	0.4179601936907652
18.440593820845216	8.954756051328445	0.29821123764771446
18.533106628345042	1.929730572351712	0.28796661683628766
8.16983381704152	6.55851178488674	0.9698690320475932
20.46181513354823	8.978626009598315	0.12872959859054225
8.035720215972843	6.472181894478663	0.9719418790460461
13.63645630568909	7.099695168644409	0.7676991005626218
37.99064685935746	-2.1173416265898837	0.005165386763489443
24.596418703563707	-0.02720289754317662	0.04252427867257254
30.74807777761743	9.947427593603873	0.011790358295464081
5.429009281449508	9.591996004844756	0.9552580168129394
3.1767310649972305	-4.557218514577819	0.9992617812051373
20.12817141301858	-5.306456584836155	0.9979603031371268
34.261501714816035	3.053718562907374	0.0037915084657654326
14.16542396809437	-5.81882887134293	0.9996607025358761
0.35846051769069487	1.1615077546085573	0.7645737950397371
32.215520842277414	2.484505770754879	0.007624706350300467
6.886134513393003	8.442720741109635	0.9774962382022301
36.415530640657714	-5.537927665074196	0.9961548306634953
3.316787838039855	5.188165765789474	0.8924351880513302
35.29877329587282	0.7058942450513861	0.0026012264375462725
13.998904480030733	1.9124382628847698	0.7488647238280268
29.82358117235652	5.1296909910715875	0.015072955387052568
39.32594475195806	3.5150875610558003	0.0006516646986914768
15.684350115441237	2.7857585545905295	0.6213395672888027
0.6951066048166477	6.188017088201516	0.7959336403421642
32.32643405744834	4.893156165910845	0.007359793472263131
22.780470534318965	-4.836768277264227	0.9925809515940077
8.140961307793434	-4.328889671749753	0.9991966443362809
0.30264186373306723	0.48413144699354405	0.7628636673024893
16.493081854921872	0.0025941779419476063	0.5336591408027913
10.712074050745011	6.9380929052288	0.8896834066209153
16.70446195888618	5.920050186597386	0.508588376466763
0.8577810916755739	4.637752477527794	0.8082628598895198
12.00710932882734	5.707793361265733	0.8371880663209016
24.190738602614058	6.288591911050915	0.045269184067826755
21.01790726980147	-1.0731989130266406	0.10257188434723437
2.293606412028542	-4.812662821327027	0.9996829820989835
23.523603428398385	2.929197686978725	0.050608306118162215
23.95831092167148	9.618377046220655	0.04698235499369147
30.820759044735045	4.243071862579971	0.01155442079079734
4.56448754261452	-4.11713002775333	0.9981222824179558
26.439475949521423	-1.3747341648483484	0.03163735150634708
6.500907596181052	6.218002939040986	0.9744958669938956
2.1712288271547564	1.3222714959202122	0.85713129875932
