28.21949468205317	-1.0236764717807425	6.886282774972109e-10
38.55174756745766	-2.368956999201121	0.002746818443739607
14.251112489570362	-4.009604897162749	0.9816453914020702
6.1321058904659695	3.363244914109508	6.323969853595414e-95
22.623633094628737	-2.2803602741363918	0.09398208336503448
23.06221273207692	2.358564674547111	5.066413254771583e-63
15.430654855124818	-0.4190068127996476	1.1602695518541015e-12
29.291261723573175	-2.07267340136827	0.002494655367175131
15.237922495644879	7.373077153711527	0.0
26.32353652196588	-2.5019723516716716	0.12895792623596633
10.877491223921494	3.279037398490285	-6.591064841021801e-96
18.718912229352828	-2.8977206686737063	0.6535096982361186
27.223398494794697	3.4449347465996603	1.0530190150352605e-128
8.62631075710309	9.656826420474996	0.0
15.361827069360515	0.820041562932051	-2.6513672243550264e-24
31.139395166834557	6.948458325294325	0.0
17.466694091385374	-5.030613173518752	0.9971963333298423
13.403431003856275	4.726722396981938	1.4890404714156824e-189
22.47931485427397	-2.568652895641808	0.2782404419855873
38.22923151063218	-5.621830965021996	0.9965150618647527
8.801593028494716	-3.9179140447133847	0.9932369087932178
36.007380322103494	6.60527964053113	0.0
33.12261087986631	1.522553376539193	5.2037817796397805e-53
39.60365319849675	-1.5567594507913327	7.984348021627321e-9
21.255609788951187	0.32887556469318824	1.13386285142234e-31
33.36892113313182	0.8390338260407724	3.525270395429115e-50
8.300963775843258	1.9603740964418428	-3.95278606531516e-27
30.718334276607532	0.8635926431988423	5.8776222951751776e-46
29.1584924685448	0.2862937897800002	5.827731157005002e-43
34.70350133895604	-4.031424557277671	0.8941282203281812
21.926152681295243	7.521560997219055	0.0
7.399012730599177	2.7721949499507943	7.794714615710666e-62
21.11474645320377	4.867947609395106	3.0090141004431264e-207
16.59829324293959	-2.48177002835612	0.4443446542127505
39.10748942863497	0.7768115311473522	-9.750558536558121e-58
4.950787361335175	8.79655362703516	0.0
32.85748771394436	9.46380591725499	0.0
14.127628590985282	9.931905667071515	0.0
2.8085745374568942	2.4363869976275545	9.700548972586105e-37
31.22153930348359	-4.535327717080293	0.9719962997940638
32.095043720526334	0.7219131348362069	-1.177078527839427e-47
32.88162006060394	-2.08481518664761	0.0006371097688682161
28.313913211302108	7.303525804721652	0.0
35.348102058145045	0.3877030546214435	-3.413205771194459e-52
24.751857213505698	2.7086506889736732	-8.586629499831075e-82
21.73434932417758	2.5835073412239815	-8.841655957007403e-71
16.64508847533628	7.80238194843994	0.0
8.446815636952763	2.056713453359702	4.513054548931306e-31
31.860574828706618	-4.411769973957227	0.9614548351742149
35.799693718999805	-3.186095195958842	0.43662025419673084
35.90767423261457	8.547735608328146	0.0
19.9352959234494	1.7067916807268304	-1.2290179713351988e-36
14.86148948023572	-1.4731662178888705	0.01695664927249551
12.19837679422744	-1.5304722368501587	0.06803075969969845
5.764493563743288	2.9051972961889625	-6.457568015903515e-66
33.40370137399995	5.888056614363119	1.2641271028201715e-288
28.197171339327998	9.03048704784667	0.0
13.720785285226786	-2.103829528556261	0.31509587920499504
5.28693275683853	3.59665392302448	1.1090957530895037e-107
5.951080066581817	6.187910864747618	-9.518067919885573e-266
27.811125728899906	0.7720486647199465	-1.4955814348472833e-42
6.5365022438672975	3.3815134198620562	-1.6254670229227015e-95
25.265605204132022	-0.6712796672096779	1.376765612465924e-14
8.632080570776328	-3.777839640757172	0.9910535456488705
0.4801439344513023	6.413102646311852	2.800431937587333e-272
7.635175642945157	-1.5397902129521022	0.36309838588525956
18.2310434441894	7.601338806063573	0.0
13.40494095414404	3.2354877056962685	6.6561062969125525e-99
22.78578906530867	-4.326833721042711	0.9758451008165064
30.997806807836294	4.579596300305408	5.54565687165368e-205
12.51869077263913	8.085998130518913	0.0
14.86156424365997	-1.9716330877612585	0.1713490105130611
30.380405378137787	8.138934982535837	0.0
33.6006280438334	8.909980511754245	0.0
1.4768859447788738	6.679262221815865	7.191544495804787e-289
9.776180433188973	-3.730174351790861	0.986749575675242
10.885562341746795	2.0159109201723986	-6.45281433124772e-33
5.329964581972703	-0.5154643878173459	0.0004948358669591066
36.544683467668364	-5.261283227926043	0.9927095683133206
38.01622979704261	0.9675280240261692	1.4618298046303187e-56
29.504467201557517	2.2187279911458617	-3.875662373245346e-66
36.88728625135183	-5.224410515935148	0.9919172995130245
39.48964502550886	-2.988710383849188	0.2055353742271802
8.016530410124782	-2.2079491594941985	0.7654767076310126
19.70912312543237	4.1135992097931435	2.816894376837979e-160
20.97467292620859	4.934551343619805	1.9523762981928696e-211
1.0992284837564394	-1.1656933548574422	0.6123365608887784
14.460842341126272	8.434618052888037	0.0
21.97858082851945	2.037895052101664	-8.113088801370022e-50
20.62946132262562	-3.616924651786462	0.9029326700273147
7.988554295147669	9.895836134933045	0.0
20.65282126565183	4.850547051922739	2.6338154593580277e-205
38.953124607922234	1.1827113722463807	4.037210501156203e-59
25.62573918352531	9.86479137902905	0.0
15.034506723679124	4.836925025215066	-2.0472463736459777e-197
7.121151435653657	1.0438859896639698	-9.948800989645744e-13
13.16849948456276	4.949768378471397	-3.2650867985519945e-200
4.935071513140928	-1.2103192594471075	0.1904253088622895
30.269888982810603	-3.042583088492581	0.4412818143285423
25.771203361923174	8.757071478491827	0.0
32.348014596948644	1.3099290240817183	4.820328803340652e-50
11.537944727994777	-1.8723393102619674	0.2933889225904639
13.265482521225147	5.772941648764771	-9.17379298916174e-251
15.288815694551703	4.674658306239262	-6.472866284720603e-187
39.77004752305249	-0.35354960519770273	-1.2321661292299915e-42
38.002833880087906	3.7343654437839255	1.1253729383665803e-161
16.132637792172314	2.0426239641947284	5.119339806477305e-42
7.84242346390354	7.262514387742527	0.0
29.492666014496002	-5.069112052381726	0.9926101938688412
20.163191002107798	-3.3543195956074356	0.837417340486337
33.52399430444004	-4.558089938774025	0.9693991432702463
28.019534707364635	6.717301479127897	0.0
3.0347717119743423	-2.565800086596777	0.9298000320289547
10.568532300069146	2.154452420755476	3.778544399776998e-37
27.366398569337004	0.44239515823107567	-5.326318762958845e-41
16.01050636927813	3.6805830294657973	-8.357577084911946e-127
37.35949629935641	3.492406550170511	-4.868483095310542e-147
4.537112690531258	-3.835505900982188	0.9951420103368147
4.8420742485044155	3.1327451738887326	-1.6839967478353021e-77
27.57484686080002	0.5705477451541014	7.069828320596812e-41
37.57866824993601	-4.290793505890054	0.9302943556429988
32.65425519929613	3.19560007728942	-9.018165922251996e-123
33.51165892221671	-0.9052354764479418	2.1280160122674234e-14
0.20274510336380472	-0.9686562305686621	0.9654275749582539
13.681664379497914	3.069742065772555	3.247599277822355e-86
9.129910937742798	-0.762346579338864	0.0007752740233704895
0.40175305265491323	-2.577177626677564	0.9967900670395949
37.10959280962427	3.0703227083937925	-7.337363162694917e-120
5.836628717147495	4.126618380549207	-1.3832363183892225e-141
10.831407742042348	1.143955183383401	2.4337904185476353e-18
13.319545587611774	-5.238452710180905	0.9990720590434589
13.769714940779377	-5.801141104988066	0.9997239754728261
29.91303388605191	5.582930605066473	-4.1650051696405195e-263
31.210375089184428	6.3773918337200115	8.46176749515e-313
34.1006752133758	2.112633275856627	3.163188134008562e-69
23.288729637024435	6.438606714789255	1.9776063093513047e-305
35.872805244929374	5.014770460289814	6.714944297923567e-238
23.4162439553649	-2.982813881112886	0.5728465020801815
24.39386002634192	2.0973897514281212	1.6115354348895543e-54
34.36047446670637	-4.3669630009041	0.9505721561066764
2.5485846289312435	-4.854505645395683	0.9996754453478865
24.83041281379408	-2.67925756949154	0.2910021711339817
2.8106063796002156	1.3685078505294648	3.5699239239609455e-8
38.41817269024742	9.052072050013479	0.0
31.194791679098692	6.663562808022682	0.0
9.461887637994025	-5.851910676637036	0.9999066082345982
20.408691754629135	-2.869148361498649	0.5813547132921671
23.809943939507907	-3.599727344562396	0.8678426192706991
2.632020701295759	-4.9410811898843185	0.9997254818035488
16.62095241038041	9.075147677068596	0.0
21.31190041518236	1.9769221826428591	-2.618867542286767e-46
10.331707223822995	-2.1088796392225255	0.5642367223294436
13.922995787437129	6.384532091497444	2.9197733387967364e-289
7.425909741394564	6.019222790242594	2.0554284582655812e-258
9.484544026129138	6.734963114733212	7.684462326748055e-304
16.631474523300536	4.273746671256365	1.6668025722433092e-164
12.986083385786836	0.7895495719677683	-2.7909179708556565e-21
15.146236496142953	8.820493569453784	0.0
32.46980453522761	-1.9723667495666604	0.00019623770615398765
9.052327018410097	-1.1668291406820401	0.05190793156281677
33.36671696443917	3.1752989447065403	-6.913097358457508e-122
35.91085690390893	-0.05148306024344862	-1.2520784557804326e-53
23.318704202462328	1.1594842010844069	-1.8486333107306812e-36
16.911906412593176	5.59749712802968	8.788174261176014e-246
16.05837853393699	8.918725261191849	0.0
27.386966800716415	-4.035632018992988	0.9333498035954362
36.308055050486004	1.0556767055892742	1.5379946648192613e-54
4.627336281310996	5.527794347452641	-3.367053590604469e-224
13.13091923554424	-4.497618907961478	0.9950845303535764
31.920945088932896	-3.543769401113579	0.7481830625471473
34.69601118246037	-1.0252713082921083	7.899423108839023e-13
33.01119831551921	5.488801487183867	1.9937705070982177e-262
38.71413227580191	-0.7200050438411196	1.9567675782752117e-22
22.465007584368315	6.144647843168865	-3.4159030495405483e-286
8.267575722147836	-5.420185662975975	0.9998111424725382
31.449020545114852	8.782574379277406	0.0
10.88662913316449	-3.243480803201205	0.9478574412894595
9.724144817979864	0.14890079180178262	-1.9868172430992167e-15
19.303612848256737	-4.00109804379683	0.9637181187590492
7.027539934398068	3.9188432682175645	-1.3728599872974836e-129
8.449286662861649	-0.004416749042970736	8.018965244389672e-14
7.201139742634788	6.7412244224100775	2.3129347961462762e-301
1.007093923006111	-1.4387903455975	0.7963949136397289
22.963918478072408	-3.810258086972656	0.9218466532381576
28.66303714087618	3.342423225192192	4.947500924489121e-126
15.985185675069316	7.045088418433675	0.0
31.16194616619408	-5.17325402040079	0.9935058739667944
17.810650034482148	-0.8125161158354075	1.5482088132563597e-7
2.814441064386851	3.8451885624913125	1.1559225510179567e-119
37.92800861676045	8.39175326330028	0.0
11.98539111611547	-1.7341397097225624	0.1721586214873484
8.488784368181138	0.8417696756476118	4.083908428135387e-14
35.566045004679104	-3.6200221759394218	0.7388896176124807
13.329346701164035	9.288019850965217	0.0
3.2006025126770656	0.31523975404029514	-8.05916396732211e-6
23.568915953029546	4.444573121635592	7.1455063783864555e-186
18.012095969558786	2.0113197276698394	-8.306933255139061e-43
3.3208879919731773	2.64582301002903	-4.154588010594994e-48
39.4906342700105	9.137507170384985	0.0
5.671909948077161	-4.301545839526927	0.9982485611912352
