34.181826893026454	9.869815619354672	4.031795600894121e-18
5.250093709289888	4.6357226626861525	0.6206146829264189
16.987743802562786	5.04790166938718	6.627131557435319e-7
33.33420918509593	8.79256660137047	1.5460269550394203e-17
37.535590893187795	-1.263754752798608	3.1645460424126176e-17
16.609056979047875	7.76602357984617	1.1289278313423374e-6
4.955758333492616	4.241698073962748	0.6972357863729705
10.866984812838394	5.201080123037293	0.002069378058569547
33.21609447209659	7.111952199886641	1.8631688053271616e-17
29.15968835412836	5.346202128311642	1.0513613752409885e-14
8.950388640544386	6.52005200208346	0.018566720835189118
32.14759300701537	-1.0668456360796483	1.2143911993960877e-15
20.861364040882382	-5.930558333686154	0.9994894905982953
25.01377536688307	-0.033553650587574424	5.784848767542343e-12
28.283395468872058	-4.188388687798074	0.9494975387252043
14.147963719520327	5.7275081860501444	3.0698003398707385e-5
31.414758554865028	1.9120493758853527	3.180063153979797e-16
17.216027777989154	0.6291444039720915	4.792352827087373e-7
0.6549644255765001	-3.8059192170006426	0.9999496276381015
33.418615822818396	-4.941168109556944	0.987294031233909
22.723852576601313	0.08760606432161211	1.7450108276022335e-10
9.758643273456164	-2.4025002828306263	0.6969382069067501
35.67911313416925	1.9693277294442453	3.7256277098910335e-19
29.26020891182859	5.933499249733778	9.00310833160534e-15
26.723621563827727	5.809929496437025	4.378718826902603e-13
11.490934354654383	4.274142189365595	0.0009358700208046898
33.212174045060415	8.884525846198617	1.8747564217971007e-17
1.2920144571829928	-4.872269155927324	0.9999867508829853
16.22875491265483	6.61996548414524	1.9192231902997402e-6
19.6220355768718	5.007563700264587	1.6004303337987563e-8
13.874394464646356	6.376095283526514	4.356388232821886e-5
34.211932658221464	-1.6326061403600782	2.278906868911653e-10
12.523677088601392	2.1549150796659973	0.00024552388157357964
22.45956485507457	1.3515814380652493	2.564570794425093e-10
35.55137939064406	4.4954613859958314	4.529799154574944e-19
12.887831040388933	4.509719400624707	0.00015358398176293424
22.769850893729874	-1.92985896491561	0.0033258684858818747
23.291874438597173	8.140885782541506	7.558168793334667e-11
30.50863019784909	5.618567093801463	1.3015318499580891e-15
9.160602226367052	-0.8595622273359602	0.016534560394180487
19.153072214837	8.968030146699995	3.112866438054783e-8
3.8306189422722507	-3.370403072943194	0.9970015278489562
37.42480841877463	9.82633807509276	2.2143746211278027e-20
30.498797313093633	-0.09192242129795147	1.3059015023051542e-15
38.470424921921705	4.104280305673203	4.0459460653162475e-21
37.29352569371945	2.1020798928416298	2.755601661627587e-20
6.078154175107554	-0.8860579852470742	0.35028344386054233
2.2219444956204346	-4.295393116019717	0.9999694249481499
39.18776191197635	-2.0540952667165335	2.0570914031066944e-6
26.05225381083062	4.477651135891058	1.2131622139509416e-12
24.471965901764335	-4.160736403058291	0.9594972700544999
7.888381233534171	2.282778053726158	0.05460995878415584
17.040621790910887	9.90478603182137	6.150761686660566e-7
32.74057936527956	-0.0984410207774502	3.886389907281825e-17
2.801984458117668	7.859924258913857	0.9802981235800182
23.784991458307314	8.5041100107807	3.6405145730629257e-11
32.28209790986824	-3.123364282234114	0.45785139429838406
22.29676153978556	8.974623134848592	3.284140409725244e-10
28.09687716114389	3.7352191186770582	5.3834245264492883e-14
18.072412126639943	8.741024739496062	1.430909395223533e-7
27.92793260305248	1.3910138848870304	6.740432330484078e-14
32.45336474718648	-4.642680655271086	0.976308742963577
15.558664106691236	8.155013383666564	4.809388050280092e-6
33.72653040611177	-5.939970452669947	0.9986947714779931
3.525168535788857	-4.787397268189451	0.9999302341115707
11.711844595177537	8.454677034831338	0.0007034389608697362
27.538237957914472	-3.2370708514299764	0.6453688691824461
27.53163357595126	6.24278096554529	1.2779527781692742e-13
12.406869251512813	7.1531567074696945	0.00028554050828058703
16.776502391466078	0.07473359227977028	8.921035820620961e-7
6.407967725830137	8.33728411496828	0.253395875441406
5.76890253773797	4.633913925423819	0.4490093626656254
5.294978402030475	9.03971333101219	0.6071985233471126
19.250533502780968	7.524855277984155	2.7116335194758306e-8
35.95400268037558	0.8807269687192978	2.201562583822051e-19
17.06288964412098	-3.8677643601110034	0.9613414039024077
16.976554445671674	-1.483821552398016	0.00044875491603562425
12.512801867505656	-2.3200625944284567	0.4850446526865523
20.798422720759977	6.040278885952784	2.949349397937231e-9
32.92920772545401	2.395119778753987	2.9360761735095354e-17
17.3731843175877	1.1068911348918533	3.8434961065622224e-7
25.20829740835823	9.591582263370313	4.339015137434845e-12
35.68034529299995	9.28740313697229	3.683506105972996e-19
22.801041002018177	8.918760848634498	1.5609444023067635e-10
36.37014279887905	5.408828605522256	1.215886430804475e-19
30.151879754034116	2.6047898356971615	2.267705773862932e-15
29.9084995789505	5.67090287714759	3.3047649671415376e-15
15.59282850529703	-3.8777181565564582	0.968327986396215
25.9871394743582	8.991603446013137	1.3389247456086147e-12
18.309055198174857	-5.629126116405555	0.9992131829109457
35.45343614722584	-4.345844481503555	0.9449041330295161
35.88177369885381	-1.0971367535593721	7.415092120725061e-18
13.465321943316924	-5.189039053100089	0.9988325569173011
29.351229916864224	0.4570082189429421	7.72975108419648e-15
7.610681608340906	-4.221711433107476	0.996810314641596
21.266396737414485	-1.2478278135835623	9.220287572694581e-8
31.350979780636308	-4.320923240773691	0.9541528268738145
28.56577334864544	3.3603612853508906	2.6230384776269937e-14
30.930265169100633	8.700628710783565	6.749367455580974e-16
8.581959555339768	-5.464200940218202	0.9997601649235696
10.606032808217714	7.005902180373543	0.002859020980862151
14.154538909183264	2.5865318967643347	3.0440545987871756e-5
5.331593523908411	-5.31846328270694	0.9998722307925952
29.87149089236621	-1.4065316539344472	4.734466366221701e-11
7.225139220685734	6.773338798178344	0.10844384511677926
25.047125070529052	-5.814452383364401	0.9990387195716006
21.58018411971815	-5.421306161850556	0.9982364123076538
16.297037592952424	5.136127606320461	1.7453853109168623e-6
18.757288490221157	2.0245920808394757	5.444922313752717e-8
16.917257123770145	5.008310661786293	7.318655616283832e-7
32.37677770767309	7.570959237798721	7.000475240174302e-17
6.1380879030358235	6.9864142227748935	0.3282823885292307
3.9001830905032495	4.106952876346931	0.8675117739017307
39.69444586097031	-2.7039164778022133	0.045138149372299985
15.546431913970991	-5.220921370254313	0.998548369790423
4.398595271820219	-3.861957928743845	0.9980774325351282
15.19208192491336	-3.523482058354581	0.9333386915310462
17.056386764002006	5.997868720081971	6.015328341001598e-7
13.726650194905261	-1.0661423725769872	0.00015422794028809616
7.321152932781037	5.270332628446205	0.0980640985035838
23.79160402707748	-5.9500269128937155	0.9993651471565241
15.232157785923208	2.0783382488584294	7.45643965895748e-6
0.34499820056057484	9.542078662587716	0.9625518908196351
26.808795099933135	2.9608945539622162	3.846286530529045e-13
24.709606514604793	-1.9898812038934643	0.002725832178889092
1.7542479060672425	-3.7938502000352905	0.9998422787597028
30.11843609968678	3.8556445510956827	2.3864582908275116e-15
37.0143671123433	-2.8942854904737025	0.17609319506761023
27.648576897821293	-1.8698004985731025	7.262757525981839e-5
39.15477332363605	0.34424843161292173	1.2873557606644703e-21
19.178127571431123	-4.998861195519982	0.9963198854387829
16.943576976857504	6.665629397550088	7.052475571116096e-7
26.507528841681058	6.159753860312396	6.081134066235363e-13
27.480459047539643	4.986779920257632	1.3819950313458457e-13
35.92950998412236	1.4254220432945033	2.1361827558826302e-19
5.566733600183049	-0.434312234187324	0.5187543420130606
34.41047479766278	-0.8576460571771847	4.8396810533147065e-18
3.7365207548271986	1.4903187165243423	0.8899622792877845
11.420727808650494	4.490392249091855	0.001024440412365987
6.149177014688321	0.08863225974556244	0.32493725024583897
8.649658021277157	-0.7812566301689117	0.026217913331050176
24.657386011024055	-3.924160240611755	0.9302044547005192
24.098213241825142	0.14754491234283407	2.275920376271631e-11
18.307228649437327	6.210446110353065	1.0273808653564694e-7
28.99035181285023	9.413934862550839	1.365185717116249e-14
10.864966139326132	-5.792842325946772	0.9998106307268095
20.375161016447315	0.2167056152518967	5.436831768437739e-9
37.44182771218925	-1.2600477844314284	3.261477639237664e-17
6.3904636035776425	9.32130975566007	0.2578303272892854
23.96847676215328	9.458679575675074	2.7712972887341217e-11
14.724356413496386	-2.1025089120220137	0.19517707760450392
13.419654840557056	-2.4557394416469798	0.5406697903919218
26.045991356259925	5.351411515522994	1.224718611374202e-12
29.421348434000322	-1.4709132090853991	4.584225648176215e-10
31.901123064091195	3.738373712870448	1.4783274843845058e-16
39.060954891520474	-3.5400283692228918	0.644267423161213
21.813366779509597	9.84740837717382	6.68913243223909e-10
35.452841695738535	9.834693588622802	5.305697246333172e-19
35.73952047006087	7.145540150523885	3.350578152181266e-19
37.09517758479168	2.790710535830648	3.780873774174893e-20
38.86566985433623	4.570215103564472	2.1223737398040933e-21
19.3040099133575	0.47302837417877797	2.5127541947504995e-8
8.01905353542159	-2.185700900850371	0.6898376387112277
5.369071113619509	7.508865813082689	0.5842100460891421
5.147523298944865	3.8251451918409423	0.6496800356127425
36.69613786892449	5.565342165175888	7.19134611588338e-20
17.30675968448209	7.591526548117439	4.2228079546924367e-7
25.863896107428918	1.7908027696741513	1.6155309650294509e-12
20.180376528065974	6.895927050984319	7.20525619274891e-9
38.17127068058639	-5.224994579412346	0.9913585521813176
34.41875583833609	7.885279600512522	2.7647173430256215e-18
13.60802771881962	3.5387685489239864	6.118128192727465e-5
20.316441307833028	-1.3650951556803008	2.182428979480978e-6
8.917327116491679	-1.958501989987031	0.46062993160293675
29.235160690832018	4.018462896125527	9.357845299513182e-15
7.691266665051744	-5.162553156890166	0.9996255816914824
6.031728891988686	5.581853259418587	0.3613732841877637
12.635406614724305	-1.5884794631270651	0.02995145879964
39.25790627003843	-2.6566263301761595	0.03417107774785889
2.6351218781834644	0.633521561972934	0.9848760727608628
6.188320650511223	7.457473508114877	0.3133015294447392
26.2238565370276	-2.033591715122629	0.002359827478946884
29.23085790781589	7.673814139558157	9.419967695842793e-15
19.13475710190958	-5.712237342250091	0.9992901265825745
29.69410633239138	2.7495311883142612	4.6069576476882e-15
0.49405277275910386	7.322578026450131	0.9509692939214042
13.199307429674807	9.67256801954845	0.00010305653289205952
21.25646423534337	-1.9985517014720102	0.013715396038621696
24.356219875981107	0.1348072882663729	1.5489637512366073e-11
26.769461043833036	0.46192444199973437	4.0538184810403544e-13
37.66913463349022	5.242679370047426	1.4894608710326984e-20
17.22991540957493	-1.344383504816534	4.992481805276156e-5
1.5464380642028381	9.900999264123854	0.9477261581623817
28.773017394745345	2.2388873846806305	1.9090807152366724e-14
16.220469042311553	-1.6441614388219428	0.005400644430302557
17.834710449672297	7.892525331691207	2.002289173787788e-7
30.54878933996832	2.110452076899122	1.2249361508664409e-15
23.648623285577713	5.01305426315313	4.4556727398872e-11
33.853600065042464	-5.266196454614661	0.9938105375640918
32.38726432386797	8.402929826260625	6.885806206210228e-17
