34.48429616305001	1.1495761604687083	-1.5569341714988008e-50
38.527352358168486	-3.9620781037069186	0.85109497845907
2.789281774459162	5.484871918514248	-3.4221804680197206e-153
22.59248790286004	8.887134689104826	0.0
29.73147058209938	2.361628093414577	-2.0219739511157564e-46
5.82947203355546	-5.989797656064351	0.9999454724180794
14.726803701965142	8.036986507944501	0.0
14.040765855786171	6.170894873873976	2.22026120022884e-211
8.068828163960761	1.292372518070188	-9.409762296665252e-13
16.808437902719888	1.821998172550586	-9.7047741398638e-26
30.888982020288662	-2.5528803793700483	0.07951634745842558
1.0832425691031475	4.491629503614373	-2.5835641593656213e-91
24.874681301464804	1.2079983786663924	-9.016779376039878e-37
22.47991959526814	1.1004181753058226	-2.2489809815872003e-33
27.265021917861358	-5.561477220920889	0.9979329146721161
7.368176398418181	7.901368267524216	-1.4149616761596043e-307
4.494455975455417	5.962324770595746	5.3914233064966825e-186
28.018315782955067	7.687602999963094	0.0
26.49114102188158	3.2527780608184464	-1.514589471511026e-60
18.566830236616955	8.664024951267006	0.0
6.77940533808472	5.099580028040624	-3.599758238660649e-136
5.494529069149794	5.337373410063758	7.492719745284548e-150
2.885053067625205	6.898819026139805	-1.8533037292752826e-240
5.69482463167994	-0.4276803587853095	5.800138304924532e-7
34.631376624403885	5.034338802292922	-3.0991795112414053e-173
26.95195615623883	-0.5688559718472881	1.0638230362558457e-28
10.469607319678905	5.358147407590568	-9.567959969196424e-158
7.928543916127957	0.6337527016069657	1.8999645139363055e-12
21.257192396194498	-5.173792052796536	0.9969968745519152
34.508418452015114	0.263358112339656	-1.5581278701050055e-51
20.34780502815737	-1.2495940973427544	7.981081302179236e-7
29.319082774891484	-0.4136639821309487	6.137387193053443e-41
5.9527145013645315	-5.249767654509185	0.9996958314314379
16.407383234328083	7.4054951927567885	2.986597701666091e-290
23.98637055647395	9.23181699126733	0.0
29.605284406974953	6.9552021116131755	-6.404473227972663e-282
19.141333484367784	-3.013175204942531	0.6938282422069265
8.474307738901432	-0.8110870654730782	8.155980504808491e-5
12.176851884199666	1.9934559054867265	-3.239324650691003e-20
36.61708563295773	-0.15288535789565927	9.99005942358018e-56
24.698705223359323	-4.30745950886314	0.9704411484236838
30.510489286356748	5.624064790971481	9.343314435929106e-203
28.373795560632082	8.483893032725423	0.0
34.653558203837505	-4.251945157044318	0.9346685016039796
7.436072119214104	5.716973717581702	-6.130953497510438e-176
7.411476081648693	1.0487799752480633	7.997885466903264e-13
3.6266681592312002	-0.6407313887218642	0.00483727517517296
17.588105752917432	5.337948661764386	3.1014479777140204e-167
30.449180873913082	2.137048929925431	-4.188210909908316e-46
12.456804568375373	-5.0949973653620475	0.998576939663714
8.956996195816938	-2.53155798524849	0.7757405444643266
12.010993877624394	8.294695176808599	0.0
8.160450862207316	-2.8293134275313783	0.8990291734205894
4.948500168331084	-5.869526622761214	0.9999385000881252
6.267203619203493	6.310609433970292	-2.4757758069794657e-209
26.581463282485814	-5.200097743499914	0.9954736002363884
22.62285537246836	8.600698828703425	0.0
29.62878437516952	2.127263835432977	-7.062086662483122e-45
15.295807212383584	-1.3607130680356931	0.000828953485408734
9.896796503428112	1.7426582849221575	6.781670632566399e-16
24.326037321467243	1.0854116637140194	4.9406490211600456e-36
25.818087452722256	5.2930006570770445	-4.536282423103867e-176
22.87080254020592	3.6715202879899067	-1.4710736101770488e-73
4.157304752906196	8.889740579581261	0.0
19.311083939904904	0.17235587157142973	-3.578901439469832e-29
39.73402330500078	5.645940643806519	4.189078916881102e-217
38.20118135613197	1.613756260003047	-4.7889635773500164e-58
11.69442927694155	1.9282367100758435	9.303028466905717e-19
10.558676223778772	-0.04031193158620283	5.037762125041236e-18
31.539850493712375	0.09786191300900171	1.2881876543759709e-46
19.598831354579094	2.5595884557499637	2.9445045515689736e-33
8.909311891326261	2.442153998064743	-4.173718383810146e-17
1.4556417111904658	1.228275694766154	-0.0013397738695670185
18.869842784574665	4.5569337475437415	3.571392468820156e-121
3.9191389994850097	-3.0148916498581677	0.9702409978770975
19.323778326198255	2.0969437835243525	-2.962677244080035e-30
19.979183546011626	-4.848058427063613	0.994167799289786
11.215292033966378	-0.408185289348598	1.024927122836304e-14
21.96688931955584	-1.8677228886658668	0.0049328418376538416
2.0524039710621707	0.7398247341914725	-0.0002646851488602567
0.3226935794157954	-0.7666713125895122	0.9876657302528618
13.251367267584468	2.885793207879164	2.6016719702998803e-29
4.669904311756056	0.4381064558832364	5.463783781700818e-8
25.07495973981261	-5.483353388004343	0.99792373072666
4.97407251216749	3.1696391590283284	-2.089520018107593e-27
34.562066884745825	7.0828762650542885	6.484296444519269e-297
20.606665722333748	7.700844968882141	1.49311233e-315
34.92181238560599	-2.9899026360220837	0.29060059355275836
0.7411758329900009	2.246964013771187	-0.00039882070376059714
6.967775678473069	1.195124952750863	1.1185719686393986e-11
9.075902702219274	5.639011432414907	-1.158590621752461e-173
20.92158744090065	0.5859923841321759	4.238270849622837e-31
18.09914559294612	-3.666029580658023	0.9294716096299305
11.437349276344637	3.2200802111739826	-6.097816501783358e-38
19.51629351788459	-5.86244821852133	0.9994543065524465
33.2916125037975	9.386400576864716	0.0
36.22173073475242	7.281355057663678	3.8844717599056e-311
6.100560820559166	0.05979201868537842	1.7671361753242606e-10
16.5218737497802	7.773163220449412	4.504879363e-314
11.044007898288427	-3.5424597556808592	0.9584762972380965
28.448449882183294	0.3061255806632488	-1.7667719873467052e-42
27.12588943760884	-1.7875449258136875	0.00011074614704389739
29.950625876626596	-0.4952851576076469	1.6690097556376536e-37
17.351965129012438	7.799743824508553	-6.74202e-318
15.732554270207602	-0.08452517865240594	-6.618173680646349e-25
20.40763360404766	-0.14363596661483413	-1.4469339027218488e-31
36.50996146038564	-5.426153713733136	0.9950263837749909
6.061117629531978	6.735735620605194	3.782233867226715e-234
24.516842917009292	-3.970033792258146	0.9380049981980845
1.9550167441541362	-1.448488751008373	0.803970573253272
5.309121079783896	4.815219833231801	-5.9477766754332765e-117
29.991082668263967	3.9788175847661087	9.33227028007833e-99
27.783207410021937	1.5103248117923478	6.869138234876936e-42
23.025317788673338	-2.4153767261253165	0.15502307568583013
15.039086754726888	-0.14156427900156032	2.1921526081134552e-24
5.372033332542492	6.790550277503833	9.085455461368598e-238
21.982954031804244	8.278636941031422	0.0
18.619817218032264	6.49760527806945	-3.1404624373294027e-239
10.34081405859112	-1.9641339526892665	0.2864640405133664
10.354938440136646	3.6698103847567474	-6.498301581378999e-55
5.241746819749819	2.1139943356395605	5.717012909198547e-10
7.23840449781414	-5.962053468044328	0.9999320353864141
34.76096821218669	-0.711966332489034	1.0691727425155626e-29
24.842656323658424	0.21428285844286066	-4.831659547023215e-37
16.141093289084182	-5.418289953592353	0.9990475953839966
22.27923469773991	8.864980149763795	0.0
4.477083288369777	-1.7681511344584848	0.5427141662784785
34.94660556975355	5.447703862935086	-1.045024444590303e-197
20.431179497366053	-4.909314336653416	0.9947722151272737
13.82673937666371	-5.335633578660783	0.9991106166185418
17.082910554050198	0.379808311624128	-7.68278539952001e-26
8.484074508400743	3.9465666809822153	-2.7645556055994954e-66
27.276132258380695	4.121355803842125	1.3885352296773015e-105
35.73707913268741	4.528742156373909	1.1143525881317095e-142
1.1402892507133282	-4.920725982730406	0.9999806698415808
12.568605960745066	-2.145329357627883	0.31614894519111314
34.898806586648064	-1.0537605136009454	1.5263394457566736e-17
10.031873213171796	-2.334660926887974	0.5939397831102361
12.983556987953829	4.012331685627782	2.288976530733203e-77
31.525672789918683	-3.1187111066666198	0.4754508687474472
26.57790707386488	8.232155865236841	0.0
18.382993156943858	6.860452052716536	-9.917092258233314e-261
30.770268191002224	7.387139875002774	8.62586380128195e-310
10.573434907704376	3.6956026139167584	3.371685206220601e-56
38.04438071905933	6.0572856765953205	1.4627619483696021e-238
22.15616283682018	7.87879724306212	0.0
34.2359845445294	-5.262964130678224	0.9935809636893653
36.76185477004598	-2.496827601082469	0.017165257913636867
12.565008937915428	7.638663011241704	6.180152859450077e-299
18.447848605814492	-1.0802328560668357	7.676568916284828e-8
37.17085526466031	-5.493387381380739	0.9955906108138344
4.152158553839105	6.959354001063069	-1.993509194454216e-245
10.57317703552152	0.6440131108267515	8.018239478270918e-17
0.5434000258312575	0.5130939634515492	0.41093551115576266
18.339802783165972	9.56628377654086	0.0
26.06369172042886	-3.988521567650423	0.931638310907945
22.32367602420641	-5.106109960298717	0.9962100533831754
7.3284819363383855	-3.011326937790237	0.9413183143917688
1.032309873221562	8.911703352155353	0.0
36.152884552711605	-4.1733914545160395	0.9161790920834857
22.9677411356762	3.032905650701217	-1.546452840698456e-47
24.90946299944197	-1.570247808762943	1.2012150384522478e-5
19.54944100535606	5.535403559813506	1.9170456047754586e-180
33.00572664793039	8.98654444408913	0.0
14.670354185849495	-3.5611338850700527	0.945448707117031
34.038547947284755	-5.628994506244929	0.997262751443536
18.728815620334473	-0.41328620673579763	2.9765083532410764e-25
26.627072771440076	-1.0383150113632134	4.3652443129218174e-13
20.924117482660822	9.235969392871308	0.0
21.35240413769685	3.6536019364416	2.4959616049966666e-69
7.977032507161163	-2.6591747017858367	0.8604929911626025
2.595002611924558	9.059634576781743	0.0
9.540635518520022	-5.110766207444414	0.9991856675056567
11.389597067270927	-2.7615308920437585	0.7683121676815331
20.26627025860726	-4.070387860638178	0.9649149470321092
30.725892987828374	-0.5724821141855259	4.4874064010373545e-33
14.66653066625563	4.075427546253422	-1.3970296470487074e-84
2.769279282517388	2.767511472351309	5.622962188621585e-12
12.386577885778726	6.950165514016998	-2.6741343487126125e-256
30.668483512515703	3.912369437340846	1.9610378027919877e-96
25.459653405790714	2.171467542213371	-1.9872047781724876e-39
34.19474686399905	1.1702512724672545	2.1299462368081487e-51
25.619276344527364	3.238136093591809	3.5939424263022473e-59
32.11512020054719	-1.0974516926340243	7.18648579631588e-15
37.128004683315275	-3.296846025311922	0.5022338667456188
25.86898154327156	5.352824648925477	6.685115781928933e-181
38.52189268487676	-0.740938825207472	2.453655490226049e-31
10.095088140161126	9.986738616772506	0.0
35.203668329010725	-0.3571194474329076	1.6334059186546843e-52
5.48412936870446	7.127106116797929	2.7634341071831944e-258
19.166382138000877	0.6218044882840346	1.9441107673848913e-28
37.248514281110644	1.9348586673346801	3.1950971996103045e-55
11.748389247251238	1.735361215000328	9.671900081866483e-19
7.43313105992916	-5.707721299034613	0.9998745038264956
20.42331289637869	2.5822107790936215	1.135558501720762e-34
13.34138196761097	3.27293266393983	3.803294763463029e-42
10.93820267202636	7.716850565396538	-3.704888557767764e-302
3.591436790610034	0.6743121652176356	-2.9760695377693898e-6
31.48518872401301	6.643649970992293	-1.0560820493800927e-265
20.70699335024799	-2.377859863282044	0.18412780325106887
