13.644996695151018	9.721290918470025	0.0
4.823892464556125	1.667767711327972	-1.66274154479983e-8
29.273291250623743	-0.1511649598615321	3.5397028581686052e-12
3.6971900866158744	-1.2880513958282123	0.4565991410652538
26.513652323671952	3.2488210912263007	3.4366058152014084e-64
32.6661096224239	-2.0040050154900584	0.0033817571953849105
35.60948873975459	4.178981322586786	9.570620533105817e-126
37.92754702573958	-2.7048830627975704	0.0850318217033927
34.42319014636394	9.020313817592768	0.0
7.063946623370546	9.555397203675476	0.0
28.804226586099386	-4.614835323369906	0.9798083448548999
38.2310837481204	-2.4597720409758423	0.01998938523190997
6.6862707418389755	-4.440074152312949	0.9993052739194318
9.473483639932768	3.1857250573327427	-7.515261927841857e-38
28.800194297600584	-0.7011145122611993	1.6154089952806655e-7
32.83709514794845	3.0910532276907325	-3.4565718293317343e-66
6.36016028436475	0.1888016848152425	0.0036544414255823784
23.458883266612062	0.5959788866953382	5.478545012065168e-28
12.140425371715637	-5.092259978873763	0.9991134522360703
8.658225837726782	9.468221053398494	0.0
27.30338237060827	2.121484873239808	-4.784767352412193e-42
5.549012244050003	-0.13760997365504224	0.02834032844841379
35.4496510540474	-1.0737402728550691	2.0358950219671142e-7
25.252043081661917	-1.0468546200020157	7.178496939962808e-5
33.82275509926517	4.144837618617061	-1.5629240413790852e-122
17.35380715165789	3.963451065838516	7.513350073920348e-86
20.499219014463044	1.0466289103406936	1.335078040933725e-30
8.778888293815067	2.6262604717822704	-9.234278105607e-20
10.171130542342643	1.6342597698086436	1.012838189368311e-16
5.539959019995493	8.102993246711012	9.04e-322
36.484757985284084	-2.1816878050993544	0.004627532576788228
10.074430722246191	1.5525092893560632	6.488693874418665e-16
37.658702620350546	7.689744137160162	0.0
32.562627362875965	-2.9098736733480735	0.30501799864274487
7.33154522083626	0.9879411567934646	-6.019214408773641e-12
26.62895053942394	5.694867168405128	-6.987013954495272e-206
19.34952679376749	5.136761003886701	-3.0718530959462837e-161
25.547738488900784	9.59946309617563	0.0
38.9224263066894	-2.8037181776635727	0.11713351872729907
17.087007079452057	9.676578824469427	0.0
35.66402872189254	7.498594077115506	0.0
17.971862534215813	9.805937558111715	0.0
20.50405874727428	8.56861994032942	0.0
3.8533417230115883	0.8158861535678561	-1.4360613480771482e-7
13.05999201257219	3.464972315062745	-1.9481297018312295e-53
35.213514605428266	-4.470314573976896	0.9587946859835904
20.318342536716347	-3.4030616393503728	0.8592186615861565
17.709651438650017	9.681644314257635	0.0
18.257441840777414	7.4559615250842945	1.5452418770866751e-301
28.545145117392156	1.4047307252534296	1.829248792678737e-42
26.32862083763618	-5.343412361610319	0.9969215724746197
25.391861721911578	-1.4880323358879437	0.0017289433262458165
28.751282574287874	9.082393799072179	0.0
6.8425210445441795	4.390594843110971	-1.1546551003996271e-97
33.95228402391174	4.318830481004934	-4.557935672785074e-131
22.508650434769297	-0.6627228533975078	8.591051996438889e-6
26.135584097636	4.222957910912211	1.49149976697021e-117
22.11753371878481	-3.8986168424010117	0.9377770014556759
6.893483740289909	4.814370262522601	-1.1877231151074002e-123
1.2205934018617253	-2.600162181832271	0.9904038090296985
10.10665808138202	4.233719571165594	8.338317536289263e-93
35.96485416996031	-3.463816191958763	0.6466234332362888
21.243560326170797	8.442658561032495	0.0
37.33034138413206	5.714414917575645	9.682598636910545e-222
13.66136125526493	6.251990215934605	2.4278088539606025e-221
6.005969028616507	-4.532310130759019	0.9995788894640855
3.244749122208557	-5.998648367110441	0.9999507435507928
35.107162389057216	5.465223410880547	1.255652431977807e-202
31.5814435455324	-2.8944517962263205	0.31984553306231917
23.98190128366333	6.849256425476863	-1.6950641351259013e-272
15.767990030869182	-4.855115030545321	0.9958470777215284
3.6467593423058804	-4.087165478292825	0.9956368989064407
28.369440020459297	-5.759105929127642	0.9985789865386893
14.109046669410615	9.613629897991654	0.0
9.126990730346847	3.2373153983497645	1.811367315489304e-40
39.78127626602728	-1.450579837581774	1.19550335988565e-6
24.21535269058363	8.948842659351776	0.0
1.2979273327766756	-2.415992193954388	0.9831727239219931
7.488718377651292	-1.1489061415952833	0.2291355545311007
28.388558943194905	-3.940471947375869	0.9113273922295826
22.38447909658404	5.36468136117557	-9.037889569346883e-180
28.77912304694313	-0.8530657520771072	9.208949117849916e-7
2.2234643995906858	9.107124534626777	0.0
34.14099322085348	4.551843394012817	7.013469851051639e-146
21.582566846724493	-5.274688717432618	0.9974221319369748
30.390939139886967	4.56922748326717	-1.7571135690869464e-141
2.5727762534893026	-2.0137786168630925	0.8418535983231358
14.438805475257261	-4.350915661722226	0.9904038571749527
6.582683934921695	-1.8900394833232532	0.8714524064714867
11.289902757262796	-2.3355560341553243	0.6592545166414446
6.150344410759018	5.2081042569135185	-3.3476973660191447e-146
35.482894096487826	-0.6667506100042004	9.210673535048842e-10
39.13445970250194	-0.8506075075497677	8.575758127928653e-10
28.28340437704647	1.917939114519509	8.44411830869125e-43
5.743161589940556	6.3338851264887275	-4.795114158448577e-214
6.859009032804418	3.4013910234204623	1.3510090012888246e-41
3.488136451447272	6.855350438271408	-9.671765220623828e-244
21.087024929342725	7.3315061021023595	-2.977467506112753e-296
8.061294484714919	-4.19104623353142	0.9941938470887303
35.237875368716495	1.8650771999662084	-2.1429105364366978e-52
22.408215697262087	4.0812610593603615	-1.2067460564618745e-100
33.22904451869696	1.5899841191839812	5.182274019637383e-49
32.52921525835033	-5.095786373306826	0.9916084998111299
0.5965853909623431	0.10433699709595601	0.6125891173314135
30.290942703723957	0.3826116689925989	6.022803492765497e-26
11.895277748645888	-1.0415378842576146	0.08282199116937018
27.366146800941056	-5.2532979056841285	0.9958192257445488
4.741683001226389	5.857498900008768	2.0503286412207507e-183
14.840353676887409	3.8030713756937686	-7.455727667696643e-73
3.4317709939562433	-3.6885716633685917	0.9897742705351783
39.19539209010779	1.5222825311682975	-2.350565978808848e-57
25.995677919958904	1.7856421125441528	5.4583885600982964e-39
23.231291364047205	-4.9539442768404065	0.9938440082541855
8.796252168979336	-4.593494532098234	0.996502638306772
38.40619168809516	-3.0516539349936025	0.2907176424457079
24.01010097966517	0.7808484641752287	8.796535561347e-35
36.34495166062697	-5.429859543544946	0.9950959210776901
14.551274877877054	-2.026996293766306	0.2699418618623674
21.285129248495267	8.397501763956807	0.0
6.550229527355588	5.431016372185464	-2.8717046101059157e-160
11.5338409025374	-2.187359399628942	0.601772955821417
8.66892713365068	2.5993598712429424	-1.663533671663671e-19
7.882719763704762	-3.265653574696568	0.9598686970605376
20.45757969358287	2.7487407821693317	9.563721079816436e-39
8.98282029521179	6.272237072781909	2.8384710537638713e-216
6.5924401115679405	2.2801346556894124	-2.3360772231230878e-14
8.841995652444293	-2.4194546926957194	0.6657538164190901
24.8891273786356	2.0777281790556117	-2.3015219390373233e-38
17.415609748378174	1.0869919916508977	-5.8831810152319976e-27
29.156875739252257	7.993593590586741	0.0
17.009740002281998	5.983858387462199	2.7627156839657675e-210
21.2115823606833	9.809367932874139	0.0
15.174352499220287	7.102015162972812	-1.548958204704464e-274
9.88429965704294	1.2467459624923265	1.539892978179441e-15
34.065249028041976	6.7990014857529	-2.4421827114961396e-283
7.374014091779235	-0.2624281905784649	0.006601431812510561
38.26736033222902	7.605738497413313	0.0
5.6684885463861	6.706582581385582	3.491818854912143e-236
4.768359777457914	-0.03794717582586671	0.002059891465429571
35.35443120352866	0.0022537532901196755	4.270959550223123e-18
29.976271311753617	8.487072576330025	0.0
32.73047939146898	1.9437165180556448	-4.351683828481105e-49
33.86359037433373	-1.4431759625729192	1.6894978946576523e-5
20.13782411375047	-1.2032027233889409	0.0015773943300621096
35.34329060907413	1.1565625394882595	-4.94579095284732e-52
20.72059495616084	3.365162243347953	1.329700872295929e-59
18.968655503067183	8.399511791557192	0.0
15.895067859534898	-4.488126025577426	0.9902419607984717
12.02110877753734	9.294758582738663	0.0
11.481924412543291	5.9319075884635915	1.1910696722793526e-198
8.964907526692066	-4.062851729055119	0.9875289122674895
19.28487848763129	1.8867097570075941	-1.0274618877336353e-29
7.493270269842702	-0.3317216184699916	0.008924204463140994
3.7662709515453874	8.171800290587303	-4.0e-323
28.737918717295468	-4.770572514987574	0.985902944304062
15.900793227651771	-4.836860615016107	0.9956052762870378
17.08772513600374	-1.5674541866102132	0.048567056698062105
24.389820484336457	6.157951967670641	-6.218849614105506e-230
6.370721715564289	2.709734132071727	-9.130865217703426e-18
5.77944124992456	9.862168561413846	0.0
37.74248025188135	-2.1206796061259325	0.002019838401272057
1.0198719275618415	-1.8578448956693094	0.9726753861710218
32.12428805771945	4.805249344874024	-7.555989708651022e-159
7.917122449693119	5.242593219598554	2.8753358233374234e-150
30.23064204750423	-1.1084292020971596	8.535475823532303e-6
35.73579022834111	2.767903453186957	2.7873180734105322e-61
5.978958169240811	9.110463520052388	0.0
5.2566472663951584	-1.338871455887272	0.6172609003816337
12.355421651033035	3.086434437466515	9.214675103338805e-37
21.80718076440822	2.5290037222115664	2.4154616470024125e-38
14.156708349315648	-5.956485139830203	0.9997841288526013
7.710567264589256	3.021662323876594	-3.6722181710255495e-28
8.883390245850958	9.879994468854381	0.0
11.605751663571997	4.2308644069107295	5.406139147863056e-94
15.08670972233111	8.788874360408073	0.0
30.738341773460604	9.464832821159526	0.0
18.116655615874812	8.176481467959867	0.0
2.7667038637601684	8.760822372454161	0.0
6.175320541255983	4.8481621807944535	5.660421249417576e-125
12.145309007853673	6.050281161183811	3.6342269603214663e-206
10.665285695304172	-1.0418545042284215	0.05735868592009068
3.56908574262971	2.340292620963073	2.9061333155452627e-9
29.766375622556424	-0.7067650301039556	1.438730912902679e-7
23.13903725515459	0.19654035214767163	1.3798258359043162e-14
24.14757852469222	9.071902470851203	0.0
20.459274850330015	9.927176782001705	0.0
21.15285126817953	3.796032887015844	-1.0927875786927353e-81
36.01259383127202	6.961677384058262	-5.589819063556868e-295
14.580446004700981	0.2615967694473831	1.4980630384278562e-11
37.92779427525385	4.220297687837654	-2.878307834934695e-131
28.993205176970804	-0.9918638730572624	3.678969012990017e-6
9.724983901076532	9.446140727091134	0.0
23.858989253608723	7.78325750836342	0.0
25.940060157867755	-5.685831199580225	0.9986491478346541
20.603911100133566	-4.1887967171257365	0.9733958889967042
26.542121805876477	-5.922687924236655	0.9991708919204363
10.845074122434777	5.500067131596257	1.3462785809321304e-170
16.56659451616794	-2.123778818091843	0.23987298542908692
20.69775563654062	-5.769410305400893	0.9992760153400775
39.197955301303615	-2.995560693698181	0.23304600900187444
