33.944271778766904	-3.94798646509539	0.878266952496414
12.44597197450295	4.413498313040783	-1.8755235512347504e-146
12.13775337574076	-3.979511375096436	0.9841930246368544
18.723278609605757	-1.971333398173119	0.02998865658696002
11.833878021672616	5.197412476102944	1.8570489232862393e-192
36.16272106616313	2.0711736963511456	-1.0719360350560638e-60
21.397750063723258	-1.7463693113081291	0.000862827280228633
33.69959790559407	4.12067098898131	1.3099236551551506e-159
13.259597739063363	8.86735260588192	0.0
26.807497064577287	4.73577745916721	7.830862126369861e-187
27.604776085537004	3.6949748801662636	1.596618764396735e-123
13.603043461672248	0.9556088604561275	-6.0543350591589724e-21
18.268161502201494	5.926449043281014	-4.81315739051803e-248
5.1483162255123345	-3.454326598625581	0.9845664212230317
2.035989473630254	-3.882737274217064	0.9994885636536219
30.878081350852575	1.528439158441703	2.870728267508471e-47
8.213572258913349	-5.153525281105871	0.9993869651384623
33.88971803834953	4.942516333084484	2.948056164656562e-208
30.928664787201228	5.6521493157158424	8.080296370707025e-249
0.25807127600432134	0.7857131161343922	0.30992457990178396
20.17438956560966	5.469395760451992	-2.3760615255368665e-221
33.70773141711041	8.25879179169684	0.0
7.033159609661493	-4.603638716817258	0.9986842446480396
4.996946140417755	2.948725016637134	4.367219597483962e-50
23.898430197931713	6.778464472887638	-7.721431616451656e-306
0.4575316681734263	0.914755511597928	0.05445232784619553
12.078215978074663	9.115285156677544	0.0
32.754808633596724	-2.802325210716635	0.18734916160850634
14.488192034310396	7.009179008314533	-5.886035107358935e-306
3.7421329455949786	-1.561398691061509	0.40926491663719133
37.54118294154938	-2.022239762570333	6.447323054184241e-6
7.315828352417296	-3.5491674218437694	0.983155872081712
37.4481414358846	8.757031023816928	0.0
30.148796482374255	7.255590758594025	0.0
22.22699085791971	0.0474193276950956	-1.8662699821850174e-32
28.143064790659334	4.1365161020007335	2.0627522140019214e-152
15.711625336805062	3.7041980899153764	-1.3027314886789009e-107
37.75197903166441	-5.046150209829033	0.9872666494494139
34.31123069650242	-1.6521779088858146	1.2435505524698734e-8
8.709766567408346	0.7913837468253817	-6.233384606647919e-14
21.37246261756127	3.299229673010281	-1.5535843882337273e-90
4.6215196101480975	3.2670980877703926	-4.254298569434768e-65
1.3214194210752988	9.820755791069956	0.0
30.584196654589594	7.437327336892636	0.0
14.348636405877407	2.8525794337072554	-1.549394472427841e-56
14.042046194693006	1.9707039270304847	5.8322014994019664e-27
18.018176380164284	0.0346810436175673	9.554567727933562e-26
20.179149300585536	8.880772618041156	0.0
35.146418632717015	-0.31526035856564505	4.2594159668588906e-50
3.092288864580617	0.46020037976975914	4.3053954855536805e-7
0.24539045841794682	-5.4651668227847345	0.9999992326207324
23.732457359117582	-4.287044644660696	0.97127187736581
21.889227183949682	2.0359214938770798	2.439474739723824e-39
31.869849318083073	5.292006585497596	-4.469098929866454e-227
29.75951834992752	0.8717418581189698	-1.9485715461168782e-44
12.2575063488131	-2.2320706758001556	0.41466838897102304
33.56718987351283	4.754993407977114	3.2012953162412934e-197
1.249275720232934	8.483788058810624	0.0
24.825219900780542	-2.810198590739816	0.3894046090461107
24.419844156320362	-1.7822805762632328	0.00022246778799197496
10.272005513124967	1.3261847608672142	-3.234422581213109e-17
9.66524615087857	-0.0691972665978966	-7.873915353254285e-14
29.77850600113735	3.2239187406829757	7.763565597875876e-99
9.687471882873762	9.91071566505051	0.0
7.521312246403286	2.6639853315042075	1.2013166576435381e-39
29.11188601387197	8.13988955544572	0.0
11.86600330828547	-2.8967479638144056	0.8349054955957724
35.57584345619743	0.2796754194415705	4.043415503229251e-52
30.764899703956	6.625790486833164	3.58052753697931e-306
24.798489258969877	2.90696702108486	2.7858565760633935e-74
10.90391963385441	2.6354127126857456	-7.360512777040037e-43
4.751610831224395	-0.7332231447256738	0.0007622466787191843
6.160410583623432	9.854760904785792	0.0
13.228618788935274	-4.398106550950523	0.9925357021006646
6.230686267908826	8.450110044175734	0.0
15.406213531497587	6.390877046073925	7.39219094184319e-271
21.389349785408925	-3.8225203888188624	0.9334577190689197
36.19997182832033	6.694749634843184	-1.63e-322
10.527120534771273	-4.662214188735465	0.9974615846925232
17.231447281821072	7.1599826512408775	-8.676e-321
11.898406916063895	-3.587946622200267	0.9634198876309983
19.501977675067153	-2.1927188336389563	0.09617380284281184
20.3872822461182	1.0524251292773243	8.694479934892248e-31
25.53376196151967	1.1751894817498005	-1.9270083676920796e-38
2.04621973464375	1.4600294856810727	1.1108571497925436e-5
14.859897335905362	3.3099562598826324	-2.318353640016859e-82
39.3728844455094	9.131834289185939	0.0
39.14932782046315	0.9160182530273566	-2.1696298562694533e-57
0.23430578958542317	-2.119050353748836	0.9984457170022883
34.161869498874296	-5.420392286370614	0.995576824694172
7.9833769947499835	0.3486204134104973	2.2295718356318024e-13
25.141405903946854	-0.5568288041783092	5.762733357558889e-29
28.419472779679126	-5.851057888311669	0.9988619190222006
10.688875210978342	9.210167123763764	0.0
39.66028784417672	9.484041585003666	0.0
20.788084126369164	4.597526580724363	-4.392981664710523e-170
15.31339530651096	9.419795463434873	0.0
16.508209015539933	1.7945331406187286	1.2800447398849819e-28
38.75221199903244	-2.926249022453561	0.17023652386997912
7.1433830859578675	1.620895666770565	-8.11349973097243e-14
2.1966543792102033	6.426598764278431	2.254154044949027e-254
36.969159371464436	7.514537358669109	0.0
30.434089379335063	0.6479394146785395	-6.822694421305641e-45
39.04279239696891	-3.804925005642172	0.7876363892411019
29.8986096872306	0.9882152194197573	1.88990025887539e-44
19.441276844717613	5.6785490222235175	8.482930598072504e-234
29.295415308473856	-0.8511312948649667	2.586096094037494e-21
23.730295376157184	-0.3664118755620649	-4.371748485145225e-34
24.885777256235876	4.627919609893645	5.424132315383192e-176
22.040146290985447	7.943867949794367	0.0
21.480590846791326	-3.06166144533767	0.6716379674146461
25.212062513801918	1.9346095306912048	1.9542117695012394e-42
33.88652500121577	9.876986619231548	0.0
4.488792237747757	-5.347032210112285	0.9998005803626325
4.4422397962968665	1.0538818259995608	5.303974527802592e-8
29.412721772043668	9.453880306977641	0.0
7.0782532399506755	2.9177700823856085	-3.6267023933938756e-50
35.95322570393598	8.657650055073535	0.0
12.156200675078738	8.757224001558527	0.0
9.053699367386967	-5.597028653868492	0.9997335962137548
10.466165686905589	4.065045752250306	1.8650100535623417e-121
23.51885795445869	7.297204914888315	0.0
9.585538268705244	-1.115079697208806	0.0009805407554443887
39.53075620811009	5.378044912468841	1.7990353046303518e-243
6.646972411835972	9.580686435799379	0.0
28.283299501793483	0.6977014667468602	5.3209893779508584e-42
23.95440805491475	-1.6547662859950734	3.7916533294654585e-5
24.66025049602033	6.129188875573359	-1.8950498966165908e-267
7.271026691466524	4.386020249487569	-1.6184002730219432e-136
24.621039491748185	2.996006984856667	-7.582745419019382e-79
32.782041769372356	6.331874005134615	1.9017223715374015e-291
9.000448843740202	-0.8928801737804264	3.419165694146132e-5
22.01426155599016	-5.907188467712743	0.9993984673675124
32.14156180871811	1.9976920969754097	-1.5396773861929489e-53
15.473230059356455	7.899087840359211	0.0
38.67033586317383	7.670174001450352	0.0
9.750640340774979	6.709858046905005	-3.289302292185622e-281
15.140045775761395	1.254498776490287	-9.330247776628888e-24
28.223771057233424	3.4943259932626347	-3.4864930386288867e-113
36.3170261002162	1.4107413457301199	1.4133848122753286e-54
16.173628103941166	7.0794320711291405	-1.27357043673e-313
38.28735851744586	6.396864132884865	7.198453144838225e-303
32.389597011381625	0.6681150201458941	1.147348566343434e-47
36.38994355282517	4.367730614471537	8.704462700548689e-178
18.787977536978918	4.390528720458164	1.3781609059888623e-153
30.363361868821197	1.0403209471743438	-4.728522507532606e-45
16.358491024652714	9.896103349030895	0.0
2.1567997299430552	-3.1988730343902887	0.9969442899470294
4.912916897255137	4.751667811397979	9.474318476976409e-157
30.950701214933236	5.788022392899528	1.9669249470496847e-255
10.541807205997264	8.801033523878687	0.0
16.4720640635721	5.051746400728913	-4.068520576030191e-192
9.755083619267827	9.938526025406588	0.0
27.10008370423831	1.470853470750189	-1.0924728133638226e-41
10.437193709462518	-4.993633799658852	0.9988237624370695
22.87664806730957	-0.8607513159320987	9.97530758322288e-16
3.837871714723134	7.1038957721893325	1.3479750775673993e-297
11.358173020160237	6.802069447200697	5.737136724465568e-290
14.45201659787162	-5.998982425342437	0.9997812826149086
39.54992096711342	-5.860176642294483	0.9978440313709483
12.54640909387405	6.0944842368573084	-4.9772924509405556e-248
5.169403270444473	2.281591363335366	1.1424976909611467e-21
31.644863974041204	2.6747616567988857	8.438493773593188e-74
22.907352780733703	1.318871624438625	3.848268629423551e-35
9.13962975906769	-1.1219109853413904	0.0013575441351098346
21.620831860921882	3.977447536741998	-9.507572023178541e-132
2.9937228808348237	2.6655675892840733	3.062578143383443e-34
1.6058606761950398	-5.857542329920399	0.9999970974860071
23.1985239891786	-2.587276253858242	0.2545256589962301
30.42763517237663	5.4635123491280915	-1.105481346232522e-234
16.755191028216924	-3.9334204634477494	0.9675944836802618
13.742698115446897	-1.7163779204749474	0.03130196706902533
7.005432906636524	4.488228794901303	3.2201316614135646e-145
6.816223185438408	2.7614736473599066	-1.8772157400393086e-42
17.412487235435275	-1.7574657664612694	0.008664063354406774
1.340594833497965	2.402686897659521	-3.205664732538903e-20
36.78557611682186	-1.8156267551092995	1.0370452328236386e-7
26.24561718462113	4.913887143821796	1.5094943753324506e-195
13.103834520593443	7.677688579055012	0.0
11.281575366669612	8.674362308872297	0.0
23.133007881419093	3.9157539253841733	-2.4633079549541254e-130
2.923050383505191	-4.183533950650382	0.9989308998150795
5.852601213466173	5.7235283891496	5.3255022292563106e-216
31.750652394129936	-0.93179989003891	1.0196194596335538e-20
11.256357110705027	-0.6620578977854805	2.234279813771302e-9
15.21119569689097	5.102919825211657	1.5503319712005177e-192
21.467369774029354	3.8122669970939036	-1.64924093896109e-123
18.826106575697175	1.2716647908624985	5.092025001705398e-29
6.2108511025408735	2.1046790672486324	-4.130482879556934e-19
25.41890583643106	0.019817163962965623	-3.970733121579894e-37
33.57776447601503	-3.5768696786436642	0.742106190559799
0.6578106805115327	9.593426637352081	0.0
25.515178572981842	6.1352688963174735	1.487993080299209e-268
11.199020936312495	3.135010050007196	-5.73682536451714e-66
17.061916018598318	-5.677886054918467	0.9993825133954852
14.976704473410457	3.260810721774142	1.5478079217322435e-79
7.416545844675617	-0.7850531666113163	0.0001352105220578202
0.6976963503899578	5.152109015646836	2.057777602248188e-173
35.74612383194929	-5.231792291575225	0.9925350507851961
3.635550144304476	9.451289888836993	0.0
