20.278109109576846	-2.4258218882657907	0.4092470998995465
10.52568748129617	-3.2229458900544117	0.9431929852454948
25.85034251380324	-5.365572434933078	0.9969184271044462
16.116539018636555	2.756963658078014	0.2306681297177604
19.593751636028102	6.35210335685073	0.09742053299001976
19.741292112174452	6.278619456592647	0.09630098186153925
17.331764646696403	-2.5323993892739622	0.5278307542684645
8.061158689116375	5.570407737678117	0.9675266387919073
23.42504004107732	9.811663665231201	0.06429608992777334
13.742569736678938	7.008498505661024	0.6053848290489862
36.76475513623197	0.22113372220055538	0.0017988181885288093
26.528949997531736	5.585539242249368	0.0286901903151374
19.311371912154467	6.122969118584518	0.09972078667314144
21.84047831538082	-4.291770900409787	0.9759264303276807
34.90632178111228	9.103585877298027	0.0028447985578177832
20.942971706138028	0.8763465004431694	0.08775197557281915
15.78987742101195	-1.7459998869926068	0.2945367002625545
15.98583959373847	-5.315027834543098	0.9985571801941765
17.80019193844638	4.785489222753551	0.12307297853568326
7.539057164621085	-5.581828639985773	0.999965508513492
30.159630125455802	3.090099356683048	0.007330792452078799
23.180568446211634	-0.3537366330310334	0.06705279950469221
5.817398903057757	4.988529345397751	0.987601623389676
7.209412489144682	-5.025408693869615	0.9999175280113598
28.048631051520257	-3.9415083161595916	0.9123985104597276
30.34869063456307	5.67662195368446	0.006931852169462961
22.98846392062937	0.20685764555173236	0.06916820249162237
1.6681634858708938	6.189439037134296	0.9282875614737273
39.4869367125134	-3.065092747007462	0.29849023706352723
19.022480847112284	4.122543700870867	0.10239963087632582
22.8719857129975	2.383338713945097	0.070425740417358
21.396710792094115	2.8688436460280577	0.08427743819099301
37.5112340394479	1.3945476063199358	0.001441562904235923
38.1138882409355	7.0951545679305354	0.0011875802120575737
22.859618230835107	2.2362823018238203	0.07055810818177992
2.300423349617061	-5.195925115639355	0.999909175870813
17.372560265225875	-4.846206061474742	0.9956326059701863
4.026337598017766	1.2158014505805994	0.952677966318718
2.581396235363787	3.7658712354880457	0.9295732993091809
1.1296106615856516	-2.044623782116439	0.9727376376711132
21.829813128823577	0.8460428603280086	0.08063971990429684
6.591219563409593	-2.939187021003317	0.9962206105289838
16.305654969344836	9.043464327112119	0.21073426042920518
23.6891625050299	7.011368629334562	0.061251256081305376
2.233695614512118	-0.1598168191922511	0.9276859239590995
13.40278640737671	7.290129140670878	0.6521408604024915
12.982859862848711	5.190661144415479	0.6989494124185512
2.636972797503394	-1.829532558393602	0.9337444222236974
15.051601232475495	3.0251640268029476	0.3835668988162812
33.80267214115812	-4.417827134117424	0.9573238419580046
36.896455179343796	8.048289812237186	0.0017325802338641362
11.842742546555169	1.2328446127906787	0.7790591190156905
32.492609353462235	-3.5410520588657057	0.7478014829925467
28.075487372166535	1.9669429443079594	0.015883877759663007
36.283156209046425	-2.712483638815705	0.1399682544260361
30.394154550591796	-4.103864329745193	0.9301479154465971
19.275280203556772	-2.1250585375569564	0.2764445562359672
34.44993099058893	3.4618847482429977	0.003123318589555362
12.40708603389263	4.326869344967445	0.7455716479430511
37.514627537454096	7.080054717913086	0.0014400338243450296
36.43332315532793	2.8994306387936106	0.001971016328659716
6.919174012822521	-3.582397599947914	0.9985227520695175
15.019215932829685	-3.817433749803925	0.9577174027701401
9.845185069940024	1.9410360278112968	0.8842234221662227
15.87342366777587	4.607827680832177	0.25972904123569135
33.887354100629445	3.667565810666268	0.0034737992758613694
9.315291263044871	-2.590679425277262	0.9359856941593068
22.046630884141045	4.7041585639150085	0.07868345025176306
18.11685540817088	-1.860574092269072	0.1911681096306471
7.57521319915421	9.29610653965922	0.980860282582546
14.436936394897412	7.356034305317493	0.49100269982167233
31.80471427948417	-2.3312899520040666	0.06397954468401389
14.20573210600028	2.3332505990498227	0.5310440746570326
38.38851407494828	4.113538929887817	0.001082701091818481
32.76369466029144	-1.7913451328142855	0.008288617287259548
0.741275944795982	1.9479258437975915	0.9357598826010708
32.2449681412772	2.7971094684436544	0.004586385865111346
23.015015126849264	5.401892850265785	0.06887864028301113
19.178127656500276	8.357744794645573	0.1009055353399528
37.60897864287839	-1.6596531414871265	0.00207376796395167
9.229981233022727	8.856418186810043	0.9170950075514257
10.002479820753537	-3.138236779161499	0.9488231086685232
16.599235543836024	5.378858269920784	0.18433116167986005
2.147137854753384	-2.569474298794134	0.9732671744013982
11.77859291996707	5.8611147351505934	0.7824759313082117
14.377230439321245	1.1437192987993576	0.501451330090274
13.770800284167079	-0.6059992233110023	0.6011691127520771
3.4813728919328923	-0.6267388493701276	0.9416879596604069
30.381278151692122	-4.607562735848905	0.9773789637857934
34.14374928107288	0.691023792053862	0.0033131197608762077
35.18324108757231	0.42997213409808666	0.0026787771599172563
9.720316380201952	4.6052495938169855	0.8910345219323267
38.504994839828306	6.066987623652043	0.0010403052458621217
13.047405004327901	9.295490936656446	0.6925359169587968
9.0774349541048	-1.6592136243315103	0.9257157499505773
18.770478225970887	-2.138870884812274	0.2917097846103137
21.98514986307077	6.2840473673967665	0.07924748079159986
23.56388294694665	5.357122106799348	0.06270307329019983
6.611920116000319	4.303183551479549	0.9920463204686853
13.200044856925386	6.731429093607332	0.6762546504452559
0.21821246816169043	7.095960938403245	0.9385369170330059
7.211866879112431	5.1690953298740645	0.9874317879538652
37.52716038181046	1.6631777400163088	0.0014344360226330763
34.923756675175376	-3.6244610662461234	0.7542171041551766
36.13223724158493	6.981882793005237	0.0021338033629138393
23.007684337054375	7.073322406685197	0.0689586456138499
35.366923512982574	5.117581724870799	0.0025701550907342476
21.065257585194512	0.49953894631081397	0.08684399704387906
0.626497467527571	2.946295786898869	0.9364039794118449
27.96433968078282	-0.8591829260974642	0.016611753323646908
7.262814468202088	7.48338271754897	0.9866862336185107
1.2941711388008155	6.913186836537264	0.9310490359148468
32.188055262318656	8.331291575242986	0.004631204233538165
23.24058951717579	-3.1021911364082655	0.6849566821434313
5.4967487018252275	8.774650951728908	0.9830837988976897
15.047696621369065	7.016863527513362	0.3842287871990766
24.88842611360649	4.016194660928189	0.047015419613635284
36.50538191342254	9.043756936759845	0.0019329253404930852
3.0431747009411443	5.977814355699962	0.9346146099118018
16.798569970499823	-2.0801185569594765	0.30302689313883174
25.112991723697935	7.259884366179268	0.04435619013626912
5.387532502822384	4.162578075087861	0.9812674815155681
27.750234279494922	-5.101086971463523	0.9936569906119554
13.412544404387456	-4.104665191004251	0.9799817944982353
24.112260577214446	4.821363865710811	0.05627172412146934
16.912253184096897	3.2866101256204843	0.1618580644061021
4.67804195875069	3.9467897096459588	0.9670955515878554
25.675919828610464	0.9693753084492869	0.03783747786447777
4.233909700953058	7.492284015775944	0.9572326299167175
4.155998145357606	7.965893756569983	0.955510040961595
26.520479254572955	-4.329839940581394	0.9658921962980391
28.23788925307754	5.855686672790718	0.014876589366917521
9.407932366227215	6.0932272893724075	0.9078168251385872
30.573627038081106	-3.237504981334723	0.6070763163976233
27.745778708464524	-3.4258623939055894	0.7540766713796169
16.839043561045038	5.27106101777655	0.16662462433844952
27.218082152944387	7.158398840179853	0.022288255913289735
36.37775610589135	-0.2111755044445438	0.0020006194846767813
39.46744042640461	-5.43449319281854	0.9942433045974225
25.234068009483163	4.2576931872624435	0.042933289797746646
38.07208422861904	-1.6789603964998463	0.001867854306978371
5.2815565924857095	5.423969892903266	0.9793889981777224
35.09259024364373	-4.690782324875521	0.9750681832393054
19.510850578191942	1.7202845778691902	0.0980715777967773
35.76753592820743	9.992481137045953	0.0023381116059195284
23.8675960740714	3.7587393614539906	0.059163585315970685
35.51092835001154	-2.355759148490481	0.040538855750242915
2.2599951871263695	8.249146969479458	0.9277698098107756
36.31021069924256	3.3942880592668203	0.0020368872152631778
30.147605105861363	-5.69087007802462	0.9981316557241671
3.6830192737321363	-1.721413196615206	0.946287512044232
36.4423743582016	6.612250990221376	0.001966212276701262
10.851287545153932	3.0917856902714007	0.8300638105622924
28.994237638609032	6.343839280183371	0.011014779780221385
3.3419169834375513	3.1820034838657314	0.9392283592284764
14.84356860530368	-1.333828093898493	0.42018889476070415
20.335299985667206	-2.194777530570544	0.2857609570702457
38.9156443391866	4.226378158444014	0.0009007838767140778
2.449511385569302	-3.3522273228572566	0.9935037781075066
15.773155547141496	-5.661560484462182	0.9993519334801262
14.205445340782815	-1.6921096602623926	0.5371327667007764
29.393949877089092	0.9340037968366204	0.009478856283125987
19.724323711006946	-1.6572001441044364	0.12467115124813996
24.48990692806704	1.1944774379029859	0.051769785822220284
7.475819568173186	1.0708435032605017	0.9829487973028548
6.941936400357692	-0.7609632715395414	0.9904428290871957
35.947388133242406	-1.8831171682693046	0.005831323016966988
18.43280573362317	-0.25373829797303316	0.10973288839457242
2.8061986335125884	8.30114961057469	0.9316856198649437
8.723257836537414	5.502962400011384	0.9416363510130146
8.798530336220905	-3.744332960265659	0.9921989370439246
37.046185368709686	-4.62192663709973	0.9674861517720988
2.6665670434500384	-0.9052409175370428	0.9302936666991682
31.513275910054926	-0.5664849564072831	0.00524129435323099
7.34420493327932	-3.957254304479079	0.9989208910999224
1.7279705070796698	2.569249738985981	0.9280225966424924
35.94073544736752	0.8679386537719722	0.002240202115191792
17.174674654652474	-0.18579783267799854	0.1470051687215861
23.945307517180673	0.3323164121480602	0.05824820205827766
38.07303585582796	5.96462200816492	0.0012037699487490905
26.824968024945463	3.178645268989772	0.025814476269640542
30.46765133327005	7.516507414454974	0.006702814633656168
38.68452291846458	-2.0043930346185874	0.004397891593192386
33.35401205553191	-4.231669432959439	0.9371799291082813
28.65118293668773	7.762645108305847	0.0126022835924778
4.685659901550965	-5.442431757340483	0.9999416297170304
18.33883547248294	7.882923633632142	0.1112573365316641
21.740088812646224	3.482542979569409	0.08142215105115774
30.738288093948402	4.252282004328574	0.00623800503416494
17.216077158807256	9.225889132721992	0.1449578692596379
12.67520939713852	-3.5783887731709108	0.9452124849118735
22.743822992398012	1.7658779342791249	0.07178591968427842
21.042954841792472	-1.508267532947773	0.09660667752087111
15.168869949074816	-1.7444561138681394	0.3800855179245929
32.664040278002766	-0.5431909711724074	0.004276640990448371
6.1122923821653306	2.5723152460965615	0.9904908198526343
5.991001181569025	3.1892726289814384	0.9894635036753144
37.486996128306906	-4.693469248067196	0.971692057169549
19.718294265324364	3.387643279171858	0.09647264750000664
33.179115804028484	2.8423143589690305	0.003927936949943772
