23.689779701906097	-0.11095160262855686	-8.435597197579101e-36
14.057408145302434	-2.1219640800888016	0.24560527807304536
3.527072187431109	-3.422339710435523	0.9909863030662361
24.9199953329965	5.89340799699476	-1.4653772110013985e-245
38.35988518755156	9.756280933458083	0.0
4.997087582891194	-0.7120957395292109	0.0059528295201797254
15.759484510852412	-4.02741874253147	0.9766992837794477
21.7569649366725	-1.724635367346437	0.000500922188120103
3.004898514091965	3.7147496318251534	-1.7072366704766298e-82
15.816293215029226	4.987816395101952	-3.5666035356204416e-178
4.298197183827167	1.2829907541675603	3.997719601224905e-8
36.75724350229776	-5.893651064057735	0.998275506843296
33.55675672094387	5.673128310301813	-9.503674246562191e-245
38.43618458139353	8.814571864245835	0.0
20.53745573086898	3.8626311927323336	1.3278531946193076e-116
27.488825744192766	-3.90805062889995	0.9109390631846966
3.5264879196893224	9.986518085905267	0.0
7.807616391046691	0.18305312709651744	2.4577950552966403e-14
33.1914078661873	-5.912933654493912	0.998654635804666
33.508416483741875	5.9909529302288895	4.42521060503547e-264
14.587440239052315	1.8517077156834105	-4.376642748848155e-26
0.23388450563201202	1.8828416375538382	0.00022802678790746696
20.159707138545187	1.4577031585240903	-1.4537399580314428e-31
5.211095805841912	8.007449641922477	0.0
34.247051230863704	6.079438651466372	6.374617523241782e-270
16.96515340268733	8.435761089575063	0.0
29.174252711467794	9.579324388135507	0.0
25.17293353538895	7.26630613286321	0.0
18.201316083508107	-3.648493080209313	0.927887931278198
30.482866507721642	7.589790904248588	0.0
32.88964439074724	0.2919528989632667	6.973184187768595e-49
39.722626356990865	-4.8694015577310665	0.9789120909144475
17.088091666947044	1.5220860407743615	4.1690882813251745e-27
23.81129556573993	3.755143575251193	-2.116615445556062e-114
31.068234145589177	3.933176269040196	3.3493592649237904e-136
28.41329444004142	3.107332092980368	-4.0221581294350864e-82
26.102560458101546	2.264016615587188	3.2581308227245885e-47
31.454745910056207	1.906747134923478	4.724168461946405e-50
2.2538202856622687	0.25156941978057645	2.1053250179396832e-5
4.346604675978866	4.7056498005618295	5.21535686173518e-144
7.467623675626196	9.341282070188694	0.0
27.658964540326686	-1.564122705248593	5.45288508425185e-7
0.3891206738976137	2.034429213972629	2.7253658392706267e-6
13.586116279832995	0.2991835507632423	3.473524885976042e-21
2.2843852150435073	-3.405729179431315	0.9959499936272749
0.8558617162188049	1.170567158559809	-0.007236310276220316
34.12129466322132	5.059528036443314	-1.4214796257502647e-208
37.8349325735306	6.974865380267978	0.0
16.063468530943886	7.802295058711586	0.0
34.570518588692075	1.1517473238790146	-1.2551244805940092e-51
9.358809432236816	0.6122029840268937	2.7879016897839135e-15
16.14755967033969	0.9260113420095237	-8.667294207719479e-25
31.156573948916876	-5.4750114463096615	0.9967537202138542
7.050100326260444	0.4245535259090971	8.471500794212976e-13
0.2946195140055669	-0.9892063881444848	0.977040125516834
14.163039734435662	-4.500192589045273	0.9936468737841233
36.72662028822877	9.649637800789229	0.0
14.884501896344153	-5.508502212453305	0.9993064610406234
34.38522187334071	0.06342669926366185	3.2131962586666254e-51
16.27035921161475	-4.3477166654907045	0.9880472447769947
26.435512094688754	-2.953473168317462	0.46204771839142733
2.0852500252570954	8.354056399821921	0.0
32.446403821052	8.443355815343274	0.0
4.929942132925739	9.633515414428022	0.0
5.9618858462527635	9.375495867638147	0.0
21.336481229530097	6.625520335949197	6.840046510541426e-285
24.290459710065846	5.9920533631638975	-3.108694084025468e-251
38.297486179754884	-2.9463857820134685	0.19160715174118886
33.71671046700464	-4.909325164130241	0.9860903551403416
18.11283585361651	-2.6775965925199188	0.504689712591077
4.346118622308835	0.051008095753676486	-2.801438664669889e-8
34.69109338270777	1.3670931440468337	8.458445626646661e-52
15.986505281846709	-2.0604918426517465	0.1244814282195495
3.04655434947848	9.891124396720183	0.0
18.545627777288708	0.07054947431360503	6.145783258725023e-29
19.90480983739853	4.494345231733295	-3.228079128213142e-153
16.102702675291866	2.2339832618221642	-2.6638709841269465e-32
16.071228117672767	-2.4135314570776636	0.37683742519543423
7.309915513447347	-4.136616283550001	0.9970917756429243
10.515751060239982	5.238731667406146	-9.778544597691993e-185
19.92988050713119	9.785914989203327	0.0
39.59806814534589	-5.285400830302564	0.9919057786641445
29.67985706659348	4.243220778476818	-1.4484760190104185e-151
14.120785162315046	1.2167510864384212	4.3297442203673955e-22
21.109875280078725	8.243833902817897	0.0
35.8838329512976	-0.9461480596474416	9.746031313867518e-19
38.50241457297714	-3.654285343759991	0.7201023656869237
18.362534772450214	8.54473561815755	0.0
24.69063077659206	8.405328800969116	0.0
26.327777217312956	-4.924682041893917	0.9917942684123104
15.13649350029411	7.756527743112393	0.0
14.082755537967849	0.542978158594412	7.256254361769746e-22
22.662468217351698	0.4678623814306775	4.312594017062117e-35
33.05373016459048	3.101093829310969	-3.860892446463674e-88
14.084383485739037	6.657167928541195	-4.733276400578287e-276
28.005400990952086	7.717208631039824	0.0
34.629331056383975	-2.753879722627328	0.12302058635909101
13.431447584862022	6.130343552062222	-2.6615165511599937e-244
7.880290514921919	-4.177421948479697	0.9969215924164171
15.255672660353568	5.818651212684756	1.2713790160079066e-226
25.14147376634484	2.5611007267982906	1.3168424974787945e-54
4.660738527540398	7.833942542876507	0.0
21.052854628315643	0.9983432442250226	6.886366775105767e-32
32.63230643250176	-0.7279894713290496	2.4042745677397526e-22
15.938675622914637	1.9430308285735478	-7.083724847205557e-28
16.471539435756288	-5.803720382757046	0.9995687505924502
9.36833584761551	9.557638962358318	0.0
31.72110542104078	2.419552485143388	-2.6977145799892166e-59
8.862456682605082	1.6640397692858322	-8.737347059449063e-16
11.942453297878298	3.938670188264176	-1.905172020858411e-107
16.07866705455941	4.334166276424696	-6.215756945653464e-138
9.590102332836016	-0.08447818576976118	1.5896682992115611e-15
17.562300180408197	1.3114921019679144	-5.181633005885328e-27
5.079291875169205	1.6098158945745666	2.544421609196111e-10
30.740394633638346	6.282587812204113	-1.558225852049366e-278
15.997633971353272	6.865767504044086	2.059884988908008e-292
5.189705654581655	-1.266701064088835	0.21370580209332643
2.30769748393218	2.283163786888501	-1.339311225618758e-13
2.9324873666371984	-2.140024214200828	0.8839076221146257
9.04490022325598	8.465567213343085	0.0
15.761382389120927	9.648583972606836	0.0
27.404035877267905	5.310640053592216	-1.1981694736466034e-215
16.21520648073683	6.229734545247467	-5.520685405050587e-255
30.04220796523377	1.5102993984969793	2.1115024557412236e-45
18.67585771967175	-2.620620412197038	0.43762740460320715
10.883733816172372	5.277920760288083	3.438578299746142e-188
13.038199413259928	9.59145908741219	0.0
30.537670150258993	-1.881702876388232	2.521840182675302e-5
39.5674684491762	-2.926855287729129	0.15809973818344128
5.184563728186805	-4.71869735256584	0.999368262274173
33.655312773598844	9.493926232166437	0.0
24.245507605939526	-4.949256609439761	0.9934203154192384
38.12001592918743	9.572241695924557	0.0
2.2478592252141794	-2.5444376571981735	0.9721090156529815
24.741139958071617	0.9065219292420288	-9.540893212291375e-37
39.01233225281502	7.9006807495387505	0.0
23.476395617530674	9.399032618852356	0.0
38.31470128947067	9.38525871773004	0.0
24.4082920244356	2.3391320428534996	2.180470610975215e-46
5.188043310039104	9.99949783527109	0.0
16.319665980891042	-4.804302343109171	0.995780169483213
12.356950552051998	5.069804502365596	9.248352790989684e-178
32.376978708883165	9.421882663340977	0.0
33.84727253909946	-5.537746208573438	0.9966841950549001
18.290813059947382	-0.06673967775449796	3.7554368876263064e-28
34.808986271522535	6.052121789316818	-1.8837748175189682e-269
33.05325678402337	-0.10050050733849503	-1.7917826231224552e-49
21.9639986085749	9.022566070993278	0.0
9.54505406313853	5.602095782332871	3.977821439959402e-206
21.417555476651856	4.4564177459831384	2.465869615573401e-154
20.264411133358728	3.3970203673061867	4.2885913688546496e-86
5.394184011277068	-4.392640958009757	0.9986533392977581
24.426768217413137	-0.3135782503590647	5.733735274788328e-32
19.63984557964666	6.115011764137172	-8.411218706644961e-251
22.55557101720599	7.294044187663644	0.0
19.72957456063005	-1.345006515086144	1.934435769739738e-5
8.329362502207474	9.426044626391462	0.0
32.065408723440115	-2.173283971830898	0.001425571852573684
23.53084005048177	0.08682684875066826	-8.205196918508172e-36
25.604324282005113	4.808788390808356	3.209765237082616e-180
10.707770891920921	6.692218381403617	2.723148769450065e-273
9.570940742763964	-4.71746579123996	0.9984989091635093
7.397615340278815	6.212781147761682	-3.815973612916186e-243
10.61106557603289	4.332003947484214	-1.2376024038143158e-130
0.5301283079308621	5.424319087987765	4.84028750757366e-182
12.252282379538338	5.587476546533264	-6.816181718633285e-210
26.295496809591864	-1.7019694258189872	1.591161886700545e-5
12.1265383326782	0.06821912866777069	1.23054213857037e-19
22.935581997402323	-3.674360379711871	0.894830207590315
23.272743922628056	1.4590220763870647	-1.3432688512168695e-35
38.78420345105232	-0.43454210035542573	1.1922842134506005e-42
21.648030653720678	9.701591683293092	0.0
33.81102082178802	1.9471981322791123	1.836565783441698e-54
10.829403600479354	2.8109097387128976	1.7166379408954608e-43
26.912840243157696	-3.5772886469855507	0.8258842292197235
26.714439385252593	0.790553293451481	1.3806539596423094e-39
19.995590853523236	7.206381287199793	-2.281654e-318
27.065975975976627	5.094579624605931	-2.961098781989114e-200
36.50344490095546	1.2724849673468768	3.94860223524806e-54
36.99863964627552	6.1786549331920035	-9.419664882836277e-282
27.031741817827523	2.3625217242695093	-1.844625589179751e-51
2.340140960515445	-3.117074504579506	0.9917253429510532
21.842725404509903	3.8240078393758523	-4.044714681007242e-116
29.695427056886185	-1.7695443435763636	5.2262338275854e-6
17.691023518651274	9.056001827035292	0.0
26.61397735916696	6.76589844136539	1.0415116739024954e-301
1.8828783243796041	7.408841007158333	-1.251997332799049e-305
27.071463390122574	9.279185494803123	0.0
6.551754755198185	-2.4390196943595903	0.8828405471707926
26.540432203201902	6.351828473763508	-3.888218598994542e-276
28.03125401099264	2.9404233434511156	-1.4841952827518418e-74
1.1531731563671834	1.118653507994921	0.003214238759460396
30.279605999130606	-0.8542567432562613	5.244870105063474e-17
1.8982969882416154	-2.8374643808135964	0.9901083326301724
4.560569094268329	1.5849486745641457	1.005581767610425e-9
26.776940522275392	-3.2211807302610183	0.6511396232521562
3.54390766554861	1.7837387421225444	7.109888600981444e-9
21.278445993224537	6.444623278713653	2.782538569696131e-273
31.49453201130339	-5.086631606664703	0.9919077585222904
7.012835633756108	-1.035825881853178	0.053860681836756644
