39.15519690669818	8.085569035435778	0.0
23.278027878339095	5.546161701978807	-1.506037326157004e-165
27.88170730655686	0.5679661929698128	4.935582008215151e-41
36.49011777966137	5.09896354206623	1.1155035532758949e-156
11.892474924460483	1.1186525813349455	-3.1983308585156616e-18
5.1738943148451755	9.179930069835677	0.0
35.29328832576767	-2.254963748439007	0.0012857207874078583
39.33770668804352	5.985938949517433	6.495601106852189e-215
29.449705810668203	9.522505974903556	0.0
29.18855472071018	7.879682285440804	-2.236942334e-315
30.234874971206203	-0.6691325928559628	1.0711011360950803e-16
32.17193205691451	7.605541008134772	4.526073691476314e-303
6.615894733626318	-5.876628827536475	0.9999630544796106
25.395987127246485	-4.351383079553003	0.9716985067456655
18.058194339383192	8.020808246914768	-1.6193065620199816e-308
32.56691670476094	2.3885591244267026	2.2208086557134313e-49
9.031885292722192	7.707219285202509	-1.0385197513329504e-276
19.497981474061838	6.8815253076574905	1.937846752096725e-241
26.76637690787349	-2.257986503602261	0.022496893473659425
28.05675504279198	0.7660263908911134	2.3546905315084275e-42
32.08531325689757	-0.7231823772288131	5.869387081054126e-17
2.9322324334046446	2.3363419863789687	1.4654612887118043e-6
3.491730897232712	2.9187131299286797	1.2818593009857063e-10
38.51161065294873	-5.653631226305237	0.9967127437419291
29.935861821247816	3.627755891960703	-3.6701487847115024e-67
14.820502249233211	-0.9476130452396063	8.001996107129184e-5
18.028403498370626	-1.4371048474376948	0.0003737730863926339
2.9465846678325236	-2.071489368288155	0.9036113218833421
25.721952977470192	-2.332563518614716	0.0511712722827338
11.089569330526475	0.29596047149311744	5.281851045975568e-17
35.34060320076539	-4.436660001233989	0.9553391403415076
2.768308852049076	9.465312161626262	0.0
14.953315938931636	-1.1111499672445078	0.0003885019974285121
2.51054021702867	-2.532254213139673	0.9711715696299145
0.9511836622906038	0.5980967037378164	0.015271409226122034
15.444201119056062	-0.1687365391045148	3.0466288103237964e-15
9.450166257203676	8.189462162738785	1.853917319324021e-306
29.264983332427263	5.510345915129022	-9.118600713478205e-172
30.451220820987263	-5.2107583762447724	0.9943088876432907
8.627918171852125	-1.1902040039368273	0.06733459865527154
11.944822552793172	6.9448727462110895	-6.906426885573754e-234
28.906089053490454	-2.443708632806647	0.05343105862186608
13.246189446003575	0.42114714924010954	-8.768601622587064e-20
10.659823597020402	0.148890750506947	-2.1661223495192472e-17
25.953047704376548	-5.1539543623146	0.9952860266710587
30.362465211413042	-0.26288600083180924	7.175791113783491e-29
12.39037545764706	1.678847274723399	6.692412626047177e-19
1.6191496099719356	5.128171483784648	2.173121658793927e-108
30.61075020246918	-3.9869629186007423	0.9080252605941416
1.2994898773943016	-2.791938248467236	0.9955706074226451
10.959426569710434	-0.04169845239348291	2.08449155472513e-12
13.243890415200115	-0.7550075450548519	4.515803232271964e-5
2.9698681835556706	6.110109121937178	2.9001808629218955e-170
33.344122976952924	-2.4528273283884694	0.02185870679065623
38.55513784551157	8.565216541407352	0.0
21.690930919548634	-4.3970455923701195	0.9813149982436592
18.898526364493105	5.043318743887209	-3.0914696133216833e-129
31.631856717135733	-3.384766301169261	0.6627891921553765
6.639038954044338	9.21701142699332	0.0
24.556626811385325	-4.844718020843253	0.9914144585740173
31.425287112300573	8.551932216217772	0.0
4.3878210375493225	8.042237836504448	9.455085462998201e-291
10.126043886542998	6.347197178784171	1.3324433224912312e-194
8.265818543640302	-5.35500378441704	0.9997563922516783
28.88579518108323	3.7053851391480386	-1.3969355009682218e-67
38.98034261406572	-0.04576934592908444	-3.2780470749017184e-53
36.85945331006822	9.252093028586767	0.0
1.3318520855973253	9.982454667218779	0.0
38.21940848473116	9.664436180241456	0.0
10.701009929078731	3.905279112332849	-6.542846975199356e-51
13.631394982382451	4.959932248357337	-2.984228425900236e-115
32.479143617648596	8.096929890983915	0.0
16.561425791075635	4.928524607782041	-9.529249904983522e-118
32.74613564194728	-0.5552326045994853	5.391988692003143e-21
15.992628437041917	2.4171864466023187	-3.2952251212902174e-25
4.4743461026621505	4.871705613969027	-1.886273140214096e-96
14.51827288444818	-5.2772012781084925	0.9988874506631082
17.307971560109618	3.3683253076204096	-5.008341274827881e-39
39.54030674539475	5.000216107528619	-7.831753218428741e-155
9.749677694200486	9.66401884234384	0.0
21.902096264781786	-4.466875710712269	0.9837580515945055
35.09283795857626	-0.36374574389473224	1.7030797245324157e-29
23.917499231419733	4.293323494371862	-3.3715852255923846e-89
23.567111819635134	5.308288200907974	3.249554448508193e-151
10.281116849719488	-4.40165796821471	0.9959364391593022
23.76142611752658	9.21689119495856	0.0
9.114956008509983	-1.6418562031371167	0.2532100211957717
12.023823871276772	-1.0822277627276016	0.004873688057238344
25.068034523531736	9.013095495707354	0.0
19.297501377801126	-3.7087258620846555	0.9299137763160842
26.40559539956117	5.2116717049436225	1.957770976824825e-148
27.93637771484993	-0.3030847978172062	1.084007173659031e-24
16.237642609481778	2.1429313217727746	1.996460198786249e-25
9.59088311610897	9.889556866902115	0.0
13.863750206753137	-4.572786598548344	0.9948582347064155
13.672278991447058	-2.2494080804073455	0.3694299337752051
35.99580865175773	2.1747853002551416	-3.333221225797769e-53
36.98891647971387	6.961526877989705	3.597341556025995e-271
33.75946598002772	-0.3162264049033148	2.4486641422413818e-30
5.740978814029118	6.786906427390974	1.6987202849202731e-215
33.54800731065494	-0.5866398367014547	7.64843611462898e-21
32.075116904947826	-3.8564464780934706	0.8667220499069189
22.983817046038748	6.716838033746303	-4.739397470126858e-236
12.735249462208625	-5.944426636791665	0.9998140805777362
8.781706090873302	-5.671237121446833	0.9998581989233213
12.21729114802105	-2.757949954808904	0.7729600038477916
13.774931733495595	6.543713635331553	6.396258040095999e-214
35.31174750895101	1.9133026374103217	-4.973784787560102e-52
4.990961985669342	-5.839575284918773	0.9999748776059467
6.482812957737726	-1.980919373983614	0.7756959404499314
25.859086660793476	9.603252692509443	0.0
6.357093723787515	1.278636506534795	-3.76099444310242e-10
37.63157536421198	-5.425731955385409	0.9947007659753602
29.29744586147828	8.7360003049777	0.0
4.963406976537381	-4.000493292297637	0.9982754052117049
17.19597393499878	-1.9047765761740898	0.03555519737877837
2.643877823909904	-1.0992423288393205	0.4687414559715102
14.017309842061369	2.25267454906966	6.169527628002621e-22
5.60525032261776	-0.946586818150184	0.19085794022734592
3.7884424407685295	-1.7131792589797747	0.7641647821093203
4.765783311450541	1.728334267269659	-4.7691467179649805e-8
30.63321901407865	-4.836995708470525	0.9864360938765783
19.976725827421276	-5.866774771895518	0.9994578700301866
39.293133813403244	0.8398693767291903	-1.1665324085791969e-57
4.946614351241893	0.25590527392552787	1.8251784045842923e-8
10.087078613931883	8.37047017733246	-1.34051e-318
5.385821265418826	1.3791110827679738	1.096826367043386e-9
4.536312439346008	9.82749447891641	0.0
28.682109378519066	2.971945683014745	-2.809927268812334e-47
6.075611109004567	3.3738643835672733	-4.6577198754801876e-23
37.48267620899535	2.205115589094426	-1.3029546881516895e-55
33.41422562252618	-2.2912311366373856	0.0041064298790279416
31.25222425763529	3.589632034352938	-8.529643561564335e-67
14.364584361008953	1.5240063719820895	-1.150948578774317e-21
20.218239909481603	0.03616339722343653	5.386062404657871e-30
21.98128858339434	8.307770629785114	0.0
39.11233873332749	-5.8735148594185915	0.9979551284935959
39.45687648262189	1.745040156587951	1.3324032425002607e-57
16.714466658951117	-5.650916931634711	0.9993784631821607
36.71306295357514	-3.1261761104165835	0.36614818773342883
31.11579074759705	-1.592716032287953	5.797781068210716e-8
18.48092700737617	9.745880204229529	0.0
2.8365263619655794	3.7499745363592965	-3.463228898180384e-32
21.448746148856223	0.5578629544224896	5.124750157042278e-32
1.3665766047420722	8.24390710192461	-8.692742420403434e-298
35.22284030307245	-0.8262993116114146	2.897250796991138e-17
38.32771593658938	4.1276641433872925	4.5120241838525146e-101
38.24458180706965	-0.7027841610018619	1.5358624098517435e-21
21.644005735193215	3.5784162411733327	-7.835352680609003e-53
18.98448289441134	-0.3145402022913828	3.2731007808702817e-15
7.031567754718895	8.415339062324271	2.720442e-317
28.322333877807694	9.490585652983683	0.0
14.161903794824811	5.699259091079103	1.1776681427797939e-161
23.2734500254371	1.3278317389422618	-2.2240602550240965e-34
24.637168232156615	5.438495828685955	-3.3911537836535236e-162
33.6391690918882	-1.6617022477696182	2.646766018635936e-8
26.36042568543641	9.808055742190398	0.0
34.22194612008745	8.211216095406282	0.0
9.2094220106886	-2.5112682689951917	0.7963733706794857
33.62316198265846	7.059530007732583	5.651605010186808e-272
25.308666897926983	-5.531004042503721	0.9981157090360617
12.86705530028177	-4.226327815625989	0.9901425711816355
32.7679106343954	-0.19078115585478983	3.227733327098622e-35
36.31445291569533	5.5080721717489425	8.379429043871225e-181
29.496920972755944	8.410880535961784	0.0
32.67205187783042	5.856255130378294	-5.794349408979695e-198
13.146079866402088	-3.312152734697971	0.9191088700179552
5.495244233902911	-3.1153929422285564	0.9855597492638528
10.091307285242355	8.711992372442094	0.0
30.4007259269473	8.774558276874505	0.0
36.97748921579947	1.9122656333743677	-5.714268129244148e-55
23.148276018651256	9.202818808292925	0.0
19.398757613498898	-4.535303166903027	0.9890980558588099
31.208675627180444	0.11961292139053015	1.5685096946936758e-46
6.470723269741196	-3.1874475334987835	0.9832164740420042
26.269758507939123	7.635336757689814	-9.736859950282863e-297
11.302073112494352	-1.2222202123977404	0.018071723151663905
14.036014671823027	0.09441460014550529	1.8087821905541006e-22
1.577896309925748	-4.456759073652851	0.9998505411873512
4.06908889618418	6.489890241950469	3.57558344720087e-195
14.117784297380695	-2.4441155519012305	0.5002119012134503
9.87495786662458	5.878823045393737	4.27728296075812e-166
31.245863450951962	-1.8850465445143065	1.7534294740915985e-5
13.542527095931653	8.039250780955225	1.6141202755748464e-303
37.882326393558735	0.10793708062432117	-1.3529314495530611e-56
29.87626158911724	-3.5989606833611774	0.799058378800861
17.993569260887796	7.245678761722555	6.984636709922969e-261
11.63460017766561	2.0811528044886565	3.1983159452417704e-18
18.546475420654414	9.627005580962592	0.0
24.52494583305731	4.2467411055126725	3.642376031750546e-87
33.556979171569196	-3.932045974468245	0.8767095240268676
38.996585036833096	6.6402188348442515	-2.9094143983981936e-255
27.118800498400756	-4.928733599738049	0.9913724556850007
9.423155443069497	-0.7128338249420807	0.0011107717059112142
6.2990235119526945	3.0383121454190167	-4.2976413724144433e-16
3.409519056636408	0.9017260593688334	2.902365206030603e-7
6.589855724844938	-4.745354085437754	0.9995056379434208
38.442728102310475	8.402358496147283	0.0
1.3532576807017558	4.7837924295625704	-1.1014567187975827e-87
12.437466760894186	1.623891061295378	6.029060830930909e-19
