13.541933659592042	-1.1110792320977403	0.06791907961347855
1.4867074365376554	-3.570055150420366	0.9979131844520462
30.22496796648009	3.75285699757503	4.7392250981810436e-139
10.908250419700389	-5.141030411508513	0.999186650151539
16.966025611618694	2.697437741341634	1.3453969844923626e-58
8.292875535233295	2.920018373977584	-3.322768572219628e-57
14.61210683693242	6.456079889039994	1.0238535735489633e-281
30.521014696542018	6.590639095494712	-2.35552747641e-312
5.688872800508503	-1.3688942661098409	0.6463503008619261
10.31512052573611	0.03844848903434439	8.51907248337291e-5
24.152473108683477	1.250870881817054	-2.7247341741932e-37
36.596041766199995	4.668111849168561	1.6167782818680738e-205
33.02476083408663	3.2226129428789143	-2.2797595853431938e-110
26.888663519633845	-4.773854615164645	0.9878683233812792
32.085816633750156	5.9135025237923635	-1.620212376380372e-273
26.544440993829227	6.86995071324862	5.0e-324
10.423043034140049	3.948821559275615	-6.777222137887942e-122
23.60853276926426	-0.23216314919653414	1.4235806597162132e-8
34.463307236172845	4.960801943921059	1.0408619869012695e-218
11.71028068851123	4.606637490367966	-1.253106258257154e-164
37.14951297777076	-3.1058082440034944	0.3456715757746114
38.87937722132543	2.1429025843128677	-1.1880357607813302e-68
28.55060972087934	1.6666263110938502	7.35599915592737e-46
29.396384971104325	9.674632277524406	0.0
34.17706440896329	-5.338486288477473	0.9946607732426846
12.25376173256998	-3.411494006303812	0.9414302881135803
6.346583757234036	8.260806534759183	0.0
24.55948525639123	-4.93323276298311	0.9929957765462625
18.21774282612549	-2.945330334133569	0.6962484078656047
29.229707320788037	9.4759972540325	0.0
26.935284176696037	-5.083395565728491	0.9940105349228944
36.4475063955066	4.061800946000247	3.68628333455879e-166
28.528445634145385	5.106690287223099	5.5591262262448873e-219
21.413589542330747	2.3092969847933347	-3.746094397849116e-50
21.71927966616832	-1.3037322492866217	0.0006705454321226871
12.265969148862043	6.28690398494366	6.525049864955282e-268
10.510703180489973	-1.7270248945881654	0.39910557441258726
11.303412772251773	0.875072001251926	-7.984017789169798e-18
32.314669764533164	5.986902059726642	4.467365809606948e-278
6.8087849940251415	8.765861932606214	0.0
25.14074851810113	2.2816017270130153	1.8601120385694984e-53
13.75010118680924	0.15354197305270034	2.8886103141215717e-7
27.321627873813142	9.025220404680635	0.0
22.30694984348908	7.829086856404164	0.0
38.898281079945455	1.6945006232858297	1.2867714381423134e-60
37.3024516752588	-0.4475623420579389	7.428424368744735e-12
30.819070254221387	8.176215406160924	0.0
4.795415051509596	-3.1453180763167907	0.9855561556636955
17.18378650187702	2.544437689608351	1.72725297863033e-51
22.931713369140162	0.3029490419847498	4.2931873487261804e-18
14.32012101562121	1.2158368002857856	-8.260539782299655e-23
6.770045376931485	6.103302837675063	-2.3495421974328144e-248
6.210410390869222	5.443177757551638	5.417745370806096e-208
13.858100172020167	3.909080990604817	1.7308495469083448e-125
5.083757505064171	7.906369362392084	0.0
21.282123079684595	-1.6188118521854342	0.002659672171964502
33.51089127976448	9.718402191572693	0.0
4.54125031210319	6.80747284123197	-7.993482522200714e-290
23.90793841881506	-5.6910020320908075	0.9988398237148787
17.077251475081315	1.8062632940811518	9.546981005232685e-31
28.97138312061888	-4.674991785502677	0.9823925358363891
18.134492097811787	-0.25758709649024425	5.313554018326771e-6
24.285906203390542	8.978774376766236	0.0
7.4317463836375355	9.197165351232364	0.0
22.035885472102386	-3.111480011054894	0.6970732725427621
18.527446924732352	-1.7854047748889457	0.0264053008538156
38.57739820266417	-3.191509863104333	0.38918530813885066
11.279993453620419	-5.369795361939762	0.9994640298033646
27.880844680691965	4.9155701512661665	-5.302007708605233e-206
4.284305297328613	-5.043932250661019	0.9998231859458057
36.090578910693	9.545476065502541	0.0
22.471285360975653	2.9834341351859415	5.396168429421075e-80
2.774316212008403	-4.502786010845497	0.999541810297007
39.553657582207705	7.4381025384343396	0.0
15.074317077322496	-5.307094088661319	0.9987936008606713
26.822271733860106	-3.9036981528777517	0.9142457263581822
12.031428678805604	-4.795697201364753	0.997573528410235
12.077368184754517	6.147511450556383	1.2633099908929681e-258
14.402797928144746	2.75011933628414	1.9984830131450314e-57
7.680716475820451	3.6974131877353784	-1.1557132229250721e-102
35.80226554480614	9.109704182624156	0.0
19.36116817331441	2.2952782940232233	-3.942990113260899e-46
7.620392779834573	-1.5356240351549673	0.6496703812895842
24.25121026178006	3.927030540119034	6.688832048884812e-141
21.38478504248255	2.697769511183566	-2.704011583055503e-65
16.442728291602418	3.5251294760928857	6.959841516181342e-108
18.312564659899966	0.4744892762622932	2.568383395175495e-19
8.887147332173333	-1.887711245250987	0.6662325472270513
10.004583083759263	6.591814375061244	6.397690203972579e-283
0.5033251185290326	9.168862284296939	0.0
28.472166477333733	4.969163272293724	8.04203982051818e-211
20.213458858891183	-4.534175527101173	0.9883568966599473
23.72443016248796	9.570924907909113	0.0
28.585430507119405	-1.631502455683684	0.0001680691734610052
16.521554274245418	8.769233783293334	0.0
10.53068112366508	8.776420326672596	0.0
10.178151758679224	1.7338530340165512	1.4572580837676208e-20
11.431541749808185	2.4533574165728673	3.013995653969866e-40
34.23106974624064	7.161689518696207	0.0
10.906255464259523	1.0525280143946851	1.439430385938512e-17
31.57345300082423	-4.481352251688698	0.9676702492196967
37.049624454647805	4.399626970588997	-3.981490487309891e-189
38.7735385549154	-1.7608984202786253	2.376369326804002e-6
6.052642818593445	0.688894169860859	2.391077474594213e-9
39.580733138367194	3.3196412107250453	-1.0506486050787039e-123
12.009012239242091	3.3583569139021066	-5.073480695190323e-87
34.15938989786575	0.5612040520439585	3.07316072114984e-44
24.640031176065033	-3.7623395640989123	0.9010657605257072
9.848842477021078	4.079461693312528	8.366217417074708e-130
15.192829506864108	6.990805020317474	9.1589377564e-314
18.94775739124993	0.07652914101858244	3.999866156069656e-10
7.214777966799356	1.5036799185037921	-8.683949688707827e-14
2.886635963510816	-2.045861498279436	0.8906865125677563
35.70894308560149	4.042141056682354	2.4009830114628884e-164
9.078992524208108	-2.4566928057231294	0.8509805105873463
23.228560724900337	2.6897135830201826	1.803454711428276e-66
12.654779335978798	3.938544218083088	6.814972188757321e-125
10.929981550933968	-0.9992538194649292	0.11357316385681109
34.70132361320791	1.7319511475956446	5.106539254073295e-55
22.735465327342492	-0.4979356285129022	2.3591181361704088e-6
23.725128267190968	-3.6347750290966268	0.8791564203132411
33.20468764343635	0.5010485888344434	1.7742104194321073e-38
26.087247861345794	2.7667855730119335	-1.0305412662614865e-73
31.212378007157273	-0.10442986416357058	1.0250451074005927e-13
12.33765378552588	-4.548053695966299	0.9954207051547798
23.48644089601747	-4.9952113284929744	0.994468142294498
33.28904369591435	5.260531023542217	-8.229984085494188e-235
37.74455107412239	8.833591844937974	0.0
14.114238687363795	-2.8347352888743167	0.7449860259687715
32.78701907532664	1.756461106458623	-2.181951255336009e-52
33.32182417970655	2.793806492453701	6.746008256096702e-86
22.324188615761344	2.4611851430307183	-1.0180146883417607e-55
18.8055691967249	-3.1195540519660767	0.7714975235836399
32.18375907695327	8.443333908081428	0.0
37.82280812502004	-0.9947324251370411	1.1044912709942851e-8
37.21095761008227	6.900026108678176	0.0
5.830608942130734	3.597502909109952	-2.3727914518911787e-97
24.12406772428489	8.903430041848939	0.0
27.271252984862212	9.598164299422674	0.0
18.05157560639768	-3.803504332966611	0.950303302094919
18.83918949523651	-3.5841515106745057	0.9133085391684778
17.964995765280303	3.2771575186774378	-4.3182477003525876e-91
22.1641073760576	5.9259554425603085	-4.0336769406401005e-261
20.487906283101147	2.061990578621721	8.125960180305478e-40
1.6398184102475648	-4.723813571503271	0.9998329597542408
31.669701030188293	0.3731301801942841	3.883321910352925e-29
29.558646106292237	-1.0204525766517492	3.725594564013628e-6
15.051011907978008	2.8261735622324373	-2.3739357330231356e-62
12.044833866485314	8.69338158391302	0.0
27.811567931518244	5.746607485373207	2.613794353719858e-257
9.54750507070828	0.8090516984828504	-3.9189907564550146e-15
9.262072120543365	-5.303116651856612	0.9996975137805253
32.892846360567326	-3.3822080431563926	0.6421125063606407
36.82761541033088	-4.554358973009023	0.9628915588570408
17.78903747167486	7.054452172624824	-1.3e-322
17.054181292563502	-0.1337040121090567	2.300329731242634e-6
19.17210928688639	-4.88118108607053	0.9952486266630924
30.9825042886867	4.173230881860341	-5.323517287746401e-167
10.410497037237727	4.239379198409225	1.269579891509646e-139
38.88117464358187	-3.7311328579115433	0.7560318376982037
12.1492361715543	3.690796608764707	-6.77109059050412e-109
27.338173692359657	9.010498810485412	0.0
38.70630663334532	-2.9392666879861125	0.18712540025708907
0.6264910760031748	5.9393864188761505	3.261458910465034e-231
4.6471909632851895	-2.8119665930907907	0.9706772938996422
10.784627950102745	5.477198899079955	2.282306702572896e-215
4.181194472322327	-5.949260696920561	0.999978365645694
16.62843433547735	6.227515780115176	1.3344751448812935e-272
26.86692927359919	-5.34359554903579	0.9967217670651605
21.89060230791445	8.155611327433522	0.0
4.367140728444096	6.669674524167046	-8.096203946675797e-279
20.840383799045856	-1.4228595609020722	0.0014727229813162326
28.282992395686367	-3.903079793279101	0.9050333742526733
13.067441976650398	4.5304297785181795	1.6156990317180817e-161
15.364495245716787	-4.939845641198314	0.9971045860307233
6.121344224079829	-3.249799505424356	0.9873129545664636
8.2851789072043	-1.1137443928392727	0.38002849324378934
14.739779284141283	6.411807568707175	-3.181573592362822e-278
7.566629956011962	8.791952946208415	0.0
22.07747193533841	-5.5683631942356975	0.9987009220019027
24.6207021383753	7.2599661326676745	0.0
35.96996270443168	2.569702708182046	-8.153052710718397e-80
31.76101201963642	1.3786602315909633	9.680968256636938e-49
26.480369226314068	-5.9773601300483	0.9992589370130903
17.019377790756295	4.906124891224433	-1.9022811873560834e-190
18.94963529023617	7.432195195789568	0.0
29.009810917856186	-0.26746790207041116	3.0866456230639885e-10
22.482035102249622	0.5180157383012585	7.874390131457648e-26
14.12314992017805	-4.56375041508932	0.9940600309613121
31.41146993028015	-2.7873802841238593	0.21789898594058565
25.614646794815425	-3.625912879537026	0.8571985953769647
30.666070570985095	8.946407408225117	0.0
35.8183689105549	4.547520149618329	-5.763122796283111e-196
2.3875198141648744	6.158497053557845	2.8757474583502133e-245
28.1386827011968	-0.35814682418439503	5.830071358805902e-9
7.385802387065124	0.09244923839738206	0.0020537915441344117
37.86820107377719	7.121219709930838	0.0
31.14130844029214	4.55138827257581	-3.0689041390431596e-188
33.68538864825675	-4.429757817550687	0.958763873235466
39.541058942030105	5.563412770249201	2.3093189087082916e-263
