37.858427672366986	1.0910642881024017	6.781380105447531e-56
4.334770225498075	1.4405543969501515	2.8672579008784168e-8
37.362734408346576	-3.9069556334298667	0.841186559822456
37.2660362078979	0.17757300159805922	-7.170426011240559e-55
1.9868426654244413	6.43257111147657	-2.2427360584080834e-241
23.2657132508641	5.792224248023267	3.2646574112692684e-233
24.596776971056112	-1.155142942054482	2.255846209574961e-12
3.505634916985358	2.8176854810178895	-1.3981399076729967e-30
12.56224122965408	0.6862375874199813	8.988705492421773e-20
8.928127761722237	-3.5530481601462007	0.9789840299688252
3.3667823945133004	-5.495145798185796	0.9999627374162152
36.30189923506754	5.4104386758682175	-2.6035739464070345e-228
36.07348832372667	-4.911786981647857	0.9841828121665719
12.091393706366365	5.286104330805731	1.1259779665971956e-186
14.010445234641722	-2.256639530909659	0.338468700883206
24.2225778651739	4.682760553680126	-1.834561186314521e-167
22.445908283991173	-3.3899902019601384	0.81453448432019
3.979777898945142	-3.0114553192021596	0.9854863588620039
22.204905066243793	-4.87551557396738	0.993456051377536
36.28079954128504	5.281566306940999	-1.6158253174472003e-220
34.48638832062541	7.550377760788866	0.0
38.667198022031705	2.758453982530341	1.0302491482543169e-78
21.282639616657846	-4.536889904538622	0.9869334860453228
0.5845260801089383	-5.6199816554780355	0.9999983354886449
35.79131268447054	4.898233258909894	-7.523361468170545e-198
21.75949599521078	-5.491664622540284	0.9984753380016501
29.061003787054922	9.74642212306269	0.0
21.625877636219247	9.895466132190407	0.0
22.01753909784696	9.94213180693789	0.0
7.624053373339781	3.44555138604521	4.4470576047028236e-67
16.389194656052897	5.578129284327986	5.421346605557347e-210
14.558774715304104	2.1981138730044805	-1.674413872606101e-28
7.742393517216563	-0.2033936834847232	3.827067390881535e-12
12.045969710246114	9.814336166376702	0.0
23.598028152164687	0.3767631390280535	-2.0142671477663164e-35
12.691262256567004	2.75291392194778	-3.1425085850056103e-41
11.925649313540367	-2.668205448657414	0.7382582782732406
1.6442752497434667	-4.5614614699314835	0.9998880239007034
9.190998714017196	-1.6994690637177534	0.20361155050045138
11.830339359798895	5.559191676097875	-1.4968944544045345e-202
11.233177125388114	-4.665392328451759	0.9973017970873636
15.225006430286363	-4.569152896918332	0.9937569773408992
18.48864397693669	8.992204888712209	0.0
16.749900871827222	4.867323421952133	-4.032233657407336e-167
35.16682811681172	7.31498158330395	0.0
28.23812393637344	8.719933929260652	0.0
8.418926869765919	7.676290284666706	0.0
36.68923501141077	-4.7651996367540335	0.9771511241804826
34.637444624709886	2.516454305390937	-7.917721120834491e-65
13.560807247297094	9.321968193012903	0.0
12.03510206776328	-5.862638420130061	0.9998019007716437
24.087486956368643	4.672612129320605	-9.808125338257395e-166
16.535383593493354	-3.8991552051101657	0.9660703296478765
0.9856040053724004	3.085988183523405	2.8595455976366853e-39
11.25046583140287	-3.8279110798038047	0.9815310032017919
28.08777162056674	0.4762322189190442	-4.6293990990210684e-43
20.97817898272112	4.304345458780507	-2.238809828850118e-139
15.392713433920626	4.136412124766881	4.918470844363403e-123
23.536691199141725	-3.6319114429455546	0.8787528215500552
35.74658536752255	8.624191489799141	0.0
37.21438453682943	-3.920489585388058	0.8467861147322866
6.0018707692396935	2.178833817152622	1.6295773792751412e-15
2.9422744633058855	6.2190371074024	-9.402056799487436e-231
0.791626122260958	2.772608594534944	-3.644193943830386e-25
17.156328732759256	5.2295956130184145	-1.568660918912034e-189
31.627630080488043	6.999136773020897	-9.40327e-318
34.01977839191677	0.8180608889547614	7.005409112288754e-50
7.799261741624354	2.6874987435863567	-3.927666516931953e-34
37.12316474026753	4.989308894762026	7.479137247601878e-204
27.307266073538436	3.864109195036235	-5.208177645613136e-122
28.363846853003466	-0.02734441617872463	-2.0028168769578572e-42
38.715758437403295	7.882580201887048	0.0
10.049220571279784	6.888901001811625	-5.037828561720754e-281
17.064732082125495	2.1330389184643685	4.9863951606741345e-31
32.72561938489802	3.886670888040637	-1.3322392339654134e-131
32.8230354411443	-2.886241683007352	0.24687467477859926
17.192745175879075	0.6501813070513123	6.120221039930441e-26
0.47478557187279674	0.5096209026894698	0.21240405210068083
6.891923529159551	-3.5289940237259927	0.9874839803146123
25.762522619962695	-1.6689444778747209	1.2389002993954261e-6
15.54422245450391	-5.719840985601493	0.9995387695978792
17.205381736996603	4.428501408536103	-3.109594347924367e-143
17.452613505901844	-3.3598623138540162	0.8754559930615758
14.14482805118652	9.643984174746784	0.0
20.141128004760784	-0.469722538148325	1.6049146150724872e-23
21.70551684021536	-0.8534672760138236	3.6704172121099575e-15
37.050107854837535	1.1546011253702275	7.096033897511127e-55
19.91523664331644	-4.127906940486746	0.9708989835661135
27.515507053113524	-5.549950678857204	0.9978681986108519
4.152794627636371	4.381237591946196	5.3093851208644466e-120
6.232843206959555	3.4961152639628814	-3.692379116567342e-69
6.15369493548651	4.144463853508984	1.532014991651471e-109
37.85451666360559	8.152001522918972	0.0
29.669632397980468	-0.2273229235776384	9.682718744207492e-45
22.22269328723188	0.32129122613216765	4.542148931928004e-34
5.878317956241822	1.5458664742280526	5.973955330041613e-11
36.029620528426655	6.733767265361315	2.55174676037658e-308
29.531276165191027	-5.918904011778434	0.9989493932052007
1.7431960241909703	4.997028361658003	4.3056991977830275e-154
26.22840631347327	0.6338975021338449	-1.544120326055282e-39
20.28336111655601	0.1855977469747998	-9.362027341211871e-31
0.8219015912854033	-1.7995028856339559	0.9798625246947111
19.73125903207131	6.6151237219129335	-4.434479883262876e-278
22.642755665532093	-0.23989604940847897	-3.7924049337860445e-35
33.924673315396404	-4.66576274809637	0.9754597074352765
23.32900281366744	3.295946170545225	9.369820958283436e-82
7.330249552691624	-3.244843616099402	0.9726190484123384
3.5167571478943036	0.15195824616770537	-1.0272514094408723e-6
33.244260037444235	8.309090934349385	0.0
30.724193484554682	-4.3080905381695835	0.9546250828301273
0.9619537565625655	3.5762252780334016	7.592537596925405e-67
27.02117263120336	-5.0200153029242	0.9930516680433179
23.89732249020978	-3.671017618020347	0.8853481831394748
0.9521939606331509	5.606508775102142	-2.9169635511436507e-190
12.079034734538645	-2.561314390592745	0.6714648177426633
31.117293626349674	5.554814017017772	1.3610414673137963e-230
31.86271889311001	-0.8576616013906424	2.834956316967083e-24
13.37161723651119	4.246193825340637	-2.334571918429541e-125
14.482013962960822	7.332154258909849	-1.25669051517e-313
30.432866275653602	-3.983203041062527	0.9082259898151872
27.60591301136094	5.580673246573067	-1.7914069886852414e-226
5.944621980159611	2.3103946690712043	1.1252060868083887e-17
8.596421844246633	8.530957614627567	0.0
26.044030881699644	1.477726978271427	2.3377808785220664e-39
12.364087270381548	-2.6050705562716026	0.6852591965631234
4.479158819043123	5.672697846778171	3.2067872869490037e-199
14.570155506446033	6.9189797938702355	8.167316553195412e-290
10.474241708866034	-1.488539058905669	0.033743481578318864
26.57967263794968	1.8832050495050616	-1.0412593092351488e-42
27.24629596721069	0.9568758547311766	-2.8829366186056444e-40
21.935365936987516	6.2139748570105375	-2.4936703234442958e-257
8.040717684653291	0.21919829941485247	5.054511295196798e-13
6.722603132206531	9.539358966509095	0.0
33.492597519684985	5.750602107669799	4.408444674884169e-246
21.38703594013648	1.8436859474843352	3.2305130126212076e-35
4.174086816993492	-2.539625588343956	0.9543520261700407
25.77421919450078	7.300600807157956	0.0
18.174392325260865	3.128963945972149	6.409784824132881e-66
23.612248824569324	5.113320204352473	-2.4168168216656852e-192
15.560583106292993	7.815247956291017	0.0
11.569045633033285	0.019007017429682804	-2.5546003644180063e-18
37.291673938351714	5.190702657372945	-2.5488062904872423e-216
11.386200781309075	3.738724669647617	-1.5038805462975713e-91
0.39956871382252956	4.070345362560776	7.251479197387545e-95
6.193782464619377	1.5542905371105178	1.7787099918277423e-12
17.967802832015277	-1.2517034463011711	4.658077834078684e-7
19.569418564520674	3.70502712081165	-2.938442128074828e-100
32.256418759533915	0.6795451728485844	8.404105727045902e-48
28.678546826943503	-0.14256140173446497	2.498116259367349e-43
39.68632085918703	8.826707774555043	0.0
1.9701271855760174	-1.0039904437776563	0.5890017820816995
3.7382690420664333	0.41422677816643017	-1.6198484962388716e-7
9.3009231358821	4.175391290897448	-1.122080692578278e-115
17.635795610939045	1.0077595898622782	-1.4885302683688772e-26
24.166888197534593	-1.0991677978152588	6.830447655089164e-13
25.29203231402874	2.2919807547126965	4.7740484289643465e-45
3.7498107259772846	2.390269377289421	8.241102681544904e-17
0.846786479846281	-3.028994885951562	0.9987362343688351
33.111729950885824	-5.641084516381877	0.9974977163471186
39.14731129441994	-5.818295987194592	0.9976740418789374
30.385354567755442	9.288064672106788	0.0
37.79327571365049	1.205043982498072	-7.554331054143451e-57
33.598975171316155	-3.6957621216604224	0.7965828182756409
3.882577235968737	3.747088186571556	1.2511223848484327e-80
13.299857545698629	1.2860916122950599	7.9446341475341e-21
0.3447035382941712	6.652765413595478	2.5951745619865554e-252
28.373367711916114	-3.292961551492418	0.6637006002007256
8.052906092978777	4.870048233820338	8.774839942182424e-155
2.2325760543305493	-4.832624207504338	0.9999050630976546
39.35034822966025	-0.7086312621472466	2.644708013641621e-37
10.24016877817888	7.224517556489062	-6.235208953710607e-302
30.222641269517272	4.956918524064466	-2.6271553533614433e-192
4.850240339825885	0.3059661791581476	1.718570817223361e-8
2.8847220720154017	-2.607242973362659	0.9772451851613388
13.305455386439148	4.096907266497233	-5.687495532749362e-116
2.029073898044365	4.290171900782418	-1.7502957157103905e-110
18.275285749143787	5.3995636722366065	-3.778564487107972e-202
36.59358303408688	1.282678147880457	2.8195044483199708e-55
26.896926669729254	-5.876534545041988	0.9990391300752706
23.931358129200035	5.2413347300999895	-7.775427304922275e-200
24.799351560097858	-4.605209832162021	0.98485312295103
27.852233141442984	8.812224791494543	0.0
22.29600142810846	0.3236813841410964	1.3209538199388904e-33
30.520883925386578	-3.623964976314298	0.8014039248578113
8.747637505972412	-3.1239158086153083	0.9469723278700002
7.737081332633331	-3.935513470686022	0.9936317330869533
37.10579837063477	-1.92640055591038	1.0235519212728815e-7
33.847101806895836	8.27873950001663	0.0
13.211675257886034	-1.8478526056108642	0.08688552282966903
35.465214550520415	3.117414553059877	2.2769974678792826e-89
38.11106426003478	8.385076993413989	0.0
25.054703236808464	-3.374471789521447	0.7672536946884054
36.31913441304807	-1.1800964093536699	4.8897084379782957e-20
14.560104346873993	-0.9376258886689399	5.90171901471026e-8
4.0881704255991265	4.533326772298004	8.856163506999397e-129
13.453685679458397	8.34320941466557	0.0
19.79187102464467	6.084623473034117	1.4678225973654102e-246
20.628200530149144	3.1260644315114092	-4.248254465209151e-69
38.281700506469384	4.249031849467812	3.4051790910800445e-160
37.717008210751416	-3.945594507201605	0.8510917255196954
