32.65180758935506	3.1758545506776734	8.778403198848793e-81
14.369007982750485	8.088900858960859	0.0
28.129538342405766	-5.895426103595675	0.9989938003170101
13.20626785835999	-5.034150253878831	0.9983916111139532
22.974407966960275	-2.4350207901227137	0.14476945472407246
14.255747198407335	-0.10825205998544618	3.7505418183901695e-21
8.2411897036747	-0.5915584261133056	3.847322005696032e-7
36.36079244563264	7.685681175934512	0.0
20.14349037876958	1.3815912672859163	-9.835026472097005e-31
22.16166661299144	9.32328710942301	0.0
21.38844284051214	-4.349053905860174	0.9797248014746569
3.8529718626920304	0.14947083852119292	7.537853398783154e-7
20.727826523446485	-1.3695031807093834	1.3703580983641944e-7
5.738582950420148	-4.929345134467997	0.9995387034471053
16.326315240611336	8.333652960878293	0.0
11.909634178350458	1.00212139968734	-2.320551188827229e-18
15.89119753801279	8.373821189922111	0.0
12.671252473483406	7.618057093897875	-1.44406e-319
33.11318658149485	1.2021922331068744	7.892880415918646e-49
24.64893841442727	-1.5768740646687114	3.519569398968065e-7
20.384169635739678	9.62976831693003	0.0
29.571297168889075	-0.36539420994258975	1.8577346538877532e-41
37.95663355624186	8.569521653931279	0.0
13.46346628713416	8.472739312804226	0.0
30.91078291342182	2.1155809414614914	6.320720528994168e-49
16.778770074285045	7.201837671246793	5.702538704237913e-300
23.507929052251423	8.915136889847485	0.0
25.524032442263902	7.372382972432451	-1.6e-322
16.581598198039114	3.5543584211820196	-6.737851315675688e-78
26.123008410866884	3.9228522699365094	5.152837938780736e-114
38.90059004886041	3.661758968887529	1.3949900229700574e-114
35.349381980263054	8.330447156533797	0.0
28.751603654490772	-4.997200337726198	0.9917144491108311
31.576029270352482	-4.632845159019993	0.9770475510903637
20.717039752776166	7.719254378329193	0.0
21.851076258385223	0.5625552808316563	4.23773911518968e-33
23.588562773889997	4.726445136101965	1.8074866987777924e-159
36.24526430063503	4.308363391595556	1.715294188205457e-151
23.80020065846664	2.6100962365510973	-8.5647440443056e-50
30.149763697245337	-3.284906327973548	0.6240671137013816
30.064255986178882	4.405313756884549	-4.398954907058122e-149
23.88977985383617	4.572360515471164	-1.6177652938674225e-149
28.161444385764472	-1.2966996111568925	8.780746828042909e-13
30.746158034960327	9.361958211838793	0.0
18.130739861859833	-2.42343995732001	0.2905327014048684
27.695336987673176	0.2548806244336106	-9.882142803508748e-41
4.184831154709694	9.2152099779426	0.0
17.665183070066547	0.9068071165975802	-1.8323195443719843e-26
5.461732355833814	3.0696278655206264	5.163075247346942e-37
10.07151356133189	6.923581228580716	-2.515372231414088e-273
37.337483152450275	0.0075374524801183895	-8.06039928563974e-55
29.847680585224357	-4.039254189063016	0.9218398978312573
4.314717098351409	4.7305519199878	-9.447086890936219e-133
0.3297605142605273	0.38367698501044956	0.5440574417251075
9.089367721445445	-2.652584267041334	0.8325283728348726
33.964800519855046	-0.3210904760384814	-9.69048243564597e-48
36.7347490821144	0.41811570210033366	3.295005768864359e-54
31.550508378749402	7.206091633229409	-2.485e-321
13.60259650063228	-5.5916194447530785	0.9995262947178689
25.698061510742704	-1.5058285389026125	1.722249352200978e-8
39.611363570399675	5.465220455456414	-1.6748221789785875e-225
19.61247201018912	-1.065149649802823	1.1513492437826457e-10
37.80502619635212	5.296634193967662	1.8178690057242833e-215
15.933528310258462	-4.396402903973115	0.9898953805963193
32.790231796804676	9.859477661318532	0.0
28.04338085496141	2.0111138644592508	-6.86834976427593e-44
33.771778422741086	4.880072836736389	3.3236471702145466e-183
30.32035169685043	-2.665823350094275	0.13788015299769088
21.896953909783903	-5.855832060272057	0.9993318404057374
19.10239771229501	-2.069555220679412	0.045732074421668996
23.54056801863761	-3.5469937115220027	0.8545118111662181
37.19699392164158	2.4784575916922797	8.594203293841484e-63
9.608183472176751	-4.281914510598327	0.995145865248783
25.685115906110834	9.304629018636362	0.0
38.71898504749988	1.7582631949986265	5.665160160179044e-58
16.8563032017998	-0.3584516012965189	2.9042597109040946e-23
12.570425335423268	1.943881026152848	5.959193237459298e-22
30.511027384651175	-2.6304440465262857	0.11344653475883608
26.37804284378931	-0.6600499842692784	2.0624578363158566e-26
6.67179250976062	-4.238651256971696	0.9974068121809737
8.996398643614246	-1.6608903432830289	0.17636433806661972
34.42141475634666	-0.5794596776816512	2.2192281005345288e-40
38.348832090534586	-2.1726367055707563	5.226572397843827e-5
18.001609031589002	-5.078905964617515	0.997300663293597
16.54998018898312	3.2426453668678015	-2.3767243272255104e-61
15.765048515918442	1.7121942701432715	1.9525299885899018e-25
11.62326840511685	5.574977507193115	-3.4243953945717194e-193
29.62785644772699	-1.0528448745371364	2.416389361746383e-18
23.413168736944094	2.2233806189755647	4.725002290345087e-40
10.114956431164059	8.30106936514131	0.0
5.080120325046004	-5.625055412463201	0.9999280317758474
4.416475439065	9.2756797577875	0.0
4.898040427222189	3.824285991564622	-1.7097706021744311e-77
8.81873901267203	4.75159275493721	-1.4684425435530704e-140
28.74999140536982	6.389431779683203	6.629939960823669e-267
20.83965681993279	5.884324002293916	-2.6807933590819466e-225
16.666580560854655	9.810540962552885	0.0
35.098866489208724	-1.3302566095090214	2.152749059666556e-16
16.983992500999822	5.8346659942424	-3.3350030771502463e-217
15.61565215965522	5.720865312462347	-7.689505283698897e-208
22.692911252439917	9.991717096496323	0.0
33.50378267420387	-1.3865203106281605	2.071487888395961e-14
31.75511655840541	-0.12011166782867733	-4.023808491748035e-46
7.80227923344035	-1.271420311564441	0.0544093796619666
39.61725526693608	-4.436777005951953	0.9442072270783712
26.374294217063685	1.1613940788932489	-4.756424443381592e-39
26.541255931838005	6.1264411188736005	4.858395952187557e-248
31.484856006153734	-3.553756238910225	0.7581182139196851
14.448844430653958	6.936196314074099	-4.2887196975995713e-280
6.661083190968665	7.256012317962966	1.8082465337903757e-289
17.714154331075367	2.7420218395155516	2.2651441146307157e-42
9.074474677801957	-0.22104752419221185	-9.381080400991774e-13
25.300540810504376	-0.10549260609097288	-9.928680990821729e-37
31.661853730190682	-2.9421337857120626	0.318426479522159
37.57711457290418	5.819562987819381	-2.7900859782905792e-245
31.08441662361293	3.419916270503382	-1.0582705292345339e-89
14.558945365826	9.340579847927746	0.0
33.80305002610745	6.0810414943173505	3.572154103194769e-257
19.08041597145892	2.9904834207668998	1.9396194553289175e-53
36.20520402438199	-3.329954058399494	0.5417121092081278
27.232385367329396	2.463015233594689	-3.216089423533991e-48
11.639319444456703	-5.589358559798939	0.9996600525303222
3.51512829024755	0.9047101427610755	2.6923775514515078e-6
15.775193185030092	2.5816748771664173	2.0960717596209738e-35
9.804639701255232	6.596909015617523	-4.942873292504003e-255
14.574689588701004	1.7644657774068158	-4.683938407868761e-24
2.8839793863938525	5.063807956382867	5.669569536798248e-151
24.591352258409252	-3.9229261021056665	0.9303321225105107
9.016188313340686	2.024362402632182	1.216241766249723e-17
25.139970665078604	-5.996456665465789	0.9993629567532507
7.601206861241186	7.1624226107520315	4.347290481397929e-285
3.934431341072995	-5.495620310556834	0.999955428549847
24.229400325796217	-4.971556130709075	0.9937514440667053
3.968111746850558	-4.705123876126052	0.9997192086059299
5.873061539339179	-4.755956646326808	0.9992906150663399
5.35586998523255	6.706257142989198	-1.901414164221836e-253
26.662852753369933	7.030465741208761	-2.7566201475378816e-303
27.27285368898707	8.169018522740398	0.0
25.679698485824186	1.9628361257196936	-2.881443203269484e-40
14.450270086641936	1.4139847541995714	-2.50131170758879e-22
29.34650419917764	-5.917416894792268	0.99895893991308
30.01916445075942	-1.9499693039585857	4.488257246301878e-5
21.491770348948116	-2.711814490294124	0.40836295416856583
39.79173452321016	-0.17064997071852517	-9.134754273954102e-57
14.475485038014078	6.294542483250218	2.1237576512337146e-244
28.138363300519842	5.674676048594321	8.611360611067718e-224
24.07039700389001	-2.818960382985505	0.4156475848529286
37.08042792271564	4.538604304021895	-1.1821849992433202e-166
38.42836111210245	5.882271649368942	-1.512553638484581e-250
0.5903667166923313	3.325644986576801	-2.1154710891092005e-42
8.115769955548755	-5.027836570539453	0.9994246354424758
14.541125067056766	4.830734365252695	-2.8808037365839947e-152
16.656658855005922	-1.3845795989699532	2.157682663198016e-5
39.25226840164024	3.8762595028500186	-1.1426987082464977e-129
25.676619950134228	-1.8480512711051418	0.00010017222772687763
8.137251234169115	2.7635030646038388	-4.649970608403202e-30
14.837895889822546	9.419924287262461	0.0
3.810282003167066	-5.1697219727807315	0.9999118069328518
6.486079131648296	3.8104344955598073	-4.464043882375211e-79
11.858158586115836	0.15820145446498657	2.9037793501937717e-18
18.751567330958228	-4.672191006911994	0.9925510298604078
28.844435556029236	9.848655464295618	0.0
37.00885475315067	9.377512186414467	0.0
37.08037361639314	4.410488521554306	1.8074485912293276e-159
4.5467173265235195	0.6199558025690486	3.752007255152276e-8
35.36562569580894	0.8490017325513364	-2.924173723713368e-52
10.678439007925682	8.79300201886485	0.0
33.611491815416706	1.3405830538333063	-1.3707079169161314e-49
0.9535493967485327	8.669687864748507	0.0
34.69081268114141	0.847878583560238	6.146545743359216e-51
18.866440560333125	2.490699145503207	6.680815354907175e-37
10.689474531264356	-0.3280910516269735	-4.192252474402176e-15
6.3453480277815055	5.48680620494218	6.2071836704151575e-180
21.16385433867676	0.22322705555998468	-2.9068012455558086e-31
10.679634726035749	-3.10764527074463	0.9162334664388128
27.360829485507015	-0.5152750922802269	5.062519399090042e-34
36.19407839683131	9.638152990469582	0.0
16.525269599382323	7.840428948173006	0.0
10.794308085598878	5.672277754753097	-1.3739180321409987e-198
6.540783593397374	8.47755346244465	0.0
11.709491161733684	5.3483700730960315	-5.989772747828058e-181
28.641360383237664	7.763465367850237	0.0
15.80907097741326	7.653765501007786	0.0
23.49440372002468	1.7488329728194358	2.9959695747466313e-36
11.732817230877847	6.376250314259966	3.3405883244668432e-242
28.094799041419797	1.488850965978557	-4.608422252808595e-42
27.153122911748618	-2.7882477700595345	0.30150328712611335
17.77790444194992	0.13181336823242162	4.068290381043484e-27
21.890778952292436	-4.672237961059821	0.9898572636845769
32.391265290716575	5.447291594443797	-4.206591895710451e-215
28.5656423097142	3.853046662078423	6.0140368348102834e-114
17.742348698895544	5.026852033332592	-1.0208289974793282e-169
32.87210495139791	9.83181250489281	0.0
34.48022160165195	-0.06302124080439953	3.2753509722966583e-50
19.86542063540026	5.228978878941078	-3.370491928665258e-184
30.88052161858979	-4.463698654185141	0.9677478284736475
22.967079562104058	4.989562020333128	-1.6202487852594747e-174
15.811703781839313	-1.2518904179078376	4.086049499773979e-6
32.46370534346119	8.407172406369408	0.0
19.477294937219572	-5.691197067826046	0.9992282524203284
