11.335088608680694	-4.163614406332226	0.9926706794469832
10.426691051640443	5.734208243998932	-1.6260136044406042e-147
34.06165120655957	2.8694924188365576	2.075397553226565e-52
35.4618549314435	4.808337111164725	1.6392138269576934e-127
17.105214486362776	5.086442125337403	2.4500178040890646e-118
33.73336235854704	6.982440597191424	-7.030495979234579e-257
29.895881389929066	7.82465787538878	-1.3439166177745796e-303
8.589658283258403	7.060753037265741	-3.0773998587401e-227
18.721659598623052	-3.130951016536855	0.8352471146019498
9.982203683957758	3.5098682826138052	5.1526203770653575e-28
0.4881938579206085	-5.250815805594527	0.9999991508122296
28.158708857974712	-1.304840173218384	0.028767158112719998
39.02511399791683	-5.833125563802252	0.9977709538321843
36.914692528225075	3.351454495309504	-1.7865045827233353e-62
39.708394356765986	4.939524028053846	-4.57406825553443e-140
8.306029700069667	-0.47291167490136843	0.03638962138535595
4.457126158684076	-4.612253792274917	0.9989492744589494
38.59132683436684	-1.3386266884645366	0.0011732131516455472
21.583390924768395	8.699836197440007	0.0
37.623999234679005	4.993500420298901	3.680907876816789e-144
24.149645731497863	-2.705398707298059	0.4988176680981787
16.926488844650823	3.648653117001789	7.628680492489513e-43
3.2870699328090622	1.2311476143159652	-8.061086579935353e-6
35.36189345506383	-3.886972159640578	0.8520190513852738
0.4401745070575978	-1.8664279193181486	0.9985648941545641
19.477204835693527	4.349400983042514	-1.581875991157461e-76
10.994298735231206	-0.08332211730056116	0.00025325063573899146
39.256644840159616	1.659236507446881	-4.034032996262399e-57
23.667079643199276	1.697845515192956	5.33104583049525e-35
12.073252539491135	0.12815833959820822	7.035376664679352e-7
29.311573591020505	-5.1620136308055855	0.9939502197103653
32.31511241291378	0.3924766115732865	2.403485834091773e-34
27.780914437750056	7.419636044913155	2.0004222475238056e-276
16.269271684176637	8.152125896031759	-2.6089187626434203e-303
9.990432828275905	-1.3703699633516884	0.4702100903433512
7.793699868600694	1.5841249609961672	1.6967998549201776e-13
30.16292196978368	9.029606002049285	0.0
14.6935511626421	-3.1080794323405243	0.9044738487683331
13.424323997814932	5.097818671371808	3.806743748259734e-114
17.884741045705216	6.698669886564808	7.57374220398402e-217
21.05423413375973	2.113650313570975	6.74776116517002e-32
26.89149261020242	-4.838800422472858	0.9893292373733559
22.137983200595855	6.803811494820511	4.346700519309078e-230
18.644319304314745	8.219261778893298	-5.133541910235e-312
26.36099605464803	3.389275091041881	-4.2407816905000065e-48
10.8909162342137	-0.06590474211161279	0.00019417402708586047
18.43378315681119	0.3464449255873667	1.4763379701854097e-18
21.66802037314816	-2.372161163091775	0.4287473420020028
10.499480134126962	-3.1048999994778583	0.9364332011697076
1.221821708494033	-5.517308335409538	0.999993366406456
27.431914094037726	4.771981791933616	-1.2771395317465412e-114
19.997626790440112	7.122063409557992	-1.2380840448266012e-246
37.949191248007956	8.478853727231652	0.0
30.82036064748797	3.1186247499339927	6.963959455850315e-50
14.623515352693873	2.7946109174454534	7.1917338444437955e-25
12.086860600534107	2.291705641457362	-5.01500793390171e-19
3.3810017058551924	-1.5655857168905136	0.6757671323793496
2.628976156389253	2.1823355804971065	6.859258100351912e-6
27.86918826672072	-1.5043271406414966	0.056908910824326094
23.06802047485754	9.923432727639543	0.0
17.52062742740275	2.1336463507779797	-1.3983209816370222e-26
14.99558521432117	6.100660539190017	1.0890293218729124e-177
35.1172659729245	1.9502012875165775	-1.4140945483842078e-51
25.583036998803575	2.0420181675248976	-6.386043639300165e-38
4.243694082045014	7.981728634305277	-3.0654696018291074e-276
38.465336855120746	1.9281345758871993	-2.760226487891338e-56
8.567727030406031	-4.344078346791914	0.9959492333602787
12.816652004575902	0.4495773715532714	5.2172495607369847e-14
33.36411399704969	2.156775024968155	1.0768725525378225e-49
21.902683154244794	-4.4816968544818	0.9850189554354709
31.866344195390194	9.936125062078627	0.0
21.57237485506125	-4.540196454495991	0.9873760631533592
1.312353540898334	6.486103172731173	1.2315549848134944e-180
19.75222805894138	-1.8091961528508378	0.27296727532509457
37.711624769397346	5.723000842645593	4.0441638136672326e-186
27.559970884113728	8.710298015692192	0.0
14.596668996741018	-4.480931973775782	0.9947855018259207
34.43945570759244	-3.0283126032763015	0.383009191891342
21.813760466101773	-1.5972950753915853	0.15382815233786645
36.82083858919399	1.52102368670322	-1.0668131445835197e-53
39.461934018559006	4.775020197068763	-1.2555387392187505e-131
3.5131981254950637	-2.6175458675368475	0.9419914922041369
30.63591006680152	8.859745277751472	0.0
37.586862503000376	1.0437376945595709	-5.8290254151816656e-55
28.794599127403075	5.0940870403952765	2.5542348286692842e-135
6.370603292358919	-0.9357732591778571	0.25359776517199845
2.309109943427162	-2.9765944824589674	0.9885971956231153
30.52524307694024	3.4173015447350217	-5.875042612576006e-55
3.8700157350218487	-5.42289944625205	0.9998730242919822
6.410780586707085	-2.109028431383873	0.7567629558575425
39.41635376811364	-0.41074939152124657	8.495703322476435e-10
17.615664688465742	-2.7668721076025378	0.7503569761562613
7.369636286293479	8.92845138669135	0.0
35.88046128160164	9.296979802267689	0.0
36.56022094269982	-1.1783383212980105	0.0009782411096525283
38.33175661953818	-4.947584107977214	0.983598052789191
3.168476644274455	-3.0942344570643527	0.9826185407800033
20.64512103284763	3.121164166704112	-8.059062278737681e-36
18.023086827865345	-1.4356478458482513	0.19096602025069967
7.445465056859832	6.185446556043285	2.2722238439593916e-171
4.0146409368330245	8.109181553903468	2.3839652775625014e-283
26.293795778465405	4.936755647559842	5.368643952448783e-122
25.37627582428781	3.519165282208707	5.0144408670923976e-51
27.852960334796297	9.523511548224086	0.0
17.52372800651301	7.565912775143307	-1.9557682553471302e-269
25.893907696812892	3.3839783650014823	1.8596634322625505e-47
26.04629551984628	3.9123452139008847	2.57738125684287e-65
30.690422386118296	-4.281328786246785	0.9513859720715828
22.64103223905262	3.3665649600723135	1.0208064863249142e-42
33.85812653616939	3.371973502351217	9.663062112027919e-59
12.703769224174733	8.896535711516012	0.0
12.56391526198818	-2.6255448588829466	0.8410835975067102
25.731358340121517	2.5937256582860293	-1.9564955955286704e-39
26.74540284115291	2.3335670497897922	5.1405822525031335e-40
37.382372547290785	-5.159254140028871	0.9903668472249104
25.734844979580124	-4.744651396502185	0.9879485694840868
22.54532121207341	5.953660245314815	2.797373383047163e-180
17.88591254854439	8.471085156746248	0.0
1.7055418927786001	7.582110471190447	-1.8621452955249206e-247
0.8655553838450174	-0.1550775904764805	0.5938203030342755
14.214368225227387	4.965660567954178	-4.356422663954739e-107
19.6675668260741	3.4315193539560376	1.2701751870118232e-39
28.725815212594675	-4.704728465696903	0.9834723554670383
24.506948280773504	-2.0712941954010162	0.23946912725463676
22.311657562740166	9.198058200274144	0.0
23.900108232259015	1.958767526670961	-1.3561400950666174e-35
26.81705870685969	-5.178423225763421	0.9951208766020467
37.46928204967628	3.8030941805338543	-1.021574873196147e-77
36.37840824233196	5.54354951734118	-6.696276686872354e-173
22.695309295281387	-0.7141767713971419	0.0026048378408702858
1.3352225054714422	-2.4886138052894715	0.9912324680916059
38.49961439637656	0.026597081356776187	7.268462965675302e-20
1.219926390598197	-4.1271493287722585	0.9998378975135574
14.99962685758663	-0.5966617951884885	0.013405829687529812
9.430931655610685	0.8971292823135997	-3.198873350600352e-17
34.10767158711031	-3.955337379286945	0.8799665339095365
25.90437600155902	5.8235568606310615	-5.026951866153725e-175
10.797890962102004	2.2856640094798486	4.414236610104951e-17
33.92595827764926	3.136200537010467	1.3003404977918102e-54
25.401571596739803	-1.2115384052245055	0.03527683346334443
16.891664569811073	4.486003420346929	-3.2126711751316027e-81
2.1263623939888343	-4.774383383264528	0.9998460545817753
7.788197349494415	-5.114139656481218	0.9993483911150338
12.562408788784285	5.979819896063816	-3.152837207573821e-167
28.602293968407697	2.17606428371532	-4.1525991262264424e-44
10.260516268947914	8.878873674155614	0.0
11.197094795677847	-4.941262414524694	0.9987638352360423
21.603172116803236	9.94915366490427	0.0
31.473250558041183	-3.5086265938586827	0.7456558412921818
8.468911279686415	1.819536124485218	2.4810532497918676e-13
18.73562392344041	-0.0568343090483765	1.9539324274034463e-8
25.067182095578474	-0.3974460968890128	1.2800151949913907e-5
1.1761631348558168	7.6217203204878565	6.369695313336185e-249
32.41526455270743	0.4401338950684135	1.8916047287276076e-37
3.0977297215664206	-3.2745291374434515	0.9888728519036193
30.23611598859494	5.2173764319575575	-4.6385828644038725e-145
33.83234446553697	-5.026536485276029	0.9891946388271502
18.275268785608304	1.2581567562934488	-2.068176299722101e-27
27.35365875065657	-4.840820981436526	0.989000855470827
22.308525204280624	4.269642822664501	6.983048248296922e-77
35.272137845786354	3.3180699009768553	-2.6999717143111846e-59
8.691186503428964	-2.0499536199869652	0.7293646178496903
25.765564082644712	5.524228865070942	6.112658419472586e-157
5.557740689828886	4.182228097708126	-2.2077020242582958e-48
11.924390312599025	9.93622916713322	0.0
18.88896418971208	-0.04016826289198505	9.60192018467456e-9
29.085685921363158	2.214418523638294	2.4711999320198535e-43
34.20797057657984	3.8608388284948774	2.5121106957944782e-76
25.745653291481187	0.658828524951133	4.5661311801427496e-38
34.00960860270365	4.379088174070656	6.468618456100702e-99
24.41675226212557	9.96949501225653	0.0
8.526151754491826	-0.38474697311074735	0.018666631417985472
16.707315904925014	-5.424278171705897	0.9991645125047459
20.575430974101874	4.824402343015624	-4.0690761973762655e-108
25.290247719655056	-2.618387184838319	0.4214734380609332
18.94372130635784	5.8417868901688905	-1.9436974697928257e-166
35.63244769522241	7.011064741135222	-5.366770174125412e-261
25.116343248026013	-5.973577288618095	0.9993181044933169
10.362849900095387	9.164412485917985	0.0
11.230478675626376	0.592402724727549	1.9423154296663425e-16
0.43398646061369733	-2.696683936008025	0.9997936214834146
16.61262081449645	7.20921753514196	3.2480721044799912e-248
24.568315957541998	6.881347352578402	-5.074222606363556e-239
14.815336900739348	6.867421646292556	9.048065416728817e-224
24.198389787054197	2.110158602802233	-6.945879610599231e-38
5.866569357329294	-2.8567390808028073	0.9278926871866571
14.178891584362097	-3.959349744268973	0.9841946127437599
20.967265120518178	-1.8255660432948417	0.242892544273852
16.483791772001606	0.233904283787151	5.646993566338012e-13
8.59769459385952	9.304973095994221	0.0
18.326931981888944	-4.388781828298324	0.9885432135803008
16.208645195045257	6.215213671432696	6.226298472922596e-187
15.167101518586161	8.203606119272735	-2.115190450006466e-304
4.694694230746833	9.876360294458486	0.0
4.887180286289777	1.4908387558878502	-4.0370480286007945e-8
37.045677448225106	-3.697024160017417	0.7637754182886645
20.012806037425765	3.5754925459128444	5.739057567071039e-45
20.14377695405055	-4.155333339540913	0.9749833893535425
30.77823004822642	6.072556469280432	-2.3405802312001736e-198
13.287141711243908	6.85904297606513	1.0366166361767598e-221
