6.9506452109992045	4.750550440973896	3.955134870365955e-168
25.20443948758281	-1.9658422733307859	0.0024491297059921007
27.279650336809638	-0.6077623031277675	2.796881170217915e-29
25.245410842780483	4.480272274232188	2.581009834211959e-175
39.42367092000825	4.050909512348273	-1.705180453029388e-169
4.964849602889358	0.3460736782984064	-6.653776441221683e-9
3.122461715912404	0.2091300841004049	-3.734783109922117e-6
23.05654676638822	-3.649960057919582	0.8893527966474384
26.07774665812601	9.19393700349045	0.0
29.203422346045937	1.1507024438964102	7.684635578773537e-44
39.512616083634725	-0.9351921650429205	2.191863827730272e-25
31.096019151083848	-1.6465205631719186	3.303045457058846e-7
18.92329007781816	-2.484231108675676	0.3312825822563202
24.834583597489694	-1.8287343053281653	0.0005451536213510051
24.269196049886702	6.513014472751927	-2.6185443924455753e-298
21.093485311987685	7.588378427744871	0.0
39.552362095579994	-1.684823047790644	2.8381585617014636e-9
11.1158810657474	-0.024311113285225616	2.022460504116985e-17
0.3417848016144756	6.105278073162886	-1.7590625184751598e-237
12.524691123450063	7.393963560425668	0.0
26.317964996941846	-4.502340763502719	0.9784501572863025
8.450047964216015	8.12042655390719	0.0
16.450719397160864	0.9147764056612857	3.8190090092060433e-25
35.82914664343328	4.741688540392531	-1.0229087831622534e-207
3.0020615966412	-5.413540470680747	0.9998919353587793
7.747385474176358	1.682889598060438	2.4011184430891735e-16
26.473264079397453	-1.8218434085928372	0.00018528871138018805
20.197440640710646	4.266613748920076	-2.286280054607488e-157
32.81004231189584	-2.8315427143928993	0.20933636758838794
25.067559105799102	-0.9372796224038176	7.831378551552981e-15
13.037764406545795	-3.5414963135491533	0.947778838016204
1.9614852731624413	-3.316939787417809	0.9929612833530066
24.18324728455298	-2.664977117733006	0.2935805380986964
33.209558202013866	-4.588431323197813	0.9719783270814389
18.577795606330007	8.792564842590401	0.0
10.401835570094905	-0.6644680448317537	7.233207541607597e-9
32.449372455122266	3.772402876780145	-2.3711461104489783e-142
5.4523104876972255	-5.360408049412371	0.9997696506372953
26.731440632210635	6.870177937520793	5.0e-324
12.830581671245758	-5.799114207717746	0.9997109295818056
28.103033270449604	2.9819108671179038	3.563065357971435e-89
3.0729787505635033	2.2105885545606547	6.474459616209528e-20
9.253031035008501	6.189236694371189	9.785029367903154e-257
1.3929724723023158	8.222518617422985	0.0
31.4431668607931	-0.3275536248791937	-3.8164707366652784e-47
16.79282223179618	5.1019185041220965	1.915099819658269e-201
11.642668663580316	0.15337486086406216	9.654729412226622e-19
20.887635536051103	-5.580137476449675	0.9988766562848731
22.39053792028719	-1.683985717323825	0.0003571085498757427
2.917198569533299	7.136947388124508	4.807526794737284e-306
7.9305523896819405	0.3031924784888602	-9.760333734914012e-13
3.794445566027381	-2.226336860974392	0.8032910603135779
29.68192687332073	-3.70531864050956	0.8407308887086095
19.054526748947982	-3.2998319814363803	0.837086625447594
17.94456173204418	9.338616048824235	0.0
39.601301923718154	-4.610038451454255	0.9622393400406417
2.634547949212802	-5.24465996014186	0.9998674161853447
14.771513002298429	5.979852604097768	-3.2270836489089108e-252
32.7865031066649	9.384088028473847	0.0
27.290996125006753	1.1885288524681883	-2.574977468367375e-41
8.375846049498797	-1.884145634964142	0.36872959850733006
24.42230355761358	4.60419551449225	-8.153678478241192e-181
39.582460952443626	-2.1330222185678203	4.0019894492286695e-5
29.354956688140685	7.803149785846173	0.0
20.569185781199714	8.705473007639199	0.0
7.243567582994595	7.2177120545858955	-7.3301203e-316
3.6281044316621127	0.9897631769642068	6.445543491510723e-7
18.40744576661439	5.714548973185014	-1.7427097122611393e-240
5.265861891448159	-2.0957272083523293	0.6709546799512118
33.451917929514636	-3.4467418920836934	0.6713894140644378
8.83811693115998	-1.5139005789977134	0.08973584204027547
14.301562850708299	8.123176588282629	0.0
18.4287791953348	9.219262920783336	0.0
33.94566783730966	0.46665893239967104	8.459819088818832e-50
19.499962002946315	9.277753237945	0.0
12.687515602368443	-2.8372397347725276	0.7759001100736391
14.048060995306747	7.768514411608038	0.0
39.17208212667497	4.855570093701726	-2.5019657629867573e-217
20.239055495916435	9.260070097617021	0.0
8.09945630902665	-1.4666349312131786	0.09347244949260983
2.0058790114316705	-5.3600996018756994	0.9999336017498266
29.871593491775577	2.456667816047627	7.126070386196437e-69
35.90476017378454	-5.5663436894244605	0.9965090093538194
30.413706332091355	-5.052405883421184	0.991831243005735
29.347942926536298	9.812359572449665	0.0
18.008089492415312	1.452687345595006	5.294149901419992e-29
27.467141371576485	-3.721372069175157	0.8665537971929185
34.72381530311199	-3.0929467269760096	0.3807074784210567
15.77420290033129	-0.2697413063157015	-8.411680255137755e-25
27.168808651587813	2.1386714925974424	6.539875093632947e-52
34.2492747022281	7.306208229118763	0.0
14.002256684407838	9.334990862360524	0.0
39.6010460035201	-2.7905030251641882	0.08153852082533776
29.641355690635184	-4.508337882089581	0.9730915288088199
22.363774092250107	6.989017300619992	4.0e-323
28.392753957747274	7.333100296763487	0.0
7.107752020605275	8.205475606973803	0.0
7.8944873870898205	-4.235384181045141	0.9956039618692237
6.283138429087282	-4.727303989732	0.9988865153664384
28.401154247902554	-2.336452943868089	0.02862560487591891
23.861431254538005	4.198711439993865	7.786120861311678e-157
8.25861179611706	-3.624899836170105	0.9810875390133796
8.365552957319155	-3.4382685952495393	0.970578357945725
18.568432453020293	0.021181298019371297	1.1746763238408581e-28
8.174069149142491	2.269707615482041	-1.2729911841644048e-29
2.110020295421603	2.420695966394206	5.300448643067536e-26
13.621288928191698	0.44746403690494674	-1.080208795562635e-20
15.25622155945062	-3.1667599493519027	0.8475145438263956
29.540711416515727	-4.768255568620017	0.9852161380185196
24.91544347426515	2.1166975728537096	1.0768354906083416e-49
35.82757304781484	8.663919020742448	0.0
7.947485010827355	3.338065966208159	3.415222664714916e-80
6.651100474593463	-1.8176357279415072	0.4087348894073064
7.82033703152937	9.715451670258808	0.0
2.2636812151370047	-3.017612285810877	0.9824276798623693
31.687118246336464	2.3415048041909685	-6.0056598806184e-66
1.0078283032741815	5.590153966116343	-3.769009267310328e-209
37.394736583645276	0.764167258548536	3.1065340851317867e-56
32.05637968147665	4.178882184286742	-9.582422714123065e-167
34.98878619617873	-4.453358321816275	0.9578567332319676
4.7855765553944565	3.7326761358325555	4.61617508758007e-100
18.3626148952215	2.4042068823892286	-6.674097578905077e-49
3.3255814009804103	-5.267303513817723	0.9998270236820892
9.92283066621744	9.446662168439257	0.0
15.964907866879374	8.943484635230131	0.0
39.552049148034776	5.817694119256959	8.603439230435512e-276
9.449440907558325	1.2867746414584076	-1.9080578484023795e-16
36.5380828644498	-5.504066585626894	0.9958281333610375
38.63619506236532	4.6252853353434205	-5.467282919587223e-204
8.758734445597437	1.160000008103033	-1.1592635212560486e-14
1.5921415748028165	2.2963756472289525	-1.1846150306510224e-20
16.650510924957334	0.13187297916036655	-4.768089489898104e-27
17.067730691571782	4.333126587944573	5.119230861826846e-155
22.077712157652293	-1.385435208418297	2.6995417063254784e-6
24.36002061301223	9.228579486657953	0.0
16.315442501833875	-2.3502628945070825	0.31742984012059117
32.359408353541966	6.787168023285368	0.0
38.54824870315937	-1.1009374938952519	3.9369784227059597e-19
19.399931757178827	-5.621812842086399	0.9991170972228064
31.963429159507	3.2374826373046517	-1.6489723195995953e-109
20.503151791150326	-5.2142568813133	0.9974892117517177
22.862752602594394	8.894752295570974	0.0
32.862177168101624	6.932758711585432	0.0
15.312090831647208	3.644893447607515	-5.447735078189985e-110
39.57627945767742	1.7826608882896302	6.467597354750942e-62
34.57119815197832	-0.44838882531609414	-5.108397051721633e-48
25.625354255805995	9.77919625965335	0.0
2.4311253233829766	3.4302751280508907	2.888901090069785e-79
15.297448259800253	-2.3911565465363793	0.388339927129696
39.68124744874005	5.167567630433322	-2.2663986362721606e-236
15.544683118590882	-4.827944093846689	0.9962427329033976
19.706004561389285	-4.064896644109172	0.9677679244368882
8.625417924666687	7.945533428590515	0.0
14.711816769791865	-0.07701580275558584	-1.5931166889788494e-22
4.59741318447715	5.332337939893815	-2.9830902247843587e-200
20.256973203740834	-5.466847809959461	0.998628937746859
25.204209979445828	6.803841088847641	1.75410933e-316
22.25680796302031	6.097667070046612	-6.207975922981878e-269
32.05913568044196	3.384701987361602	2.230829823787577e-120
1.8775886495546075	7.159911063247318	3.100088554633903e-306
32.867712950395706	-5.710950391024198	0.9979019608185811
36.0850053106865	0.4751650439828481	-6.736594077250668e-53
32.471693606086745	6.929349222585159	0.0
21.8650034524371	1.9151816260368228	2.1560150164600307e-39
29.128695932730256	5.365306272183712	7.3668055164823235e-236
17.164516086746534	3.245019186966747	-3.939567469891064e-89
25.436363890917768	1.157984755754768	-5.072275475675041e-39
25.382941401226965	-3.5966611135077073	0.8501981665788156
12.766028407874817	5.07750717118747	6.266509306723266e-195
36.48545134157387	3.184620426828193	8.828997442130043e-112
22.35166232262868	1.1309462728462556	-4.960046850022206e-34
28.011910425366686	-5.763818839523868	0.9986468971051086
1.8123764054141218	-0.22863616751727633	0.0005368947042105396
0.6380556528105141	9.862680201620545	0.0
23.128718240880225	-0.37990030003719966	5.416159774595902e-35
17.4554427874033	-4.873234747542451	0.9959073284751191
2.244358714285434	6.382520145437162	-3.9260612057345104e-258
8.155586628939556	8.120417887898647	0.0
4.594941460527253	0.2291603458781033	1.8395979117966344e-9
19.26847766093067	3.7926278115843743	-9.97434449526586e-125
20.261631782353852	8.469493976803566	0.0
35.58713477343597	3.560565553239936	-5.60679449394859e-135
3.9539067340701326	-4.941497567099226	0.9995517478105207
0.9405177960327018	5.720198655780425	5.94648856493499e-216
38.66952475255894	1.491253755624598	4.753514718199814e-59
12.15626852993766	-4.719390276621564	0.996869624278591
4.9013919540311575	-3.0368405017663314	0.9568410215914193
35.836273241783616	8.575148379270235	0.0
37.29630138674089	6.0242127522700635	-4.011071559393258e-286
37.0422972185513	1.0414760182506377	2.8204729452249275e-55
19.22850651285786	5.066925987105652	6.453136922728925e-203
21.228774348397085	-5.681897473777585	0.9990813022969073
36.76151845914749	5.7427184157029245	4.6358344607810154e-268
34.11094380809173	3.565905957954083	-1.373756975893288e-132
38.14926519832302	1.7587773869774281	1.3407230985454503e-60
2.497861805950559	8.381208362679835	0.0
6.71545667236065	-0.05535502786685598	-4.2987144831859615e-11
23.27608479570942	-4.722009812638657	0.9898887534856776
30.615087765085878	8.797066834369204	0.0
15.004999144150176	1.5211108301988325	-1.6770310464090744e-26
