4.719405928370873	4.636087749662586	-1.0975263354602323e-166
2.478906002026783	9.802035327197839	0.0
27.60511137532312	8.401288923777017	0.0
16.51878724204561	-2.0981567159334276	0.13300773986621356
21.136315866700894	0.2616156888141745	2.093363846493848e-31
36.59540929204203	3.561846581260575	3.136344038870648e-149
30.90838305180772	8.369579138081512	0.0
37.56039989710277	-2.4555187569971686	0.00812705522076266
33.950246839935055	9.032040039013854	0.0
4.1873020250747945	-2.060969831089917	0.9230463379912324
7.912647555959657	4.13502379439316	1.3506178308532064e-142
3.438568416708607	-2.5151160700625113	0.9701316642987202
10.647343773365124	-3.227106752816148	0.930538953490268
14.357461131348517	-4.744451531466066	0.9961584849377133
26.56491460555717	5.890604728785004	-4.094706381577116e-275
13.250063646238017	0.9409193106830465	5.2579649541988776e-21
3.8682054729001414	8.59153346339944	0.0
1.4106725937125824	9.832229230087702	0.0
31.05125841401407	-0.4449723999593296	1.0383061265142135e-27
37.523846581873855	6.5269624319576565	0.0
31.278190542448137	2.684508266233774	2.2710147492106303e-88
19.07261545348093	0.9766827401917375	-1.1268650548981217e-29
15.945610595083602	8.380966760119925	0.0
0.5309926864198231	-4.660949324675389	0.9999561673419765
23.04814565314079	1.9157390799119014	-9.567675450019957e-46
11.934472127306643	-4.103814881096451	0.9884126913398377
6.026822732656305	4.589000539265562	-1.238179897029104e-165
17.9390993235738	-5.356258989247912	0.9985938612700527
2.795202247377829	0.7522218777549803	1.2178647631099149e-5
36.10540380745115	6.044167347703077	-2.8916363748735262e-297
2.57904742105064	4.736181949426101	-4.4086709660881334e-172
21.721462359835773	6.588511303297054	1.79578030375333e-310
14.372768029643124	-0.4226401754430924	4.896938701870018e-12
10.184297412703653	2.488680891334571	8.680154310944193e-49
16.501029216921054	5.319937935863177	6.133458665511377e-226
4.801506017382479	6.937857562219957	9.042885461119118e-307
9.658403739713712	-4.919940695456955	0.9986646070539492
1.7643719725559017	-2.9265958900099562	0.9844627911009148
2.7506986910880857	-0.6424369463731168	0.07148087334061852
9.942666802765405	-4.743497518435902	0.9979503803400817
30.123124335578893	7.543346359974045	0.0
12.434975523074584	-2.5056732388023732	0.6149320849770689
8.92282271065174	1.2502703074115082	-3.5703038300199907e-16
4.120105914509033	-5.378943851872442	0.999960640900187
13.323261138557017	7.687495501358633	0.0
17.600682058991833	-4.199336878056357	0.9807425820634754
20.937502889869002	-4.999299792430662	0.9956336257577724
4.602908752878885	2.697314412624653	-2.0277605580307458e-51
7.618043931070558	1.162592564460251	1.1342039909664008e-13
28.29763528353347	-0.25283896426731545	3.379565271691579e-31
16.374333982491848	9.750275928180443	0.0
10.398331643374066	0.9268300820840878	-7.210622201564536e-17
17.23927135331593	-5.851333204755736	0.9995832864874394
2.253776726049037	-2.5014740345583206	0.954754535451757
29.163024390951723	7.027153017270894	0.0
34.01155207191822	4.686553822033073	6.604310330401178e-212
9.588661781307868	4.286490828542476	-4.932067045395226e-153
5.565715829372114	7.1366959567901205	3.01e-321
22.160865260071816	0.3639503010337286	2.0287327662241828e-33
36.535256676622694	5.564075601788698	-2.3609725098211347e-269
14.319800135790125	2.476478443205057	-2.8857095500062023e-53
26.986130246398634	-2.1755642943946185	0.010498747450013524
26.76266286778005	-5.452721094617576	0.9974803391889682
29.98881835796945	-1.4409297794960771	3.600045901692994e-9
16.932521789552812	7.6474741212645405	0.0
15.398784583739493	-5.730931689152968	0.9995508093314807
38.58946704417159	-3.8084001265342735	0.7935036796878244
35.5108115459379	0.8612199551487123	9.499186245875959e-53
18.02451829555409	3.278062663492012	-2.0720749098096943e-103
16.64510288847542	2.4877734724109644	-1.5607285389001384e-57
2.4746879049413106	4.757011717004126	1.1237647181796732e-171
29.438573062319207	5.84055511993428	-1.0358565510667233e-275
13.546034539382259	-1.4902351450999909	0.006375748301799476
12.139089102114056	-5.7151711459537395	0.9997046825716372
11.178828100552119	-3.3422856196303883	0.9422980241155373
10.102915208185223	7.243390025227615	0.0
31.867670991704028	-4.3015284530427955	0.9505755920279741
7.2624802275174085	2.034233227495264	-3.020833777628764e-27
29.000679826691716	-4.419381176466636	0.9685104594945172
12.177649879889534	2.9071540210687665	-1.1655510128290168e-73
25.164291083284077	3.3562891253422933	9.862452301177276e-118
24.32537719808414	0.35891232251346494	4.174446771899232e-36
21.589339376879114	-2.644125777198564	0.3569878605189344
32.87473328692283	8.964883774352739	0.0
27.56513664058032	-3.1588446855726815	0.5926650174435419
25.847378256476823	-1.6620418704138835	1.6213687774017404e-5
21.10370571382178	-4.278109165067676	0.9768838664799131
25.42722959373364	-1.2266704978063352	9.141558410342617e-10
7.70662961398028	5.980802703727303	5.728360714043115e-255
20.894498397917992	7.663522513143008	0.0
28.35453712986002	-5.4729027750239965	0.9972990229897276
11.660574012804823	-2.0454573042602995	0.3060622761597026
31.332542976792364	-4.887470530957497	0.9873635878872544
19.875281817787272	-0.7410537244096602	6.732335978077678e-13
11.73471261844252	4.020769319938317	3.4837837988699656e-139
27.940571194775387	4.440531886364017	3.3132111433123286e-189
30.697679484615893	3.661740702554212	2.1455531892970933e-144
34.50429507072371	8.473099944672047	0.0
36.27332359807318	9.557501333612361	0.0
34.97376086728575	8.427503777844727	0.0
0.6851192904464896	7.6887069894557385	0.0
1.864617332123778	2.7268144186790835	-2.008639607817521e-48
22.8485759275643	1.1471731835488015	2.0914425333815442e-35
24.787413511523074	5.364660619856963	6.200919764463503e-241
9.650662200289066	9.71295379290455	0.0
33.331165773936625	-4.541852678207437	0.9686088185051027
24.716484042989364	-4.7999822205732166	0.9903851111602562
8.748358266604779	6.685353879969103	-1.0253754813183443e-297
19.71890533924329	2.7682650788751353	4.003203554633548e-75
1.5667776516760588	5.634806176785968	-5.566987600373961e-224
37.51940344414409	-1.0750525591350772	2.0020311910044025e-19
34.3606079367259	9.259678155432233	0.0
16.351178487512534	6.455246559253023	-7.181257791080206e-294
7.431990991363471	0.4654872962999974	1.5848119791081817e-12
8.83291477961043	8.022241170569018	0.0
28.695159010599998	-1.3329399795353964	6.354377052351566e-10
1.610643928029392	-3.463615271759174	0.9958197478960525
30.050652325378817	4.786668151966154	-1.3434535356843607e-212
21.89531816467283	9.455538603665584	0.0
20.57098054513286	-2.8982697264483193	0.5912738359235762
1.0781329401601296	8.263588345918567	0.0
28.83804314867635	-3.020078074496098	0.4554555064263418
28.17332880951441	-1.1587186989161218	3.0376837071376883e-12
33.19836131320175	4.555633104957423	-1.6345835266862464e-202
15.749116461182783	6.116414288341648	-1.645833849055134e-272
1.559203167469606	9.078395185883284	0.0
15.93961311763162	6.682690027672919	4.115354840205459e-307
5.007044508714093	5.711109291707196	-7.568269683609777e-234
4.2502183282140695	9.242191846575615	0.0
34.1549022747624	8.692417385608234	0.0
14.462692715341095	3.1462410595974717	9.952074399440083e-92
28.710982391204087	6.131800305279427	3.5439268961446304e-292
18.260206762849936	8.238502488562816	0.0
9.254369549344945	5.3792161787228245	-6.051838071149262e-220
22.995035293362374	-2.062283395623158	0.015044915774254835
12.376221742755213	8.853568564075651	0.0
18.444601621111673	1.5866945035985545	-2.759508737756797e-32
15.720281173857733	3.7951401916821332	-8.162189080888428e-132
38.55756212910283	6.764662578372576	0.0
31.98374372516313	9.946205738245723	0.0
27.474228029429025	9.672538355406779	0.0
5.645245296253916	7.05931458512153	8.47166364e-316
20.00152224290043	4.844329089158112	-4.919995069988752e-201
36.87425348628925	3.2539803173454054	2.4721760438916506e-129
14.862050564919645	7.952815017258924	0.0
33.087952125934365	0.06216913703077509	9.669175715708261e-47
17.292813719134774	7.670213815978375	0.0
36.37332664169074	4.50794959940059	-3.1574007925936468e-204
13.456078841357021	-0.9692997989756016	1.8005023774078544e-6
33.227847354699854	5.103502327471613	-1.0979781861580381e-236
1.1125530088244464	-2.5176726723488905	0.9776139129812323
12.984613605021732	1.5016134156919492	-1.8616451507488464e-24
5.236556738404324	-0.9056505954856817	0.07829990547860087
6.2972624998199045	3.4778787865651424	1.1132248175700208e-98
14.72017827584374	-5.909983863646193	0.9997250539397374
9.232346689142242	-5.229755701844336	0.9993647284372205
34.908585204708004	8.513354207410654	0.0
19.918456833011174	-0.26503953810505365	9.803542942951315e-21
10.63396954538237	6.916265351644768	-1.31870569e-314
8.777632464565563	-0.796008920459407	0.00018996016310092107
18.545341825750885	9.072946970410886	0.0
3.9794770316298305	3.905061068469408	3.441881948242557e-121
2.730182821256834	3.3996994115548524	3.2309633754798156e-88
6.950761147604882	5.267642113762943	-1.3241177360862542e-208
25.451784963222153	1.1701284092896884	-1.3178951873490752e-39
37.17995279764903	2.1090087245661593	-6.768863468707167e-72
8.067800947340189	3.508717638999702	1.8495525029148236e-103
33.33850038442377	-4.059471395356276	0.9076945520209243
25.67154371834389	4.201153950527882	9.8635138527323e-171
30.478691561570237	4.676610639432873	-1.4837506437746799e-207
35.07416594169648	-1.3865672382631935	4.128846663677546e-12
1.9539592998223374	-1.8890125883491464	0.8369066152285675
18.527194979134126	1.984818648970954	-1.6204292393390037e-41
38.5786623317667	-3.746995147760437	0.7662543177575027
21.8481784325504	-4.870129145692683	0.9936017020275447
38.15338659896902	3.129337886105013	1.0857704186301656e-123
13.312345732716432	2.4764191400433795	6.746646246285211e-52
2.301874633663502	0.9144515941784412	-2.0601703463098656e-5
13.27066793611199	2.769305482920789	9.219678185073267e-66
1.4341906785383949	-3.071648534261037	0.990990338993742
26.1469463241267	-3.0374899757662774	0.5375850467793192
18.2053776300205	-3.5103471224617984	0.9037251159687607
37.352140821876965	0.6189503138482486	2.8576295853335808e-55
32.82759513322898	2.7038106545968787	-2.402320227588585e-90
13.524628274872939	5.099209482208437	-7.957768326869536e-208
27.332167633870153	7.341036534986731	0.0
29.875618552234467	-3.9086455054233014	0.8958494492264232
37.74168880740121	-0.7837636715029603	4.0340122884993077e-26
2.6239354525702145	2.184390785685359	9.885978950870919e-26
2.2060255370183204	-3.4947079936773093	0.9952652946413141
35.34308674883611	1.1096844374274788	-1.9387242878794963e-53
7.863449077592385	-5.896861892916533	0.9998813405258223
27.634470778646932	5.069713024955188	1.727135031953711e-226
4.422022042879173	3.942927446395199	3.636266046745206e-124
2.0492712976037533	7.147831410074531	-7.0998216e-317
5.919572214562998	2.146263413197957	9.845871349652673e-29
5.034408914551508	-0.2038171913375777	7.10547435177332e-5
32.850331816772524	-2.203139128567507	0.001741690199997994
29.81294788946212	0.13399921490012545	1.4568278362724481e-43
5.555409705989663	9.887056390853335	0.0
