5.51800453108073	3.8898451270431913	-2.9095438755878255e-42
3.7861821048327435	-1.5451655813037277	0.5075582686826532
34.604176318856496	-5.085505935101466	0.9902139202105624
38.36611261047755	8.672833154478184	0.0
23.71169154017392	-2.8671421868020275	0.46704992498359976
15.028796067951577	-3.461556328442313	0.9269683032008292
32.47371512333575	-1.2722151844613876	2.3034309825441473e-13
39.2796963701161	0.19748730849404694	-2.504766506291542e-57
23.491720554267367	-0.14911731619017488	2.1921535550377677e-36
33.5196354916485	-1.1327854390560468	1.2438222266226712e-16
22.33377524274884	0.4254122746328335	4.4523762402417526e-33
13.419960411960309	3.1546716677090885	-8.443391956704548e-29
22.76189267003326	-2.8562056668470888	0.4870562756874042
38.25342351745559	-4.894717351777139	0.981527552105246
23.584541291821054	-1.5260761013453177	1.8787739084884734e-6
27.550542267890695	-0.15745899649244777	5.655480730151013e-42
3.0919567391861142	1.0583872103189194	-5.92750373826646e-6
4.762642443973892	9.537476510699637	0.0
33.34330275379321	5.079933480224788	-1.1361301566964987e-151
21.529334371769643	8.220018248643349	0.0
5.622144360975425	-0.5666351666543825	1.9778337512402696e-5
16.405571225365108	3.6543635966384542	-1.205755624441216e-47
27.437087000760435	-3.9572446558393715	0.9201304153552138
27.00690639293814	5.65447938318151	2.690587832028712e-179
2.5542413170091174	-1.1733754557980305	0.5004635502170648
30.717932165086644	-1.249448925524959	8.619680349677482e-13
34.6163032912821	3.706742289427037	1.4331241208449538e-76
33.94286997877059	-3.9131998671757096	0.8688131984501719
8.506626985936768	4.723329038787121	-1.1930074301617315e-94
23.17805012400297	6.482364661618462	-4.223833448678748e-222
18.043586493650345	3.330084842907336	-5.021135259561541e-39
0.4760638643645647	7.875266455574245	2.1853958642499406e-273
0.8052162561558973	-1.450113430864171	0.9808201992915533
7.427209490845902	8.214020590657931	1.5123997050288976e-304
35.75938224843657	-5.054096779237174	0.9887747990493011
21.528925480285302	-3.3560491226159	0.8151804648122382
37.388198046875615	2.655826258989041	7.723914395717477e-58
4.358682077526885	-1.5355836358266082	0.4080655128749077
36.75088012566219	7.470182555897143	6.67708280484245e-302
22.217693886789128	1.1365783906165312	-8.617373984115463e-34
11.448948418852805	7.190815838408721	-1.3072059409406143e-248
28.512587070563388	1.4759495727100393	4.9521829009813074e-42
10.030490895740344	2.6621384688331773	9.44948048331688e-18
21.769395756818422	9.761032845024257	0.0
32.92083408458609	-1.7370120208161417	1.4775285555678643e-7
6.632317800863324	-4.1233934985482	0.995293871584251
38.00808920951588	8.648581476926449	0.0
0.9341916524844054	-4.054195956026653	0.999928047288979
2.253181958487004	-3.0672332923728476	0.9932956342503658
38.79156355663378	3.2343725284502405	6.4376359248327e-66
30.54204250776994	-1.6222672378294156	6.934198944178029e-8
24.660313177513586	1.7511585078434813	-7.863324810729391e-37
19.96505365115881	7.293395435981708	-8.270991080513224e-266
0.7771633758159302	-4.716393607883095	0.9999904645472371
20.577954003676	7.022463378437518	-4.908257974923808e-251
39.239605633877254	-5.833682736310241	0.9977445137947267
15.156146445944296	4.5440796463889015	-7.326449008552473e-92
1.4304754475494046	-3.065146187903757	0.9978331863685309
32.219692818558244	1.8274957932120017	3.697808276706157e-48
21.321136142993467	-5.01903369497083	0.9956464883806996
34.14601148715901	6.01529603717853	-2.8256037054096327e-209
25.613149275691935	7.594201643578863	-3.632485170136462e-292
3.1224317964098875	-5.853901925528412	0.9999768478655482
5.376472321374457	-3.1921338147154508	0.970942118254191
3.4610619201694415	1.8322378743824963	1.4128957319925982e-6
29.317921814085697	0.20144405145190802	2.302953803725292e-43
36.11528732119561	9.100243412727067	0.0
15.94093458836526	2.811739686974338	-2.7951140791014422e-27
14.607170938369194	-4.458270628252826	0.9928004383417405
29.01148401899861	-3.0090344350051055	0.44008477478976243
28.63168503041196	-4.067697096608224	0.9321643512615816
13.348936465659312	2.6897682332140285	4.9040686174522126e-23
18.255627132912696	8.373988239091023	0.0
32.88616248741911	4.794273201969364	-6.8728996875736955e-133
36.78385394671076	-1.529640612222142	1.1220285058233616e-11
36.35212983506897	1.1393214341374183	3.466338781343448e-53
32.391971148781664	-1.3837990242174172	1.2841544923946074e-11
7.709421177213327	-1.0525516508810497	0.0035766563804240934
5.400204387407995	6.4088986826109355	-7.53580035651841e-194
30.483064677643537	-5.559804545163903	0.9974403129599493
1.685465777144048	2.932551158495418	-4.620531952852372e-8
20.458371911976304	-1.7789029464530657	0.0015912567430173311
20.152847758448925	6.177167390206382	-7.003560082569527e-199
28.050330605068364	2.7431277878142915	-4.77132613036159e-44
18.215268540590564	3.8783819670979014	-1.0795961602247118e-60
21.602220560006305	-0.4210544139732093	1.3603981360038882e-30
13.584038037118138	-0.7442481948546913	5.02828837241827e-10
27.337322132260233	5.632326683869575	1.6591591670825536e-177
27.31457671064388	-1.5686790509983588	2.683125529536226e-7
19.040456309686988	1.0010391816062985	-2.2791257267519468e-29
21.147229234935402	0.719558888333296	-3.5415681368338123e-31
37.22436661951973	6.409555019954219	1.227001529406369e-236
7.452189157327866	7.6743960179324375	-9.13982285805972e-272
33.141477169354175	8.705173555972817	0.0
31.490764374144703	-2.6925596182823845	0.13668412565053964
16.062508290841922	0.8932872591698349	1.6334764839200623e-24
3.21745998326136	2.8598044414462613	-1.909715409361689e-9
34.25045546173234	-0.12923966273040577	-3.300467920792315e-52
23.92051004463343	-2.216785835568878	0.03402369878958254
32.716984812275285	0.48431163030009117	8.605441483651158e-48
5.511261568021516	4.994472161392533	2.523839458437222e-106
15.25082732916839	3.6917802455285695	-9.182702190462011e-48
32.061673598317256	7.373483718989046	2.8448925788888256e-288
13.287985937482897	0.7724391378078437	-4.3137041479245116e-20
35.314178984652976	0.47753035626997686	1.357745718862912e-51
2.7885827157445413	1.727414298518056	3.349705600112682e-5
9.668524290616562	7.282383091185565	1.9051039518666226e-250
18.192673432642444	7.207157785644384	5.478689432008124e-260
18.45002026230352	2.634124455866715	-1.1871076679233108e-29
9.575682132561502	-4.720755619482251	0.998073489801177
0.7385221487274627	3.4003555292168457	1.8044253730207356e-16
16.713553670794056	-1.5130154124022788	0.0007530734207055055
32.87159525686934	4.122924120122761	4.318518018399584e-93
19.705406257686548	-3.443886895352861	0.8700102475570531
39.71796316760503	3.4883741938891824	1.2466947559060282e-74
20.705199556800867	5.983250752075239	2.358507741784329e-188
32.360260085466145	-5.899985919847094	0.9986820052554221
10.159354765602709	6.660540988245582	-7.65098288426663e-214
23.426796948379717	-0.7468831185602909	2.0357607662983893e-19
36.63681069777849	-1.9637600801816006	1.9114226904937206e-6
23.054430882339666	-2.8411414479505126	0.46586169351073464
13.659619125035613	-2.3515619678299267	0.45557834588767737
6.97861382472455	-0.6752371440884986	1.541324632086244e-5
9.32479186596101	-1.656504003636261	0.14239128968715312
18.806139922978442	-3.315353634805657	0.8438753054212944
39.322222740131686	-3.3289296739420884	0.4848713938395544
33.839068735386924	9.097848898745507	0.0
35.765921769037334	1.6153574066393972	7.7377759296013385e-53
32.97503081659118	3.1024031116836035	-1.0044105301723283e-55
32.95042223902072	0.8871475137399933	5.733035379686732e-49
38.68815892669665	-0.07238266614422884	1.1130368570294618e-58
2.134848854647815	-0.8733408358645818	0.40392345133028096
32.04007163606774	4.735975692167276	-2.995526604041338e-129
1.6669424601805947	7.402877664721586	2.557307913296667e-247
2.1537623209261003	-2.042788638141058	0.9384544784047296
32.36277490751558	7.590768341349971	9.365792263072161e-302
2.8712348819303677	-4.408503026627326	0.9994628684170636
20.29648427343774	5.621287352082128	1.0948318525202467e-165
33.58266492582964	2.237618160878963	-7.015686666310312e-50
30.01286691698817	-0.5525220017656629	-1.5928543312437852e-35
4.9470086661742485	-3.730714510140338	0.9925620495361455
21.202076819217645	8.374240082840771	0.0
30.065794071299482	-5.49755370699279	0.9971260561364084
33.766631906323575	4.22426077953093	5.286811085172602e-101
21.3788327901899	0.2469968880236344	1.1402709647012498e-32
38.63044228344207	-4.224952535030688	0.9149583247034877
6.597796101445599	0.7870602488514002	3.2758607999505184e-12
10.83841661980391	6.091728118126355	5.6654097391463e-180
24.13724731113863	-1.8135694700299076	0.00028609280617849093
35.38177349474727	-0.5524820397893428	-1.1155054959588774e-41
36.46117552030055	7.556156653966891	2.2525535978080805e-306
27.222081625100085	-4.479290002050913	0.9756561509474533
28.294349186742643	8.100445357047153	0.0
36.22163772835697	3.415274525041525	-4.86185571131647e-69
28.438714653540732	5.7683848646651334	3.6094498238719015e-185
0.9514946599992999	9.336378909740823	0.0
29.920592703944383	-0.24810574072115799	3.986535919302375e-45
37.18229042333718	2.1658021952925886	6.932488482304753e-55
33.312314995434704	-4.359380876914809	0.9526504760028334
28.936889645677166	5.453393899738209	4.76716017646999e-167
4.837369251957242	6.545992421823385	3.701609977623371e-200
30.147187266730587	9.134544966506187	0.0
13.54336332120576	4.100397792841608	-8.132888478673353e-64
5.225299575097769	3.928059301264451	-3.78821633002078e-43
14.049928091486143	9.227426462164686	0.0
20.749359700360912	3.5828976851300425	-1.2967122827006069e-51
13.66826394142873	4.301312650484707	-2.2956536053333384e-74
7.6040927590042395	6.067313499561518	1.6334985701362797e-173
30.32054990842079	-1.4497873930518494	8.94680510808114e-10
30.661486792646528	6.686057675514185	6.689416441417034e-245
10.768751662340987	-4.180044461984803	0.9921008737471585
24.004259233997434	3.190400345397535	-7.785103900648058e-44
34.654640959027006	4.380485142765732	-5.491576214929746e-110
31.51981973830066	-3.567358923015618	0.7643251384969638
37.49495494417563	8.728932809405602	0.0
29.853018692091627	3.4104780865918336	-4.44368821202386e-59
5.934143575694713	1.9476686129678278	5.919130592102835e-10
7.031917270919975	-3.9652393600770246	0.9926827410442789
30.962420589468586	-5.665636108203586	0.9979301838980877
30.0966459744921	2.48169522516201	1.034255540137752e-45
25.66896162049602	-0.6384001240376556	4.884202134507562e-26
20.51428057957363	-4.873516309280674	0.9943794636543765
18.93730977056227	3.5905423614646708	1.916800240824421e-49
17.21474460554333	-3.052068262477377	0.7726909181405669
20.61607876810255	0.27499104075988967	-7.332702955022878e-32
2.4275275430076593	8.469416505904999	7.0555413197e-313
22.749669356949493	-1.1866227331434516	9.776410571924718e-10
10.783361629944007	-1.2259127328853623	0.0028042104521321916
3.961128863887874	-3.9843828030703428	0.9972157383304153
8.377761312904891	-1.5281821413616505	0.10525246602094748
8.082230309444185	8.028295731321155	-8.632533779627363e-295
38.9822792603432	6.8651002860003665	-6.642741381396082e-269
22.90097583303706	4.32035302318738	-9.701097097913201e-91
31.09914511368067	-1.2657018432740479	9.98962480790698e-13
0.33898209386931233	0.13149706183533993	0.9449549681067184
1.4100219156178546	-2.308922339225436	0.9881660967452152
1.8199422059904826	-1.6266938045526267	0.8965100123419032
32.43384950812441	-3.84592896426782	0.8607743542262523
16.841399937780167	0.6978537397273534	5.841029480719968e-25
20.267441455930882	-3.146511148959572	0.74662957748663
