0.5275733228179261	3.058076038550702	-1.5243747657793559e-56
25.087001936667267	-5.561478228561089	0.9982941148871193
39.31516133190029	-5.413491024096295	0.9940558549212896
7.910704116874272	2.720151093800162	1.1478957014027575e-48
2.1014921335482724	5.658196665187742	-1.9564505310498154e-218
32.5543522042343	8.687845888330799	0.0
24.90373724015228	1.6878403776515647	-2.7061751526427393e-41
38.19130145076285	4.956115272451704	3.11424856879308e-227
4.934376850215526	4.619861996648595	-3.779051006193712e-158
20.79541717623369	4.686764701961486	-2.954404887106791e-185
25.702935209915864	2.6310076563444404	5.180954348391478e-71
26.88752598298206	2.1699905815355507	-5.284724426199739e-54
19.295016786263393	7.369170052468569	0.0
31.00222974205018	1.264521871978431	-2.1529878264921979e-47
26.606359297162243	7.9793548834090515	0.0
0.7714566862391443	0.15993477220072805	0.05573353210645159
25.40025432469288	5.765476540860451	-1.3273123429238768e-259
8.03777841248237	5.204652039549856	-7.550450352634967e-198
31.6338921545989	8.201775052912502	0.0
24.71720980257341	-2.7315848095590347	0.3634999960676138
10.380508827239298	3.99601001276757	-2.4424057495019536e-128
25.39829447778891	7.058728390901408	0.0
20.330703373105624	9.547042212000182	0.0
17.13356828256628	-2.173876631179322	0.31099377396838596
12.690186738522076	7.936579233994252	0.0
0.43675256918336314	8.411859611912806	0.0
37.114504136222074	2.553172335421845	-2.4202196272791347e-83
29.337157363704435	-3.5720977826352893	0.7970002468293651
9.330777743179393	7.965126402871778	0.0
37.17423781567939	3.671251177241512	-3.063343678143327e-146
14.629856824940576	-5.062650868980331	0.9979952333843033
13.364055246449542	3.728670740942139	-2.8620221497377454e-116
3.9636411737545374	1.5285343217357976	-8.332378822325713e-10
4.862085995966688	-3.505025959431542	0.9871907581607589
3.22166211362071	-5.676774034383481	0.9999274253160685
12.602087380523775	-3.8569029943927795	0.9798820490628828
38.592385311650204	-1.3927696468891106	9.174390261919644e-6
23.094717858229338	-4.086703755001373	0.9582306362505959
37.89196704526922	0.5131565560555629	1.0375007749618813e-17
9.551993859326627	2.1571936074129106	1.2696663414868638e-28
35.19304708996066	-5.579303645272692	0.9967431605671362
23.000892547463586	8.202013339232579	0.0
11.552147392957492	-1.1796837665521558	0.31701750312593074
37.89932075513478	9.230992185232228	0.0
27.43575974629467	3.348895851095783	-2.1404262543574862e-113
21.787339260478067	-3.7233613666024468	0.9163224037334916
5.46881679585675	2.054692132336001	-3.3617320747291736e-20
28.16222439568625	7.993575894783401	0.0
32.12536675448364	-3.976046043123201	0.8970534700063928
0.7956834969866298	-1.7963184974690947	0.9489609766740776
18.342015657163113	-2.5052003966579584	0.42735787836417577
4.46244619387812	-5.736303881961607	0.9999223952722015
24.832047439244462	9.622388766060098	0.0
35.455967250194355	-0.9184958399696548	1.1196923230836874e-5
1.6235886107025246	-5.660681210766821	0.9999721992509135
2.869515416334698	-4.3323377725115115	0.9985938793938511
35.032876194259515	-4.098005829481746	0.9069965964324785
32.25543822181818	5.390718452798552	-1.1872940836360442e-245
31.30946567206179	-3.2592057633063405	0.593001336208246
39.11159453711437	7.243302948635069	0.0
1.5424244581736053	-0.8830812375300638	0.4405351702775221
28.583860826581653	6.525423287291229	1.337098519582104e-309
38.37264989403579	9.060239124588943	0.0
22.64949002279015	3.162480496612975	-1.3937990571307872e-94
26.60909886129973	9.502443846213662	0.0
6.7519634148288254	2.295299242026662	-7.391718193024162e-30
10.790816522386821	9.290937956362693	0.0
30.48809945585129	7.663901012611845	0.0
9.485970118281925	-2.2905378153698237	0.8566888408755691
27.439304696753613	8.866059850228638	0.0
14.259151456274319	-3.4970997115809155	0.9354097506153712
10.569384500665755	7.6429775043696075	0.0
8.99528830121824	-2.8474985656710317	0.9549265623571059
33.97377230206927	5.5143159167572655	-8.286939402707769e-254
31.261105817834963	-5.680998697193271	0.9979591346873499
4.43571784423489	3.704796856218806	-6.0470913378885445e-102
8.696781532565469	-2.287704663769688	0.8894092411872458
13.968556725428686	5.059552148589908	-9.799619745379308e-199
4.383759029444805	-1.8373085755356193	0.715751910133572
20.400171061947415	8.937668306725456	0.0
8.665300102066453	-2.9484393653105947	0.9667210166153706
27.942929995496208	7.90486994298324	0.0
8.44733342205966	8.280628390545619	0.0
18.654528940989337	-3.63917388936148	0.9217302236823242
3.8183737732539043	2.2770632984944896	1.2094100225964371e-26
2.1204557984434107	1.628913740641714	3.409825764233343e-8
12.72627634419143	-4.3197855456381085	0.9927067119588678
33.62754656609878	3.1942490281460536	-1.5593972595242752e-112
1.3538240740675946	-4.175298556908629	0.9993852824816346
28.502950428026743	7.173575454339392	0.0
28.386537180404023	3.3998111254651953	4.245174619797956e-117
7.725763701648838	2.969289972852639	-3.7868384565455966e-62
29.585086273959316	7.458293419286679	0.0
33.03534958700582	-5.839013008331161	0.9984180231670857
16.85621736363593	-4.297158083765172	0.98461225837646
26.21829877016718	-5.86060253329563	0.9990584724521748
28.647433944854907	4.584946954658474	-4.0431853367012904e-190
33.677885535721806	4.133064060385216	-6.36831810688901e-171
21.559420146177224	-4.505630636176367	0.9858142693072401
1.8355352750980825	3.49635690366652	3.606910806414073e-87
12.431735100791123	3.878345959263367	-2.6844740289418384e-124
5.311108523678137	-4.967506404577044	0.9995587652007014
21.625663589895517	7.83320685397074	0.0
20.961231267424566	-1.9074814320694387	0.05399225359535091
1.2368686874202253	7.661335217843526	0.0
19.8963766685037	4.322446303777472	-1.8495471427618055e-161
13.895799651044495	0.22943368373597295	0.001427513651973761
18.97881371782992	-3.7489083410069775	0.936779520647958
19.800538988191136	7.89148635692483	0.0
38.90866826322597	5.412281020448205	-2.2974239191891836e-255
21.904753297463003	-4.2792391448820695	0.9755558386358852
4.491185633688432	-3.212321198384366	0.9754444470954026
25.727097781921962	-2.6757368997560818	0.2923776342251635
21.156340144789443	3.2713562694136513	-8.427796978790236e-100
18.036950164782144	-1.365674640941748	0.09173035885030241
26.30786188658059	-4.2008499551480085	0.9577501258879457
26.625982977030365	1.0536018019792692	7.070923482002658e-30
0.7198892768865899	-1.2668490533810832	0.8685335983198098
19.375411923565242	6.2417458915872785	-9.890134072959767e-281
33.836658937797935	9.007785620189598	0.0
18.435803802524635	4.714835399644912	9.015194150325652e-185
9.733638039509874	8.99248685327699	0.0
18.76420779224855	8.43236032734935	0.0
13.9919811236001	2.456082730455261	-5.30008353809799e-46
3.910461968740749	-0.14290630586243935	0.09931869255129303
13.070119152878021	0.5623853014902274	9.928140293542438e-6
22.606829856540646	-2.3111608043469154	0.13994139688103807
12.06382605972504	9.950760034462842	0.0
3.386954525172196	8.801374551020466	0.0
22.105119447045084	-1.9769406842376291	0.04127118227309015
13.108596498625847	6.1515753235489505	-4.4634896733167866e-263
5.9736740078030595	-2.655556845334715	0.9335345400440295
8.73081514834374	-2.395493425765519	0.9059949756319519
36.31069238986148	1.568803445789964	1.795849520946849e-56
1.2741904786792984	2.2181683079725936	5.905770917338058e-19
7.746109814541649	3.9238222247287418	-1.8264535223372764e-120
4.0943032953372045	-1.6077553765126744	0.6325620536438232
8.757321785462043	8.19003266968209	0.0
33.4775513118454	9.463757832601377	0.0
34.33732944552852	6.50135973284598	3.39211773e-315
29.388919089052155	-4.206262112138912	0.9477670955086722
17.146951935750316	2.313721238518415	-1.961790960330375e-45
34.722971369425395	4.971927944200335	2.064716123419534e-222
26.546272985724524	8.548006237858157	0.0
11.39930352352135	2.893046087788857	-9.922970903868605e-65
21.842833755646858	7.340945384800115	0.0
9.728166069825427	9.434208655939717	0.0
17.461138583259476	5.537768631377201	-3.5746218092401877e-233
23.472097212165043	0.22693547134856118	4.992617350701466e-7
14.46069143821774	0.313446159269386	0.0004389121930604478
34.435664556721626	9.116488353999703	0.0
21.853464764028438	5.592367656847273	3.347563259917405e-242
16.41519275343655	2.512822169970807	1.268565175079162e-52
10.973326754305385	-1.0822645023003723	0.3404119184398591
18.224843968973936	-0.5276874887013747	0.019892947113564704
19.739188678662295	4.494194749783517	2.5774524832108078e-172
22.6153670257754	3.4164229788909317	9.378305439942042e-111
16.420363958605492	2.0933607827162355	-1.2158696494484224e-37
33.47245474703831	-5.475288384158723	0.9962531890574587
30.416877670219947	-1.4929316660660632	0.0006182355481109924
26.12844284097275	-3.4176481755917862	0.7764319685343823
22.178512213947805	-4.6846539739408435	0.9900684911614983
5.207034848159804	6.258526515550546	-1.8218246095311915e-259
1.6343838837895344	1.5730925851589141	-8.263435653828567e-7
25.895456116384914	2.6040981917090136	-7.690978900604271e-70
0.620180098228095	4.398903105203768	9.901433103376779e-141
37.39370264560893	0.2754831520272063	1.176822455283668e-12
2.2532407999577453	6.567936680334238	2.0187884946877336e-274
15.583645533935783	7.134349376174725	0.0
34.71823487133235	-2.1253724646831103	0.002798326602388305
15.211510212844969	-4.842818647656966	0.9963652158622485
3.548608164967838	6.384199364880697	2.232819080530927e-264
36.03129076714263	8.926537645020076	0.0
36.72025885346257	5.032206932772944	-5.448878680240052e-230
30.913857089535387	3.4877026402103937	2.1444182680121084e-127
13.22887526024131	2.8451249769457583	-1.8357587319599357e-62
21.780182221413135	0.5804830349756323	1.4563857711460598e-10
24.858966772579546	-0.7609084850011456	0.0007278741645305159
26.785589355732366	1.354150681499796	2.3552656786304004e-41
31.256688368271416	-3.160518231051732	0.5232371213021781
9.919880158236866	5.931684808032255	-3.072305306401528e-246
20.33891815329007	0.5443173364150198	3.990844578459843e-9
17.999890521086076	1.3736669086723303	6.885665391333451e-29
31.755242871411085	-0.4266491977349922	9.469396377969701e-6
34.036013186447576	7.2805874944093425	0.0
8.601274053597146	3.5622356522207568	-5.57695662338007e-102
17.21907636667261	-5.609311054003914	0.9992136219290055
1.7596606901722356	2.511249452446364	-1.2318900436708341e-31
24.22183100067607	3.3826367420566044	1.8806664167808867e-111
12.700389335279834	0.5366301934077491	2.056188145105763e-5
23.974653201765438	-2.241643607321123	0.0806664961776336
18.985081747756652	8.897019772077371	0.0
30.89756922895967	7.845730883795902	0.0
11.308244444463222	-1.4687822361173914	0.4225686236836623
32.70500636213874	-5.0815515046312605	0.9911625965377022
16.45976180728444	0.07066211878516881	0.0024960508968399683
33.74597252756504	4.735116651355995	-5.8404678551581785e-208
37.131438092432546	-5.192470310100564	0.9911950876874801
11.848267069750758	-4.061566307531571	0.9899378639705171
25.844491230670613	4.680398424123695	-2.436987284340496e-192
