6.5967722893909295	0.4883899231144575	9.590775312758749e-9
31.544677230372677	6.461012867828664	5.226751360868832e-293
33.7458309127323	-1.1519577814080186	1.4283079273509323e-7
30.681061165246557	8.632702985249399	0.0
30.0280079840265	-3.351868806468456	0.6724957399668127
24.169387160990194	5.075806183651171	-1.1702858557825567e-199
11.388599838528867	0.44397773696508125	4.5144020127425387e-13
15.855905592196208	0.7706901465618756	-2.564264187778161e-24
11.138893178661691	-2.7477704305870425	0.8387135291705017
38.341643278508606	2.191410839956884	-1.6717731225716915e-64
23.93812994836792	9.731630223098595	0.0
16.285398787832772	7.546019883573642	0.0
18.65969004653008	-3.3511904439639473	0.8594703675647469
34.65377804885524	5.757258332864517	-7.971429143046594e-255
27.312445075215283	-2.283825425438799	0.03384659488940562
19.18888920213536	0.7056598853193314	-1.0562243586560124e-28
30.461629812635728	9.582013629785116	0.0
21.736487564672043	-5.953993498154908	0.9994762865873634
7.498049500464992	6.416396449765003	-8.14347009794642e-256
17.28978460043564	5.424250605129618	8.804830556160408e-210
16.10338620164119	-2.8196076877259024	0.6975495587747523
3.760485937923714	-5.1240394532672155	0.9999029530755047
27.778449848420895	2.680989064215808	-1.5929820766004926e-65
0.5569663785657424	-0.9473141538311722	0.9148171320428335
0.7729508281218054	-0.7491705265342112	0.7465303444100108
11.650195467681764	8.62677113701849	0.0
11.85760023758101	-1.7565724402277993	0.30625975765274394
4.823419188194935	3.6810104882903225	-2.884269638652855e-85
11.1046634554728	9.067736414794965	0.0
12.309900227107905	-1.8396431851197086	0.3107818346252502
38.2254558273533	8.25588845433903	0.0
37.94412049997787	9.709552795681155	0.0
15.499483052536897	-4.8796775624152495	0.9969434062702863
23.857496377601763	3.0786781483734025	-5.429787622218831e-78
35.1498616960344	6.183585177690098	1.1888283483504307e-281
31.608053826308826	6.3996127176221655	-4.909317880132558e-289
10.439281743068946	-3.607154366979202	0.9785467407221744
12.737559575796654	4.618639506203348	-7.131858318143759e-154
18.90101918585497	6.713308307804834	1.4179849367526705e-290
34.61142498125301	-4.479227824178821	0.9610573917617199
11.684195654260018	3.305999888019578	1.0819150558379883e-72
22.642291408711706	-4.086495876818372	0.9590168128602539
5.168785187501435	5.7853996624469985	6.357095844857393e-214
9.548689531855095	7.203972946072767	-3.5443519290351475e-307
4.432053640774865	-2.087332206774132	0.9086291313675761
6.5543317988048875	0.6263378767884511	-1.691718954344567e-11
29.72949808809118	3.749484366891629	-4.8470366106354544e-126
23.69122188283276	-1.3905876322303001	0.0005158020911113125
21.310684782908258	8.450846469387212	0.0
17.288794355911225	5.0338768084162275	6.968290387448971e-187
28.707608586289982	-1.9308248844829627	0.0011210127160225319
30.177754638699522	-1.955010175202304	0.0007111076212213944
10.425265659669764	-5.412315287831781	0.9996575306724879
19.231945642001115	7.436379326889984	0.0
28.85505193543248	0.38289464528066475	5.516969070412697e-33
37.82110113109202	2.401587266782869	-5.604839111490924e-70
23.382731833424934	-3.7118878837507197	0.8998998498730792
3.013413483428535	8.798569334351711	0.0
7.361403722125892	0.9937691827100288	-1.7638949587200563e-12
13.244929858006287	0.2756430120561042	3.408208007698283e-11
26.955043642782016	1.5847766055214727	5.6434124905508477e-42
21.634590246077224	-5.845840733186829	0.9993343627700255
36.18604014993415	7.600854637201493	0.0
6.914244430050251	-0.6224660671862985	0.14878943022646512
11.397023390501818	9.821199876253171	0.0
21.999147838236958	0.9025524295333085	8.156036492041815e-33
17.32347192870992	9.622834920565463	0.0
7.5803569090875635	-4.536284387962343	0.9989905801349408
29.676430673002155	2.5463482117861673	7.817854393544055e-63
22.60372481443599	-4.060092693222511	0.9566540282188296
0.6339508693324576	6.890857763381064	4.631598909398114e-276
18.960630896292766	2.928508307048517	-7.186571190960435e-64
26.196907442396803	9.81660517614781	0.0
25.4413972587401	1.7945533196730423	-3.635375972076679e-41
37.484759420261085	0.6860651080549793	-4.3943723211041634e-55
18.704030826098755	-1.8731268479957137	0.05188287561095096
34.4993401067918	-4.003346071455649	0.8887653287728992
20.2436963046154	6.5848675851480785	-8.69170007101678e-286
14.475970281231996	4.818576206409567	-8.920362187254735e-169
30.145199274692462	-1.6736600890147635	6.139296430472315e-5
28.784799751734074	9.527908905450875	0.0
2.086330894202714	-2.969868594721767	0.9925155008202159
17.405469624475693	9.601320917862079	0.0
16.04958796921375	7.523502442237422	0.0
5.393182954084632	1.6182102191472687	3.969938171505224e-12
12.690193367829334	-4.362715395438848	0.9936977871181771
31.213253953736185	-2.6537806269342887	0.128262800614329
3.2081008531054707	-5.63626117338783	0.9999769839183724
20.06044412663436	2.063995030645014	-5.6699789387205956e-36
19.266644404648243	5.718041616560335	-8.087203202613161e-231
32.78776260017276	-1.1940588367129124	3.972593107845801e-7
38.685812459533935	7.071518272875835	0.0
5.667010971003045	-5.673080428068147	0.9999629970303303
36.869510593292944	-3.9780580243834187	0.8669417263575055
31.213551931946004	9.146795423717286	0.0
20.5438606481734	4.644321987343808	-2.915305916175676e-167
35.8545201217599	-5.856639263173843	0.9982131843077008
16.42244186836337	7.8038543568213505	0.0
2.3865264598664715	-4.008170116653773	0.9992011718583457
4.398783196196939	-4.2049460993755226	0.9992186942304603
18.83607659719226	-2.565122196696116	0.418394228447275
9.156836195819517	-4.409564630466058	0.9976569656857844
5.301643805189392	-4.36986377674506	0.9993694239699428
35.98964869964143	-4.809977428432866	0.9801410020519662
31.397462789652806	6.468781819602903	4.860459229585281e-295
11.90659713717451	-5.090328884235046	0.9989841936206137
15.149631183482489	-0.5492216741786642	0.000722703492755884
24.680537289210022	-5.545624381159268	0.9982686904459446
15.877802746464381	-5.725769964868331	0.9995366969112254
29.03113706074191	2.77891372028569	-8.712135007520362e-71
14.262187412996843	1.9197348845316924	-3.669365096624511e-26
30.800648552341464	1.4997246000829207	1.1429784643798174e-46
37.37768061742103	-3.678467306004727	0.7466786805152373
37.39723350609054	6.45426759192458	-1.866927154284123e-302
17.17385884901107	-5.567938776298433	0.9992160784402386
36.55446202728185	4.402942995408097	8.477738694318894e-176
19.854112509763027	6.979729674545389	5.227468536049111e-308
6.0541644691319005	-0.3099586681129871	0.05886039666964041
18.325777136885304	0.7944690598569437	-1.4253920326570376e-27
27.64812609183962	-5.3835546699487224	0.9968448203330497
22.924996682392386	1.5927644021275995	4.7820800059989095e-36
10.906925172686977	-4.0387596749664105	0.9909864948171478
15.654164269173716	-4.107747612821974	0.981642780201039
28.49685376951168	4.856037344540198	-4.580819268333577e-191
33.77921239912496	0.11115546192745285	4.125581618277405e-25
12.187838300634505	-4.333163961326722	0.9937654132150676
30.54057775715241	-2.0021041958112455	0.0009675970882116955
7.965835867513115	-5.738770097225213	0.9999305614286373
28.190673930102257	-1.774439464396984	0.00039006823857340765
39.720383518264924	7.922981600530182	0.0
35.87799369204668	9.82048160275745	0.0
13.712025937552152	0.48411989628182184	2.0792272725635655e-17
34.31312738262927	2.907093040128423	-7.170710214043149e-84
23.393542940950216	3.225353551544714	2.58271575678553e-86
24.014194423550297	-0.6352321309392615	1.4553996933263604e-6
8.227825225724732	8.079558657089272	0.0
1.5532167282817335	3.9009968806278152	8.907519082291468e-95
16.45539496368264	1.5298181579258952	2.605472946918335e-26
15.541066476099143	7.205248136301982	7.66914515e-316
15.659554084322851	-5.108631522118056	0.9981453550514726
19.81876053467871	0.13864359086569422	5.945328262079294e-14
19.450423357395763	6.740017896713102	-4.310364632465714e-293
11.665483525657528	9.84613557056846	0.0
32.47879774747321	-4.99965010850444	0.989499363463708
22.92974286753315	1.1511910289530434	9.964672665971412e-35
2.698055601929964	-1.018449992040587	0.4926490658861036
1.402236360802906	-5.318873127242998	0.9999810313257108
8.933327301395039	8.243519390149043	0.0
9.21386538466689	3.5662182663833875	1.1493834074181788e-85
24.78727845407703	-2.840588208764462	0.42667712251654977
28.788453074274802	4.305953116050205	-3.435837197202048e-159
35.335669352180076	-2.5811816577210784	0.04421247293723889
26.3203181226193	-3.4512162151556574	0.7844386786520645
22.9583674285169	-3.720642286569401	0.9052844180797907
36.14710833159061	1.311734288400423	-4.416397773522577e-54
17.570481635558224	5.195753356894912	1.069749307375207e-195
35.600245100267266	2.2727310184165077	1.8135705621531583e-62
18.17036386128841	-3.895740335438834	0.9596135615215418
10.045897346148285	7.439302165476015	2.0e-323
35.181287186909444	5.415619259276653	-1.0896053785366645e-236
24.04000232799531	8.06552649114942	0.0
14.97837736555959	1.1824710791206101	6.575419727402751e-24
18.587647909586757	-1.4522081617608826	0.011177373208840649
16.280201060768068	8.6163293112396	0.0
3.18121931531773	-0.5171851781157635	0.18599126662191
9.622476858494752	3.4869888195398495	-9.232489040160566e-81
38.04601863139066	-5.018287455135571	0.986218936560352
23.442539152644336	2.2947081873288937	3.720894380543266e-46
19.34215868304459	9.450341639856173	0.0
11.778737922670036	7.281003050663255	-3.68316301e-315
32.944740181767884	8.029477698757525	0.0
14.656942397930573	8.511687094583742	0.0
19.217275947148867	7.112078433560239	-1.634526674e-315
20.286344816300677	-4.010611625449446	0.9609822605974658
18.475342187906698	1.8314920584540566	-4.4225127044318455e-31
17.768170855140816	5.754910672673809	9.680198115968771e-231
24.756413532458126	5.367852888421414	-6.715532177866976e-218
13.624658120941255	7.536457051908336	0.0
32.78011238121102	6.231849703753035	9.393144374217969e-282
14.192549707970842	-5.927653146786206	0.9997729061530511
15.673039622098726	-4.554511955933112	0.9933635446692224
25.489906511882975	6.732878515064897	4.028593143691878e-302
21.90104532285826	3.645810873531037	-5.3174803780428075e-108
36.66864551021625	4.5735272672878615	1.9676263672675155e-185
17.74244461635148	8.106320550834752	0.0
31.45470906308278	1.2640048739491299	2.8589693148524337e-47
33.57334499502172	-1.0940649602492378	9.894718525769965e-8
32.3130306262734	7.9021614849272765	0.0
33.06833797543249	9.531675221626951	0.0
9.415473082440135	-2.6738336139635486	0.8763570818133836
26.0600828362358	6.186004219313972	-1.2708722655143022e-268
19.50646648707753	9.320475028946	0.0
24.71534923411082	4.5601418651317545	-1.680440361372934e-167
7.7971089874203106	-2.4217978594278797	0.8862806759386884
12.124744258274806	-1.536602448078579	0.1951517272354438
30.745638914066376	-4.979494303684422	0.9901399804162713
38.575137050272645	-2.3142186784698815	0.0015574092143935362
20.32876037838427	7.433781606902361	0.0
5.446735766587315	0.6579332493373045	-1.7148454698272946e-9
29.1523496040499	0.302939456277894	5.367735817520633e-29
