20.881297493319686	3.508946117626561	0.8467551874256057
25.981300650042623	3.8928892527542907	0.7246902264087782
1.5974271542009872	0.34816296523365864	0.9797659371997851
33.87870165422995	2.7550874740427354	0.5402150751020555
16.554480229147998	-3.841461396129553	0.9842394577848981
10.194509456631065	3.2153263593982757	0.9501154650271536
19.557634209174743	8.158833030576702	0.8867295863585022
34.98645257914243	3.592565214056581	0.48092240793895913
27.296155841651572	6.454914221691471	0.7083646342733629
39.56662484014907	-2.7130036847799985	0.30014750151828606
3.7699225776471765	-0.7478578256522574	0.9609501536985939
8.693410600725862	-1.329035085042623	0.9473110052429281
2.521030390664969	4.538012246497242	0.9707184976266183
14.047220640835144	-1.3506847592222577	0.9602470275430851
32.13527093834411	1.6418023357301692	0.6147586158088265
0.9750661889765122	1.831195592907342	0.9865926216156142
13.827320221452446	-4.933976158953044	0.9986091163525496
16.807341199669136	5.586022236312704	0.9452161243830131
14.122830414128904	3.5669836585419574	0.9602566241858106
17.24927443431713	-2.777191080001291	0.9437453947680674
35.30564781498346	-3.884320244392317	0.8671686785813781
3.3551175914403895	4.1164087929685955	0.9638863678238851
25.236103001685738	-1.4666500354993843	0.7360511786455122
16.34632849465729	3.0967228641759696	0.9504589355791252
13.346778277467754	-3.8210036110845955	0.985988720109039
18.34653062779637	2.965210327132038	0.9179403539757043
1.4297087462956375	0.5003371656688884	0.9815795943815927
4.36569365989926	9.420913667579686	0.9572464951653784
5.854591140703702	7.235345437954223	0.9505300209828453
8.441588927766208	-3.1380588381014505	0.959762177930964
30.602328225711588	8.782217537119173	0.6587411318296487
34.35881287856645	-2.755475920231312	0.5401344302527815
6.758532082410291	-2.352273354572336	0.9485339913645846
36.1920822879416	-4.2051613363778735	0.9275253729853724
26.38065862317992	-3.164915137644787	0.7761778506997119
21.61699029249004	-3.5508546482698087	0.9190155168254838
13.405188994777115	8.327347066509962	0.9595816288324338
32.05030903397823	9.934753616133424	0.6177103209081415
5.484032048402405	7.583341318593742	0.9518693433876101
26.181118921214395	-5.004739436622053	0.9923848813347755
38.30554029575184	2.2141334212549673	0.30309165238212094
24.68630795670547	8.136701345408046	0.7458480986794492
5.105364059781146	9.725585515741166	0.9534639521781075
2.7501578647812455	2.243370662964878	0.9687156195634206
10.194212232471914	1.3238873616934796	0.9501146727900073
29.15103217564564	8.702372061043544	0.6853812442025762
7.276691856000261	-2.702725138046077	0.9505448030221392
18.48012167604148	3.0598271034405897	0.9148746740789239
16.602647993830104	4.874437060850852	0.9477048365018913
20.896530098988123	-2.459696752402241	0.8484402029705049
4.692341632172706	8.834609633632134	0.9554662200374275
32.30845587142232	0.744976817459353	0.6085439829330579
6.2927654663721775	0.2007771824295368	0.9492263581691416
38.59131084024779	3.5418851771547075	0.2914099350938847
33.8734383227786	5.470253398325376	0.5404781371783401
10.607224782981335	2.9307073356538815	0.9512848190911151
19.44561853744327	6.59207026805333	0.8899015079473042
15.271341465435302	1.7544479520633516	0.9579938316245522
1.8831466629295683	-1.9603137515497764	0.9789013561621331
30.256751631939142	5.056168444932812	0.6661964223992364
2.980386029964682	0.3452477914347867	0.9667996538408746
2.368348418468134	8.77723324745391	0.9721072417139981
5.8009267560993	0.955637242151095	0.9507105018935406
27.756181748943284	-0.9904100880867155	0.7031028889762382
32.23012472021166	-0.7735232915224763	0.6113878275308852
1.9453673725693217	-3.2482553196247537	0.9969778092263573
24.665018748428576	-0.28633524185809023	0.7462538916150983
31.705045778912723	0.2313570954676294	0.6290573204318963
30.715139393052834	8.932113920882973	0.6561304117477997
1.9963735956689204	3.9735548093907447	0.975678798993279
39.37710507323199	-3.2465180961900018	0.5294220016288391
3.9623440990906347	4.989111197768491	0.9596885916565108
34.8779427519448	2.71717953298176	0.4870156003813442
17.790735285096158	7.276504296706186	0.9295327081564239
23.983556184229094	0.3200083083201868	0.7603238163591145
15.182068512133855	-0.2354615726921594	0.9583581453218171
9.16121692580708	8.316640154009768	0.9478999366221651
24.080009991389698	4.496656510764009	0.7582043206506183
22.925033948530043	9.866765503249127	0.7862752635627762
26.700570215845215	5.640883510155106	0.715360019191292
1.651622774281876	8.899535593383572	0.9791973411751425
30.76039338744325	9.480517333298629	0.6550575843410068
34.52688976405136	5.383205297668493	0.5063673104124087
36.21029305602234	9.861928096579877	0.4106109517359682
19.464587538691514	8.373889886937523	0.8893677553500096
4.741738314989075	-3.4030684674979064	0.9832124481837653
38.67948140066807	-3.3945358275489887	0.6258798803703887
8.399931368992835	-2.317601539645679	0.9473157633171011
20.98659873361197	0.9385192240888323	0.8434814002630225
11.144698607548062	-0.4358245274416106	0.9529705963527303
38.86517801818514	-1.9416121070717196	0.2810673144816016
32.49592158987037	-4.909288948640231	0.9870206282730023
29.5016344712726	1.822337299839976	0.6799669172372119
38.49626421079228	6.775141295792416	0.29519732428672085
31.68770221555839	3.9349417224519385	0.629600274880111
38.7632867969679	4.736232960744125	0.28480971629601287
28.02697609230817	6.113347989338397	0.6999602447240988
24.471885942018133	-0.9933083608178919	0.7500279554807759
5.683383872054262	0.5681658344773091	0.9511217206746891
25.303336070921183	-0.4578840304249887	0.7349399560830199
19.524614784629694	2.8436870369940443	0.887669532450902
37.71056408454526	6.047920148643247	0.3301211897114938
7.64570335440955	5.013844035499975	0.9470864987331826
11.278406859316963	4.3361589900487125	0.953408936955687
7.390133229633675	-5.827589861659611	0.9998141572107819
20.575965434385907	3.624109814157503	0.8562275156984067
1.1534612048354786	6.866430962399814	0.9846813461683481
10.476345808780309	-5.4664248751075775	0.9994827331446847
15.148014254144563	0.42935794664854043	0.9584876502680125
23.421602403853548	5.738771165885126	0.7735023896993449
9.116960053150642	7.595696867092432	0.9478321879780978
8.823991845592854	-1.645848400916325	0.9474467705535206
13.19722239489654	-0.08916556513356255	0.9591796803876994
4.955809523903949	6.343199014642845	0.9541571146827699
29.87726486178222	7.2427286440182534	0.6735141917759453
7.203937970964812	8.897802271395996	0.9474759928071362
37.91116742619781	9.716891357187247	0.32061855567184183
13.278008198843512	-3.5801215550709102	0.9797746589930412
28.452681382594808	6.023667575693064	0.694813577850678
33.99496265082428	-3.9450765902170133	0.8899051322033893
6.111277944995582	-1.4962513741276027	0.9497298092430572
34.68235982071957	4.4993169113338745	0.4978713172149682
3.278050959607007	-3.8313811117280245	0.9967099000295613
5.231212050674668	-4.234968592737303	0.9961428020588546
22.31639955942255	-2.8194772516166786	0.8205754369903601
37.32620658893706	5.464581694060634	0.349326636234215
19.87046188967379	-0.7169656417079153	0.8776384199058785
1.1283046551208744	-3.3592511315894953	0.9994932663837571
36.49912361288076	-2.4107966810247845	0.3982279595783869
34.74370511095636	9.639837192331484	0.49448529948535924
15.72943856008581	-4.552248085850174	0.9966456729178853
12.141786132728166	-5.452514478244542	0.9995135847243609
8.040132823393337	7.545861878669829	0.9469854733921944
23.638515961481684	2.7223735417173778	0.7682496397694308
36.09199996716346	5.037470348847275	0.4174035282266664
19.36722286680708	-5.788931398263411	0.9995675570763738
1.2744118053270586	0.8557748230970041	0.9833215629399448
11.132462626724871	-1.458340235471617	0.9529308107326768
0.4952240869241267	6.138521710441303	0.9916000420813454
10.17209644344687	-4.342372145441775	0.99367065400657
3.2258717791150575	8.82294745995046	0.9648627742483178
33.81945713052051	9.362942649060333	0.5431641705532391
24.710842542317565	8.14825422623072	0.7453829516578099
37.433222457903106	-0.937210225372322	0.34385553139006797
2.1305327207551716	-5.579906100071575	0.999980287284065
38.70838170947591	-4.780980582277145	0.9766260567555464
7.274793457582001	5.666983256074268	0.9473935787133394
4.497696814507337	-5.417953173297732	0.999806527912351
34.022439776094274	1.3890694185100863	0.5329528134952324
15.727945752443906	3.172424838423744	0.9555375674418553
18.78130559951152	-3.3624016934868592	0.9453230527509728
19.149148529276886	-1.6879908988924335	0.8980498355641684
18.141135587705183	-5.120711980408135	0.9985166961357993
2.9340539346010974	8.873649927640983	0.9671774714863534
13.904331170282761	0.5431098793912028	0.960185470213255
26.957562305510457	-4.974680766125779	0.99135550244872
36.90017386273675	3.8963321900301544	0.37193107574529916
34.39354853622512	8.489920825661287	0.5135483717183069
10.427578024925499	-5.283683681528871	0.9992143212750909
7.856015778081111	-3.6603448984185967	0.979138438656749
30.260461978836474	4.746083217748122	0.6661205400923339
31.007718665797825	7.423715114371699	0.6489278292486649
13.323033181101216	-4.74779943758271	0.9978266162953056
22.335433052314464	-0.6554554812977607	0.8026600233700435
39.390796136966024	7.214729593968961	0.2635213088905758
1.4237844554766328	-4.174753002621415	0.9998429509221787
19.239731081805022	7.413945624628404	0.8956000926002543
5.259404618546188	-3.685056196548171	0.9879236798740189
28.781950987479167	9.110564448230363	0.6905563051413564
24.528464433784844	4.600649468965742	0.7489049357100179
33.28867177679771	-2.6394659669357488	0.5785746381891735
9.274020218806957	0.07553974363209548	0.9480835326717482
31.182390127102305	8.909022233943528	0.644318101535462
37.550695774136884	-1.496900339341046	0.3379576874549533
20.669051700597574	1.5680964968240367	0.8533457187697419
12.370339644844092	3.8181869090310876	0.9569812169531283
0.21917405681178181	3.0560207091425085	0.99570837967142
7.040455579479231	4.745482645341767	0.9476954660478332
34.37121540666033	0.6740527454509682	0.5147408165326194
28.51380222440511	0.08394847303949149	0.6940447458511337
30.558358504536674	-2.535075783018435	0.6630079770003505
8.216248210495534	-3.646160125006894	0.9780661849325699
1.2032518576831395	7.781902018972577	0.9841244353469606
16.681997199195227	-2.025121204360044	0.9467800894370769
17.029309168571007	-1.228827367109183	0.9422198717353854
19.857654816812268	7.7064625194646155	0.8780166841516985
32.36308803952755	6.6354082119795095	0.606528413791018
5.921882518383531	1.297755410796654	0.9503101457146242
16.291203231418912	-2.763385936750165	0.954544575368696
27.22364069749788	3.7215455254920755	0.7091975748995086
23.677894304346612	4.7202542896918835	0.767318183224063
1.7755344960973556	7.293166682759001	0.9779122629852021
22.94919346869181	-5.196203660492131	0.9965926945500458
38.63442619195216	3.5229761280132514	0.28972454803680564
29.23110938814485	5.833446783343465	0.6841911551022845
4.265476104595302	4.607960992326074	0.9578279367001631
9.270917099515543	3.29093225776629	0.9480782829250664
24.969268034303347	1.7183470362749276	0.7406440449879949
27.55411693118653	3.290961759442684	0.7054161145620457
33.23779693851902	-3.797427905751885	0.8602693773530168
