11.340892199043699	-3.3553484708529453	0.9540718863482874
39.36805649812255	-4.118778958952976	0.8902971900360351
39.49081704554192	5.541645708951961	0.12489423737205048
6.505372203822659	-4.432208133734232	0.9946402571361808
22.496742362079075	3.7743745860329057	0.5487868688942977
22.181520471323022	9.191644823935277	0.5551519640130103
26.340938617942154	9.517485053034367	0.5171516825798328
34.72556904356177	-4.873186414512556	0.9846670763272843
39.7561195791253	-1.146254440321325	0.12454114898704718
37.06332676289976	6.073317171332455	0.13725422549051125
13.30749139907841	8.39209029410723	0.8960918930580014
17.885148166829847	-2.9953434821808536	0.873492736518651
16.50714672565855	-2.659978840385339	0.8837731327663155
1.767209160209212	-4.443230730487066	0.9997205110628589
2.155996160548838	-3.6258030747766874	0.9972267169087607
18.24748684995967	-1.8166508082117119	0.7322741222352609
23.51899426348901	8.437938564537696	0.5338382474530741
26.028394772677355	0.6106362873127225	0.5185890666341325
25.10991627021138	3.346926782555652	0.5224324368252663
30.71879895637357	0.8260740241180109	0.40960920611342344
38.32261487467428	4.537850794103708	0.12793360766296558
32.34700969019571	-3.5236534734796656	0.7780960530173051
12.642220238738664	0.823232503315662	0.8912624445404564
4.357707310900693	5.831158034400211	0.9121101622004038
3.2817152221543333	0.2987401314323819	0.9292081724611309
4.319856342175923	8.232353161272737	0.912716373327479
7.8014287188918905	2.6310909276798284	0.8706390768263047
19.127747871509946	8.08581339432914	0.6752229084994091
37.98137500511481	-2.6961841976084493	0.23219327587180932
5.179314524574688	0.0620107777897303	0.899331486277834
1.8386632798863278	6.714689727861	0.9468872152528874
17.279654465375533	-1.6402567459533373	0.7907280936862267
34.25799547070093	0.8743254761606529	0.21050323655681957
5.609837581655945	0.007634085336473362	0.8931164493096289
30.797854695481778	5.177235874899264	0.4054372802489972
37.306068566688154	-0.8174681717538377	0.134719127894216
9.73764814832248	-4.600144675945977	0.9951091775270597
18.724629557202608	5.510861335777847	0.6991304339761343
35.61576878802235	7.643238380670439	0.16331107392206226
21.69929369759562	9.07233880381559	0.5667892675867698
34.575046503436965	0.4137324696248186	0.19724495109748252
37.099748737877476	-1.689411856166327	0.1377150995415584
16.23042781017955	3.569479272988243	0.8464849564471866
26.193843521487818	-4.847878773349272	0.9893980876944058
16.824362529222594	6.389590606019379	0.8163584761872049
13.696672621538196	3.743002034571674	0.8973793055492554
26.636896777134424	-1.250461152761634	0.5155607173454785
22.607285777350878	-4.824069978121052	0.9910748879334895
24.79576120364685	-4.8440036049877655	0.9899030535835432
13.194884960998849	8.118132854628634	0.8954690897630961
29.68197573183046	2.6133830243238485	0.45691152852844186
39.03931003783204	7.98178702016536	0.12569966575041183
17.80511938305764	4.288557998107962	0.7570320883654129
10.231323887379483	-0.6475950108774917	0.8701838137536072
37.154228240934145	-2.683184440496472	0.23831800540108655
28.77309089106773	9.942431258309487	0.48580085876892354
1.4423207120839505	-0.05126200953412763	0.9487360512147467
14.281935621264505	-4.027236505930134	0.9906417006304618
32.522572509606775	7.644617609414794	0.3037011435395924
24.874696949219388	2.0195634989177513	0.5235566905741105
18.4505674170731	5.286435642859541	0.7160758058383756
37.63548659869703	2.4532655367949836	0.13190816716480994
34.46534301125555	4.952654212746886	0.2016772291433663
20.88465266798064	-5.907047363717442	0.9994121635707559
14.635043252902898	9.95830154824436	0.8925925948982235
9.322337836600688	3.8415973456837342	0.8670664763820359
8.475910619149488	-3.6592517078299913	0.9667041183052212
6.153339534398372	0.16878835505966805	0.8859637726395678
0.38612702197527116	-3.8902594940871715	0.9999501184049036
10.607252591594914	-4.443475676485484	0.9935523067550452
25.777292698197748	3.0345359940227645	0.5196375689572398
8.621604389519398	4.765050060676529	0.8673455115313794
31.03483272422727	-2.27466986138775	0.42196252967609
32.60644883839961	7.6710979361017415	0.2986386540852267
36.44235900323319	7.595006376517336	0.14588839788860386
24.260980263600146	5.122676188046292	0.5272279685129414
5.279884594850418	-4.862355962830975	0.9986084448089785
33.72520254619282	-1.9755552746893272	0.24322359144617625
12.077206881960457	1.3924225905878842	0.8858323799630927
3.6226037263264814	9.007971859099051	0.9238924916710445
31.62519035677922	1.0649973967892485	0.35828804789605123
21.841969769612234	8.029803861693278	0.563093909294469
37.784174528976656	-0.6918494645420346	0.13085132024289006
0.2279397190628065	-2.2171011404870313	0.9991542787552686
32.595699703914754	-5.531057231752076	0.997080281918697
9.471545218580559	-1.4680968997405657	0.8674367251940027
19.61382246537021	9.130476974221846	0.6485353176819822
7.581368256086171	-0.7918838297987953	0.872046198477357
21.136149614594974	6.736781342626898	0.5835994181141385
10.093639603965014	2.4404618715004176	0.8694688059086979
12.683691512896958	8.7423447572226	0.8916292642053139
36.12119548479813	9.554175958559583	0.1517684687806557
21.527153169849786	7.275082771106511	0.5715435296823557
27.147777225102743	9.096800962963062	0.5118728397593567
23.450363091967017	1.4095298633418167	0.534606069862213
3.799524068394548	9.355596205141186	0.9210749790897795
32.25913466154971	2.86017243512887	0.3197345752723906
39.167258842036404	0.4603599732626833	0.12543732395546536
14.122201384847706	5.538845561492195	0.8968259241213057
8.82070791641715	8.911166307285168	0.8670253406935131
21.59779864408958	-5.916786031583275	0.9993560190221293
10.921951824224243	-4.854460374305926	0.997514846526414
16.921490867608853	-0.7591154019773896	0.8109069003568884
4.079230387796572	-3.7631128166585626	0.9910582750149378
16.918449733722568	8.682039925171015	0.8110784339008489
34.40634465531409	6.438367295840759	0.20412913066270957
0.21033913395932144	2.241566507821954	0.7894987869025555
22.996885334974124	-3.538520402698719	0.8631317476606162
37.64555651814151	9.878857348279709	0.1318326467231875
10.519921620822348	-0.09110646738493955	0.8719421687894752
11.200709904183714	3.9975400201061753	0.8773170637891752
1.6736014834780533	6.337477392645344	0.948181714653161
4.431904156570154	-1.4815109095218695	0.9110336738513704
21.391857079971075	8.982822849542092	0.5755140161105665
35.053366520283085	-1.5319196344615875	0.1801237038586179
33.618412125720056	6.11842727609644	0.24126301507816322
35.0286169152978	4.009900176551209	0.1806735824671082
27.484072745602646	-4.239033764208667	0.9574758281281638
4.973525300960998	6.170554025736283	0.9024396728135253
34.583235846481564	8.656915650099709	0.1969204675619437
3.369930908553364	7.1251424434793265	0.9278517287614115
17.471829105219207	-3.852107303555467	0.9742994409421156
21.283761538462336	-1.6614345803059791	0.5800462784172039
10.237776666191646	4.18137381084852	0.8702188693377307
35.272994366269906	-0.40726491785164853	0.17290231779718745
36.98453237666798	2.152440363792813	0.1381710816495091
21.828781324002456	4.300238243215016	0.5634263629882972
20.80797825274026	8.324928676537379	0.595130682686738
26.538283197558552	9.639297688393587	0.5161155022620793
13.947843609173368	-0.8388201631545797	0.8973385116275645
5.025100504992666	6.052326540668801	0.9016533863036797
19.50639236286928	7.974046682141196	0.6542067636144472
35.88613337842049	-3.9707493010562516	0.8781913566951607
17.296857257919335	-5.392372229880383	0.9992182376245262
20.303954120926438	-4.414105234197947	0.9841244544098399
26.82775877171409	-3.4865483406960784	0.8219739834385363
20.475520213083527	-0.4764394769226996	0.608183137093705
4.849078439855126	-4.900627814127503	0.9989368174443213
13.128035774242436	8.232576061513107	0.8950548359374608
33.05255880578047	-5.640029148652012	0.9976536238205479
19.022682170662627	2.9114599611507117	0.6813155821432322
16.084512018494358	8.368102134631197	0.8529084010482139
22.74813506327755	0.9970380715974265	0.5443519180107527
4.978400938230932	0.9536055281223064	0.9023651972493116
39.10178810077624	5.338049348783532	0.1255675248247884
14.932718083175699	0.6458656630495696	0.8879869733202316
18.27110209760036	3.4690002315660777	0.7273793423033243
17.543977322448075	3.3022149962006004	0.7735157929810538
19.034670775316293	-2.3578863241864703	0.718138373825138
4.008307018329284	-0.1428769112670878	0.9177240597549764
23.157690883478395	2.440373272807747	0.5382298351938613
36.81136065797248	0.4640844481018078	0.14035968754688816
20.294236402159907	-2.316746868211755	0.6501701794370007
23.672898231495477	9.123014895836231	0.5322219627500756
16.10656992658303	2.026069477122917	0.8519644857476295
17.176406231735196	5.546385234141098	0.7960395826574695
2.480616557841126	7.801006139316346	0.9404592194564023
30.68453857789376	2.5084314960418297	0.41139533904231756
28.931632180112043	-3.281446023613263	0.7424656032758753
21.466076953126546	-1.70941332511212	0.575036471587166
22.068935502314055	-2.799405025152492	0.6796092040318101
21.95812903392993	4.6937909738942665	0.5602445795068263
25.822876492400752	-5.606415617298644	0.998149253770048
5.900903830118699	3.4985034245030135	0.8891787135376162
22.005143550718017	-5.948262953341263	0.9993665493511338
35.13890639207942	1.0995750024561772	0.17706776199551957
23.882325938350146	9.094994754336568	0.5302417780104585
23.827509191477024	4.739304163998355	0.5307368506748921
19.939505446388313	-0.19718048635136398	0.6321889713104755
1.8680091062403354	-4.160281630283944	0.9993964711484857
32.30317737639128	2.063609027766816	0.3170444554956761
38.76653715145536	5.430678756973233	0.1263781967615326
24.133034331118896	0.9200836827724999	0.5281716085302771
12.658023965377634	3.4453689949665645	0.8914029969221676
16.011454538304697	9.60600922448872	0.8559647282691825
29.390039510124133	1.5732235598757782	0.4674908723158415
35.59511511940973	1.3609331688014343	0.16384710231828334
36.6728111599855	7.116272546884709	0.14229161115279398
7.520006442453221	9.312358265650492	0.8724754995927678
24.67426030329583	9.02425975587257	0.5246211216865463
4.473996916150574	-4.476526682006774	0.9976792543086396
2.729048814755297	3.474410866891624	0.9372208434712466
19.82004003459495	6.2865759789411335	0.6380335643238265
1.6833428863480733	7.823070927550191	0.9481131006702119
7.7464781575662505	-4.8322210947114534	0.9972701491147581
37.449203849548404	-0.7609476494274787	0.13341423769084199
6.57761624404954	-3.0465300394198316	0.9351641065360735
12.638478998801293	3.874904997045256	0.8912290947708363
6.670000825035998	-5.441239306661487	0.9994329691934851
27.633629285600062	9.830731886369552	0.5068105975056661
1.0895685271953326	3.3132741908252754	0.9469485050189138
23.02732577253861	0.16953204101922026	0.5400390883104159
37.31869110553193	-1.6706494867399577	0.13534092183610655
9.328359326070233	7.566955527743698	0.8670743436941196
38.616726545298796	-0.6689022968659799	0.12683371936782456
0.26683191321894467	-5.509352816269065	0.9999994058369381
18.758309081729905	-5.430520393917099	0.9989021247889124
31.93564161832535	6.115417569002467	0.33950427432519326
33.29310449112759	-1.6732270341280042	0.2598856801685509
17.964217987726943	9.371095611464991	0.7469022832353965
