0.4227529466640204	0.7291262722562273	0.9972643819750272
23.819392102431213	4.590570065931875	0.9760955726371832
39.67548858946196	0.8646289215143739	0.6506471839721256
37.94173890451175	-2.1981598828869124	0.6871011479411527
36.26189495387973	3.6971159552472805	0.7528740716185776
10.45137389764507	5.394019396629005	0.9946100419103845
12.438467319842143	-3.9132818925829866	0.9975064337730423
1.7367945593831788	-5.532124912144518	0.9999805314171025
24.649564792702716	-5.051367136295173	0.9944897912048195
15.124924945178888	2.4005698614804984	0.9984347526062469
12.883134148358506	4.107668748654017	0.9977166368665087
0.2888526737457306	-0.11056660493858317	0.9976077186937696
36.99587410057827	1.1947151809690908	0.721218236157758
32.530754850021665	3.528670809874665	0.900787381655179
6.36832492422087	5.1198756519413635	0.990085861163756
18.160987635389176	2.3261182564275877	0.9941611711346398
28.000785661232854	1.6612745403064295	0.9620416561009366
4.181138793399198	5.515969467696351	0.9906390758331909
28.34281361715656	-3.068916760578915	0.9602780795586832
15.981540158772095	3.3228696027650955	0.9978756726007074
29.824794886992585	2.0352033139090153	0.9488991795016912
25.69876164363834	4.078550682763506	0.9704200205228594
28.816570389282834	3.4145120490169276	0.9573584274630805
16.43049597148644	5.777754245568513	0.9973776290965896
5.374615874471776	4.720544653947297	0.9900029891926476
31.38961843533815	6.7536980514842	0.9266941574166602
12.738394852267529	-0.13069041539143456	0.9975806261680348
33.2421959773927	2.401287814548237	0.8795699463708152
8.263592130253432	6.437245450469387	0.991578724756465
27.829636290064833	-0.6610370477659977	0.9628515489034715
5.357616824253019	7.182000487862165	0.9900063339947922
2.7700898975960673	9.335395292142135	0.9924182280057936
1.4781101143985138	1.1780217843930672	0.9949252048714436
25.750731995913277	6.404353153987831	0.9702626786451178
10.325191845257656	5.559206605904379	0.9944226480357995
22.881226125327625	7.180667081887329	0.9791076797115975
16.185026846824773	-4.339805852530844	0.998470659751036
4.539112651064979	1.514292559430558	0.9903627002169477
38.78213133970089	-3.340774093107939	0.719162326442491
39.69303770349746	-2.7574251734094233	0.6511259460249732
24.90314139377835	5.893996028546464	0.972800248430054
30.288545150069165	-5.548886408157838	0.9971812393184857
38.25935350199607	0.20812314751139382	0.6778479322094695
7.8083456301940055	-2.7209341680726986	0.9910853594112419
5.234895026396197	5.36792401505544	0.9900353502171795
33.764838428798974	-5.980619101829138	0.9988088798285388
7.375451041873856	6.781935203849386	0.9906878727779037
30.188396932081414	0.9913084658342726	0.944869884530557
29.18966265862236	-1.722940959452881	0.9546363922803305
11.186327236492913	5.158145879971727	0.9956804123862001
31.0803847249278	8.788798738301455	0.9321715746296763
12.637025778609406	5.219133841940415	0.9974802486482257
37.64486764669941	-0.5969670666318727	0.6968015507738462
26.323322477118825	6.4576805862518505	0.9684873438404625
3.283902734495087	8.520789675232496	0.9916467753252404
25.530663609153137	1.9030657262120094	0.9709263136681519
32.17902745600655	0.8559837574333535	0.9097927163832601
23.333133041098563	-0.273967689672137	0.9776355031745988
26.499603976551107	-4.151689924576633	0.9733465991691574
33.32871262465122	5.070420363912632	0.8767095737937629
4.13662550855297	0.957461504929956	0.9906785310179579
35.903619338708346	-0.6816609753964222	0.769212990402965
20.098247702758094	9.762918141586752	0.9885501997651482
6.654878113041588	5.066795149010467	0.9902073216725528
10.955521863757733	3.652036121316854	0.9953502495300415
36.42446767505973	-4.1244886991980465	0.9211042976875446
12.687857676337948	5.449197229734057	0.9975310984356208
29.48696604808864	1.649535581367413	0.9521398168142163
32.39134849276866	4.959564874993955	0.904470901329321
25.169351593018938	5.521814233348152	0.972006273257365
38.0144925785109	-1.2982992582730475	0.6848773485686419
15.253995448713809	3.0657392024249006	0.9983827824762349
33.19386253174044	-4.724709982790078	0.9806432171695448
6.026168789669728	5.591663726757851	0.9899966506412212
37.117109724345404	4.294093213946159	0.7163551829020625
39.06356002363899	9.106612787832255	0.659708396364675
18.300486657632742	7.137428845367015	0.9938183971596893
25.329534012452775	-4.993384764986054	0.9933193283578476
6.0498949212623305	8.084469116900415	0.9900008250518793
32.73215131259158	6.174621124620032	0.8951950601990616
22.557450929901805	2.641464494346412	0.9801852758968147
1.400137904752505	-2.9344320767852814	0.9971034747243825
6.104590831516106	-3.371216873033667	0.9901799075902745
37.891144988451074	0.49874837553706897	0.6886836060362551
19.807757417940312	5.092491999833356	0.9894882448541592
14.922794080066174	0.3347519927322118	0.9984937450293436
34.02447974382652	-0.10596261904167292	0.8515326075426067
37.88558685484707	9.55534592580197	0.6888592441120143
27.240211928729945	-1.6165578450723395	0.9653146586353081
14.784023234871544	2.6467570475908566	0.9985186630836431
16.966606959469107	9.254386868878726	0.9965970950018063
1.4623194320114201	2.0172017883829305	0.9949605991145315
37.508261978635005	-0.6403970212092318	0.701591654159043
33.47603840860489	1.9083210067256715	0.87169877236966
4.223521989673515	5.385450525188549	0.9906025509084473
32.66671721440796	-2.7673567351950688	0.8970490888117385
22.374273903374025	8.985601238096404	0.980802330908281
20.467294471395444	2.970649220587756	0.9873267863256169
11.75723495260991	4.047980413573349	0.9964565837457742
29.818569787784895	8.066085128690965	0.9489630907354693
39.75965645391072	2.0923143713559362	0.6496849748572466
3.592696232816308	-5.502414293626231	0.9998782766159962
28.168645571320525	4.221348386916155	0.9611964805810302
8.967705493792609	-3.965769317482575	0.9938505469487776
1.5665864761362824	9.971562879376886	0.9947294707404291
12.769928166871049	6.4443786446329945	0.9976110022840872
34.546050595455	9.436914767503964	0.8303144677438679
33.46353972388707	5.957983994024616	0.8721306998285077
13.109373350281842	5.030601071876479	0.9979110355414271
6.566379682106076	-3.957258967804247	0.993095133605628
9.118305748875692	-1.2430060708079793	0.992670718971153
6.607315298557652	3.906267407529679	0.9901842911186876
21.928570963268584	2.762829077143383	0.9823212600720675
35.713081832537725	4.5744943674973655	0.777991629739965
11.868246921634492	-3.9955117920566394	0.9970616566067851
31.575265038715617	8.26726557551083	0.92310922383947
9.03123597328848	8.793639252074563	0.9925515667098322
20.875697694712255	3.89119669821779	0.9859428713277778
27.30748311239432	-2.563216883439793	0.9650551119094015
19.90003079694036	-5.505266403537036	0.9991935748091001
8.31085645154565	2.740228578627633	0.9916339168768461
29.994713267460973	-4.043547835969552	0.9566915272723414
22.13717091067945	8.75964602156331	0.9816076969548224
38.50091504711197	-4.031744630664644	0.8935123509817897
26.674317955395736	-2.1010785707982294	0.9673381667025635
0.5820954190700243	5.240988595543374	0.9968997967690282
13.878010486343257	9.110088903944845	0.9983857767085559
36.00113499812908	2.459805360262365	0.7647359465526359
7.31508071434144	8.725721475803429	0.9906385847182175
27.875154485522696	-1.653929212304643	0.9626409457280507
38.206470511575084	5.531056224953531	0.6793061382234526
34.08681452429591	-2.983493253100807	0.8492231503080672
36.929139142527156	7.57784127853283	0.723947496525473
27.56632550589522	-4.239909768102727	0.9727481528306423
35.194262973990845	-5.116786787157714	0.9910086794666284
21.42485702090475	-2.0961191167957587	0.9840553046208886
2.84550679207559	7.052065260736402	0.9922964839893458
33.60409482646918	4.910744408064264	0.867201204621456
21.65903856051786	2.4013282141839483	0.9832479985823506
27.944421113948742	5.410449033436404	0.9623138845513157
20.04283916332494	4.858453163285574	0.98873100292219
29.769344654800573	6.307150871204065	0.9494627352706428
8.027901747975665	6.417036087791388	0.9913143019768518
9.703937542091651	-1.566410993916847	0.993504107043556
20.561032539730597	7.471906736721429	0.9870114787768732
24.735137078805742	3.71054844928263	0.9733026444163697
29.03746168612369	1.8298802833495813	0.9557985412152163
8.971966692403107	-5.990040747422608	0.9998772277526928
3.312499864497092	8.130099710535173	0.9916078963819487
10.101092112427002	1.6529710610032282	0.9940896467654026
35.88725279306835	9.471598182012126	0.7699658040381252
23.952021372647806	0.1232301105338145	0.9756832515787486
15.16197032939592	7.0979620479012375	0.9984209847032922
13.166806134226654	6.289381896091797	0.9979566871929176
10.987249162125615	2.458103988462227	0.9953960559688823
21.354434753019103	3.6186753020900717	0.9842981101616848
25.38255497383055	0.41704239362728046	0.9713699188987346
30.050302785713797	7.627088473348092	0.9464705714253211
34.1369426149534	8.454244341651997	0.8471153708572681
3.64211160494042	4.187846422903991	0.9911914571999523
31.8580621488656	-4.837476092549213	0.9857492959381837
9.76461864241541	5.149256805689916	0.9935928685793313
2.187377724779539	9.597585237020304	0.9934537986023174
37.30812976336044	5.940988511038125	0.7089595858162977
7.885136010125939	-0.07979520730160772	0.991163390288254
16.85406360528649	0.9065153624508504	0.9967775839415006
35.64330486300797	1.9889030835664414	0.781209597355204
8.174685810659565	-5.543552213323341	0.9996529766952184
15.552506955812502	-3.139326713596027	0.9982200357512007
1.952093622836145	7.539286911363565	0.9939185099510978
8.193948847929091	8.806884233802108	0.9914986878596382
31.923756932842664	-3.8235750018365238	0.9283963505962444
25.268252443424668	6.110536847426783	0.971711288925138
12.48956340788071	6.2082737223330255	0.997327050905917
10.587861464392754	-4.056183479701996	0.9958540822575546
27.56856487506406	-0.9276204031127833	0.9639986434990245
5.1364895971790485	8.013793330866807	0.9900648115786653
22.5985137898627	0.6818785933067311	0.9800476444976141
10.76468941523842	3.2840434914194745	0.995072413520894
12.571555082469887	-0.36102772362459845	0.9974132591848773
3.5549686384630887	-4.628778963372024	0.9991497115333162
32.115281619113794	8.64624017416962	0.9113237432267504
20.253230620520615	8.61236556110136	0.9880402513538541
39.0175451665349	-2.382293097143773	0.6605473919049529
19.725146729983464	9.084538204778347	0.9897502409175908
10.057880521118012	4.4828344143027685	0.9940255374956577
20.057295347653028	-4.032804191412165	0.9899838320995614
34.1476072755535	-5.8729222230967935	0.9984547298248335
30.89434956901846	3.8862093622901064	0.9351843015661948
28.119314913220595	9.17677723188519	0.9614504056922367
14.881946637658222	9.162174720841428	0.9985023851349895
23.730921555361306	6.05583802148411	0.9763723941619211
13.376979569691308	-5.058057083364478	0.9996694943728578
1.8646173319608972	-5.375607119914598	0.9999664867215692
27.122552347776566	2.5509723632786923	0.9657576464041994
10.534700344932112	-4.266564249434602	0.9966787479256761
29.758576127501392	9.72708310844298	0.949570690804543
25.26257311784723	6.171171546516053	0.9717282355670446
9.84812988040017	9.429826498215604	0.9937155246018107
12.248695490496276	7.683822708081465	0.9970596902525184
