35.02568257389581	-2.5587034220274205	0.03451756703510341
15.787396881816097	1.0921265698941305	1.5231513937554437e-17
2.3666839704051514	8.37864855187986	0.0
12.533563287402938	4.587034626955312	3.696133581919846e-128
11.457996723315015	-1.0005282500011958	0.00012290087204190183
8.069311021459228	1.6545912538486292	-3.069091006594725e-13
39.33975209859383	6.4500931611743155	7.100868338393007e-280
1.5719459337101687	9.305732168821631	0.0
1.6222116813719478	-5.39706377598246	0.9999958463298898
8.312341000028336	9.125741272571602	0.0
18.742239229727286	-3.5356603171014775	0.9033053199526228
30.171225593744985	3.504336699892047	-1.520926769965787e-88
29.854393219634385	4.97469201866252	1.9651654968727416e-176
30.56405591826837	0.8080959497872122	9.462477328569173e-31
8.388960714209395	1.0097758070559095	2.8949785133824326e-7
20.125791741101455	3.0688690513746444	-2.803384906403389e-53
21.652970216763006	5.740287485870379	-2.0503302623945776e-211
30.93918969164744	5.7559860544403705	-3.47976858885882e-225
10.830072754439882	9.17780753118636	0.0
32.1433420720332	6.740725360476567	2.812229817325057e-287
34.23040927925276	-4.0779678725541615	0.9067443857301073
22.000368338400808	8.386905704544802	0.0
4.0859127829758854	1.4534257034951423	1.9850986950161e-5
26.174821665057344	0.11357195538420228	1.8405270304671456e-19
2.1695417301665922	-5.30973057797544	0.9999936238791887
34.19852994539515	5.7326275003483325	-3.0760152775687757e-230
17.065150949203428	6.090635581749954	9.438849809548744e-226
13.600538749598593	-1.3385543159288353	0.001074150970536609
21.847506204630104	-0.7465100937484443	9.254865153240933e-13
18.726374166050974	-2.337037647897258	0.2055090323867767
0.4840997917704683	-3.1405066839036557	0.999825428118142
11.221278985625801	8.279695169193324	0.0
23.281993240080574	1.8741569413563788	-8.4405718549861e-36
38.90618261769427	2.9180070616270513	6.353915927105539e-75
7.0829541795947675	7.966337776722035	0.0
28.917018815237533	2.468561368970814	-1.8591878376161718e-48
3.532366457567834	-1.9538484168722796	0.9468600688920429
13.317440496876532	3.788549587870694	2.329796545993072e-80
17.35305632512899	2.9946921319291633	-8.92154023084829e-47
14.898950743861	6.899486098090126	1.9156908014045515e-272
9.225855372998915	-0.5549912566492274	0.0003678185814742974
22.00248141477909	4.501497620325345	-8.434586875510515e-137
26.199415860676005	0.03330308739781884	4.046490000913613e-19
12.276325754389166	-1.532541335366151	0.021617385405445687
23.724328120211705	3.546779046335793	1.9887255681690498e-81
35.19858155625288	0.1961614101716762	3.014470891254995e-28
10.58081475204333	1.969230519335337	-9.89182261661771e-19
10.446132419910658	7.844639834586353	4.0e-323
5.098908245077871	-4.235056027064257	0.9987344233466173
28.56397126239017	-4.271120852909494	0.9572088707538763
33.59214019328182	3.787053904581704	-3.927105403847783e-109
17.1502377586328	8.231610533613281	0.0
38.32723321797456	4.262595240521858	-1.458950006928505e-144
2.099965194694294	3.3723626665387876	-1.543272758240881e-40
23.80679899287171	7.155405579018453	-1.1870058231276676e-302
8.091630224735518	-0.6321147603681574	0.003250619651347668
38.12030712439869	-0.7857070429483173	5.901260904397296e-25
26.789673175332787	6.620535284862093	1.5090915863452134e-272
6.2735227819590245	-0.75110350198565	0.05775423439727856
9.767360137650416	-0.16945873911540588	4.372632486817403e-5
31.68471530789593	-2.9840699722126196	0.3537646887849735
26.29535581927582	3.9089476751068553	7.021855466912078e-108
30.591272065893865	0.41824802673520267	1.0979777547952486e-25
11.338003727392614	-2.0245466116256132	0.328181902733722
9.131917022751828	-4.834144759409142	0.9988139614586272
18.197664615233936	1.8390750316612738	4.7896091936118584e-30
33.81938998436378	-0.3320839879259623	5.750523838185156e-24
26.977437661606757	-5.471228572675091	0.9975413902926449
32.21460879201357	9.15144268693664	0.0
19.709517600096344	7.419841349243825	-4.1330589333043e-311
19.709094664738878	-3.91546548412785	0.954093247862169
38.602731255870225	-3.3599203608710084	0.5220384741603742
2.6903747219333196	9.91961402341187	0.0
12.207052194317734	-0.6827632777997721	4.197701031770869e-6
0.24811589910869697	-0.3527481527011247	0.9660328167954757
23.533448953505726	-5.3466385732594155	0.9975051521233935
6.689997804942286	1.9363707176878648	2.0037791983640376e-12
13.483993744064033	-2.9577774171827755	0.8213872245516514
17.742671120440875	-0.044327280469090624	1.0307736625988037e-11
17.434080436414742	9.547163692003505	0.0
4.671602830159105	9.985969017289527	0.0
12.524006093070888	-4.107334906075195	0.9882213414005405
5.094426203005477	-3.6996410306962737	0.9956816391198178
4.155232221131101	9.91100929229168	0.0
10.789501573142351	4.937589560094278	2.2192283995850958e-146
32.13777525248662	8.937036576087252	0.0
0.6254946901447047	6.151178175823571	2.2063380009657986e-206
9.266810404955354	9.42668408759015	0.0
33.26895084538854	2.905120104601128	2.994182901955718e-66
35.91537644734872	0.33464505332563377	2.5280115177766574e-30
34.99048597304525	-3.1309856028455485	0.4050043691007865
39.5263583545254	5.63393084194686	9.402161631154479e-231
26.322621878849667	-0.9208696660141484	6.925233880392208e-15
27.64086801968385	8.496033067461656	0.0
20.286602675790647	-4.308268344639117	0.9800187367730566
33.36822747515375	-5.5670286322419535	0.9969868230473883
14.951546984999187	0.5935621209151378	1.6899166730411856e-11
17.85793643798627	6.492769836138308	5.650514215007402e-252
19.078440348521717	9.037796409538245	0.0
19.274607443456098	-4.327903914544823	0.982771779001313
5.466914268443256	-4.881559433424474	0.9996417150987977
39.3556935122133	-3.927784823397314	0.8329036143673894
26.7239932965882	-5.944281462844632	0.9991875021239666
36.5107625007905	7.7136836379529115	0.0
35.97466201225588	2.6011261670532555	-1.4516850998385903e-60
2.3585814786745014	9.018970869977302	0.0
4.626794716641775	6.137195855017108	3.603020001856305e-211
33.585257952657486	2.0662440891353313	-2.6748254226734334e-51
8.439024270601498	0.3995586394553179	7.829474634937791e-5
25.452584839106013	7.49309647268565	1.0e-323
19.913691913093242	-4.868515161505723	0.9946646982954569
19.611649451921082	2.981776307199077	-3.4800534256676535e-49
17.84263476955533	-3.308542013894879	0.8560401751639046
2.417179743449323	-4.152974866797116	0.9998924415487044
2.0560612951773396	-1.704923034156117	0.9771493374145166
39.27052636460525	-5.520372614319463	0.9953584693081666
15.982319304860212	2.4724293688607624	-7.866910776189619e-30
15.947905292390884	5.449334228346032	-2.403639982707845e-186
31.38984632268762	4.631267666770739	4.366098416318496e-158
14.946052815883837	6.67358748286907	1.3658795592247395e-258
32.78391734015018	-2.972285322191709	0.3189076829176442
7.326277887141384	1.751398377340898	-1.0189185251805752e-12
23.33375181196029	5.569137621965119	3.6993200861981247e-203
4.385408404443695	-1.4140493956958053	0.677102673428554
39.52075228768386	0.02504476657816923	3.969951963526502e-31
26.586001449529626	9.372119706284813	0.0
6.667777089513776	7.351429850237029	5.6091460042621275e-288
5.28218034602536	-2.718669300932042	0.9548766890128753
10.62310048341396	-3.2886336804845016	0.9470518455299828
29.083086083578557	-1.5952231248038338	4.803395085276997e-8
15.814885422259087	7.413303853877629	-9.370379324605591e-306
28.9493182008363	1.6176894489624978	-2.73910150969525e-43
29.4703183307844	4.9790570335380835	2.2244071887114345e-176
26.04856422072275	-1.9690744778714624	0.0008853136443084462
27.245744001821826	8.102659350111388	0.0
17.202176932211497	-4.5012022651478105	0.9907451661664586
0.8252246240125354	-3.2361341166237807	0.9996903645966287
37.128977716988615	2.76210392944391	-9.986198052172993e-67
8.23570637099437	1.3011119010401266	6.129405213776561e-10
21.905996668963454	7.974323463932514	0.0
1.018822218700196	2.2193753771339146	1.5056098210092521e-6
24.85231532303517	6.978216997157823	1.0737769609802092e-290
2.0227404208076845	-3.44654477320217	0.9995674637850749
36.70129497434841	9.080928855066006	0.0
19.798755637507906	-0.4949559166954174	4.137037424342107e-12
7.804463060251533	3.6986902186736756	-8.34221920378324e-68
25.724077600191453	-1.061467519673176	9.50946970647248e-13
0.7438262018576987	-5.059373557349819	0.9999959647300443
16.927555848079688	7.863995399910166	0.0
9.290601510884533	8.270504277271467	0.0
33.274374967684096	7.370502391593373	0.0
33.72789397868161	-1.9919538870075364	1.4513371253405828e-5
10.835274848382948	9.800547611555118	0.0
23.59318298288083	2.823225217669073	-4.4694069223430724e-49
27.242489998688885	-0.6115723583636807	1.8125620530744792e-17
4.2036033700258235	6.671408658625889	6.674701634393865e-244
19.4023302841587	9.49608953258344	0.0
15.271587585100065	8.676660220627195	0.0
35.61587922225275	-5.31300306928885	0.9938499910926283
17.84316385137322	4.830138849944078	-1.9453724285080935e-150
17.68085001454103	2.414287694088962	-1.4959032514639084e-31
3.7760332787764055	8.440660574887584	0.0
6.430194177006558	3.8860166768205957	5.9459338780944676e-77
8.653432583046042	-2.843345737483588	0.8990666052354743
36.61748482927589	4.86531426933108	-1.2767397868781142e-179
1.9096892571657489	5.104347290247105	-1.2339515840369596e-144
35.46593086967703	9.199113825181588	0.0
1.8305891458218426	-0.5803785668077133	0.8113444398484065
12.254519837677709	1.1100822401137123	3.59098127550656e-13
7.527853921109556	3.8758415912319	-1.0883026997186323e-77
25.40483440381976	0.354030061624389	3.7201489162059456e-20
35.67302743834204	7.194476554540863	-4.5647e-320
25.40902080377011	-4.964360340735109	0.9930058658446032
35.94341091909202	-4.9606452221570265	0.9859575675649727
38.26600890821512	4.356311946831358	-1.3775959604301454e-150
18.476672401067667	-3.7008593301917934	0.9346553845984319
11.144913673113948	3.013726031761717	1.5087690311549958e-38
17.455222163762016	2.6620613052222595	-9.472875114897124e-36
30.274975534981458	-0.15092781389698828	9.394974519605403e-22
1.8210880196172052	2.351727836555014	7.595584256268748e-9
9.250651645059042	1.5247137020822663	1.8896990901623948e-14
35.800501834003924	2.8493015160075394	3.494157200093721e-70
18.117575073665677	-2.7204385928057633	0.5391153827334317
16.827288259179166	-4.709234220277384	0.9944981696022968
27.017429805303983	5.950310599851331	-1.6758492864447661e-233
2.382331892019864	7.650060987084913	-2.367031983730819e-299
25.46476958520333	-5.413327545743417	0.9974959113667614
31.044964095417924	9.515623830725836	0.0
27.03465338183776	-2.7895486993663035	0.3066095884054564
37.067130089637324	-1.366561930291887	9.28439486858485e-15
8.34733159038961	-1.2413842710186245	0.030733189675765715
34.77878794014041	8.224546891441062	0.0
11.47744406342972	-3.9532537585213703	0.9862240031775927
21.6155197106197	-4.044531053172893	0.9587050391743104
11.70190720485575	8.410272706993577	0.0
13.149241120337555	8.329046867240436	0.0
32.9448651470514	-1.7565021447868325	7.280053567705376e-8
4.483473566474689	7.038041266934506	-4.126433226201194e-265
29.90204576143939	-1.8776291781666075	1.5275893596875124e-5
1.1100715867011661	4.138814941097294	-2.5782751269048956e-85
