38.67631870678756	2.110879517251437	8.353507136965993e-8
12.19568678247703	-5.816801931482932	0.9997402697378974
3.2396108784781865	3.4576859800772475	0.8427138012004011
25.503490178647734	-5.9209076898684465	0.9992232288954644
27.90929442138467	-0.1585681956210081	5.7927679441065255e-5
3.5328821873406175	4.326096994187864	0.8618575447984439
35.949193189681345	-3.5201574102698316	0.6792868363559453
33.72520593616638	5.229776629368235	1.2896996825290106e-6
9.892635070307769	0.4325041330232011	0.5185984731759444
29.441696290425	8.186290794680808	2.0921007936344007e-5
22.965851302176432	6.1249882840935825	0.000803017266830001
27.02198870588373	3.26286384312591	0.000101544539168031
0.7332805505956663	4.699721913606147	0.6474495284462377
39.43817587211886	7.4593383258250725	5.360077430840073e-8
12.972647780560523	2.955964213049267	0.16559985737957256
16.80506839515502	-1.9412414962098055	0.07029205287471502
23.246871307698196	8.730971721506862	0.0007203669165601727
30.385951790129425	5.887026989308861	1.1016750448096686e-5
14.914426809934904	8.550869401565866	0.04567705209448905
32.47831529076585	0.3079683133075086	2.7590439138338994e-6
4.176875586156597	1.6821877998719152	0.8955297989152374
16.036527904788898	0.3863385219647384	0.01845518155589011
11.597721912215059	-1.7887052280651936	0.40528571216799614
21.114158041388855	4.645084431039571	0.001401581586134202
31.553684395664494	1.5422609551157471	5.025291903020961e-6
19.146558167883754	5.966900063674547	0.0021946114126419314
18.817907844989954	-0.7134813822303627	0.002477909813753467
16.995850225564926	-2.0662700740376643	0.11725098865647339
24.21590051198658	7.237685126312208	0.00047342586089322935
36.002852728751	7.260852922070214	3.6430409736966465e-7
9.084887151666502	1.75171747033626	0.6019726949444933
0.24866084006404218	6.638453996831792	0.6064242585091919
33.60673932961874	5.536102682867252	1.382780967715663e-6
9.83570797005651	7.4207609631428575	0.5247339975538834
13.802782280687268	9.25649421836409	0.10031430994336561
39.25994367041418	0.6174450442434107	5.951999611445458e-8
11.28919063638106	6.37906112133706	0.3545212042050413
8.855212593119921	4.3033602004960585	0.6246655546054752
13.396987134146938	3.938734204151185	0.12942765718622665
34.32002141930986	-2.2779440388993706	0.005907374397917852
16.289940947149358	7.336400283878326	0.01488131014573544
5.391217417577672	-2.6872417923936815	0.9858701000939554
1.009441744120532	7.221936683155697	0.6772759743550502
18.822686863943815	-4.790639788491529	0.9943574580078217
19.213049004363317	-5.712076968523267	0.9992965714110809
17.909246434677602	9.971372715141854	0.004038931993237108
14.44062498615828	8.388764278194795	0.06485043274994368
0.30703997176925446	9.872413397750787	0.6088422204967038
10.763497030791813	-2.842081729464031	0.8565161919305813
15.608510242686068	1.537524569269408	0.0263601576480345
16.089060649013405	8.110765634231015	0.017653159384417513
4.8431043345936144	-4.813216423914302	0.9998955938815576
36.37406310011242	1.0736130950473672	2.983723287283286e-7
15.86000656179278	-1.1962240976362573	0.022422420088693027
29.510057732539664	9.424306962097365	1.9974258802969078e-5
15.997114930860333	7.002067652236576	0.019079050993913483
33.27691744393423	-3.0834700326821185	0.41168357641890163
10.47822308177486	5.109358677946712	0.4526659288008743
4.128147292294888	-1.3721585518973178	0.9105810139119774
2.785174898685546	8.477860914183541	0.8105216175184725
4.249521644783898	8.545391866090853	0.8983473745381737
3.9715355188276447	-2.741065354227583	0.9880029794902079
20.661037070825284	2.576455439429701	0.0015468607332414764
27.369279663867676	-1.2642718944127793	9.39555768098611e-5
37.80979756517247	7.5488293631567736	1.3631608098134631e-7
14.493548892898891	6.277486770213891	0.06242805243246414
27.855133346047033	-4.228604841483637	0.9552466462291902
7.920341496811268	6.735528958095532	0.7160370777296721
37.05027634749869	-4.233644510677703	0.9231227346723975
19.74226473033289	9.103261168284924	0.0018713153966609245
34.15144361216079	8.534807661832446	1.0078653086798588e-6
23.73832874391836	8.432271506092935	0.0005871859083243497
4.061246799383727	9.231482250940303	0.8905780840933967
5.58980355068824	2.5034943845823996	0.9002308256923218
32.51290228275238	7.17123810667654	2.6993459748211076e-6
18.568605942173267	-3.755100586083639	0.9420648856977719
4.849996093198395	7.486900936085778	0.9116792808874457
26.181778320346996	8.834538702481264	0.00016798567119973254
4.894372892505252	-0.23895351334341086	0.9119025777184473
15.287756400357638	4.8397650162599675	0.03415307283162373
19.30176079712654	-2.2130903583317867	0.14490226772585615
20.008509713573137	5.780675297111973	0.0017664636927354706
22.963068712471056	1.9698512220470121	0.000803858720517505
21.85532017993684	5.951567495966444	0.001158991751420242
20.58475831832674	5.811222235540267	0.0015713768702065698
10.133760738206696	-5.168720113423397	0.9992871316798868
18.4529849277868	-5.8082683676705	0.9994748879765106
34.26959073683201	-1.2088444524650868	1.0733314925727044e-6
28.52517730567143	8.41786867762606	3.8690406174283054e-5
21.904503383008688	-4.4553742909334275	0.9837165566727126
27.41092512465521	1.1590680531807536	7.966072079455908e-5
2.868593578744292	3.361627829502769	0.8165802718930736
12.256498813202029	5.3939213347795665	0.23902712014398994
18.55776803339163	8.098253786011156	0.002772088257849372
5.07960910738366	5.218800756155083	0.9115453508525876
33.76352740952667	2.7261501796589798	1.2610965340373031e-6
0.6842240900133107	-3.963415398432648	0.9998338895749554
17.329335999054493	-3.1059954248775092	0.7915235723654441
22.391288871780315	2.245720598008461	0.0009832186220822658
18.587263189190963	0.064546874847899	0.0027334429550957932
19.707340084610646	1.6873557288090026	0.0018863102415481042
30.325652867072982	8.393907632621005	1.1477339827340815e-5
34.996396235327374	2.05231193603133	6.284574130382623e-7
32.88215797519351	1.4624089741003665	2.1427626493075085e-6
20.455740251494458	2.567072758923114	0.0016131588257946024
22.58235334221011	8.890201421342478	0.0009219422117051292
33.819013261273845	-2.223738187758318	0.004136388611754521
24.807318580403017	-2.290422310436181	0.08351375043261297
13.938212220950014	-2.7670337306443145	0.7088168458206646
32.59805977569521	2.1667073180497027	2.5582334187837056e-6
32.79030347179067	-0.8246684088400578	2.2943806492324568e-6
28.45151348767819	2.2164249025231406	4.062371745211314e-5
9.250402167697507	8.764309570965388	0.585425383472126
1.0943473214667294	5.530310634527396	0.6849164343095269
12.425739337306137	5.337693370951413	0.2204236823197809
33.377565493340214	-4.103149440912116	0.9160995257511462
20.202430599393086	-2.352585900908771	0.21192114643011425
26.041658829699614	4.414841213084614	0.00018212922211029018
10.687131156306513	9.361969626300837	0.4279598277236128
37.95879341417236	-5.224766451593069	0.991455199607754
35.810491626232675	-0.779583018895945	4.075125606326453e-7
32.404325069169005	8.719107060886603	2.8917367796461636e-6
28.70305678097591	7.745411931655987	3.43764246840547e-5
11.042793969659337	5.534181155142807	0.3848349540848216
29.091758774795967	7.710131670869028	2.649630933570781e-5
15.327897471419796	-5.199075646904639	0.9983973967799376
26.020123773997263	1.8616980142440518	0.00018439125151608205
31.434895590542883	-1.1233929680322348	5.8571052799611905e-6
26.643487881556823	4.4334930758015645	0.00012787333814804483
31.191151544242036	0.04920509373219417	6.396074252697017e-6
28.468835239204108	-2.924246622405324	0.39965739548477397
0.9910817370023894	6.1088052749537844	0.6755015634018692
12.294528376512815	2.7032659709619757	0.23478788494081507
33.702207858080925	7.837689822587574	1.3072112359222858e-6
24.850975570702673	4.189899039137096	0.0003472466568133188
28.64430039936899	-4.236434821565538	0.9535256721145835
39.24657421033462	6.409390351575976	5.999654203383072e-8
2.0447405183890037	8.163188448632958	0.7558368943749687
37.57663360917634	1.5259201332160224	1.5512695005338612e-7
17.178892041561806	-2.688593638639368	0.556812046396459
18.941397474786054	8.810493381334553	0.002355647169594294
17.19355430386628	6.8460475503444265	0.006931856743304544
8.632372307344651	6.537300596387979	0.6465014180656632
24.267742268978676	7.8218170422497515	0.00046205136621032
27.13568430489446	0.2616559984350353	9.46454447384237e-5
2.145963963024807	-3.1088788274365697	0.9942788728313611
7.172984693910784	9.754412797638352	0.7879340797322798
19.384087912054678	6.946509080346544	0.0020453808885130017
28.338130012905587	4.629111094316148	4.37792693147436e-5
39.41226279836493	4.609784284646583	5.442648095717592e-8
10.00186658766311	7.965096022272434	0.5066900292417262
20.795983787231012	2.769860752624073	0.0015036406188315716
28.837357965956024	1.7665140665299717	3.142823312275486e-5
22.650724088582496	5.143451391218303	0.0009003033442397274
13.129828874525705	4.117214832073099	0.1515226484082113
13.03289488372492	1.4798878876147086	0.16011076999371204
26.77398463234186	2.3815131634734605	0.00011818154786460733
24.33529899400532	6.861302587672451	0.0004475177364228377
32.30278480398759	-1.6649178287062867	2.365437615501726e-5
13.179550075342009	8.389611889364591	0.1472348826134006
29.002548538637733	-4.2871870274669455	0.9575041461013957
22.182532003475316	7.666607866976609	0.0010512135615639352
31.352944490645406	-1.8295341562154128	0.00021499036666525583
32.522047513984774	8.923783754705237	2.683790954466912e-6
4.549568788825323	3.9398043430821836	0.9073560440878123
30.8678383275829	5.89849607350283	7.949608875855826e-6
35.05242017272218	0.6338591356054586	6.094003333997774e-7
18.85584703025841	7.495427215574377	0.002433846647218304
23.539116240416096	-3.645300126548115	0.8849440027726045
23.872053917897468	8.608062443185776	0.0005537173038635707
39.385144879394964	1.7006094540468695	5.5305392532272073e-8
8.701229037176734	-0.17394162761826237	0.6397720088346467
4.774161766986584	-0.7281804782142061	0.9115298076494789
38.16587397020993	-1.66974423753528	1.1591660542351755e-6
25.955051596784603	-5.004272017333001	0.9933713549628066
16.459067456725887	-5.151395583038553	0.9980131933684983
15.317390789739592	-4.553814030388459	0.9929513260096758
33.130888243124126	6.093569603254263	1.8393984193956586e-6
12.552798119094298	5.237147593055013	0.20692828373958094
18.45209526374237	4.000858879327279	0.002921600783908196
39.71855619941878	3.180515474320469	4.5387550986248726e-8
37.88057215498637	-0.34523707608154197	1.309921276585702e-7
12.866252540843384	1.499588986542399	0.1755729936740563
38.54364139572363	7.213598585317275	9.013011274123125e-8
35.61469237553283	-4.114464529951999	0.9073801112589152
20.462672110093514	-5.264553206385077	0.9977811204774559
1.1420047117103318	5.321621793006006	0.6888612609741476
4.594976034153596	4.836797526344682	0.9083244233220535
5.445542994188006	-1.3608016291085718	0.9172563348510007
11.145769875989869	0.027994825685173197	0.372188562746782
30.66475494066368	-0.6889881366546682	9.15134577392646e-6
17.5899288731652	1.072738978603347	0.005074911731291619
38.53506795202853	-3.1220476150112013	0.3333207718453039
6.188385790002395	4.507506845469429	0.8689203749518702
1.7044991722223513	-0.05807957264974917	0.730357674432817
0.8403572251119951	1.7297823708375972	0.6595376316192636
8.337016663412937	-0.9566790747788794	0.678422656294171
6.298572222073242	-0.4767996730810147	0.8614125786992902
18.58358692641019	-2.278224864355053	0.20178554323422265
18.612846584189345	9.570909504874226	0.0027008791340286118
