9.750761284495848	6.514001283961459	2.5074507239339746e-222
31.00065737729393	1.4430949525005197	-8.686965278808852e-48
33.92348818611601	-5.917943387531718	0.9986127189027869
3.5347868307865817	5.515171297900004	-4.5065823433575687e-150
24.507985349727733	0.41581612586997707	-2.36495289752573e-36
27.53035093000191	7.403808432029141	-3.5272369350795875e-300
32.960409010735226	3.987131036858141	1.4826001564556473e-99
21.687915064975904	-4.49000864224433	0.9847224569507542
8.863319225473647	0.29966867213606463	3.7799636737980774e-15
2.766346551440056	-1.0790350167726395	0.3905098817601332
12.845155350263381	2.9634369629143436	-2.1101443800874505e-28
31.05812740674998	3.701048965514186	6.138670881260564e-82
6.892278799629027	6.616307840447117	-1.5575450933649195e-222
33.289064147693914	6.485596029385807	-2.9453762857365726e-252
26.589509097685877	4.5831957981299105	-2.68077054489273e-127
14.740101580977985	9.510770373536658	0.0
23.59081823329036	-4.924240478807569	0.9933077717616885
21.82805527377648	2.6202195798719856	8.200401400052195e-37
7.18895647911491	7.969424018884329	-5.240419102059565e-305
4.448953259463327	-5.371556914168963	0.9998721525369179
27.973132152468583	4.051132518051176	-2.6030087741104708e-96
29.60211390722426	-0.18409914782974823	-1.1038547662203468e-44
26.168427791821404	8.519733756866284	0.0
33.20099101244184	-2.0812352800474336	0.00020943888890517882
2.7518603323381634	8.44861198324898	0.0
35.37814225685131	8.302716745744778	0.0
33.974128159570256	1.969448547784328	2.075947952988534e-50
2.80159675556231	9.946548319873326	0.0
18.306403566909236	0.07986828737930907	-3.9552679852313495e-28
17.972086645425566	3.8124285428383224	-5.3906266139160354e-70
33.941714389766574	-5.255944308379661	0.9936389556362768
22.264479812593766	3.379032195064447	-4.9678791851550755e-56
30.991048973498657	1.3385245152128995	1.3817399281909187e-46
14.48134272250001	0.6608323303152126	8.641913962003367e-22
20.038076649775665	7.861018134092941	1.14754725e-316
13.716004886026477	5.5895271765064365	-5.019186693952819e-170
3.469133232304667	-0.5565596375931889	0.00723836809910665
1.675913303183247	-0.9111669017803514	0.6405642064745992
39.05727761286333	2.6615766860958097	-1.6141551831328283e-61
1.9429180902514616	-4.930573779856125	0.9999393172047744
36.4104459085049	-5.234989605435583	0.9923316375556135
0.9151524304276304	4.5849476197662185	-6.637124727950803e-90
14.728606573754554	1.6598049742070913	1.680842219281615e-22
30.20238136379586	1.9789632880207577	-9.799777652584888e-47
8.93991075182227	9.193396717839352	0.0
35.13605210172019	-1.546262067802104	1.5331875624558018e-10
25.387574791682315	5.084888635607118	-7.140277873617939e-157
10.406970265811456	1.9379688940796989	-1.2343527382800087e-16
38.86167495398034	5.024423374982458	-3.123681247081786e-172
6.645162204471601	-5.165938860522854	0.9995901695757424
31.65596925724258	0.02598989193502632	2.0420646373810642e-47
2.513786176865931	3.786859556439026	-1.444909449344756e-45
0.9915675545406502	9.811115877738867	0.0
35.26620877526747	5.347167485575881	-4.99494734049129e-187
38.608746710605516	3.570003874742323	3.0902646904216465e-88
6.536758212399133	-0.750598187572276	0.00013823853027157844
4.308892378073615	0.15502339746559457	6.974352244922521e-8
12.899059040893754	8.154429654106448	0.0
10.890173021303212	4.616095461653892	-7.057067219040985e-107
11.911727351655347	-1.3816938859756718	0.004909895696202861
33.113742974576866	9.067685099940682	0.0
10.34410375959886	1.889843811982356	-1.6512855819538912e-16
39.07371287910603	0.9185920159214298	-8.764289215646642e-58
14.479796785053944	7.1937699597839995	8.586376728824239e-269
19.060283531672045	-2.9033526259394193	0.6357863607270454
0.639729900496564	9.563878661895814	0.0
1.9788256785922327	-5.700704070306319	0.9999892496672634
9.421866299580476	8.978506849672979	0.0
27.341699755561667	9.65155960414921	0.0
5.322788715337056	8.934967443636857	0.0
10.682792096507715	-3.744805772376658	0.9778370939708467
14.97019299921104	1.6785388682651927	2.143601679099844e-23
38.15061068805207	4.667402790249785	-5.907188075429981e-149
4.669115599450295	7.2592448699639185	2.6181249246153077e-258
5.112379916462265	7.7588241948133145	9.981619339077658e-291
12.823754645112388	-3.852023193439681	0.976535126914422
20.519864976281333	1.3722068404143215	1.0614270922887618e-30
2.1763790204951	7.6218292497566225	-4.977027330399951e-277
13.484935173317176	1.3907716996209913	-1.1696851326541915e-20
7.091739730324438	3.1892386714134062	-9.918081366014974e-28
31.43119905561883	7.616786608585624	3.7654e-319
20.176945402095907	5.818344514980442	3.8928825346095927e-193
9.08408823272984	4.052451582146325	2.945616169867814e-69
15.622913300827545	-2.161347877733501	0.1972834578864008
8.490352500197769	8.560560719872498	0.0
11.289960957873317	8.250266978169627	0.0
5.994422948130495	7.69504592820757	3.4919364164300226e-288
36.09846508517273	7.165102722593129	2.2185284836960565e-298
31.723733778295102	0.1532421864456488	3.523042116283607e-47
11.250954142397147	1.3134369621375193	-3.0350716267427845e-17
9.50534040285152	6.478599211280848	-1.0040390460899233e-217
5.920105442722747	2.714078675749537	1.6520827627856046e-14
5.519140652904882	-2.1122070694605917	0.7149292447640113
11.901211149839078	5.753168975547897	6.4424214707207645e-177
32.358679526694495	0.02587133959051613	2.0293450405382564e-48
35.15023839215899	5.737717136231854	2.331822893267877e-209
9.273834251845429	5.272167491457431	4.267074550908789e-144
20.000833452833483	-3.3886585193013303	0.8484550653298543
1.8044708649112566	3.8575515876294197	1.9755595773532482e-49
27.163020635720663	7.5311456366050535	-5.1256244722010436e-307
2.365631290270883	1.1345354858327745	-0.00015194731138409439
26.081114990757023	4.978208586984909	-8.877313310609615e-151
11.433106008898333	5.440005767115355	6.511299198906806e-158
17.4810559004957	3.3445373997261214	-1.5426807629086628e-47
32.4216448180357	2.634315206448214	1.9286882721896055e-51
13.640861697978824	8.200451718616574	0.0
19.570502838547913	-4.796899266792483	0.9938661587114123
18.471226462933306	-2.7839557683863063	0.5725018324502572
3.211426816694704	4.424066662285458	2.2813828714590715e-84
14.672192670557006	-2.9034842577620985	0.7649854446555552
21.77675669032304	-5.918120633858003	0.9994207665680528
25.23825264485869	-1.2170941905536061	1.4287612170260187e-10
12.35834891560925	3.4430182614344993	2.2034584191412702e-44
17.86155650732901	9.126663891375802	0.0
30.163117371642645	3.7799719977859745	-8.780255644011366e-86
5.95772453938754	1.288871604910046	1.1281134654690263e-9
21.702448114921744	-1.675553742670207	0.00017202034145510271
3.12744621692809	6.563095465349232	1.5311686023573462e-214
0.5517236831610375	-4.617429701378114	0.9999941314009225
4.405608709929036	8.028196885387135	1.8292008982327312e-305
2.802607579465468	3.6106111680337953	-3.0207517887637556e-37
0.3470797359119729	4.831610811161575	-8.598792728638663e-104
10.64112000843034	-5.10622097956389	0.9990300934837493
13.873387714735049	2.844158603589179	7.29922066857139e-28
2.180447750760511	6.370864655703169	4.050220824862294e-201
30.051571665816866	-3.208500367836603	0.5721101392333418
8.487951420171067	8.497846251215094	0.0
8.780817866839623	9.300191376222092	0.0
18.64153582059588	5.910704413816628	2.3747907738353813e-197
34.07296445391332	-0.8076601500529641	1.8341798233724863e-27
2.1987753103437586	4.789273577168164	-3.5829520217725486e-108
11.954559857796925	-0.1808717282648118	-1.7388046724384683e-19
6.213001200492738	-4.243917215601844	0.9969315569151961
22.120242296333334	3.041919981863842	-1.9046365017191927e-45
0.4842570301880682	-1.969793703305747	0.9981162669439185
29.879995037952714	-3.1179078220563383	0.5068165109865165
34.88447076348954	0.6973456295346772	-4.8797486544048397e-51
13.872589538949226	-1.9966893550132347	0.15539641468157853
37.283628321207445	9.675794139951254	0.0
4.99337544620092	8.639959324646743	0.0
3.1071649596232698	7.205890230016202	-3.7135843761168624e-253
18.53522817911243	5.129632210367124	1.1290979332781342e-148
34.49962587635222	0.328365953227717	3.490938187005917e-51
39.790714196472024	-3.9638488971252457	0.8422499675823438
36.01046507900976	-3.1028900226836704	0.3618034477938931
31.90527861723294	-2.1788223305602727	0.0016758583610206074
29.235011243450348	4.085648159467837	-1.1680143574154885e-99
1.384398122232261	9.469757145004287	0.0
11.635510520473595	1.735910982094662	4.3051283250841145e-18
9.06240176644067	9.963168837173221	0.0
15.971699811895776	1.0078848606358335	-3.7422066977726754e-24
26.461111697143142	-1.7141625484968515	1.0997076904335752e-5
5.938678966692572	8.097896033822774	-1.0873894570276e-311
32.356787333190944	2.520475982919155	2.047933633211994e-50
12.116152538167361	9.766782055691792	0.0
9.919099494850943	8.463750864472658	0.0
0.5154611381115102	1.1483760064589603	0.07878803230952945
11.627653169738409	9.737681200946142	0.0
35.115918737769896	9.713856636993587	0.0
36.23581260791128	7.621778211271433	0.0
11.635027547566336	7.860931068681779	-1.1868861871460918e-304
0.4824585282331052	7.6387567231658515	-4.819718569384116e-275
33.773662935920946	5.4116598935080304	3.7225093312854896e-188
7.123561983420132	-0.3916063951203377	2.194088465686873e-9
36.38706944003437	5.640614158196019	-1.6217595532142567e-206
12.381838039830262	-3.926576470888122	0.9813561664829091
21.09715230136186	2.482107359082672	3.521110980937186e-34
35.24844933123664	-2.978469116973674	0.27383879661118016
35.04617974303636	-4.964049405701719	0.9867744361406505
11.646244111199838	-3.8110253732638455	0.978105215436951
31.69493272182911	-3.2641784383953443	0.5796757105403874
2.820735331480309	6.560945740176425	-5.232068682674966e-214
23.821670774003355	1.9875673691136129	-1.111301639961424e-36
9.652774518564645	8.59271958924538	0.0
20.60177714799327	-2.679702515037789	0.41241212245467507
18.06692880292174	-3.7963425998741407	0.9491134599318072
36.04645274361541	9.08068237930259	0.0
38.68074459754041	5.431834979926688	-9.722626741659272e-196
19.192452737939004	-0.9316111398641951	1.7285318765031258e-11
8.094713693653839	8.729874881257317	0.0
29.087052330868858	-2.785333480880759	0.25196651599892095
33.05708274865561	0.41935575025021876	-9.005321061360536e-49
29.560931157960223	8.420779817361645	0.0
29.682948030336327	4.311129871940356	5.0614909401004535e-114
38.203273439435705	7.955709068918569	0.0
32.676085674477164	0.33115133653805273	1.1459923759326469e-48
5.223506353477534	7.232881509989543	3.1954468579584846e-258
0.9598723149588466	-0.5463864626458452	0.7643057589627871
25.055939135946684	5.353681312336651	-3.2242914912557004e-173
29.89920562175522	4.963832955600079	-1.109335348447029e-154
35.28410530209515	2.5316707072553157	-9.732353148291831e-55
25.206118355738592	4.687553552347154	3.2050057168103867e-131
26.902893770545745	-3.3536214435359923	0.724079098186079
26.438743616836668	-5.387503440536076	0.9971085567505891
36.06187563078199	2.992954181174447	-1.912381030372253e-62
13.14493224726105	-4.030652332904378	0.9836865287616101
14.702500074668466	8.61601328614848	0.0
13.451358873434556	-3.380407831523499	0.9264125422893961
23.686007798239316	-5.604010541459285	0.9985859035301909
16.777263326309498	-2.2281953041692653	0.19931845359059186
