3.205941030211312	1.8935020712617963	-1.4259568387827231e-6
4.404470513595007	-4.833888860275543	0.9997737311984592
26.615543062971113	-4.60275428118382	0.9824412177926882
7.602837655827945	0.7229667531112831	-8.12740666187133e-12
38.28950255962469	1.7524785445498772	-1.2271645915592914e-56
22.618536188216833	2.696649726497924	5.296995094170361e-41
20.09519837533285	4.879816589868579	-1.1980130599300684e-144
37.86477561544222	7.103750027000746	-7.474321798274353e-306
20.307414458256577	7.699239742603044	1.0717073e-316
21.34839149312445	8.139010942790055	0.0
30.326769288541094	9.945200593732842	0.0
38.78601663848195	1.7581083670807516	3.691593811031428e-57
37.2631594993305	3.4919899605202716	8.235822595779518e-88
13.379641233194139	6.407619989426333	3.2327504753980094e-228
25.5398264049818	4.9994906756453155	4.809209545474608e-160
6.439836700992448	3.2141730099338623	-2.655785867355142e-32
34.814906613697964	4.678676702759418	-1.9408236616069035e-153
4.633040987422654	0.42156413471110454	-3.7108887447139323e-9
35.96413348615618	-4.39710159142621	0.9494945300602087
27.15186864200564	7.271751965063537	-7.63471771792977e-300
6.559192073942408	7.719992363799012	4.192916017986997e-299
1.732938960349998	0.551837175575205	0.0022605111492965263
38.589373988009164	-4.456908025906358	0.9493286719002304
34.8311445481693	-3.517478136828718	0.6921541263937445
26.122039222121373	-0.4458293882005222	2.4562577416225223e-27
4.6928748128595545	6.666168400093962	-2.648446678523506e-231
26.318803702666585	-5.240321202112245	0.9960158724206453
12.586309934929567	8.926640775448359	0.0
3.4909522890239586	-2.827186999597629	0.9874168214325227
22.446102666571367	7.796079226097046	0.0
9.029150489813722	0.4299998104167848	-2.687558248242752e-16
11.29096929121214	1.6456373243259996	-8.98712654327119e-18
27.72518332129797	4.918072262715093	3.7534058676202295e-158
29.22481833072197	-5.206624091195046	0.9947067005872455
25.216864173794296	-0.3736671137243448	3.720070212672666e-28
17.77516770874913	7.857692952321319	-5.0e-324
36.41974644057223	3.0810004169244145	7.114585006330179e-70
37.67038849562782	7.778357754788214	0.0
5.44917331006927	6.1074795641271855	-3.127177375369605e-198
16.466496034902132	7.130883441643483	-4.019404116606236e-278
38.115840590777026	-5.656231736377805	0.9967988138812333
31.055786228187714	-2.110065527755978	0.0009029802067008702
2.4985936127914896	3.053264472585745	8.12214862088751e-21
3.307326364119924	7.178853969966092	-3.732288298649132e-261
18.703922179831046	-1.90742744723876	0.019966634491660546
14.950157346475828	6.162065002291946	2.2983966738941152e-215
5.707696444516507	4.858752777268084	-3.9531581256285254e-123
28.29121045973395	7.3868605094582875	-1.842610834085924e-309
3.801607550920129	-3.6821722713954728	0.997886132272064
19.769449536888136	8.726829499141648	0.0
6.556516508675356	1.6197353918377004	-2.580816341001659e-11
24.998324841554904	-4.759703081633059	0.9891579152244425
34.88984825448687	-0.30259435549079683	4.356118874593254e-43
27.966712873752122	9.637387365160247	0.0
37.67656825307092	-3.4157719840674226	0.5803204067274178
4.617693737277267	-1.9415083150288979	0.8269409201091886
38.473655058278375	5.426562076198209	-9.335963840722448e-205
8.350254339507208	9.647933126232239	0.0
34.34382775651474	6.230237838209501	6.628832250693518e-248
35.90924762331026	-2.6092207291514207	0.0437048017998818
9.940880672586522	9.7084248170498	0.0
9.63847545028167	1.868909537237311	-1.0048330763541847e-15
2.6703507218001272	3.690102055521436	-3.133646955138522e-47
17.030724919060066	-2.373359515692755	0.3120318321955585
15.023316190299008	6.978173574475441	1.788551025579815e-265
35.255724377318316	-4.102131519333412	0.9064650582455068
32.703577935646926	-2.948807601990424	0.3025583697979978
23.8250080086629	-5.057293826025518	0.9950220686185604
17.721857508969798	7.661243033524514	8.160947471487e-311
5.417881779150541	4.315119552059297	1.4322812228632794e-90
18.759030280490663	7.2261318225274636	1.9358951967859088e-285
26.68350204298546	2.399926965483747	9.847166737182115e-43
7.862805688550148	-4.310710265675635	0.9965189556966655
7.230445044898208	-3.0500958816854578	0.9496375928346552
23.630384148171988	9.106330079385394	0.0
11.527667225166386	-0.7827669201157264	3.27231813336177e-8
34.64136402062968	2.798637315644733	7.029790785063451e-60
12.237368518462874	4.839972540555358	3.434935844789238e-131
0.6781406850367846	9.207477383421356	0.0
4.330439129389431	0.6805473527784791	-3.4081877613053917e-7
31.504371046453283	8.720129264471193	0.0
19.630385201009158	5.156529274618347	-1.848637706779786e-160
26.381341185018282	4.513998077344276	-1.3535631782334698e-131
11.548513931031342	5.797736928693368	-9.948239445663642e-188
0.7912830805787616	2.1616989628205623	-0.0004900777019584685
0.4342134879844161	-0.777657039623584	0.9844313814189437
7.98228554334637	3.012521462898352	6.830033016014537e-27
33.83985968528886	-3.6221512628243673	0.7611362474231769
29.205728678861025	2.2798141093063116	2.77840216274791e-45
35.25591602298823	3.490599221275005	-4.401937578064957e-85
20.661606048577145	1.44934313375202	-3.379844993690689e-31
30.514121333402514	6.153794080627684	7.517090273347794e-237
11.98015348827601	-4.045083829447062	0.9859643265284055
13.699371721393753	3.7571608984470437	1.6687157120956978e-66
9.692987048238626	-5.161471933102753	0.9992366004835445
13.72611005122189	8.153760690859116	0.0
28.606033564114195	1.0325514180203683	-1.6850064079975604e-44
22.924415808366643	-5.822892436811788	0.9992084889726542
26.347092942145732	6.428047337406387	-2.6653823294580052e-247
30.56994663689131	7.679222333730408	0.0
18.812575774151156	7.712855837309295	1.530623814e-315
17.494450294984603	-3.213939204110183	0.8337510623539037
38.82189602411104	-4.156749606076403	0.9002948065230328
4.10099551763309	6.577383277751078	-1.2060365902393619e-225
11.867661926236668	-3.0329089670086304	0.8673566934452994
17.06487925924432	8.77567561746731	0.0
30.91168994732543	-0.5304758853513256	2.7719370049175092e-30
4.205367126811917	1.5591169040549602	8.589292259338308e-9
20.862319636709554	1.4964164449980828	-3.1481689598623776e-31
19.3760313226945	-0.7742546001728492	4.665223594119874e-14
37.20989802839493	3.549597849835653	-1.2559948109361225e-90
18.744658565923938	3.8874469079649323	-5.423386676617111e-82
33.33528622897147	-5.53835995855265	0.9967894768015916
9.354761668468896	6.3927761883341745	1.2666087353068216e-221
5.475024769215366	-0.9297545314864912	0.0567467207442304
7.314342507832578	9.615806180646093	0.0
16.804742924437846	-3.7001895443902058	0.9465594289461952
20.84605240478875	0.0916722661646574	-1.8553492303963247e-29
2.030088198442257	2.5552427112015508	9.09850718911275e-9
7.516774217489178	-1.8263290355680866	0.4084234502644352
13.168290662400745	9.713042823177538	0.0
31.060898058275914	-2.2863027597342978	0.00813759454752566
1.6652348867974653	5.060870304621986	5.35846415948577e-130
3.9330909776974825	6.502123837279932	1.904361023326209e-220
28.931864175889444	9.241067475439294	0.0
29.760363936499516	5.632031557790537	6.598415952264239e-206
29.454211724738997	-0.14008158215407818	1.8223035492937627e-41
10.876631773911894	-4.35138298919825	0.9940077274476173
35.0903715629273	-5.316971365555958	0.9940837956902698
3.2901351625674797	8.582626059645243	0.0
12.718947610524195	4.275566048287612	3.2444406276076196e-97
35.54632632173958	-2.0771224040953875	6.613715337277305e-5
34.846092322633076	-5.481677057292586	0.9960035221608512
12.42126334186374	6.940093412364174	-8.068582771118644e-259
26.10186584557185	4.21907370310802	5.424361592500825e-113
30.442181915841733	1.4694359162267574	-7.048589330830368e-45
2.5563922745427936	-4.178457608477519	0.9997223300325934
19.591785871106932	2.6017139255153623	1.944279440277809e-34
29.685796969465862	7.274045455155218	-9.311374703374482e-304
1.7076587787508406	-3.3950307410512615	0.9992488667760415
20.571204181341407	3.2791822162518507	-3.8686209662853514e-55
2.8800897539600863	-2.0592356153855427	0.9541606531035655
31.691759006401295	2.6189497705527316	4.569177502406486e-52
31.239191847651686	-1.6112334144367892	5.802984084676675e-8
29.853943518730933	5.369656491551805	2.327671722721404e-189
24.266546094540907	2.756224767649087	5.909099287568243e-44
16.343975736980326	2.6325581060806087	2.991303188326532e-30
18.340533806954078	3.2113315606128907	-2.5694300885912784e-49
24.333821980517516	4.010909946021915	-1.6488634601880843e-96
31.840936033030157	6.63461657188769	1.4419471600017076e-268
18.02392236364013	8.376621952256063	0.0
17.87803566420009	-1.9166035210270174	0.03009782452659155
16.51730556268932	6.9872610557917625	7.861078446873988e-268
32.886438783097915	4.845409423286451	-9.9499973225804e-161
18.933015580185607	-5.41115561066017	0.9986328833251203
30.86220384103584	0.5384325830871681	-3.4976389291889256e-45
25.163994982880713	3.10857105701508	1.3346955073393655e-54
1.9338469977106476	7.683033954244113	3.6023737972780256e-289
16.72559730807164	6.802773434891581	4.5199157159140554e-257
21.541541870858694	-0.1710060572649823	4.482097630933784e-29
11.989269303398839	6.762130282159546	-2.6988467377864143e-247
17.030721682725005	-5.112681476168831	0.997817414580166
25.817314349602537	-0.6847954633332733	1.6048286285255763e-21
4.030147178987904	7.235687843947947	4.955140673691427e-265
10.65083896098774	4.119667053558718	2.808134336291383e-85
36.42145191185202	5.772840155831673	-3.11058792388969e-222
5.7763286730810295	-1.6517917148781542	0.5143542008982565
14.357657339401996	8.810223574050898	0.0
28.917754742671868	-3.089527781376468	0.5080681387855635
2.232079489224728	9.13785216064673	0.0
23.337392069261107	9.285103171321992	0.0
18.87925275618441	-5.546879816645241	0.999005614705066
17.98609786513316	4.368045469300508	6.616685113418977e-111
21.687807345486288	5.111053844930556	4.791947003305901e-161
14.92792811556397	5.321882746036717	6.422745942570688e-165
3.5679974409133264	-2.104932449338815	0.9338446613396943
27.93173331791662	-0.6809864836127311	1.1101795757649076e-23
19.365231809048456	4.712897856558683	2.1323894789233844e-134
7.1579172800599205	-4.517000093346962	0.9982707406133493
38.94866898976655	-0.4767780200539562	4.0862489687956857e-41
37.953059966849366	6.698189801139826	-2.3289944266998542e-280
15.092639187322153	0.46533174122088994	4.239109913556095e-23
7.283103889139251	-0.7400284665506582	0.000428907785058989
22.301253654382023	7.860470986876226	0.0
34.581567043373525	2.224876168688496	-1.771575905601062e-53
39.430029112757836	4.378706448644152	-6.196664970177965e-142
30.44028901386253	0.15547304928483285	-2.526515790354751e-43
24.011389703568216	7.85471668579903	0.0
22.042532145192638	1.676537357745211	4.195862688146701e-33
24.734529930780514	-1.2016414290725947	1.688128753336036e-10
2.691914394502458	-3.801643768843867	0.9992709352610111
36.97295162000945	-1.197606740861108	4.836521613919662e-17
39.19262629416132	-2.727408087373256	0.05764402205978239
38.80493501296819	-4.368330752873373	0.9375571391862726
37.71013154680058	-3.780215770915067	0.78997939669664
13.65513205918946	0.03196303891439811	-3.7527088004653456e-19
15.938131579277982	-2.5219756868850567	0.48029674821705715
35.33353225585075	1.1983817620014428	-3.978562736152027e-52
15.458066934599731	4.240401328991702	5.314495470509329e-99
38.61793135867591	5.561646867075549	2.691746168837793e-213
