32.53238553784861	1.159228861771549	0.0016852914997844662
15.174050249985633	9.418424030802793	0.48572480751819175
12.124178839369362	-5.976619063485437	0.9998758925425453
15.426886433077602	-5.9922872381416035	0.9997483804687775
0.5744070846713811	-2.9377044768846723	0.9992302525055753
36.19562202142091	1.009670181818592	0.0006078969589738066
27.812921688223962	7.286825752783773	0.0045639432410225535
9.5277483370295	6.3782617199698315	0.8307071860834858
8.481869884748127	4.267951241643672	0.8733901125355135
27.02028546763045	7.002656306692813	0.005817124325846462
32.3870128077233	-3.097537670061701	0.4620327492862784
8.991918475373348	-0.20858870911569838	0.8542240984470949
17.871196713415344	2.594361355952202	0.2702864398455416
8.832255931142917	5.9479569884839805	0.8605961568382572
18.42116010560479	7.236964616146214	0.23002153092013214
14.58678073346332	-0.8435037465195379	0.5302148256322028
13.49206238867782	6.025646429728642	0.6064514237990541
28.188450222020553	-1.8482709899921979	0.006548806305883221
24.964230052106952	-4.576907823171382	0.9835259667596158
19.548129414278865	6.324672795730525	0.15795594861825926
21.214649997424438	6.2092050803448835	0.08153455613141657
5.246764812839982	5.341714203917192	0.8866626444850094
32.98391601801019	-2.673885752900336	0.15020056137356144
25.28448606729131	6.18368842879573	0.011765831555748275
36.3972599529704	-0.03735677393228798	0.0005685827208204233
14.801221463825005	-3.500029933416034	0.9377134585509824
13.64521301978377	7.683130610791647	0.5962872743336117
14.478431298227902	-4.385879859687854	0.9915838970462797
5.446286853432265	4.060744424587391	0.8914010076756262
17.010185499937503	9.404762848813071	0.337888830198994
15.612310857518068	7.939964373506772	0.45124489272070156
15.732888906276667	-2.3119497508917526	0.5808629951887407
14.005428380303721	8.865652463536321	0.5717378395066248
7.472287240408957	9.602227797801785	0.8991059347008455
15.931949251304305	3.34617313290941	0.4255658076588592
31.700285320176494	0.9566230509360416	0.0020196273990410033
24.975074591689456	6.265415788932383	0.013602533918101754
32.71992015901475	0.6443345724836078	0.001614113981485125
8.354223102654627	8.700910823926815	0.8776028714511949
32.289723763385226	8.515783860835864	0.0017796962274182508
13.408338095837776	2.8578730607702987	0.6119418252905535
12.174851807587823	6.646157615455852	0.688206130885141
8.707972718564937	9.494308284797661	0.8653309567720067
12.796564418698763	-0.9769780471114302	0.6510054710373029
26.59486222013882	-0.5682666865843231	0.006769361044924881
13.330561389266082	1.2549336296820819	0.6170011174501032
19.654625737783284	4.546718491797019	0.15197484014671295
17.640790659351996	-0.16665414316004146	0.28793042813334957
18.910410110848943	-5.327328581972306	0.9981671461819359
3.736682166420677	9.161793345160891	0.8374268511667743
1.0033710502602398	0.5164617126253859	0.7623385134937762
21.105304723682462	3.6886572115950997	0.0854544051565778
11.984006366142014	3.6354351785362873	0.6993786008489496
32.89295432160434	-4.290868059209654	0.9467764692064604
5.999715376443519	4.792274628681486	0.9012362757258716
36.05653600162137	8.639884269288164	0.0006361980627673106
29.15742120188218	5.051092655869429	0.003325165170447606
28.68374068543688	-0.3646043267936996	0.0036796289041134025
20.962838051023315	8.744842908436418	0.09078139760601525
20.748329263706765	9.801474694562927	0.09928149754943433
22.764590580311577	9.065099538308068	0.04007405344237211
32.542349514240726	0.873139590428508	0.0016814807663975931
18.8032196760248	4.113333009566169	0.20387711169231618
4.2742189895030105	6.664806731614636	0.8568315616492377
20.452456482934313	9.543814381885316	0.11197488824726853
32.38393250908743	-2.449820407231016	0.06488011063592632
39.11861502838749	0.434510464883747	0.00020939993494032696
14.971823557513796	7.616836421276059	0.501273656580606
38.21930920636675	-1.1790735648819073	0.00029962200052360014
26.43056104224365	-0.8236869515849286	0.007208029463483896
9.212487853265632	-1.469304336411156	0.8507945969151309
10.451126386657592	1.2923066810846038	0.7845872587557594
21.559491629679826	5.137849905539486	0.07010198701157828
29.556015749010054	-1.2812110536072687	0.0031192949947274643
7.1166714481483675	3.0839142952547896	0.9036111508849329
9.861553985112176	-5.541407290823692	0.9998461725648015
18.384077573566834	1.9930271174799188	0.23264407917394966
31.39616000952221	1.0484933829135556	0.002149509158491135
15.529001624881339	-1.4053903186214178	0.46304308715940923
36.77121978528132	-3.7505996070401864	0.7890459746927558
4.41174838243605	3.4388104517623894	0.8615716785247063
34.58375693679805	6.015624336885136	0.000997213909447435
38.101346137898304	-4.805101206604235	0.9775121491104325
18.529080013867837	3.617822267653139	0.22247225271354495
6.281741200339208	-1.7314989453269654	0.9182857137533963
37.75890518074086	-2.962804815341279	0.24043455186770946
3.630303414831689	-2.7850790030373496	0.9783001873355539
36.7804559523164	1.7684461907188656	0.0004992632438363039
6.964122564170403	6.702412556192062	0.9047633726188434
27.397975144184475	4.379390005301101	0.005149612921969936
14.368762610877743	1.217875708135871	0.5460282273573505
9.396910526943469	2.950609470204931	0.8367188020941888
2.3489574799620025	5.15611053046813	0.788973197311685
25.202519689277327	-0.03425763315274821	0.012222000605830726
16.892901724258696	-1.5240424743128997	0.3562064501717601
0.6078532648626247	8.149330794321898	0.7529348381959908
0.2471673063661733	-2.0389415582027155	0.9989973205120085
29.999178146408468	-2.7839725532271373	0.27947351888018823
39.49464116805722	2.204587250637868	0.00018015820069573076
19.554568491704273	3.2033751772415435	0.1575900622583394
30.933842006462378	-1.888569869313205	0.004469559556204137
17.611132078485117	1.9929732588539117	0.2902273921634009
30.960304000467904	-5.410068598945568	0.9963251918777597
19.27242197327462	-5.501171210888344	0.9987264181166446
36.02169632208928	-2.8854366323845717	0.22037409199693989
6.686109070928582	-1.2224547766555034	0.9069381413122048
6.137313762076393	7.824770238263717	0.9028476668503658
5.884300151816044	9.497616671700733	0.8996180922376058
26.208400708324515	3.1673494607528667	0.007868365898218432
17.012969746169432	4.257367810189155	0.3376642621908942
17.596553850797175	-0.6678882518989475	0.29137433046164235
19.570372142976982	7.302363655630344	0.15669436445428336
5.641684074293729	4.846330377701161	0.8954567714064694
8.221174433411488	-5.440342058104651	0.9999016105050129
5.767194738821278	0.9085743061725964	0.8977352540092339
26.91758266020618	7.858387974956575	0.0060255192998227465
21.885559217233453	2.238943269588521	0.060529835894074124
27.661707564119197	8.345101214322057	0.004761932860181459
12.50888528157246	9.624732651236258	0.6683013129528244
21.122335326875785	-0.24273796348822074	0.08483530100612358
11.67459813048891	3.219095111987418	0.7172163659300616
7.323292434440958	1.5669033787756312	0.9013008016757077
7.299870475827235	2.6933666150349964	0.9016056842702039
10.54350681773778	6.801556562614046	0.7796988201398799
19.117552036381912	8.289680742601004	0.1836472859595
31.155587321065756	-0.05109681123325771	0.002255474495479914
24.58559752197351	-3.175007992502099	0.676227012955456
17.200289081164232	-4.478623956630596	0.989459313104731
8.717085357071522	8.818345289139582	0.8649908942978219
15.746252581461816	-0.06734665773449677	0.4405306731436393
4.85817998898312	7.463334234044368	0.8759121203081452
33.60033737444808	6.83819407755216	0.0013014186579790661
18.55759632481127	1.3991649127925179	0.22049830584071978
27.296307957082742	7.889694918864084	0.005315201183755477
23.388153150820983	5.484576167352277	0.029581662570433195
32.325962416793224	-5.2210199698735735	0.9937990247369971
14.328331751705834	-5.895185837956287	0.9997433510901276
26.428624489310046	5.5575908112973345	0.007211207706894702
24.256697009519527	4.771655720522418	0.01927095684874967
11.799876658144369	2.194694898178124	0.7100330687186727
19.545999360660897	4.466179181124716	0.15807710511849987
22.68325311031754	9.250245339170998	0.04166938772192019
36.46087169782259	-1.4851885315169753	0.0005946015428472881
6.240640986067532	-0.13383403946993866	0.9038264122115153
0.4761112295619314	-0.5638466212519795	0.8977659985424915
32.743425625253	2.203142114806294	0.001605308119121649
32.158391079698355	6.563717855633083	0.001831847620202952
8.872076679583751	9.446262993597777	0.8590359221665641
34.33354244686721	4.036512154142233	0.0010698850159304178
22.066020903249893	-4.412950624126452	0.9805108173474468
23.987817384640085	0.1096366346562796	0.02200343257808346
39.41994870148696	7.4080928466731635	0.00018565989823689713
11.20143905030462	-4.13635894958994	0.9937154664252097
4.165913831286032	4.406809712560168	0.8530178065608998
21.33567702704667	3.9097688692956183	0.07736342931985418
34.29218840940188	0.8176889147300628	0.001082205317903186
15.097310773876874	1.8122143123975505	0.49165468261535106
37.29071538192662	8.654431824509075	0.00041749166594047315
24.858877007263718	6.050832483796469	0.014377690357705891
20.54486731326318	1.7230632476463512	0.10788795935182563
30.37189794556581	4.59714254367605	0.002624737025441038
36.58033676766539	0.539318629996778	0.0005345855901967987
5.939498621019915	8.579181437786005	0.9004218555785729
20.22189902903165	4.514020628130979	0.12266219750657899
23.522466872313665	-3.8009711715841448	0.9150453141379017
24.50335569565594	1.3233411337479382	0.017076358706135143
29.70548737184526	4.38443753830952	0.002981702704627808
16.19617385947515	-3.141268615625105	0.8424771768904874
28.48759397568288	3.8889583260655023	0.003847854910926132
34.73801716321829	9.910017234885817	0.00095405175181661
5.819055284304145	-1.3753919195083775	0.9022373980068442
6.89847234293017	5.93279028841555	0.9051134025971284
1.6207878939612368	7.607438824762344	0.7707271910704224
7.732385919499776	4.648771805036844	0.8942383300922757
28.770428250908452	-4.194675695634224	0.9494512028725072
26.276563092965844	8.58573923708824	0.0076557335975411716
12.943920070400623	2.716479788816688	0.6416021553242937
11.537171819226273	2.570993379121308	0.7250368537210253
15.216448084364117	-5.415495358199834	0.9990852000168242
22.000023383447196	-5.277611147980245	0.9973209728745659
30.89437453026288	6.69900325686163	0.0023740351481600875
14.594913914325513	-3.6583297886861423	0.9569508971435772
18.104365278908823	7.501708651045913	0.25287097150802607
30.007466014356666	7.865699460712882	0.002813516755631612
31.42695553692291	-4.370634247048017	0.9594184027494849
32.61115830493415	4.464852473237915	0.0016552141583815075
1.8611846599768598	-4.191776800591143	0.9995751146189242
24.64354773474853	7.98631889483444	0.015950411292497937
19.441747762280166	-4.656332515178164	0.99100462321709
13.436502783846167	-1.5882197561631166	0.6229490261939234
23.65471169297703	-0.8129640526056043	0.025945928444055428
36.20505318745431	1.777410191941378	0.0006060147818006583
28.30384067691817	2.478771246288755	0.004019802762455033
15.656741032348075	-4.146699768302856	0.9821618172870719
12.789952656329627	-2.9247483649811983	0.8832465591311596
5.652597842339651	8.099629240368476	0.8956652981532914
33.59327647071868	4.436780964200654	0.0013037798252292163
2.0497784938109547	7.757986332990431	0.7806353138700782
5.150813099759342	0.5222842281838638	0.8841852335789323
18.433454793945504	1.6300738684417801	0.22915528424555373
