18.041357267651858	-5.568054712373588	0.9991188928260071
8.22492099818391	-0.10964030022652693	3.200224688739019e-8
10.109118644763809	8.193261093947584	0.0
36.88294383740757	2.386497116821346	-5.167966900258147e-59
15.951633440143814	-0.5185460693637189	2.2106347150339674e-12
11.986944617660862	9.07380726021334	0.0
15.355030937380581	0.9512512230708161	-8.478092430839016e-24
26.820758837464844	3.884319798254783	-2.8997555865076274e-105
4.653612307484888	8.369612876219374	0.0
19.148025870028402	2.3394621308688244	-4.666367934642065e-33
15.870415742764212	2.368895022940947	-5.960334172035978e-29
29.91244255392983	-4.846635029156118	0.9873422616383705
0.3080571161739705	-2.8676814349620656	0.9998468558640315
32.33320242026352	-3.387187287230308	0.6514947234961355
10.37823751957619	5.974940871167515	-2.2049076814591033e-209
9.22545855046264	-4.252399904278388	0.9952539312505606
4.405652709568586	1.533377908275373	5.9324661578488806e-8
30.056345115445566	-4.08870347738592	0.9289956256520785
20.763786661700202	0.6013311533804675	1.7252947919820394e-31
1.541042104399065	4.642218903403066	-3.5723889473440362e-115
17.30617932004521	-2.263111146475957	0.19594817777682225
20.24299165134125	4.763850895987478	1.0519472944636761e-152
28.173408955010125	6.785942657405727	1.9128698580258003e-284
7.854430928876907	1.1237130697753166	-6.893001154806366e-13
15.933025460265885	-3.0554389771006782	0.7988059823979738
25.16448768304088	3.2984754663897746	4.798814520813358e-71
36.332781893606644	-2.190623186116305	0.00021294066384901602
25.832635262769827	7.317985828685661	-4.3299893606e-313
38.522902125362045	2.5819332694872195	-1.2252008041242453e-64
33.53646294083885	-4.711719532001386	0.9783915902697045
16.826797248074854	7.986315362275807	0.0
0.5142964944594045	-3.448279960211792	0.9999025081282674
2.160054844084356	0.4558569957080323	0.000800824522242194
14.632746509324686	9.61933384247589	0.0
36.040522340494846	0.1800463660833529	1.2264530640739422e-53
17.4722719329231	8.313621062646046	0.0
24.49231740613553	-2.197261394563391	0.022982105939522813
9.631939480857863	0.8022411346661187	-8.473113735569332e-16
22.814155368820302	6.807137427069225	-1.518370070952682e-278
31.113695931393384	-5.45936724915553	0.9966436464751001
31.110879046010492	0.8792958902538679	-3.3562191559563073e-46
30.368909689895702	1.382218572709096	-6.979873379206785e-45
20.683590337869543	5.372163421717136	-1.2078783947988057e-187
39.013742791935	-3.847649815904383	0.8056124215581978
12.488662869184582	-2.0506233865564063	0.247684042480789
28.20104618975396	7.842848053690204	0.0
4.163451348426461	-4.479706139056837	0.9996075138031579
0.21524683380310572	4.23439162542676	2.422707397329161e-89
23.270155786350642	8.34385191451182	0.0
30.66318983811613	7.665792054000157	0.0
31.213172213986613	0.6236554582237055	1.923130459513391e-46
30.366248385243242	3.691881733968639	-2.933531558075024e-98
35.64957360256861	7.5385977338269825	0.0
8.277981207485936	0.7744018558250545	1.8325610128340823e-14
15.051271519953684	9.471955564616028	0.0
29.917247828716064	7.532509167978564	0.0
2.7025157773266777	2.3159864443688143	2.1256738659332276e-9
32.38668168245178	5.0804911824508	-1.7450851416497674e-186
27.277756638179216	-5.649508501323492	0.998333712177091
15.774111505853222	0.3608245169828841	-4.760074113389951e-25
12.220604169418245	1.7293624963663596	2.4912869972700574e-20
5.738511508943918	4.548811772294307	1.5088497988114618e-115
19.238528042437522	-3.6866703322016825	0.9266709796909949
7.5509190416793475	5.899659145471247	-1.74091516190755e-200
33.238137729079384	1.697063325851314	1.5798438865820512e-49
15.622130216538517	-3.291991863787853	0.8821153854256806
39.66470424016427	0.8042045937499012	5.947049311065421e-58
36.3892249490394	8.284515172794102	0.0
12.74155784538203	5.277169490633693	-6.0858375864394134e-170
1.3311978115878884	3.7172752604917285	1.0391760732525437e-58
14.067741590094776	-3.1784962037518802	0.8756516847824491
37.213897665826096	1.0727180535084102	1.7072770447921203e-54
34.98612229655754	0.6856195356341352	-5.559699444611373e-53
29.555950702925436	3.7347569380447823	3.152480785161182e-99
11.739855953510684	1.2573505319279263	1.9917334210253292e-18
10.685314619859318	2.8727332962812575	2.7952579416885207e-33
20.307205576496997	5.195357727646186	-3.1881452934270563e-175
35.24142070404935	5.968321118020576	-1.1011532629332909e-245
9.810201590561883	3.754364958324384	2.32745028606263e-73
9.092411217787793	8.230001125922811	0.0
10.267277807912714	2.5429734668675437	-1.4216604671221535e-23
30.265908046562778	6.826514496853093	-4.8528914318619793e-290
22.310625534775866	-5.199968591202779	0.9968657758099037
32.7615330362732	5.366868020378256	-4.1461963059950495e-205
26.720160170565602	-4.956718673252833	0.9921436012298298
26.809213486335175	4.608887641420949	-6.313872797117357e-149
21.65450941674874	7.264178379374005	2.5818856953850804e-303
1.1560936964551563	-1.2520543258181291	0.945184131851641
4.504837931803073	-2.2288453184032733	0.9186142605805326
37.997277834335904	-1.7073443591524047	4.437811127938032e-11
27.579441465609733	-2.3798412903000603	0.042662829143165625
33.97089594328484	9.37915361060952	0.0
34.052272165763554	-2.209567440589854	0.0008201956937888237
6.01102361515019	3.3499753174423645	7.418582777044046e-46
37.282890357312965	-3.6006532177636927	0.7056898363249028
21.873249938497363	8.916350206243727	0.0
28.416569551741464	7.585238538613098	0.0
37.18643309100706	-3.4279457732989798	0.5968588172131134
15.936343396388358	3.545015939748499	-2.7784386194508526e-71
0.207577832357537	1.130923190387815	0.4952129277963288
31.526692580674986	1.9285353317753682	6.62288608255615e-48
0.31488379435133035	-2.260818292131283	0.9993559693103531
26.617144947334598	0.3741942379743257	-9.853459768916884e-41
20.72184027670464	-1.5334608383752446	7.75643244215792e-6
32.017231819144136	4.516264755845722	-5.390271180263576e-151
0.4462950365411318	9.960521732878796	0.0
2.607969161671613	4.22156276069375	1.9920690092059446e-92
31.307317604286194	3.8314796784428005	7.379880724570624e-109
15.374293461512032	4.1798910864910575	9.087087151304425e-108
26.50964864850868	1.3061351145955875	-1.9671751013437047e-39
16.421549948027472	0.19907832663963987	-1.5280966456234525e-25
28.694429413346864	1.7412498076412106	-2.6069067819114424e-43
6.587050163265992	4.033721118371695	-4.0445112868744826e-86
28.438841136918143	0.27529442450321184	-1.3245431484644629e-42
23.986473406452934	-4.251038711504847	0.9682529960155325
30.508830440065783	6.808048544217744	-2.3982817511494257e-289
0.5161753299754019	4.559339425363618	1.6305518464298078e-108
6.317571820604254	-3.28660250159038	0.982174273581479
37.622738806243085	5.2974491243241815	8.582368399796835e-207
35.766313189313294	-4.508552299879103	0.9611103192455992
23.84317354797948	3.4144650704968385	2.1732831534319878e-74
17.506858958556627	0.3257584385499186	4.989659377858242e-27
17.030152355142512	2.8298952007326115	1.3982451131303834e-41
22.955218744331223	-3.927009455926626	0.9396052815494494
37.79839287403706	3.4994039306901144	-2.4611971365413667e-100
27.050641490725695	-2.527347307401513	0.11488715716245045
26.806528222308327	-1.8509246919785163	5.395312669577235e-5
38.83459325368618	-2.0268236387913667	8.219028843578708e-7
7.95639634735677	0.4071993574360704	3.4115654403228695e-13
19.262812955074303	-2.4256616775177413	0.2498773352082563
25.196759863103715	7.645821002499165	0.0
11.323862238257586	1.8678824652224684	-6.382372834269836e-19
14.285143019796113	4.459769210115063	3.037322948935045e-123
20.934487015095673	0.6447559465100738	4.481425004416765e-32
27.606595705625956	8.064080859846403	0.0
1.5904218245105572	9.857151656287574	0.0
25.74797158549833	9.430584496294678	0.0
13.415766002778094	8.060019116604796	0.0
30.738912332580934	-4.797142533164028	0.9850370037049739
12.651404857908206	3.114556288858928	-4.8859537915788734e-45
18.33021296682678	-3.946970628070325	0.9627059752484922
36.97931631210066	2.0861927040712374	-3.4787248556006883e-57
31.715405866425506	6.427238317135625	1.2955322645579036e-266
9.188754660777072	-3.709458992806283	0.9836765737365107
6.584792996587151	6.352960791885799	6.586863256027071e-228
34.20747727498978	-0.8736107734539296	2.118840222345455e-23
28.709516343074927	2.8986841792995968	-1.7039567975554621e-60
12.872428351978183	5.049586609475142	-2.0972186236952998e-157
38.28262580354897	1.6934513492692922	-6.060792679944274e-57
18.954232585170217	-4.586837627918985	0.9907359522286399
15.80378667466329	7.159355898185751	6.905042318935322e-292
11.306601488912033	3.2572593844265505	-4.38205226517472e-50
7.0346060267064	-5.735615056309911	0.9999163820353917
9.621715526282093	6.249755592232098	-5.447620826132111e-226
21.34607653690461	0.4712673081997316	-1.2538077554024524e-32
25.736775347439966	9.800637553526311	0.0
25.778455159215543	0.880595235015118	-3.382367327535374e-39
9.24116410086402	0.9985822145947196	1.444933084785513e-14
3.1430208154288914	0.6369697636539158	2.2065948124648885e-6
16.41356201317802	-5.789494810626223	0.9995604609744234
8.013430070034447	-1.797662015018119	0.3858531056856794
12.521873180946413	-3.926513030299205	0.9812753029008094
32.301446839974545	0.7361007707718876	-6.232532962468234e-49
31.19400899903256	-5.0573020748313375	0.991507255903937
12.341686965101157	-4.370066235449546	0.9934059470755902
1.9526481072739001	3.699980092468511	1.4718482796629218e-57
11.112368979765563	7.5725449994725125	-7.23622074342082e-307
22.905419318377028	6.592578520204608	-5.916550736211817e-265
13.587006665431876	-3.6615744708184828	0.9600004877135322
33.31009946750541	4.487457369347094	-3.879425880435643e-152
11.203984670659027	4.340506872491133	-2.3075578805381716e-110
18.23780062847101	8.77377026645668	0.0
29.902366285048828	5.134307540073134	-1.2885115933887103e-185
2.453194738291927	2.412069465427056	-4.5990656000291865e-10
36.44484431650432	-0.5424506713240547	1.7779015631647895e-32
36.25808512803499	-2.786025330574219	0.11666057491943849
22.79221696536538	2.7083222288989255	-9.684343958897543e-47
7.143545057795082	8.41754478226905	0.0
7.482929728198483	4.007096066940726	-9.076948359070609e-85
21.07446706316995	1.4655435187452888	6.042971462865748e-32
15.345650974790956	6.118728093055239	1.1968541638858558e-224
33.691452000254806	-2.1996929217709464	0.0008140861575536811
20.431436900546892	7.139730638808185	3.974553725153156e-295
36.65889951378371	-2.6892907492200955	0.06432431894443155
32.173317515162594	-5.489530136744495	0.9966519415359059
37.66110200445584	1.6731085173731763	-8.024161617191799e-56
39.1411280056414	6.038249632929396	8.672501264467692e-254
10.966492985690364	-4.495357684523473	0.996095164249761
38.702985662002376	1.4342343312558974	5.461293100167443e-57
26.502156477685332	4.3715932586193205	-2.521251220793857e-134
11.747243432423932	-3.811836599056491	0.9785497577973623
10.453248305368371	8.168804669140133	0.0
26.93997115322675	6.751428757739504	-3.114118575064993e-280
22.548789716487924	-2.0021893215322173	0.006834972925304603
9.657563149653356	5.628128314419175	1.692530646833173e-187
8.737380145837358	3.0096649828351616	-2.3776632609883607e-35
24.216354348304197	1.143997254210543	8.764583397212223e-37
12.14009451397783	9.368474336004827	0.0
21.315213638933024	-5.2148330618731435	0.9972348613034501
11.80781847405412	8.635775575276064	0.0
