4.43492210171271	8.685812598911962	0.7894509349499317
18.35307845556565	-3.8089218201067396	0.9441133008282657
20.31487000914469	9.984536514936224	0.14976635337872105
32.622656066162044	1.8620729460950827	0.005543012130813207
12.67174264089296	3.2901224436962444	0.6663713512029638
19.952304362561545	-4.836651666529985	0.9936641987359237
9.817531705924715	-5.119719728086977	0.9995419090490748
9.097548628366612	6.525299937206764	0.8258205424891609
17.343801373673543	2.3000246841904293	0.3414594840935927
12.36733306145879	8.069124181163989	0.688746216113606
2.536429088299263	-4.542167889212134	0.9998416096349337
37.07333321320572	7.384520028758352	0.0015091518364615628
18.60338387626142	9.9258775337027	0.25499730526758857
27.956362902203175	1.373757550647337	0.010296453446403257
7.941268007058667	7.936602061489214	0.8907355544765231
12.554261321720766	0.957405651287857	0.6750645240868957
29.46035356673987	1.36598253791486	0.008992321156823304
4.571350125396281	-5.610901617683869	0.9999247048515298
24.67853065609119	4.014828208454727	0.022015690884763312
18.069429423629373	0.6287600925387125	0.2916585383946826
23.074751419192808	4.135222775054569	0.04760889232028289
2.2829668049673435	-3.46150241675695	0.9983472973645162
36.73246192584101	2.404757956666561	0.0017052580903215886
31.026156725672923	-4.694921734365284	0.9810051527064612
36.46778356149884	-2.0930602867935733	0.00956163977615555
10.82358249404993	9.42734169695527	0.7728471185658542
33.80529039415463	9.790595628992225	0.004188799707323846
29.36186391175308	-2.841146171467752	0.371168138995861
25.50061825435452	-0.8206269746701622	0.016053148921176968
28.545625458188002	-3.116869327322089	0.5817726301707492
5.673728687571478	7.504589190096969	0.8274367049125574
6.036099754860779	-5.693886236392952	0.9999450626676863
21.667839214468888	4.071870690340695	0.08976401878323402
22.214654063119504	7.13512317310321	0.07107092021108309
22.745919327726945	-5.884112726275518	0.9993150866790838
30.187357396350173	-1.7112921662645384	0.011113982667205681
20.893239147046184	-5.4188704660632006	0.9982272984693449
2.8893169435547743	-2.2301593771296524	0.9674211981384108
7.397856405595453	-5.127569885609439	0.9998545059839394
27.430203615239588	8.573179018873628	0.010861686710919393
13.67626157022213	-1.7735493842893497	0.6298477803363137
4.204055282153872	-0.6897301062228465	0.7980528770974696
27.284008485703307	-3.5216353179576068	0.8129886463211453
23.02613785551238	6.879764703456779	0.048743863965086315
12.123711738569101	-4.665789438634967	0.9976855871994471
21.678225335987445	-2.6082137512122188	0.3953182463411624
17.505015350268405	8.153044369014225	0.33045068540592876
14.393897348282197	3.255233205254793	0.543463722689489
24.071817759455648	-5.374267733830749	0.9975939546338378
13.544281237341195	4.404411164668364	0.6026197667212486
6.306365693714981	7.224489657318912	0.8760061628500817
39.01491095467029	-4.279779808397205	0.9231568211780798
14.833909293288936	6.843635419670338	0.5130309591355074
8.492904011043194	3.3799732396633075	0.8587420654768976
24.77665694714529	9.748756731870781	0.021102344494844136
35.76933133896741	5.704063208131043	0.002362843323245923
6.916519389994155	-2.0417123459401267	0.9402094918485485
23.988906317048478	1.8300516859075096	0.030364787724035676
5.419918013105258	5.171878040037424	0.810178179454014
33.6433566417012	-4.200512152611541	0.9312976646702213
35.493027483313014	4.253847288227874	0.0025807255146814098
21.32387091441998	4.045630466371271	0.10308312621067414
14.854447840951298	-0.28462669689828957	0.5116099705803084
38.15339945555958	-1.5802464457483687	0.0011967534494227293
15.072822357705842	-5.072529628199689	0.9979606807591391
36.80947051590147	0.9199348927596915	0.001659322061460985
27.692824670054293	-4.045219877508085	0.9363394645531377
11.68172936598882	0.22240293451622506	0.7343776141216374
33.302534759785516	0.42624738867364087	0.004748379169301119
30.575379095932977	6.04042175691189	0.00791271690831052
1.8102233534320957	1.5301688211971936	0.883630736560349
25.82129683567078	5.254506869612886	0.014555740570726334
23.460908227938948	3.439227906157086	0.03939079224868415
12.397593780228425	-3.4208192857435904	0.9611379762583344
27.274603839836207	-1.4408035094192364	0.01186435977934611
24.604960205542934	9.285225335661838	0.02274171179106973
13.335851735959773	0.3967942900203134	0.6175301131070727
29.73276325071868	-2.0921099166895125	0.03617970278811363
26.53565405116732	-1.1247430196209045	0.012490363187384739
38.716065843243314	-1.0178811092005517	0.0008064915136357113
11.12109464634268	-3.9253284792971535	0.9910812825233404
3.653446272743302	1.8829545143196178	0.8360331577138461
17.894868884577438	-2.315063490954806	0.4523900415063665
32.626412914166465	4.1325080352600985	0.005538582805945038
20.12695110399094	6.828487729115533	0.15980546423696296
33.117704471072884	-0.14187144626095716	0.0049609650900216936
21.252572027716322	-1.6915669745856903	0.11889500877942394
22.758649906798222	-5.763942347521738	0.9990961683772093
18.856981574022925	8.859671520600834	0.23786767926437305
15.635222562645888	7.287429600383412	0.4576114775504274
10.503608172298932	2.9117753977880945	0.7820156417224031
17.188792497614504	-1.483722335181053	0.36317928202585953
35.96812039314922	-4.163236044414344	0.9147958174375537
11.583547199969612	5.752349778735425	0.7399664593316186
18.223182307873753	-1.2137289022051796	0.2836165935374503
2.0484176844867554	-5.10941775794204	0.9999643069178017
2.2753499579797296	-1.4209215556673556	0.9261209319423795
14.84967272053077	-4.7574828078431	0.9959652350610781
24.199844414923692	0.4547734821655709	0.027425916857923383
8.066390771614193	-5.418115029856562	0.9998928054771438
18.66061164844122	-4.959575021466385	0.9956881366901515
18.105407737701015	6.359145313827149	0.2891787139953328
37.626444527229665	3.2949734007300364	0.0012290017352685214
3.003522133154528	6.487808920312919	0.8895722824155268
34.04862862432717	1.553330506693193	0.003929505787522528
22.35201987587768	4.006298559064145	0.06684016970680173
19.734986256506993	9.945236993106974	0.1821169520351389
1.5901866932770607	9.623456800946748	0.8658039405509468
15.626965980829572	3.3299795442883493	0.45817945385466685
27.65280755024418	3.1399952776092874	0.010605534525018915
29.045380898941623	-1.3645332275820365	0.009817632621566964
11.955482150225656	-2.649520163296316	0.8807785327332442
36.5211181511372	8.412023367530054	0.00183624663148334
7.277240932032151	6.9217977595347016	0.9119522420207736
33.825867398394735	-5.535886206964861	0.9966499025035437
0.587259779925773	-1.1039205687768465	0.9239122559893358
15.846014455742267	-1.794747074365123	0.4816949335663322
34.52919137067967	7.3993951386174075	0.003443045838304724
35.52108862086782	2.659573758406122	0.0025579961674637997
13.308733712821832	-0.6068697916806656	0.619501871555351
14.624291256670334	2.7348543980977773	0.5275424048081808
17.95676820758763	5.242164618860418	0.2994228344251874
19.194479646422543	7.5788244237275215	0.21564966623555767
35.30670879703126	3.3391383886600607	0.0027350971117887637
34.38364252668328	-1.6861571144022918	0.004707631542806078
12.829660726872081	0.4128393342820793	0.6546510843716292
20.84268785788769	-4.2022546206383815	0.9715367333793947
4.756749546432786	7.21910681037933	0.786328097111163
10.117411085793782	-1.838838641558226	0.8288782471826945
32.737468891122724	-4.28399562942403	0.9460775798925631
34.25423699233823	-3.343075322556821	0.6042594717572944
22.328768833191994	8.043184486062657	0.0675432859289695
9.019219380675217	-1.9792815954129424	0.8746390370782992
38.50979879571965	9.25150224872019	0.0008706133921072067
13.016028709435293	4.032090824196757	0.6408579789981971
7.51989017286241	2.842249165454472	0.9078840362438348
27.337940848852977	-3.76919237499731	0.887286136422379
29.70408937581333	1.1540470920962598	0.008772598590478678
31.59245831378664	-1.4455533691861895	0.007308827523186189
1.6392339105429121	4.242232608441839	0.8700310341659712
18.911760221012138	9.218847372262314	0.2342100319151012
20.09345563161511	8.856940705446764	0.16164034358220883
37.525402875784096	3.72503210441009	0.0012767933635216158
17.03718514387029	0.6603591266985731	0.3623028359473694
13.382650106864984	-5.0022447622705855	0.998356197841276
4.228922301487867	5.823472791085752	0.7968386769560903
21.744298466011386	-5.514373299535773	0.9984960740951044
16.047311737305236	-1.5682433518160543	0.4465408905903261
13.539888567244724	8.077969603277868	0.6029315839029294
18.29022345857154	6.486170121996004	0.2764485212628339
14.340943418759384	1.939696488758731	0.5471206051359897
24.583913977715792	3.836196571508488	0.02295609695605143
34.69966609173074	-2.6948391813238928	0.15736809183339567
13.229902625927485	-2.9781008720591124	0.887066725793654
27.817528659358786	-1.009442406039117	0.010484299533313556
20.669744871083605	-5.755912007170771	0.9991953872258206
7.94764129404076	1.223461057497584	0.8904042778229591
28.287504469320865	1.96580819244803	0.009993601566747622
11.047799789208964	-2.294450402128163	0.8607341922052024
23.840732503609395	-5.858675782007936	0.9992219323721625
23.216635574474335	3.2400249749538617	0.04442553362380091
27.250408114304378	9.418358151255859	0.011093214920594868
2.192525267625558	3.8120828887819194	0.9048348579192944
0.43156783179075414	-2.822580983242645	0.9990105252384467
30.992466177710106	-5.189666766810831	0.993881799118174
21.04995142341797	-4.464641478638498	0.9840650086513567
3.776625756978197	-4.936889067911061	0.9997811524002249
34.34902083597063	-0.9242628135321809	0.0036310415926205314
20.07925361794335	-0.9526423910790527	0.1626988583086019
32.23386556670587	-3.6129748895052565	0.7838791819760921
30.845667987499077	-1.8546859624201595	0.01380423030369455
15.17310401091495	-0.9892873215073941	0.4902326877041683
37.461510125970435	7.377197855058988	0.001307779415109503
22.64105443362185	8.08668740133778	0.058540510246224045
19.436484550701685	1.9560412469766213	0.2002767653625452
2.87171891218637	-3.584930513590024	0.9981164859000944
22.711954316620922	4.875362138268979	0.05662890036962477
34.57150335043318	2.6648242589070925	0.0034019386237723456
32.451191166117454	-1.1479999764994204	0.0058308845085216126
37.89133502950883	3.3881837126541363	0.0011105863936504746
14.111132650398321	4.376299318691316	0.5630009059858584
1.9140145197121359	-2.0445618659384586	0.9681786712226357
6.519801519699517	3.1599904089472126	0.8901966762981193
19.33280101030115	6.549092470858845	0.20679765920016704
39.308620695307916	5.41835180973214	0.0006279419173639777
19.58477030672057	-5.205911507021863	0.997354614257293
28.54517749676322	-0.8015449473975131	0.00977891712342346
36.493630116456586	2.69152457783283	0.0018538236438910662
18.346888374711728	4.660131246232471	0.27255177558305566
9.271210010432375	-1.5631850940795573	0.8332848478948732
28.36327051691416	9.222195445843923	0.00992755224092918
28.352293612286957	1.4269737552255997	0.009937060489905048
35.382846231554076	2.7799910542724042	0.002671290345024618
5.72427270568705	5.863428996804213	0.8311947364527333
14.91957290786963	2.1207702006454205	0.5070956661734713
6.0817633328460925	1.046440690370872	0.8590592502953747
3.781547050340184	6.884685469705271	0.82549881094639
34.976441626768214	-4.9239309738674635	0.9854034574198051
30.593531935104377	9.850725782792725	0.007893515811757523
17.94174221238359	4.510056292247533	0.300458079277756
