37.350006138089306	8.163424992014207	0.0
3.851063356711093	5.953301620535822	2.480360988963809e-245
34.787338057799	-5.814171204236825	0.9981457336352678
36.10517394456652	7.078279775876641	0.0
14.160120373380089	-1.5012716186756698	0.024709214687794714
22.59616762608943	7.759345070010472	0.0
38.680899413274574	-2.3227837368248174	0.0013020069630888835
23.038061414172418	0.3445691569500333	-1.005328688420713e-34
13.477043993566513	-5.311116458325557	0.9991620931918633
21.57847270172814	-1.9704139911718386	0.015977408778100454
17.054383622097692	1.1586444894214658	2.0539316871614615e-27
14.885644268818362	0.05138671358546887	2.8925313567192836e-23
24.727125938819643	-0.8024463694846062	1.568469549728981e-11
21.40896983091576	9.772193453425768	0.0
4.264442158859425	-3.267288371630862	0.9871340415318819
21.77874257157604	3.5249596001461825	-1.8157844472435357e-123
31.4489940381624	5.833756180371839	1.0519753660769307e-275
7.49415626011344	1.0245820731459432	4.42430577122059e-13
33.75469034331789	-1.9746393562725224	5.494981500939949e-5
36.44413024699366	-0.12585998956226518	-1.6330897272081613e-51
21.737558810538523	-2.8727934480760844	0.535075340928559
13.145684420134192	-0.021220493982443855	-2.3531071573972412e-21
27.06688082928167	5.692616962033913	7.578361436507401e-263
21.773111769720803	-0.1946782927568158	5.023756600192323e-28
28.231587184280162	4.208918671349032	5.7557758366358805e-173
7.327130522410064	9.773850778375163	0.0
28.930929497565387	1.4963822011883998	-2.5734711439044105e-46
4.051786195043316	-3.574879035003594	0.9937957408684849
38.991275425081575	7.410995750210091	0.0
8.59598771976603	-4.059527581567856	0.9953672146036974
3.47995471378328	2.95224786869494	-7.092396835921679e-61
1.8675218323838256	-3.351857333391564	0.9947355408573703
29.362105641409876	7.819317882531163	0.0
14.8414009519709	6.940770626405989	2.8192e-319
35.04244209793412	3.9212673782131695	2.0141408493349048e-165
34.25555073707481	9.589682477970932	0.0
12.149795526062835	-0.7249250533318303	1.2304155708696346e-5
24.31208014061946	8.302028726326583	0.0
20.853940380997535	0.7954347864191895	-1.62511377341357e-31
11.129677772665243	9.6498104267774	0.0
0.29351244246142383	4.979658576864374	6.805499024596317e-179
38.24711252588785	-2.8775446472187554	0.14716552824050974
2.068496137926063	6.316292979137064	2.5258270787610696e-263
35.493270925797916	-4.768675551719827	0.978775473108987
26.236098512477522	-5.965156491550175	0.9992538568008976
27.27163183148093	0.363503166999088	-2.624448979294863e-40
2.321979847659735	1.3243146916911819	-7.301601038039013e-7
13.318980420380724	6.206425577105293	-2.6025727221006697e-273
3.567303293407766	8.413576145411437	0.0
7.180698660892055	0.3351842377828689	-1.567226179259946e-11
39.63496478872131	-3.6834029201546272	0.7224366466016923
12.565938103081532	6.889979825536489	6.472398279e-314
2.4778892838961775	8.456520207049234	0.0
5.867391129018938	9.32589315597071	0.0
7.044876336097103	0.878589426014873	-2.3281942593991257e-12
15.91782933274296	-2.716020646780027	0.6280883759246363
32.18058927418985	-5.168921489279985	0.9930093344928517
14.65113147187837	3.7819649492667082	-5.125196220694587e-128
18.18351230196433	3.7713570956789084	-4.648727907700273e-132
39.12733014492262	-4.446505152033822	0.9467276361874984
27.072083861188556	-5.704588466626774	0.9985538238410292
0.9879013896693807	-2.241258550271752	0.9728643963685681
7.076338724712045	3.781045001913512	-7.708728918975693e-117
23.396201520433756	8.638150591174597	0.0
32.169410394450914	-1.5294462900529915	2.187961077390941e-7
32.39884458223401	-0.5458738163454733	9.21619802481387e-24
27.077609715815175	-4.4467184197206215	0.9741350690329916
8.706687716037802	2.5744688697898894	-2.6319471177680267e-48
32.03904764828572	1.9794069262276537	-4.381742509299258e-59
36.40204046614596	7.901443681528686	0.0
31.249841930860093	6.059837250538937	-5.341866158449393e-289
30.178583703319152	-3.416972554708991	0.7069008982396414
14.147387720877424	8.14098750034027	0.0
14.354456578628724	4.828038594552137	-4.811639457192653e-190
6.4212710131666135	-1.7259285482059035	0.5935607954671467
15.525822744513498	3.3908711103123252	6.46589665308518e-104
25.04844271223635	-4.545852312224685	0.9822760341685883
36.67371306707804	9.47062229842457	0.0
7.552213353188692	-3.972879547417506	0.995699768856279
18.242060969826376	0.4793775098617701	-7.213512831706389e-28
1.5118232551237434	2.806818043883787	-6.655426690098075e-49
17.314224462402	0.7366541838490228	1.6360671308213275e-26
32.82718612857378	0.9879526985089342	-4.998332078763158e-49
6.329172827299917	-4.774067102823736	0.9994732772243539
36.060653875524096	4.788742403276565	-9.443987594795839e-220
19.266324457239154	-0.18427643982926867	5.043225503733368e-25
37.15278244131694	7.917226015748028	0.0
4.730614495129364	4.62220907507362	2.2003653110406732e-163
22.270560251089808	-3.0983189013167554	0.6746787564455468
29.16468553046532	8.955837844425222	0.0
0.8242143238921122	-0.7242897060924811	0.514171366761531
9.36056604305843	-4.702337606456695	0.998694508925527
18.3677211533195	-3.316171290459568	0.8493468772867165
20.037433313124527	2.300026154343687	-7.982426589507529e-53
13.619450149096167	-1.7607348592812428	0.10426734844670815
36.1454945357436	-0.8068827203786064	2.7295322751757613e-18
23.130623915001568	3.2105717417647313	-2.0368810386170377e-106
4.940759428257354	0.7890845030146956	-4.8134935392648095e-9
14.599348282090455	0.29156364970371484	-2.0358883273832643e-24
22.32357711026671	9.896783053712763	0.0
14.533835859439177	9.540135603556458	0.0
37.13969822629975	2.8870779492802185	-3.693525768714862e-105
20.500303432476453	-2.725975953206998	0.46163312819900987
13.100129979182585	3.4804736911217127	5.194128440209685e-108
5.758056893302333	9.652885402837075	0.0
31.0147298203899	0.9727446025378406	-2.5597397673178844e-47
30.843390695670212	-1.4227602260106167	1.193915755987183e-7
23.61904096885346	-5.828906868796974	0.9991695625684308
20.199673952872534	-1.2946883984429292	0.00010682131044376137
13.258453615327255	9.49951539171941	0.0
33.016704485099766	-3.790428592997287	0.8383913649821304
21.414326774537084	7.565326955091102	0.0
38.87580484225123	-2.1557122851012416	9.610766434912705e-5
14.542395152676113	-5.426079328310799	0.9992278499082764
12.91416737796294	-5.569059324181769	0.9995840575904213
31.206359512604287	2.4487554900926902	1.0284574076521216e-74
4.250759021500818	-1.4553065411415176	0.47723339975780404
12.256884806747951	8.298255751526568	0.0
24.513050980361566	0.937584790352016	3.4828229880566244e-37
36.15603897706612	-1.9704159845318507	1.5384986864407014e-5
17.633291955710174	-3.034578485475045	0.7524496437346883
38.101077873880634	5.475059574802	4.5105684263560295e-263
30.773469585719912	-4.433147975245895	0.9657055686142131
18.15689196007816	1.9265295552292123	4.170779959296746e-38
21.4641753085384	-3.7828672204917417	0.9264169169679575
2.792338502757817	6.722478227732804	9.243004767825342e-289
21.567642787294474	1.7017236729356213	-7.305674282047997e-38
28.245274372152277	3.9930471799826144	3.770312922723716e-159
32.56970078958436	7.530963252304918	0.0
39.20739631957258	5.5898147064033346	4.7402185136648306e-272
2.6398298451293982	2.288909648580404	4.107872580883623e-28
10.207483601126079	0.1438256261489741	-2.764002500460698e-17
13.74749047067448	7.540241697181916	0.0
5.187339327178121	-5.839493919735357	0.9999613667786601
27.0282214090039	-4.677866437778704	0.9847796158516644
31.96765205882129	1.8346955288242448	-4.003198368303668e-55
19.019718860847767	5.118584783407382	3.4736236920507384e-215
16.592665662210866	4.5023815052208	4.629240373620112e-175
4.039667332954979	8.456149386024041	0.0
24.500141250859514	6.730614835831307	-3.407e-320
32.490315890970145	9.065598504697952	0.0
36.573709895418126	-1.7074114265572433	1.5297862306135027e-7
15.600129654235156	1.4378321412807544	1.6434606817520358e-26
12.486306794597391	5.758175317808579	8.456127880390144e-244
19.427853869556504	7.073911448590813	0.0
36.136067550276266	-2.1839733818015468	0.00046606682832113744
36.84284395839422	4.822589190543145	6.305959602680804e-222
39.062713887574745	4.8095384654185125	-1.410042162057142e-224
19.751417875715273	8.651389382090173	0.0
0.6614130370784932	-5.140107345449216	0.9999820983052047
5.334252974688333	6.204846923161121	3.444046733874075e-262
29.316776155757662	8.67480980053259	0.0
19.206449746518317	-1.9342517441333094	0.03310315983132782
5.03691646032475	-5.85876452083653	0.9999636648845633
17.827094230949594	-4.052414171023031	0.9719629666282903
36.02993760108994	9.471106039304125	0.0
31.37784568925551	9.595926738898068	0.0
8.650255979916592	6.724324085689872	7.205004031055474e-298
12.412172911234313	7.0952416072903155	0.0
30.89098872765129	6.950799405847693	0.0
36.58060099013796	7.894596335022943	0.0
18.27566505652294	1.2799963956629021	-1.367005840083027e-29
29.406421002126784	-5.878425187686329	0.9988571618963955
4.038097662570713	7.178761652666758	6.15023e-319
22.16462547087925	0.5176756133736191	1.4898677906223383e-33
28.404107465067845	2.0735329454854003	-4.656651451517003e-57
22.07126296084893	4.701667675613166	-5.830076399398081e-194
32.78947944509219	8.991318051517215	0.0
23.85453462123033	7.695009088927588	0.0
7.383342042402833	5.293826483798799	6.034969756592053e-210
2.4785159810024644	3.8689518520715858	2.875074233587108e-115
24.06793791566745	4.252498071720087	-1.2954302054380964e-168
21.023340417284604	-1.1289236734336079	4.7890125871808824e-6
16.97923725567871	7.040408609995286	0.0
39.76856111485026	-2.7051162144195615	0.04694857772683797
2.722745621400726	6.79551015257568	-2.2594064003764504e-293
23.319996846677853	7.908215823709753	0.0
3.0929091922797554	-5.840037248098511	0.9999715150593269
3.060939513511845	5.077139326696493	1.3838236212777964e-190
22.606509525513616	-1.8409105442681586	0.0035455400620408423
7.713572293004202	9.775288197720354	0.0
32.54074152693781	4.967956689417186	6.365917833401786e-225
16.091090694908324	7.205070500027382	0.0
18.476059631589056	-2.743607913953632	0.5481626862315809
36.39485160658807	2.6413975122588056	1.5496528777981338e-91
32.76216391876078	3.770099650666179	7.0320750420971366e-152
8.484659943203638	0.4604372509680488	1.666930636778341e-13
8.254206905877016	-1.7553395941985173	0.48247974738431526
12.181212099385798	5.174174373767059	-2.3081518026687294e-208
36.496924849007904	-2.024251265564896	3.203040301171056e-5
33.82218908783709	-4.2854177106890425	0.9424758872093862
6.808362004846797	-2.0537475032681485	0.7578670547613373
7.474351389614867	2.2797362262204146	6.653233357355194e-35
19.71687782899436	-5.435769939887646	0.9985581239852906
13.438271691409657	0.9027193199283268	-1.284542694315692e-21
14.126649239647554	-0.016952917362011988	-4.4908104550990906e-23
2.8041093101002965	-3.1151664091112856	0.9861815567773682
13.267122396975209	0.5185889050001187	2.4065750923937002e-20
36.19814508209145	4.183160844757982	-3.4380449558418405e-184
14.391036468782769	6.83343623083417	-6.52449026313e-313
