4.892102511969396	8.722876645310823	0.8298761515518829
12.123000199133724	3.570599652706097	0.8526263749768754
12.002018404854791	9.685477720245704	0.8482990087854458
1.3937835306605788	8.715431857953543	0.9868200844381483
19.028212190737275	5.017898166832772	0.6042570337457687
21.085933643535135	9.10126064112671	0.49848970539047055
4.114299594876291	9.708940864635792	0.8697191183162518
32.820824645294884	-3.8979203654285186	0.877892835907113
6.752421217528339	2.307866184695179	0.9120563183523999
15.20652092661556	4.528687631550575	0.627031456232465
19.75894820004706	-4.780875849535189	0.9939023966243575
12.274608766502613	-2.7181728822973703	0.9335599488332655
19.38305025275375	9.748513498962176	0.5731967219131027
9.872339479220157	-2.4269619982132866	0.7992130298186001
28.498349579395324	4.7755263531167635	0.3404072758976482
21.510492491628337	7.721005011864111	0.5001886225104705
21.99880528792561	6.764711199915386	0.5061180774509235
38.61007854895054	3.2219809885363873	0.09703669485964833
19.964182680292787	1.5786588992114758	0.5309601049295181
30.779293836960814	8.174059402738859	0.24757074836445578
20.163120687038766	3.1263344654614684	0.5203333521169703
17.34810149078465	2.2029547083772734	0.689863910214297
9.247721537374204	-3.2502297371116704	0.9300264213377054
35.92609541409691	9.197319384521638	0.14106029575496484
22.89166598098822	3.142003680466914	0.5108504149640032
33.32788595653332	9.742543298645796	0.1983168554532995
28.027930656426154	1.8144888218607278	0.3451182387139003
22.025794361544307	-0.878973044233927	0.5066253771834766
17.782040578051333	4.407797648193036	0.687717136176641
36.37778453560049	-3.0353197138554684	0.41711050464244226
29.62788061884805	5.290132287677967	0.30497473447996465
14.637774016645583	-3.8416031350172943	0.9681840863629233
37.262805178073556	3.4589019938225647	0.10961929212889303
14.062445008966163	-5.68232039845789	0.9995942810509302
13.584619765689547	-4.41644546880476	0.9945021257828788
19.64178693740295	5.532322524400993	0.5525790372993382
8.589855540709024	4.6071020929169855	0.7752942762002863
10.492888099343839	-2.7920391474278503	0.8683700832458693
29.944820284280826	8.205252905165416	0.2895355559556553
17.425108204269	-3.399250187849397	0.9377339767236157
35.19568343231487	7.0736495560681085	0.16386050823727524
12.54633008134934	6.538684885339823	0.848528281709972
26.224038206381802	-4.2390390807238525	0.9614311924352353
10.977510368983221	6.07282542078287	0.7616231441600584
29.371316926071714	4.834850648021462	0.3160825844492755
29.421235117970735	7.6583686877361785	0.31404386607134027
27.759701152650695	-3.653677191313868	0.8631384231255501
38.81040625252928	-4.647567759439866	0.9668080264435436
14.003399055273164	-0.10091358391185423	0.6984388760575777
29.011360881890077	3.7070573697122136	0.32877958338355723
9.941232207914286	7.247907234704286	0.7101812351164921
24.56374679039843	6.975272632890324	0.4398397177159903
39.136553168675555	-5.3840707641588	0.9936983573749628
35.340265429887125	9.91925578929122	0.15943264970157717
36.410246963006244	-4.38729984794648	0.9471684191063188
21.383965724521758	0.9376205624937732	0.49917485123454236
19.02932334607885	5.712221135944041	0.6041577611645879
9.276163788594102	4.3578679480095595	0.7255338958504653
21.36292370101103	-3.428159666303298	0.8742798774995597
18.1175408982461	-0.6141774414863832	0.674612856991675
38.02463801315459	5.710050189726797	0.10117968429686192
11.933605675713897	-3.7676164375146044	0.9884566321022069
34.18433202544438	8.485678301305722	0.1884557289574354
36.627159418603924	-2.278897983119723	0.1707448671980655
18.588082974620107	-5.376125648321906	0.9989413810875065
26.513285449676765	-0.7903496556468177	0.3497381341714981
32.7007385269224	0.8199478804919806	0.20237023010525299
39.42108274020617	-2.9708807770073307	0.32319454713655493
8.075485100716822	3.1100497970912038	0.8280404793107411
38.60925700692233	7.536827203338088	0.09704215765260313
31.864208591949417	4.152130538002453	0.2122763354229165
12.629062069865805	-3.5841960899729983	0.9828124915374346
21.504027316646173	0.7287741539099528	0.5001293277974125
0.5244514179217712	-2.734816053194155	0.9984644662736231
6.236408861990145	3.0977037971271386	0.8795329782218811
15.546226929731654	7.234258595098353	0.626604184570747
34.19440736398276	-1.6170842287979816	0.197506412213683
32.617764906634356	-3.584129029592866	0.7779507481301379
9.242823159601004	2.9817202054967176	0.7272230516617394
25.64105905491129	2.595628626282611	0.37410206491907466
7.148287966546553	4.514342354738002	0.9097069410645305
6.483160473920364	-1.6672555300009222	0.9067411000442038
16.039572948707413	8.94417887960785	0.6387322878466709
4.997333972682863	4.121149138753712	0.8272066493838065
8.839770254690084	6.563104547163476	0.7537692167019547
23.80477322743523	0.2558893691147013	0.48548930936875956
28.765965777448432	3.262904360046857	0.33528106089287707
4.406895179859871	8.613149886316016	0.8517898400280873
7.210475636497717	8.092084309960295	0.9068788232853144
9.034395591646446	2.577167780220794	0.7395838076106587
19.70981341827608	-5.648690243281752	0.9991743543737134
17.441652271441736	-1.6938957604455886	0.708558079429731
32.213781447374465	-0.5637448361995006	0.20686614337833184
29.31521019076483	7.496741988141487	0.3182964453628567
3.5654930619787604	1.9716355581246034	0.9060274808755537
38.07546314644657	4.431314687050115	0.10077662681503657
7.2758336258695975	3.8425917255068036	0.9032847534586851
12.523445383308129	-1.1362229167031614	0.8503638260002088
28.71879530354965	-2.935482866904799	0.5935330695217815
6.779701047266406	-1.0549361203242817	0.9130774466238711
12.481677588910813	-1.8655588338048972	0.8697509886725941
32.706970383750956	9.294958680675844	0.20232640599630158
19.217342474702978	7.651765163300457	0.5874636532712539
14.937276239665925	3.8021980840662195	0.6333516001470858
13.106802555622185	5.132965503958275	0.80226380091979
29.54577537602829	3.7343035633611485	0.30869140635003506
29.052702755720617	1.1985932577737515	0.327508811520131
11.89981277769671	-3.0643951823541613	0.9555331073376675
36.950882703781865	8.698006914693838	0.11491489610359537
28.037154570237462	1.9650419242080126	0.34506934030555864
6.989248012784692	8.32728047147216	0.9140177656231905
0.7200364352657491	6.148595041092548	0.9915438557459442
39.08194799191583	5.030427399525788	0.09370332552280042
4.319959476271916	-4.798028993147792	0.9987208145384197
1.8141170590695381	2.4042300970289396	0.9836276101293354
30.221490455330603	9.85929334581548	0.2752646573787846
21.718234387004575	-0.6263651737185363	0.5024779009037944
31.399659444408893	0.5233485001571658	0.2237107603063002
1.405034704861478	-4.766757469625652	0.9999521831236593
18.790139514026844	0.6495409879278462	0.6253524984008657
11.637740202717774	-3.613070693276274	0.9814127092891198
4.448303207271157	3.901945853589851	0.8494580030202764
29.39415481459633	3.4390443680933593	0.31515783720803814
1.276225254228316	0.602293296268293	0.984551729183932
5.145504014719718	2.7704691374401698	0.8251437650593872
31.34714833256993	5.949920581424564	0.22535115636319925
27.780841345353032	-2.088929254993399	0.3984249803186988
33.92792970277843	-1.8261290525573628	0.21137862694854798
30.1715942370764	-1.5274502858969257	0.28602731633680634
4.760770904742029	9.263066721848826	0.834424994882053
34.645217108887465	1.3081736637826502	0.17895375114797454
2.0908630033030127	-5.07742848728077	0.9999266868899467
3.8248207468577755	9.871919359172448	0.8888197508500669
20.219563013819315	-2.8278541201568608	0.7331805167363618
4.988370931614129	-1.7684668272219781	0.8426311057369549
6.761870947044799	-0.7243479353244311	0.912330132195144
24.555464707407783	4.203032865741566	0.4404029111847023
24.66898823026444	-5.969953597081407	0.9993850896076775
15.662924315383579	0.8371646000693325	0.6282370936748134
33.97990780883063	-3.334527131630761	0.6481889464408409
29.55812472469597	7.91105228900291	0.3081413867435522
31.16337925004104	-3.677975287038933	0.8273926429931273
6.723749987273649	8.939239010247444	0.9111687374391225
6.278410400284276	0.8092312164087296	0.8830462626370004
35.52003571213062	6.3842611573033	0.1537959019196445
17.973233783412997	1.5680522839605082	0.6814176415007819
30.197300159484847	8.57781169538254	0.2765200769033514
37.621791573729865	-2.186123135971517	0.1401196977651642
36.12593080977967	3.7596526126473186	0.13507229168234725
5.88467056900335	8.832218493860466	0.850700490463982
39.440477450190805	-5.109422279162363	0.9880217528781757
38.65149318799094	1.9260949604208015	0.09676055320605811
16.983374615106158	-3.0422439382842157	0.8843718514922689
25.52120701556816	0.3866234710227623	0.3797919960300864
0.44045265316957016	4.917865169776878	0.8871924261669878
16.267544322000397	0.08373880684614576	0.6480633422573122
24.318476995675468	2.9807778464125505	0.45616692379156093
6.154373594171962	4.150391271825406	0.8725801635631578
12.714836951408587	-0.08000295043515848	0.838716915337444
32.04976206071838	-1.4174189990683388	0.21343007833292615
14.674556354052033	6.251761665437883	0.6449333869881535
14.61335347906248	1.9322203731383922	0.6484104120908822
38.50735401714387	-2.742155996424767	0.23659756987093683
21.51476235588353	0.001956500662586791	0.5002300623390638
38.96101276660906	0.38569735553328854	0.09461414458469745
25.85252454398007	1.2056243900058483	0.36546855981898757
20.259440065446938	8.631225546223568	0.515980336001239
16.95710042773947	5.207334215118486	0.6792871419001411
12.170203363779214	5.738263351069115	0.8536837968914438
21.448133496897004	8.39157783950083	0.49964513507043024
22.52636652305214	0.5117264869115594	0.5113227336194119
11.458005427844316	-4.09099757745593	0.9924898955303334
18.699079138602677	6.547209795704202	0.6331768220670829
26.17845357077873	7.9542184902793664	0.3556965010488352
21.78104513205122	-4.805583253687065	0.9931191615691509
26.978290322188	5.268002354675847	0.3463795218162123
24.630981496125376	4.8730545954752635	0.43525180475013375
26.788784169902062	4.57582293217035	0.3471764562558314
27.471439025358833	1.4378282468620718	0.3461098099235481
32.908250437909864	-5.4100165030505565	0.9957715181987477
29.287248268138818	3.6704072168372335	0.31936853881860633
11.786264229639482	9.180863322486118	0.8355459225347452
18.633479715613994	-5.693480069935294	0.9994810564626644
8.823858953401833	4.692293604895209	0.7550338315058883
23.853233609070315	1.3625512439396452	0.4831167537213116
5.68786427814664	7.189442216609333	0.8379741729973275
8.855738498388344	9.18180642953844	0.7525154264490038
9.233891272632498	1.177960863499301	0.7276894312290412
26.447749118331373	1.868216659024391	0.35057905583223437
8.86885424874521	-5.855188818253655	0.9997961923651331
16.99917554792926	3.528481693052022	0.6808538794228017
36.74817206465928	-3.9982973385931864	0.8755878868986209
25.665981007094555	-5.113603945311926	0.9948902609728412
2.7847134806474676	2.4217894777764	0.9517738616301419
35.92041753923242	8.743073707967774	0.14123438867241625
3.316089929367187	-4.419572282900006	0.9982528975064231
2.622066487893805	6.123984204418438	0.959375359273014
33.744864042116326	-4.088184215245029	0.9146959664269124
11.466177021410989	7.6006513616784055	0.8081837729190284
18.172541128615816	2.7422385287296756	0.6715784351013443
