26.856968620690036	-4.340836830249195	0.9676009897892087
15.099988649663818	-0.6141434243463699	2.3225359233576986e-10
30.070249223574525	7.774413421228381	0.0
12.088968278669322	5.216607987363318	8.75484934086462e-204
26.300455963722644	4.954956310204789	-2.151015470915758e-208
17.27095130456998	2.8401601237761334	5.196631264647924e-68
18.290901397908545	-2.2475961367524064	0.15496101991052447
29.76862914512565	6.621180160198957	-1.042453286e-315
39.53034603054769	3.417719453090349	9.307595821224148e-133
36.13262330177858	4.4888752854864435	-1.9602572648286965e-195
14.600898025295143	-2.137713409659707	0.21845798291713456
15.180635500525055	1.6928611967626779	-2.9975908066075312e-27
28.059290631224457	1.5024422639696198	-4.806021751467304e-44
5.267582971963309	0.10844865029399031	-5.632029794437612e-6
22.834003767325473	8.35629655712345	0.0
38.84068951034708	-3.3953145236789695	0.5452867234766127
16.230127416679466	5.4560694004194055	-9.696194489537619e-225
24.54754495903603	-3.2952032959917332	0.7371485296943425
10.2638577745312	-0.23783671634549108	2.7433282799697125e-10
5.113773230323847	4.464013869999178	1.9287786289515881e-149
28.628647642991073	1.6195420528816662	-2.146520756100677e-46
12.916772906591708	0.4432742771942131	8.701225698691905e-19
21.58519114156413	3.302440794956187	2.716783690190855e-101
34.4297314828898	6.839315268937032	0.0
0.24650249887031395	0.4200967376099314	0.46486981379352565
18.59862139549072	-2.8668839578890903	0.6235733534371417
11.837536251863522	-2.399975929003663	0.570467149608565
11.084860665934228	5.3662947083833	-1.7296182142610546e-213
0.8340936980448421	1.823869116079461	-1.995780083233766e-8
23.059201931921187	0.8329802960215247	-4.948752129682763e-35
3.6614928497923485	1.20897302712876	1.0581115934223946e-7
2.9017538988755143	-5.162210858704313	0.999922924887776
12.145132234164668	-3.7177128749476474	0.9718562629816346
13.407678270235602	-4.527814654865896	0.9946457711714748
28.474164260404944	1.8487480400375986	2.147178964835401e-48
8.603761464863954	-3.2112530464276325	0.9438437350338577
11.347257368319069	-1.1062608709834976	0.00014313341877369062
36.05674601209581	5.437100476361852	7.306071629630094e-252
8.768001123867153	3.867978288551175	-1.1948112903203717e-117
9.735389797121053	-2.0020730847894264	0.361754769513167
12.270898980804839	-2.697677552364045	0.7396476217318507
37.37321630447332	-0.734072958937805	2.0442037345627507e-28
23.951717671468078	7.1878102912277875	0.0
0.5220333226872766	-1.040858321678968	0.9243983348690267
15.288736703873461	3.9758465314848124	-6.072239936185679e-134
0.4863477546577437	8.96234162143162	0.0
24.672086225651338	5.3304246805004105	3.441277745079181e-230
17.224056932155786	-0.6286900873708738	1.3811220511757363e-12
9.78497252789156	-2.002962900186315	0.3600393054311418
34.840377694873354	-4.934121442180292	0.9859720214277224
28.919245667559903	-2.687700589126422	0.1826516896886338
37.614226306461056	9.954614935078368	0.0
7.499849102533581	3.972819794406753	-1.8434081587582298e-121
0.5929136975880687	9.375174750453414	0.0
19.31741339771613	5.066748040089866	-2.4615335885115132e-206
20.421551296335032	-1.4810206319058032	1.620955312728429e-5
15.229050907962971	4.964876436988188	5.928373163003124e-193
38.35717402582821	2.886158777584864	-6.280035456768403e-100
34.027717614445116	7.347545636336076	0.0
18.437552974731037	-5.927991366851213	0.9995936311602857
26.25929754970958	-4.587984745816108	0.9823310175284582
34.003420082560844	0.11056014097520972	-2.3525114177642484e-47
26.77306192503358	9.537951823223477	0.0
34.09350287286938	-0.6589354649675272	8.511732159342674e-27
24.48132150884812	-2.045549098214181	0.005900797539830468
14.786579102661008	-4.655228910925651	0.9951073753733524
7.623419094263184	1.3372705773432187	7.544493236314543e-14
1.8794637319391434	9.727988478994959	0.0
14.574568456270677	-1.7102332164936165	0.02107604355305676
28.5681964016831	-3.31269480272967	0.6726478786447447
1.5982510178739262	-4.578230329712511	0.9999495185502684
23.631993209472576	-2.4236990077809537	0.12653295636496387
4.99066987928251	9.075307206692742	0.0
9.993634963299725	6.368714517451277	1.0853987760347972e-270
29.40550129304326	0.6332006206460719	2.330383304048563e-44
34.043217206434804	0.6496500738156321	-9.112850830556835e-50
13.361498557936573	0.5644591625990252	-3.357530687081814e-20
38.77896900808591	9.603410302405848	0.0
8.9635368486123	2.299789047848229	2.0538296409101968e-33
11.638460147782684	0.34246562962067983	-2.226393307143293e-16
7.86808947749938	4.41584558509307	-3.3585249616063695e-150
27.147774502261043	1.569326492087061	-3.0113878328113574e-43
6.668467808861368	-4.445414827927152	0.9980843285865814
15.819397377656948	5.728391339641945	2.290274854339771e-242
11.915155266181232	8.34550223718536	0.0
13.118061393592646	-0.601803195070616	4.532780083817769e-9
21.65512978072503	5.2352614221080245	1.0134467162728041e-218
6.830779610779271	1.1791236623715875	4.234693291314928e-12
34.522704893904	9.380436154115536	0.0
23.023641983635496	-0.7564014954999898	6.309922152959209e-16
3.034110816239129	-5.543034076299026	0.9999694475012925
33.969518209047926	5.619043437192786	9.105503861230369e-261
26.954758456198036	-1.3868382841590652	3.267882532623489e-9
30.320895136421612	-5.109761488517957	0.9928829970080341
17.00709488644482	4.062117526971697	-9.220033250651502e-142
38.36747184338454	1.0574745240874321	-7.396966791221701e-57
21.742141890459557	4.867254265946414	-8.873239802294274e-197
15.66644550206757	2.9616531515362077	3.069214188391819e-72
27.13145593391434	4.972616753246925	-1.2794078492694199e-210
22.692205948949276	-1.9825357194052984	0.006301064381382018
23.790493581471086	5.436801161226345	-2.6701956159106574e-235
12.651169515149757	8.506802643823672	0.0
11.46273543670509	2.44497904640653	-1.0988038356923701e-41
17.738095455948375	5.959119208387445	2.1465920196306204e-258
16.442653096899093	4.037840804637096	4.452271385232409e-138
24.630593302404574	9.545563957968596	0.0
8.068705420163832	7.675708176765575	0.0
19.7295165100862	2.6612627375311178	9.379391004255227e-63
20.261358084868192	2.842665686874163	-8.972319680006134e-73
15.847136466348545	9.112771166511937	0.0
5.384897090681107	-1.2452940750933834	0.1455115914754841
29.275035138078835	4.93386819825254	-3.3426777561541664e-211
6.260575423751538	5.257074466755942	-3.341014222555278e-198
3.686772969018432	0.3611563672673128	-1.879056710543256e-5
10.350236435407952	-5.368473093298281	0.9995032690244979
18.588457823989128	-5.459097027433057	0.998785362387609
27.63778427844506	6.080348974568313	-1.8823022130421665e-278
7.837063670571631	8.849367244803108	0.0
1.6261001716788908	0.09032661783586704	0.13711006240306092
1.0732655115827454	-2.5487336750768144	0.9976854477569183
27.61088488390317	5.880402367390808	2.7331480095026294e-267
37.65538531751276	8.345657472304975	0.0
10.227485774762066	7.761800682755837	0.0
17.268984713966233	-5.315696244616671	0.9985330892551676
16.608150198299363	3.18942417176795	-3.544752386309167e-88
23.662213970187707	-4.155410474557595	0.9615636122910005
34.937460192499564	5.855066076117694	-5.95445953082515e-276
27.831615777629345	5.19309533257055	3.2482573536545415e-225
18.20707024712814	7.3840597032257484	0.0
5.455842332405278	5.8894247376493745	-1.8965967643394223e-236
21.45796644625696	9.508604425485586	0.0
23.979628416713805	2.1920386639605702	1.2768963777858793e-51
23.574710071312193	-1.7177952334932414	9.545708565409901e-5
9.039143259600777	-2.3743574444732367	0.6647802988456751
17.789147281377062	1.326274404431718	-2.2215023311898533e-29
2.5308909403960294	3.8357658575231532	1.394383517159295e-107
11.471954718092741	-5.190266548525081	0.9991164315782728
22.31655880016498	4.009516632063072	1.0211739121996062e-144
29.523593631444065	6.425330321192938	-3.380185447912644e-302
26.318909991592648	0.24832300022698206	6.082890156776566e-37
7.48370032429172	1.8690042581283137	7.103741615905518e-19
15.737371900963561	-3.4250546977898644	0.9098709389596351
6.208058050629017	-3.147847106461402	0.9662474677651255
26.118659886575056	1.8542131318722284	2.968090798086185e-45
34.24346878083092	3.9277303640976697	1.896932921230948e-157
33.570651361708116	2.056873717626779	-4.791400683279613e-60
26.337832581274938	-5.502745812285678	0.997819873339622
4.601312531555258	0.6123437028403096	2.1802539502219183e-9
25.554185956737975	2.5432831662127775	1.589110438199527e-65
20.936019980240232	3.73195098274266	-8.245215746437792e-127
6.362431357614328	7.087900147555413	9.5676744982653e-310
5.633534385744371	1.0502508628939573	-5.035178367303457e-10
31.20498883879615	2.2746090693974104	-6.533806438167043e-65
20.447154783087196	-3.0439711328135637	0.6852118596949982
15.56980441392097	-5.705538032888331	0.9995147638104106
38.01230952826246	-1.9717200672404473	9.99879208843854e-7
20.66017510455354	-5.993753167668938	0.9995649788975078
23.81647265605839	8.641867581065657	0.0
5.92100409061115	1.4000179466083793	7.985756345854882e-12
13.362983813477168	-1.0769582412099794	9.429075886683941e-6
1.7629928484396094	-3.3470759308051505	0.9986114185541719
9.106899525185764	0.36427160727132346	-5.556633146558289e-13
11.965677116706031	6.861373292808636	7.327832698656671e-305
34.95962967397842	0.6308567515155019	-2.043925535762063e-51
1.914879728826791	-0.14317378766806854	0.04892929589093196
38.39322377651462	-5.233653627166312	0.9914297923918404
23.035462514657215	5.2188620937215475	-1.1337949267073997e-220
5.812465531941045	3.350625258463502	-3.043113366661497e-82
33.84157965015427	4.884634561327296	7.239107477972203e-215
5.6198113309859545	2.986942320730229	5.454506966004244e-59
39.04883748557799	3.9294684591434077	2.3095630932854666e-164
31.1766530147139	8.670248654943016	0.0
3.338218485293804	2.676966577959771	-3.5286384822620116e-40
2.7270563638913075	-2.6514958146661485	0.9752204726035167
19.35077842559846	3.4676796775272045	-3.4926988472076235e-108
34.32414502056003	5.999480181236418	-1.086178590861126e-283
33.94539410025315	-2.8630527157294203	0.2078165936415804
0.28930119570522433	7.748620988406891	0.0
19.01567537746954	4.890828470433814	1.1763736797425354e-194
4.125671536000929	1.1589457971057584	-2.1470056281187014e-8
19.907903145868286	5.104933808342036	8.257157998222872e-209
30.903613948052026	-0.730637602998808	6.821687078307434e-23
30.411699568842607	-5.008641900722328	0.990972111229925
21.479537959849225	1.6500076246556716	-4.745763978845283e-36
16.25910152557451	-1.7901693720524392	0.017648081215079377
38.40449250741397	7.385490328720653	0.0
1.1221443720276418	6.81964331636814	-1.8148905730055463e-286
32.71749227670882	4.619264271798276	-8.188603770276757e-197
6.01484267524467	4.602868771604779	2.0540112502056213e-157
32.32096255392486	6.198945995955292	-2.9383002661498856e-293
35.40742401031633	-2.4628256244898026	0.014146220646804595
31.10610846012572	9.427270357253054	0.0
5.1849156036889985	-2.4381712097647714	0.8866222457934396
6.492481560833184	6.97934671814555	5.440967129799955e-303
29.813166336753557	1.391227864890876	8.111432448447523e-47
7.796531320824539	-3.13645452564203	0.9436527849696605
12.22298471574651	-0.5558606621938935	6.862138138803868e-9
34.05174757263294	3.3577631571454845	9.049180017364792e-122
32.63905018426888	0.8016323371695933	-5.4276413271627596e-49
19.93769239297153	-3.962193771164916	0.9572851700367693
