28.803598856125298	-1.7236391823763846	0.7277595381862891
13.846441235212579	-3.5248147466963893	0.991291528892386
36.28049522005119	6.461667343946051	0.5885973545091648
22.855593379376558	8.09736018947407	0.9304512743899626
4.4764763259987115	4.5716576238238105	0.9968588856531867
29.04561982855307	6.4386107254080684	0.7252868052576908
33.921571886161665	3.7568694317255513	0.7141722585013605
19.220248568204	3.6154863189846864	0.903508174203547
36.96758289980069	1.6674048489685838	0.5429742475788922
22.212174323044575	9.022885731732426	0.9312034552108919
2.5297882784667083	-3.7895323399095986	0.9994690907622664
2.8088308386199374	-2.74885084333566	0.9986688270336193
18.468854385592266	2.1994588539909117	0.9036361490876493
23.84597264378717	3.154997438649989	0.9197800239682927
9.08342640465334	2.480701229482964	0.9538576151280055
34.41250136507596	8.348796232550306	0.6966670304670681
16.799904662695653	9.061934408614988	0.9259873713294835
9.923810387002192	4.3220948455238	0.9533196707101832
36.716700298566494	5.594893601195555	0.5590989181264363
11.689742942486104	9.604987290121624	0.9793651796587249
35.0853162349182	-3.306658417802449	0.7330406107331146
0.7081397526681599	-4.03657016651761	0.999892226560405
9.679672404095195	0.6311697159060685	0.9524882691983259
26.107314040566667	-3.307410249565457	0.870960104239285
32.828316832367065	8.852939062538994	0.7366047687683392
21.324291102185036	8.004283710933745	0.9250885076286154
8.806877751247214	2.3405336929464475	0.9558518631027106
37.900316608897576	6.943566099380654	0.4950452736001338
23.09060455272545	-5.779714741523151	0.9993941640832084
24.61966694343716	5.7288748052393075	0.9036851691987742
6.340581871104869	4.609808156092495	0.9842805686615013
18.267765280828485	-1.8667638353009082	0.9047900560527652
6.886522774912704	-2.9169575048582317	0.9788417967607905
15.200210582001798	1.7893107321678983	0.9618545998347606
29.193445435516324	2.663836124531123	0.7244407118721286
1.2607157982434063	-1.929726599720066	0.9957156663745408
8.340044268135413	-4.739778663142552	0.9967311792147094
2.1250636162020453	7.092734925280716	0.9976425334080878
27.236057254861628	8.352437348395679	0.7829516748787197
25.073440687763245	9.110514013043531	0.8906339076451889
13.976875697599748	-3.3303850734687117	0.9880185530585863
19.391861607470588	9.148046555799247	0.9043515526392777
31.916559666235333	8.47693091673716	0.7407339891497442
10.632579798091708	2.877080130058758	0.9605278456181947
28.20967566952292	8.556496839439976	0.7405064681025562
2.5789797080691494	8.769533340153142	0.9983839307586333
9.031169782869874	-0.5878572218285747	0.95417816706821
20.36750479362904	1.1538837071369983	0.913638478802558
33.558352079964365	4.598534322924959	0.7240274336298089
8.689008354986548	8.956096041760045	0.9569019994139973
15.208742727288506	-4.636569043796285	0.9960878543766292
13.396350604783384	0.41385299408788256	0.9911327978479121
3.010009285699461	2.561130732743372	0.9987889634165483
35.32035007864149	-1.364129339906878	0.6511612390857606
37.26377535342707	3.1378151262075917	0.5253812423122223
4.620046278445932	3.6673053283020813	0.9963249013503475
13.665080951245281	-4.662718485770618	0.9991028650888533
3.3577989359912017	8.849362917176421	0.9988444791217731
15.536333190123338	9.156484975883906	0.9542520112309117
35.423972133276024	2.632463782305493	0.6449560091767238
32.87608511900027	2.4218951946528193	0.7360553914558855
22.91873748138086	7.7411878710636834	0.9301126953407314
19.64224451184571	-5.088661099261319	0.9963475473290924
29.845311797173824	-2.439347758637112	0.7255738577342569
27.86098563050415	9.415029873451509	0.7528262899074224
8.434776273234055	-1.4293403212200815	0.9594850824948491
37.25596720923733	-3.915367011557443	0.8540369295960686
26.351728153253536	-3.310841356635148	0.8617775359133526
18.752976499088202	-0.36611740351039046	0.9028209644860146
4.0162086868215505	-2.877042119576629	0.9981611309654014
19.335156497168395	7.642777655303121	0.9040400927704331
38.610056903855714	0.44060724581085964	0.47541845212242145
27.06806397913224	0.550322172737804	0.7923120393777329
2.7804310975920905	-2.4403667642937243	0.9986156068030902
31.20070817420706	-5.478804289389572	0.997023591828612
0.5479153562850438	5.721857405754665	0.991480919419665
18.932358097444038	9.907145637507728	0.9027934976175018
28.493211133267582	8.398510776511166	0.7331601327491168
23.18124993058918	-4.856235313860093	0.9950259635517366
35.247252650789505	-2.9016567327608733	0.6661559891938992
8.835790822333273	5.1111993489953775	0.9556110017773298
25.318797525292684	1.251142944533342	0.882168160982666
16.651554911065244	-3.8934874587127517	0.9677096383567492
30.714274718676176	9.448528117873067	0.7328499250062527
16.910342453344438	4.036999263467763	0.9237674485992853
26.30005666883569	-3.5093166305034345	0.8839309438320411
39.57633858450726	-4.129297469420393	0.8959800276167625
5.237442508388227	6.145683532410178	0.9932173630237537
22.3400903992576	4.695236147499351	0.9314383516327933
24.88835152516336	8.712740874560694	0.8963345803654064
38.56471900062273	-1.7866934998902124	0.47623016076649777
7.379219207290981	4.71539405120614	0.9723963171833223
29.114995250695248	9.581047265305337	0.724831063730795
15.386567564303267	6.7568058726395	0.9576670556130279
9.13332759397859	-1.4505143865930314	0.9535782424348491
25.775536716531086	4.4958079899704515	0.8632628527675817
23.11955771650632	2.1694192479400733	0.9287197348000824
13.780857084251176	5.3901282629580685	0.987605795940159
25.82311896023016	-1.9338970002695568	0.8610451858994623
24.534444103280318	-0.17178761735227965	0.9058100036763849
25.366473425728376	1.9681991677350297	0.8803924190351801
28.233097006843884	-2.268942321895537	0.7398271780884355
38.67588068981789	-0.14152024600310398	0.474340381890777
1.1746043405829327	7.445569118893701	0.995261323304707
26.013044398473966	0.33966582151935754	0.8517399736804028
33.2768538528959	5.736074559797615	0.7299698210606304
9.42522129365464	6.552860640285839	0.952517980038558
18.25498820608063	-0.3437784136396047	0.9048793684068778
24.20381051942968	1.243087070516335	0.9132008221330831
5.902431006326625	-3.8888685638295506	0.9941095922025109
17.27870155194077	2.8865097170292735	0.9169524690686872
35.87848678080928	-5.915109374331905	0.9983841835472153
18.0478005925992	5.294657050159081	0.9065923523165144
13.305065929466748	-4.099588001765735	0.997912174282837
39.64968024996256	-3.356957891426749	0.6323156232681345
20.706086867369535	9.76275801522645	0.9178285873359842
11.881721821626183	7.489310162465291	0.9826485760497334
3.5972963002076317	5.47393327818099	0.9987159744487726
9.0318272026678	3.1233761386353507	0.9541739645532972
23.6872249535233	-4.338293681638845	0.9834526482348414
39.71595358731791	-0.0770078422074647	0.4701384663140563
32.96287065190662	3.341800151615079	0.7349637923520205
35.94642112314079	-0.2745776852148687	0.6113311460716645
10.967467023845435	-0.8513363464073507	0.9659937258818877
16.40105234480247	1.7849240008951135	0.9345059530408576
19.533357165570322	6.209920701501989	0.9052632745473804
26.968848838735934	-5.0591182436626845	0.9927879020938807
37.89253859948319	-4.053376746817818	0.8838491636516748
19.176260350765034	4.116843569595115	0.9033406984428884
25.1296346149704	7.4374601604273245	0.8887904966465499
33.08615855487149	4.436057653325879	0.7332012517061636
10.273515600963119	-4.032010431928256	0.9880954942469306
11.014530614359419	9.670179714823025	0.9668320455224686
18.314015469693995	8.999175694236474	0.9044825858064429
32.01568950987318	8.54417502574913	0.7408166249900434
7.449279325071898	0.1472971322522021	0.9715175455760353
8.844243326634672	-0.5502830674038783	0.9555419014085521
27.001247179317097	8.649147248051356	0.796120838991303
3.7457587587755086	-2.807860312769595	0.9985832053086768
24.206368210512654	7.229365977537498	0.9131486102599187
25.78483862476209	-0.39436219767703307	0.8628330443518849
15.152465955974131	5.972506846667645	0.9629127099336342
36.53997504550182	8.51612553868253	0.5709093590066735
25.626758391684902	-4.729762445185017	0.9881596238113259
19.419953999960484	-0.016401674845901937	0.9045175305739982
9.374259570771168	-5.718070189322859	0.9996396118433611
27.336163592244596	6.277735079726892	0.7775660290934082
29.20947654511096	0.1502519215718614	0.7243766507381085
3.623677196867527	0.29659316300282157	0.9986928246619353
39.346483216018825	-4.947897546323379	0.9824617969309962
22.85821924194203	2.4760471883751336	0.9304381436955882
33.06036961960175	1.6538611461994925	0.7335908011960773
30.140069359935016	8.970183615043055	0.7274867447473072
1.3328113803912878	9.37154584298868	0.9958223982242966
20.422512741690962	-2.0084139229050244	0.9143080901790342
38.70546903036872	6.565171424822054	0.4738939083195218
6.622958385595509	-1.3549526425904475	0.9813274726151542
18.988334185205765	-4.64807035183566	0.9898511084203786
1.2087619928425593	0.3014417692030733	0.9953715821573494
10.000439660387062	1.449261838901183	0.9537600857046514
35.48199129619584	3.554025237041987	0.6414035950932122
15.933764395588986	6.10159044800168	0.9451011748047056
6.781030963498628	5.2315346460414744	0.9795710046053326
21.134697034392822	-1.0509852541558615	0.9230097903425745
31.772323562052122	-0.7097987195453719	0.7404148433846685
7.555409326408406	-5.963627932404318	0.9998256020802909
17.67087837125019	2.8129503480101263	0.9109300691712778
32.026315433484015	2.4999687700709323	0.7408185954142894
2.027968100453246	0.7218189329348128	0.9974467061505895
9.447643278284653	4.247509021369151	0.952480344454092
28.670317835382036	-0.8625365376016205	0.7297540047312763
34.188775413017666	-5.0130659980319905	0.9895198700823963
10.163054269714388	3.10644564569715	0.9549768619681243
5.594170758946866	1.8559516888879592	0.9908018445519902
12.179263281465987	0.5325076662687387	0.987022298993247
23.3987943222241	6.22195016773933	0.9259948018326847
24.001960720360135	7.9051303917004745	0.91708833215781
11.164303514821217	0.2836498508695797	0.969576405708403
31.858671700040436	-4.395957199623879	0.9662709150159242
16.442736035124202	-4.100665129715772	0.9787453968026608
23.918611867828854	-2.5049628890372624	0.9186080492592571
37.07796479935511	2.9990587469022927	0.5362078796336446
6.934270300795589	-0.16658341547958955	0.9778051148741724
4.636698456255874	-1.329450024489045	0.9962584725423508
12.48608273127678	1.6108893213639242	0.9903076760492381
4.224003337618874	5.3346427616705725	0.9976337197931933
23.05842445142638	-0.044585022603087054	0.9291945551080566
6.020467316786616	2.7603506009010594	0.9873151691752415
29.7882795261154	5.34391581328493	0.7250427671431
36.11133805110955	-3.7652197685982927	0.8288337611954096
4.809022161002458	1.7775740780251752	0.9955153751795134
22.242802082992327	2.6947455476007107	0.9312765010985314
9.029330474055582	4.099672029704475	0.954189961918572
26.553040040006998	4.397908968386471	0.8221276241179925
29.599250173462945	-0.25943771422458894	0.7242643981478168
25.144849354601742	6.2441483860942775	0.8882819241177716
34.29636961399223	7.1087286475904	0.7012572613936183
25.606190802600647	1.2545039154024025	0.8707714220364485
7.185569386489065	0.44521597026973936	0.9747931675815773
28.818195609199506	-2.6033765079947635	0.7290264089460109
