15.608182701590808	-0.641571078851495	2.6606340106495376e-13
18.273097904799073	4.212839081445008	-1.050132258656496e-120
24.963138342314732	2.410892650101559	-1.0079891531281214e-43
24.159494127899187	1.775806773905522	-1.9095099969502938e-37
14.298312649937282	7.2605317176229285	1.0239236789106562e-299
26.505759453158245	-4.284997250346279	0.9643466522290156
13.198896080475466	3.7171516106887204	-3.660822908361019e-80
36.85402055270002	7.952120092584213	0.0
24.390182745524886	7.027294661599026	8.992906899357085e-300
29.259355603442053	0.8000125954987318	-7.825974521427883e-43
38.59196113395207	9.535415048954004	0.0
2.0887383913029542	-0.7902370288652065	0.14535617932223402
12.46156700796085	8.75547413463925	0.0
8.758730017651637	1.3486574281021895	-3.975906487080496e-14
15.226633500876364	3.0815479998033233	-1.968459320804649e-50
17.70926417283028	6.3680366778203314	-3.369292393971784e-250
32.49086528058955	-1.8841772480812082	3.518186728625196e-5
23.317169006504937	2.3757445519901523	-1.6912018781872503e-40
29.943323638026833	-5.0272841979249066	0.9916229125518735
6.971577294892593	-2.7793767824841886	0.8862107287371629
13.461832979499318	6.288699540446366	3.2706785228062975e-240
14.222794160989256	6.491734463222819	-3.088206752972442e-254
32.43558044584974	-2.1457858025019227	0.001422300988562021
28.071412102720885	6.4162290365403685	7.704097117087655e-268
32.414243525150326	-5.9772370133808295	0.9988935076440699
11.4583704395443	8.304873073363972	0.0
19.319298964741503	-1.2674888855271433	1.2574956246170407e-6
3.1816209994697746	-3.8383247550169095	0.9956913131387468
20.421251932500038	5.386264585145234	-6.85446374062268e-195
9.918490582865523	-1.7882177315860908	0.23866597532776934
31.709979904919507	-5.054428396349017	0.9911709160657576
7.864853258978041	-0.8650354370921818	0.00052745537251944
15.307642851539729	3.21473527855688	-1.9591612624582798e-56
33.05762701569384	5.2085618080051646	2.2111415417868837e-202
0.9290913906699012	6.611232154162106	1.0955924336647533e-241
24.05246510420335	-0.9596132851153563	4.341804815239546e-13
35.618526922521504	5.438566032977654	1.1383641461213038e-220
39.23199039617102	1.734749610203469	-2.8647521502846517e-58
10.51978897322798	-0.3537204785572854	1.626797330316734e-14
23.716743850840796	5.270730411988879	1.1750160582088176e-193
33.387744697034755	0.7433034474673974	-1.173507345618044e-49
11.957763091892783	9.841772133813844	0.0
12.047515279498928	1.033253617939092	5.642897394225342e-19
14.156500734848331	3.4614578767276605	4.1762298762721184e-66
7.34097869532709	5.78071879131198	3.849216599725805e-200
25.717095244698843	4.057912877188141	4.88921888260667e-121
23.937622924909693	3.0226977043279	3.5058672583858147e-60
12.276078214640247	0.24600374548364812	4.3341951429012476e-18
19.522817180059615	-0.8641246000860932	2.5369495090079227e-12
38.48806128281515	7.973449036311454	0.0
13.961579170966848	5.939990531446302	2.0709369443651572e-220
21.6615020790216	1.6415896628824669	-4.879193731870836e-33
13.637167211384785	-5.46389651889028	0.9994061321287636
26.101443996963535	5.529895689437112	-1.789541936552054e-211
13.806561331856875	2.916199756885721	-2.4343257689267618e-43
36.431503077424715	-3.961106996224082	0.8649998365486297
25.628690580683568	1.387668362657184	-3.003444196762218e-38
11.528230414724797	-1.840573097519954	0.18031708232166072
16.836860836031935	-1.1866533649848137	4.110715854078602e-6
17.094557788339593	2.2174365775241185	1.0344494909021393e-29
27.842688009638987	1.4697416825439937	-5.5682638370192354e-42
3.3740541714172134	2.2211157067388	-1.2731095446524476e-10
1.6938244878630568	-3.5290652502375863	0.9980876537975859
29.923744386813915	2.2361825272180447	3.7232309868100515e-48
18.766993186409653	-0.7018892678795297	3.851409448088349e-15
32.74388388894746	-1.3704113274417615	1.4792955386406263e-10
29.276890953805577	8.352434268185117	0.0
30.86490070435346	-5.424481293012025	0.9964232383809605
32.17489813539914	8.879160724153873	0.0
33.67228697813543	4.378323178632417	3.0861071012456063e-152
29.72319355749285	8.619348022034252	0.0
14.418036080801317	5.222919065709792	-1.4799553522210697e-175
14.16209686266265	3.3352670406424103	-9.369588030691755e-61
3.353875308274473	9.531022183876793	0.0
19.32958779119871	1.850910730008124	-1.3407978413928225e-30
0.7679044955457095	-4.893225171310306	0.9999956844237505
5.251819148032728	-3.1099839831951286	0.976209818449358
33.27352158767009	-5.855704535346103	0.9984577830678859
21.73214834096085	-4.195839727644735	0.9708401050962664
33.952397057601786	1.8544847595340386	2.636646055266183e-51
7.538643775846612	-4.634940019435195	0.9982814467960405
16.116788726733343	5.516357558957939	4.564974459446993e-196
8.098441106039767	6.275778715155578	-9.792930849350707e-232
5.120495928368176	-4.558742071938362	0.9992109559380802
33.82385746236188	4.613241119941701	-6.2416218400264236e-167
7.565775603240861	3.6829937173245924	-9.308514001751709e-69
36.518761801206594	8.112536967303061	0.0
32.666193222468834	7.464229912260748	0.0
8.953493250568181	-5.194256731064023	0.9995278018794976
16.220097096400423	-3.4472974727885415	0.9148408268628866
32.41097177283212	6.19058764167891	3.192546989561599e-261
35.325224897783336	6.041607523546261	-3.00481462955434e-256
32.646860242732195	0.35161879596905266	-1.2507282900983191e-47
35.698069580351444	3.118631175261278	-1.1586055761797532e-80
10.078104099943824	-3.128014440382838	0.9266237318311683
5.134095112061484	-0.7209313857241142	0.008528963652493667
20.928176368085044	-4.473492669475757	0.985678979033412
23.004282937309757	0.3901959617518145	-5.504486905946702e-35
5.621605404591352	-1.8943575375344643	0.6126308083547006
4.5573227245411205	1.6465108045148256	5.200172193154639e-9
31.801010445549345	9.24275255284049	0.0
24.592548305409593	7.425333729200247	0.0
14.595339388346055	-2.0112650233807905	0.15861943305991652
20.55907491859877	-1.7272641873690127	0.001461101161836584
20.879370015840067	-0.34412686064881015	-4.6117642331160315e-29
10.491378454109935	5.482682574001796	-4.061799446474798e-186
21.075840060413594	-5.709001819271396	0.9991488520968614
2.7530118401617756	0.17089672056538774	0.00035210926074712455
17.778132543038968	7.58190279793601	0.0
28.242871185621283	5.312429995544715	-3.3223546842607955e-202
30.34861968885361	0.7022915340710121	2.3147991856007864e-44
6.591604425973426	-2.0698300127303675	0.5777268044556656
28.063555504232877	-0.07961396485664451	-8.029090041723286e-41
25.303000417444466	-5.6444441455635115	0.9985572972795388
22.493584216110165	5.093166770936179	-3.3544579669583917e-180
36.20438038353117	3.254095939417308	-3.527262910359872e-89
3.1667903299571245	-1.3195726499129883	0.27498960571552783
18.930017726689815	3.1395030499279315	8.556076722652907e-58
30.190520328366816	2.339421134386214	9.840166398432158e-51
6.0197886782881	8.134689557295271	0.0
27.212243728096972	0.85459990353554	6.016277846884539e-40
29.240937453052357	7.247904623447255	2.389e-320
2.781661567331755	8.121047614470225	0.0
26.62383868365421	7.969330213898168	0.0
16.826887244908484	9.325647932296192	0.0
39.2403433873915	-0.6527980452574837	8.502088387491604e-37
25.8347493428948	7.53890165954083	0.0
7.629667816758549	-4.5261523875349425	0.9978090095507496
17.03263691246325	-2.9883498047203148	0.7558866191900995
25.713028281154052	3.348737191252585	1.636128356781529e-76
36.9236491271117	-3.8852207994454737	0.8374589004526714
14.472472376369169	0.4628554314612394	-8.915928849700215e-22
15.087373229173451	1.0434048922545216	1.352169038683572e-23
5.741895201624405	-3.2245714711327658	0.9738807450060033
37.35670999148407	1.0723130094636772	-4.266344224322232e-56
20.14872012735392	8.831539555682646	0.0
13.98904464574877	-4.046900901028721	0.983579640867938
2.990883690320059	-0.8120972585497377	0.022649760507712932
23.54160058153965	6.107589613238304	1.7690000819211152e-242
12.77873278227413	-1.3125377737407717	0.002759786685850674
21.365909533745732	-1.7433949298110214	0.0011748231914139678
36.16658072126893	5.2477433298387375	5.734863369862097e-209
19.850628637919307	-2.0582593359326466	0.044829124272375134
29.48882220777048	7.169540085195845	3.546124e-317
19.221401036734672	5.206421982320663	-1.7706068878743e-181
19.894836989728017	-4.3422051950967635	0.9825524472101093
25.219178363956917	6.678168132112926	-1.106661121533332e-279
17.947953508457765	-4.508326762993736	0.9904092622258994
34.52128448822955	8.28780666820904	0.0
7.904417030196302	-2.909099276051183	0.9164602445450458
13.8384128140046	0.8042937312672613	-2.8276605946287306e-21
21.803663426310102	-4.488405362603103	0.9849135950282416
13.34927215955304	-1.3594115193263718	0.002867799559435975
20.641334490731698	7.911842829898735	0.0
33.59367918589393	8.277884603657174	0.0
11.139183820556376	-2.1439004169122313	0.4249632757841241
18.27135858947866	3.410373417122056	9.996061133540357e-70
37.1751120873987	0.3124766577541429	1.428675859216455e-53
2.0245581406309863	1.2773507186469466	0.0001791597386996949
17.568845725618022	5.471576462117358	8.778321698377732e-196
15.727257394702056	1.1476450854560767	1.2672736779996013e-24
27.189126365666816	-3.6027531612987076	0.8324233687734106
10.29739128940443	5.3777429772065375	-1.0259580753958703e-180
16.739883034776103	-3.3225000225679615	0.8817087236544371
1.0543397425258723	5.7329950349782415	-3.5237336107982294e-188
16.792573143833877	1.5830415547526755	-6.665573299973752e-26
4.683431135188756	4.993592196737978	5.799730312574662e-150
24.57945115509077	7.984788572316656	0.0
38.11296281826783	-4.988447398247981	0.9851924127031609
2.9966580757628005	6.189841447346822	5.899421419330379e-222
13.601080828258324	-3.6108596689292582	0.9589526084869757
0.6112384123659497	3.09712061543323	1.83063965047851e-30
19.36758736179004	-3.467334666183209	0.8829634898380437
25.289848162966805	-3.6231032055221633	0.8598957964960727
17.69201975943885	-4.852766729480294	0.9957892794417176
30.530696602855954	7.789472504788357	0.0
3.314625300664955	1.5279858294813948	-1.0518639442198592e-6
2.20974124094346	-5.230671425444356	0.999908079627905
29.971473116391113	3.554460133659738	1.5166787465310257e-94
32.250782107135215	-2.3625324099769287	0.014851582359288068
28.59600136420531	5.97780953765167	2.3382161882849468e-244
20.093209581358156	-0.13184214269210415	1.0668338101369143e-31
18.124688688326543	-5.313171052323842	0.9984559065137142
38.560948823965234	9.554039926794918	0.0
17.243157345526704	7.829682891287796	0.0
14.101387541228284	-4.236296957718132	0.9891281450379209
15.441983937972708	7.590114652757215	7.7e-322
20.29060988040921	4.732897881854459	1.1782409949532923e-155
27.582808539719267	-4.344631673085221	0.9662670620403894
20.095660483667007	-0.7082434421959327	4.121783815240645e-16
34.70791273527771	-3.7076068860299713	0.7900164939478348
9.573833862485756	8.40257511118622	0.0
10.249682525441381	-2.3206166913072117	0.610963024997849
2.2679393256857687	1.9828189509553056	-7.016707984844817e-7
23.55900885263631	1.4741724655331971	2.0743832154589114e-35
12.225446484318567	9.241768484750612	0.0
30.938267418526785	6.703997931257383	-3.1480779577933207e-290
3.2386430794800716	1.0143853237693925	3.10437760743649e-6
17.259913165115865	9.824347409375914	0.0
36.68998769348668	-1.4430380987885059	4.768631490901536e-11
