17.594582950192766	2.7368376897672633	3.100837099210936e-73
2.781219390089297	0.5074410692721472	2.3008799012154563e-5
36.8219589459573	-0.2900450997477755	1.1158435432008401e-52
5.39478291199942	0.8670551508743181	4.741044124002341e-11
12.501846007740745	5.708745457271796	-5.245824504673131e-247
28.979516876983432	-5.730003625700114	0.9984379551794748
6.929410409469695	-5.420942535697421	0.9996855527670996
3.5001374116609054	2.977608467201364	-9.57451189702028e-68
38.533145482094135	-2.470564258642483	0.007709589375478477
22.38483719999959	5.345442181623106	8.64733862060873e-241
28.606093445209446	6.845675109546448	0.0
22.132025960128335	5.515049438659574	-1.682362160893801e-248
22.179645843386034	-3.7601043902121916	0.9183547069383218
2.201110523764552	1.9306588686850787	1.612386501879064e-19
4.365654005825246	7.298566205255881	0.0
30.231740732775854	4.557677432716474	-5.704650302356138e-203
20.130575456027177	5.251617190670519	7.138767001928634e-230
11.469082563899246	1.7284136937082586	2.327694797106676e-25
36.16560724309756	0.7636828835125797	-5.244385469597764e-54
13.680932671032146	6.123864743205196	-1.8385326634040497e-273
11.603632054455094	-1.3289385859388538	0.008419189600983862
30.62609572043243	-0.8392998284195983	1.4035859098697514e-21
36.65417317787847	2.012422917752197	1.3184316854846962e-70
34.68114722606834	-1.040414492465576	2.299325003657628e-18
18.96407027433051	-4.112469711483175	0.9728554556691282
33.011839668964846	-2.454957094027435	0.02543293189624654
20.788759964323987	-4.6672471488722564	0.9907186095728949
28.38414460770599	6.971021443310665	0.0
12.251929624252519	-3.6372606559064202	0.9663112107823444
38.932506788714115	5.432212643359442	-8.972752415116434e-268
30.6466199057905	-3.0568894805576683	0.4427395250821337
32.83932094791977	4.2035866845758	2.4950676378061e-184
19.983318055664483	-2.019125554440297	0.031832435321043205
35.580377537262095	7.921432900951718	0.0
13.895136220220715	1.3655367412249895	2.847372881209113e-24
36.05527548058737	0.9497483351170715	-8.980236604739725e-54
0.7983622586811732	-2.9087271383330915	0.993923454223004
18.6704799543744	-2.21452798867411	0.13984272599275688
3.240409831976816	-3.569512387766551	0.9942952259172381
37.497769892348664	7.3653432510444325	0.0
3.7198848531464717	-5.900131352097546	0.999975037449525
16.13272781895507	7.6951026581876825	0.0
19.594267614844995	4.811944488398769	-1.2222199493129477e-202
24.546178365541003	2.641490264929775	7.867528915273742e-80
6.629658573540507	5.329620020958817	-9.583295668955534e-217
28.000312805602178	5.654392341932059	3.792790097555094e-267
25.340548686699254	4.441203730388612	-1.55710227498743e-189
5.248201459390351	6.704155492770578	-3.248126933691253e-297
10.525802782531683	-4.057319850934377	0.9909587656120264
26.70673182826167	0.9068792546518374	2.1589455633252736e-40
30.768020356516452	0.3403249071632999	2.930202845244949e-45
17.36583052853005	5.096824788416903	3.5784511690614116e-217
24.688289793586588	6.799663545691626	0.0
34.025649792551434	4.735586225445651	1.6431079951260346e-219
11.218711108158955	0.4376749097936852	-2.341328128276654e-17
11.580831069610158	7.746303031697863	0.0
26.81826312989418	6.231355274786427	-9.134899168397065e-300
11.293864395438353	-3.7345495503186505	0.9783653354702889
34.32259800718032	3.307806058907392	1.2108213033462271e-132
7.572134115041049	-0.1250103343488469	5.504894238774243e-12
31.1526156166607	-2.2915440771910944	0.00943587707778516
23.92355754780298	8.74453470809032	0.0
2.3160814763919535	7.45299947945194	0.0
26.19600309332109	5.875396639359323	6.557532457439221e-278
27.757458410215882	6.876582328404179	0.0
8.798065481948228	2.6464862020841124	9.813977753436483e-58
14.610710025683918	-3.446448038848281	0.9238313575963116
37.06710887530954	6.7373244748829	0.0
29.093331088530316	1.5345396511689273	1.296287572322401e-47
28.513343310325123	-1.4653145807776902	4.104320959851839e-8
1.2563034540662554	-3.6054689878002435	0.9973176218969573
5.132162102245848	6.3369756039439125	-2.476571361886216e-274
35.42848466013795	-0.2304660201641653	2.7053515298745604e-52
23.606335396284596	8.262237717091072	0.0
1.2860468143270696	4.171120834071711	9.094565323196971e-138
1.440379414935968	-0.7417023468118451	0.10035773571298791
21.421129939694946	-0.9576341526536787	1.6083096963902254e-11
14.092865900608595	2.782365206153951	1.1869550346632295e-70
32.02613731418711	-5.87309252438385	0.9986274850190519
6.069649741307477	9.582787777813941	0.0
10.914574047034089	-1.621146465832222	0.10455068641848675
28.905313902641584	-0.056788328263067456	-5.740870475271233e-43
10.58579708467565	3.608917988872644	6.112957987012932e-118
8.836784006402548	7.399303076878184	0.0
25.431560525750463	3.4395928906037874	4.1125450247375535e-128
18.305835900001796	6.864005823109824	0.0
20.161534946323265	5.433660744714544	2.976769762629952e-241
25.549907298381324	-3.730886869481786	0.8861871314044655
16.57612426797025	1.7542095572217882	1.4079668967122968e-33
17.8256678584374	9.668105347489202	0.0
12.496939881741286	3.964839585316856	6.086454511124014e-141
10.841370338502147	1.4062453447029881	4.511489240121536e-20
9.41057909311641	6.179789743491316	-4.078847184829162e-272
12.51425944102836	1.3307126369111515	4.757709850742237e-22
19.775351970047502	1.7238958437462664	1.4825192012986257e-37
17.458913110891366	0.6092141654410135	-8.13446670445559e-27
22.452553681547336	9.819957116513198	0.0
5.722352390341614	4.573949692291709	9.61188349302646e-168
1.1699711376164263	5.858777756638723	1.7253377550110304e-239
12.25891827050737	2.0418058235197805	4.612269081582956e-37
30.559934035511183	7.144156107053675	0.0
1.3399619962687852	3.8724838886409287	2.896493408447622e-120
1.9934259237952967	7.0076632851190865	1.55406346709283e-310
21.644957770702693	2.1144599246754723	1.918824871710945e-52
8.012006232422475	-3.065383179809647	0.9186068600572794
9.751951448120257	2.5257718707504218	4.65508495983356e-52
31.815562559142137	6.875510095797399	0.0
32.262584882468	-1.1491312370537585	1.2814382739407872e-14
17.201773802400396	6.737333877634843	-1.1817532e-315
24.053860363304583	9.945165077614366	0.0
35.16862312291117	3.8291371652622423	-1.2043614161823622e-165
25.383129670641893	0.3377609503631689	2.1388660946456244e-38
13.24274339272124	-4.385219434749974	0.9924666357447454
30.70583033475655	9.44022724738219	0.0
23.331128080331816	9.349291030608658	0.0
8.412066992645993	8.255503496494232	0.0
6.349013724409335	7.08701127338302	5.2e-322
38.87186381694851	8.306266983999755	0.0
8.914451007703525	2.236277286230404	6.994477976298979e-39
12.174752698321177	7.758784634287597	0.0
3.541768098982598	5.144725428653629	2.1391318336194076e-199
30.49038782074584	-3.372068336538362	0.6754226614953422
8.618729813355076	6.1165487518599875	2.3284182985918564e-266
17.409441105014455	4.970901255862479	-3.793412971617973e-210
35.73779141589405	5.135719278762345	-1.8120135757789713e-245
6.90976646509093	-5.787763981476534	0.9998656584048249
7.163301938453535	5.206580566767755	-3.5800501235566722e-208
8.466377320326172	8.992887401586717	0.0
28.055385520204638	7.30272095293865	0.0
37.74770445093254	-2.795236060295789	0.10498214674833777
0.6844138054018433	-2.9189237072241596	0.9955466231741831
28.072315750936873	0.5100477820537428	-1.3959555496724887e-41
24.66803485074556	-1.8507396156383429	0.0007112508830021433
16.90674878320366	-2.6897389264898237	0.572951641395822
28.613582053354722	-2.1432264956573555	0.004567127116856019
25.318323659574993	-3.7940619690482897	0.9025134237477117
4.497371204290843	-0.9110544404871561	0.09663375783807063
36.168782417911714	5.846080871585372	-1.7349752588779354e-289
33.3590306738268	3.16892070124905	2.299888948729619e-122
5.504613997789849	-0.4495925942083261	1.002661718330883e-5
14.349268484216312	-3.384121243819692	0.9150934129364089
9.328034631926947	-1.5318494092317891	0.08628026085365106
26.853149487810143	2.1749783159571763	4.3199500260432145e-63
13.99765310691466	-2.4597269373245716	0.5027594321493593
36.963095485924676	9.551188172952163	0.0
37.60296975396274	-5.695047535983221	0.9971506220398152
31.42784418409259	3.601920260689159	-2.6840358261925877e-146
38.05425720400716	8.563359850918022	0.0
35.1983610789044	6.295894676224044	-1.174207066e-315
7.670129584384047	-2.8790096752795407	0.8817236750748124
12.64481476663209	2.757542477407224	5.163264047069098e-68
22.60770525464075	7.242442560243738	0.0
23.004364626799717	3.8231690480313674	3.7651561041226132e-149
17.25089538762547	-3.98763182362012	0.9705749079562367
13.552438117027526	-4.9149856849620015	0.9976478445360414
7.325657242479242	4.534508259597057	1.8710867003851752e-168
13.469289647876064	1.2086554484269527	-9.010850848520503e-23
32.32799053743147	1.3723814928074987	1.3759467380625068e-50
33.07887429905646	-3.6460962526793566	0.7814851778398
4.868541497320579	9.032161204510693	0.0
13.703343682696929	5.3191495804111	-1.405794718417208e-225
28.19922095063375	-4.3454409232127205	0.9647605103255221
25.72822171031122	4.030125792445286	2.0945626607898894e-163
24.731864523513067	4.955842937006867	-2.981462811796089e-218
37.90285206305907	-5.017069828653952	0.9862838590917052
16.52907680864295	-5.981066633456898	0.9997195317401039
3.591227019855414	7.507376779205135	0.0
6.7494298327067295	2.888767296951656	1.059000939770235e-66
31.510992830436063	-3.719862029388885	0.827992821138442
0.3417217266384518	-5.831484999258855	0.9999986197392603
29.066452589072494	8.931681756628581	0.0
8.652784944979809	3.1103496548554403	2.095769995120311e-83
16.517407830545793	-3.466092564063004	0.9127632398745276
28.234373957313824	4.2577581418628405	2.1707673076207347e-181
9.82302700687729	0.8445150191900979	1.0672770662261357e-16
18.01421579975527	9.07017268832923	0.0
37.723992912623224	-2.322320744663191	0.0016039867194015788
14.586957895971167	6.887168768447108	5.4e-323
0.9710234343765471	2.655213476834639	1.597907519114258e-46
3.051563672807899	3.020970851837415	1.0155080278688766e-70
29.738541889851547	2.31264010815066	-1.1504123081969148e-71
34.96031779090817	2.085798902312998	1.3505442104991515e-70
14.330892538163273	-2.7917777677656055	0.7110720435697672
1.206112126028198	1.7988149089814272	5.550507513327896e-12
15.155723370189156	-1.646525452669806	0.012412159722298236
9.689855740697336	1.3908019437285546	-2.2051435676787643e-18
21.269074656705808	-1.1316617168893934	9.171325530256051e-9
2.5690923528185676	9.866834224476307	0.0
27.841861823497982	6.00613165691674	2.342196109240255e-288
7.43856020620701	7.095111022574319	5.0e-324
30.015680084944	-5.587487971817136	0.9976749186079575
17.52579230948474	-4.140303342625213	0.9785242198129755
17.301854302272048	-5.278356095803325	0.9984608928658271
3.0666928357194645	-5.3568174090320255	0.9999038900914883
6.148837035737802	4.318317021203001	5.320866907358113e-153
19.832097210424273	7.412269816824125	0.0
6.646189671456882	1.1354583464791297	8.130475283652716e-13
28.961062511552875	2.2288787838144053	-1.2179762003928697e-67
39.511198676457234	0.7118771649402014	9.119483065044297e-58
29.7921326073119	-3.525553399341323	0.7683465359766375
