4.3621702054832285	4.896775556310928	3.362733539663327e-178
24.17112893086156	-2.8162932095257105	0.4352966084378235
24.482835175549184	4.39724751111504	3.0422878780217415e-177
8.674613105647897	4.673965273648566	2.958014091484535e-171
17.97867894446764	7.160475826937649	0.0
34.0902728896429	-1.9807385716659844	0.0003169047082466394
22.07755440653179	0.9714760144746499	1.2628434897433534e-33
28.765768350485573	9.673945639087812	0.0
22.336568727431867	3.340736119857432	1.6673285184173584e-109
38.992064852890806	-1.4523389165742167	6.929186567000406e-9
4.4896821864504135	-3.8093931447023834	0.9918327372018791
0.7090301202591778	2.319641385624255	-3.119824390706258e-25
12.324325184470679	6.151206882823182	5.1278400546776444e-266
33.95409905908489	2.9484265186288425	-1.6020634330763618e-102
6.494817073894856	-1.4006108456448274	0.1978785699098124
26.66261974572495	-1.4635294796983693	1.1160624938852434e-5
8.327081472372834	-2.92409300148676	0.9218245149946437
2.0358422746752303	0.1958668046051777	0.0003096533319190178
38.426045262705834	4.302896781754484	1.5367942144730768e-190
32.4286626261397	3.399424273820557	-6.166116442695542e-127
17.782188494473054	8.007389987460979	0.0
18.896803666597553	9.71600486380212	0.0
3.820855676267566	-0.5426149858715803	0.00020960440795864585
21.471764620815907	6.275187873288441	1.2391120847405937e-287
39.363261900498074	2.2842225818203516	8.445868474434924e-80
21.908854645142277	-1.269300693254177	3.850041972881364e-5
37.111151588479736	1.3298898721956505	1.5208377454389887e-56
9.947418961630113	8.496957157037414	0.0
21.101517437977424	-3.0718699721615828	0.6859145761925926
36.30704551728352	5.094627383365154	-1.465128055848134e-236
21.218142326623106	1.533312408395446	3.628004690894372e-35
39.49177039915001	8.35916757373926	0.0
0.7277352404865705	6.275858919488236	8.355680913769154e-258
18.189251227089482	-5.144768099400832	0.9974878381461559
20.206444820392793	-0.42920090792015486	6.791698215653151e-18
10.272785832179558	1.7384546984021618	-3.5190524906447063e-22
36.120751823498274	7.47796819515532	0.0
30.13449267463087	2.4675948851775864	-1.131295728819588e-72
18.989108189719147	6.405529974517652	-5.335166229122893e-292
13.489022223674931	5.64175864626662	-3.7519327795433525e-238
29.908655786231773	0.059743878107319404	1.178313437172363e-44
13.63274471547023	0.003934864555297679	-2.639515203913261e-22
3.4381991873027977	-5.749947462453061	0.999928787881752
21.633374533632978	-0.4039764109841819	1.9871824030250427e-20
34.64359787035007	0.05017883146589952	7.691245053258714e-52
0.3043043932193985	5.146178231062535	-2.571324716127321e-187
22.764994692906335	2.3852386716069987	-6.80186417821215e-59
36.274715755455304	9.928253466275052	0.0
30.333971093870275	-0.6490700099720534	3.574679161598106e-20
29.792911979000504	7.278429133352631	0.0
25.529758062254725	9.741291993460553	0.0
18.50751182299986	1.614557112065679	-2.918977347971091e-32
28.096505673779525	-2.1159047901649934	0.008075062927066523
9.106755663124401	7.5464173710125095	0.0
13.194855661840688	3.5590369748247532	4.892748842419873e-111
13.88189579251874	-1.0781690168445763	0.0003423810926577577
31.98711875634376	-4.082546039188415	0.9191321410482879
4.50030149517855	-2.59760662519896	0.8833200814380799
27.851117474328742	1.041370062110044	-2.0957808253686903e-42
24.853497883747906	-1.9536060452047899	0.008066115617329832
19.779550559593304	-5.620166107854516	0.9990093986976305
36.68969597243183	7.174050253074018	0.0
22.568927719589997	-3.9007305541750696	0.9374288327951517
14.238120069105678	-1.0019639013240251	6.75893106100656e-5
37.89444640222205	2.364071511181656	-6.643898788828132e-80
3.331703241258143	7.374044625862304	0.0
37.47793409496375	8.453602738632735	0.0
9.440185465077493	-0.6684467235507405	0.00011165752503098727
8.807006318188645	7.670673009225943	0.0
18.962351217502796	2.9322114245325857	1.867412570336388e-80
39.51166159606536	4.6123286263538645	1.6638693012559687e-210
10.14478855044479	-1.1471125817857732	0.027183984168056077
21.19733834571399	5.9920549207331995	6.927186210161596e-270
10.357800522520028	-4.878783439623103	0.9988111980437242
12.730449912676976	-1.3301512328246297	0.016281408476440957
30.109687276547124	0.11486194007645878	1.0353993149057707e-44
1.8919522606905448	3.49610643432532	-1.1699701930110067e-91
3.4490646328539927	8.447171607242073	0.0
29.19014642429104	8.722070756256961	0.0
35.75886220512124	-0.2663346615535218	8.979199034769036e-45
2.55351878340632	-4.912974339265478	0.9996717665815522
4.692419889144732	4.964414627864439	-4.709620932654079e-183
31.882017870355966	0.2933766518854206	-4.757471081684194e-47
20.442373535397728	0.30941037520890546	1.7785945539244954e-30
14.349642986738228	5.973231978830718	7.214522853058637e-259
37.645577697670085	9.937580038326576	0.0
16.04700111007213	-5.196803244857492	0.998332309408756
23.560961354039392	8.351689508319186	0.0
32.47336236731821	5.709492810423551	3.017985222458457e-268
10.742381006212439	5.984333102707893	2.4237792960490912e-254
24.14102097043872	4.807133637295387	-1.2527236327967698e-201
2.5900683979052714	1.8809302128768195	-9.644411824015158e-15
19.47231657069178	-5.36150456582655	0.9982547301939212
4.924631601935503	-2.5309523520242116	0.8584501229456809
5.8080309642685926	-5.5948518415289605	0.999837122086826
25.235316182148885	7.042395499287601	0.0
19.82599801048443	3.822255607270229	-1.4818049078401838e-136
23.33863899397369	1.243576952631411	-1.3493335455091112e-36
0.7984604612454504	-1.9669307370215776	0.9607569295015788
3.5887637604791545	7.839368698911819	0.0
14.441398269923514	-5.408156783012171	0.999225566649173
0.6240021539515035	-1.0585548839223584	0.815229336454735
1.7472573592321274	3.5812559617708324	-2.404898117115692e-95
23.578237536652104	8.33472313901127	0.0
23.641247399481603	-3.87404784354397	0.9284391947525928
22.571485721519466	-2.278611298570894	0.1081670903161229
35.41939585103596	2.2029724574079594	1.0203395657872663e-70
13.306694051191888	7.366219405531137	0.0
33.5509157987286	-4.203452162841291	0.9318463593130759
30.021193624736863	2.2472228746750176	-6.968957842291053e-64
17.61974824835428	6.107511269721474	1.3348852156706145e-270
29.37147093530457	7.92432617187518	0.0
36.244969488350854	7.1784174609871485	0.0
9.01178273448896	5.751095506911376	1.5923150500114947e-238
11.833213550434905	2.926713083866588	-5.6440409607028055e-70
30.214298637301567	2.217569490822111	-2.539873725401693e-64
24.53088488099031	3.753133119969984	-1.206542714648824e-137
33.10144605514514	0.0017338528887655968	1.667470720056987e-50
30.30574051019831	-5.480951047602904	0.9969945101801496
4.61485412679345	9.426525707878184	0.0
24.381876607638393	8.621455694553276	0.0
38.024194033169465	-0.4445654497570679	1.6053284111295287e-35
33.9995579410772	9.334148079943379	0.0
6.3851052903340095	3.969906720906028	-1.8353373596034337e-124
24.064038934711906	5.158177559052703	-1.0444934666293764e-222
15.363350359175874	2.5794522164861107	-6.754717053207629e-58
33.48367481995617	-0.14700933340511213	8.542573591364537e-50
9.97404046684311	5.67669900382969	-1.4415269743735195e-234
28.07831226914928	2.510078901510468	-2.2373727652848123e-71
12.82096279989669	0.8559409961857085	-4.508268918122981e-20
39.473382226107404	1.7970523892440262	1.758196449054464e-64
3.1832163115457064	1.5117971687523237	-3.4145916461550176e-9
39.23089374948926	1.516980894162085	-1.1612863053670925e-60
4.652915306206068	1.4406533076486525	-4.097984622689297e-11
6.943442955147274	8.011270557128604	0.0
27.788314170432255	7.695645840488961	0.0
11.556456048797687	4.82803583274022	1.5233435044924262e-184
0.22259626254119136	-2.839092110725037	0.9995316475191459
5.809191485141636	4.397706962677322	1.0092236329178633e-151
39.06683179022084	1.0449846306600037	-2.6769065998433642e-58
36.74724918926382	-5.005239547298636	0.9866878413229537
12.283151901305901	4.215854960715831	-1.71492664396117e-148
18.324444623092504	6.56131453942465	-1.1597790908650365e-300
34.3116244469612	9.191268237364643	0.0
13.706624202510385	9.366895830385946	0.0
35.51946809041341	6.289071621383588	3.458186018194184e-308
30.057061133433724	-5.4665593530151675	0.9969478672570987
14.261747998580605	-5.382828843954915	0.999206997820322
19.987058343111503	7.048835305685529	0.0
20.0369945225476	3.5579087978295085	-2.3077838580878187e-120
14.552885802692423	-2.899822143024206	0.7842022932018287
36.063795189415764	5.719351173258545	5.232477720857401e-274
10.699662767631864	0.10223630116498228	5.3544478765809405e-17
18.548790249226865	6.554293092053104	3.197152987121855e-301
32.68120954928739	5.122724846856887	7.047358016659881e-233
39.588147589122535	-1.7892592349724161	2.025073598761012e-6
0.7216533430415895	1.2898058171165125	-0.000286452308308085
5.010627840252745	5.446567824631128	-1.0431867538262536e-213
17.84837726020591	6.840318668460803	-2.3773174e-317
4.6038128962999565	4.095214617795527	-9.888517382536703e-132
21.30540300035317	5.15572224074203	2.9176498184762483e-218
38.750846461353255	-2.703627706639729	0.06235624572346494
20.39832133225487	3.3871905825219244	5.243771687062036e-109
26.968226719355417	2.6804470782412864	2.347181878913772e-78
6.615956381091485	-1.7609039783547153	0.448120054046521
36.63681239801377	5.335450507479447	1.0284431443341158e-252
22.062018627004832	5.736840781570873	7.446082834817074e-255
37.74888880511631	4.107396949585734	-4.2628688810725445e-179
9.66195887235877	-2.8162382142972184	0.8916276874924269
29.50142002203113	3.3680721010836585	-5.134389890117949e-121
8.984105287840006	7.17130606902322	5.0e-324
29.77453157995707	-3.5554013109206686	0.7851807891116327
8.438697368487215	5.966178625186362	2.1005365026275305e-250
19.063538006005555	6.00702890516294	-6.093583457952614e-268
31.456587075781936	2.0762969241627864	-4.620210516664995e-61
32.385850768360704	-5.131787265154223	0.9922814050012699
5.771058752525014	2.1485453134902635	6.3699699172479534e-27
23.85851801595632	2.7389282274228854	-3.216353553689717e-76
35.77679606909254	6.498144134533078	-2.17e-322
38.47628054669377	-5.672139472479916	0.9968474948333651
4.062412403867279	-4.617432918354599	0.9988358806832836
12.876089923197307	5.704161272812968	9.202515673889492e-241
26.668282359475466	5.483501129930499	-5.272971046632378e-246
20.26384019497982	1.1953767191834075	5.29606900588525e-32
20.53569867686673	7.89129748444504	0.0
11.454282165108696	-2.7196527237280392	0.8282266175825976
28.0740657247666	-0.6505213077501111	2.267212108271715e-18
11.99397631722647	0.08593444604470335	-9.246232205424817e-19
7.174967435119729	3.8714833476530686	8.932246033946358e-121
32.46160303384604	-0.7991239758509856	8.86001106573774e-17
30.081075542275567	0.3028457900467494	2.5388024702532323e-44
7.602946313570684	-3.467621776268661	0.9766003227625326
36.22839537569173	0.24556380032768743	1.0335502011097006e-53
5.057166130345825	0.25768273838662736	7.567848385509228e-9
10.374635285392982	1.6068712415470756	-2.0949155431145065e-20
37.7776348425454	6.184454726882755	-2.1593916858005888e-305
35.92948804699055	5.443872988220679	1.1321833561070041e-256
14.991537939984804	-4.662228487794803	0.9952345640186068
10.821796992118601	9.59710597155378	0.0
20.103770202457124	-1.1210385980131115	1.0621126880325513e-5
