26.092132451030974	0.593666024537967	8.112471133242812e-36
6.2247844678367485	2.6404925515511657	-7.995838682989364e-39
17.89027513913628	7.209705101665996	0.0
28.178786453691536	-2.9021655008137373	0.3716956661886942
27.19704398112358	8.598547707378078	0.0
20.705178078242888	-5.103197254585851	0.9966500439233104
21.908702873672777	3.572472100820285	-3.8105738065531672e-112
38.86827222575366	9.245622257398942	0.0
1.0094128792348023	4.244277976898111	-1.1954172632595977e-122
8.356330558907496	7.8598094011542905	0.0
1.4326918943788287	-5.472965780727986	0.9999893306232175
16.352105988048017	3.761922258091218	8.894757535693753e-114
26.538890562413656	0.8838818475764079	-6.094466423313142e-38
12.926568842965676	6.664962160801576	2.6920138975152323e-286
23.937304528661397	-4.67600505251502	0.9880453420854468
22.026398141672747	-2.5245455135537007	0.2390187068757639
29.31018216088888	-2.8131467960772696	0.2687450788253169
26.193997031984182	6.880662291242029	-9.055e-320
8.369927366369211	-1.1875306722376386	0.030857409146039804
33.40188830875732	5.2830511660259845	-1.0335434311058309e-232
32.955026706477206	-2.693509746853522	0.11214292951601373
21.56901271237462	-4.527312104865846	0.9863624885136819
37.36467643497843	4.674369327071016	-4.7034727656429965e-200
5.184403666459748	1.3197470575507744	1.0034765147624288e-9
9.483757123998078	6.665565210914	3.988290055469247e-281
38.6240354759449	-0.9889956790422545	1.0239279489876204e-21
35.08783237947909	7.234024423867151	0.0
30.52428251115483	8.115820020639298	0.0
5.106832382197204	1.9459889020659844	2.5142177943089034e-14
16.035392942866856	2.1811515643036117	-7.962252014095972e-35
38.18840557009032	9.933983083241163	0.0
21.533479994981302	9.19393034591225	0.0
34.18306777354661	-1.4110732105340702	8.745469829421507e-13
23.40452773005025	9.679204509784075	0.0
2.5740982206537315	0.1856916634208936	0.2531271564766391
0.9265246538119305	-1.2843218049068454	0.8894984477382389
1.0862925856382577	1.7916520692811915	7.76327634890083e-7
30.992624451206126	3.9197666189329716	-9.073844890807086e-146
2.73114626458378	-5.380286293971778	0.999993153211173
24.509764380965564	6.423100303342533	-5.105709656562771e-288
14.207217542660146	1.0078647213002654	-5.102602910390635e-22
35.754279575574884	-2.993942588782101	0.2742605264013872
15.516864638606382	-4.484081563035609	0.9922112126146351
6.147802039885933	7.650653646387191	0.0
30.975129911472425	-0.6285452411261403	7.367994574976536e-23
25.42684338425252	9.942649841239348	0.0
23.803411750828182	-3.9657281930012225	0.9408109157863926
37.432017287397	6.075329485490766	-3.355080148557035e-285
8.46755007272422	-1.3231210421103299	0.061360069272801514
8.910359926409233	-0.5485515980222182	6.164380133047534e-5
32.97196813434649	-4.468537701148847	0.9637295518750286
11.48349546655422	-4.112017882859188	0.9902561839522969
25.937731614409675	0.8197467313925095	1.7169901094231283e-36
39.425749188422934	4.475255702558105	-5.326694334520678e-192
29.460287855195492	3.940805048632619	1.1850720129066256e-143
25.356929037449742	-2.849748771906068	0.40566584731877625
3.2669157758313165	2.6187744306349146	-3.709929049616691e-33
29.024788514309936	-0.7033869122430261	7.984199177791916e-20
34.4196577002981	-3.4243322891712964	0.6405089031078405
14.232457052278864	-1.4626203116203733	0.00219021216231868
28.58756504843919	-0.8835139131190992	1.5108730878514967e-16
9.24710560263573	7.704044890821329	0.0
37.72752122693416	-3.7593215794534203	0.7806271588588221
16.67887441416518	3.264093608785675	2.2074501519529504e-85
9.79062838497127	6.129078704066895	1.4714624101684146e-249
33.153022090007454	2.300449581379432	-2.4928705230645344e-64
3.1430166355482094	5.722111230562348	2.4509496804026437e-214
9.377070729372633	-2.81982430570379	0.8745084275641085
29.963536675555765	4.499847520756326	-3.9135492928532144e-179
21.08443707823518	-3.2812308269495105	0.793922207455757
5.072317922631561	-5.408256228259752	0.9998931943978097
33.4556791885573	6.236910636534514	2.2528340188237e-290
36.111388175744516	4.304365914804428	4.002164853211019e-175
13.977366018448967	-5.887394809509107	0.9997454654910419
25.246939406662285	3.4705013090836765	-6.39179541013156e-109
31.233612188800784	7.080859059790363	0.0
12.127897463933381	7.746552741224637	0.0
5.8010958169854865	0.8688904060822082	1.127757652122282e-9
15.490970738934426	-4.6395096506341496	0.9945655646779158
8.977456126083538	3.8115616441502134	-2.710999998202624e-108
30.819699614394004	-0.6784068332718292	9.207088356216644e-22
23.45505084093775	1.5800106457491623	2.218139084110271e-37
15.002151163616274	2.034021474755871	-1.854921527601018e-31
12.755251866397078	9.323035516373881	0.0
22.60443270673893	5.69971667517385	-1.8839916881602137e-242
15.232828665402767	5.250893590662514	-1.0909086494733533e-202
30.337292614935983	8.245520349622915	0.0
31.73579770564068	1.6096638731787856	2.593848321634141e-49
2.656446154581085	-1.8542704677378623	0.9797528849953998
23.723236750907827	3.688740737814694	9.588335063769093e-120
37.70601176667272	9.860168957175873	0.0
28.471836774030766	-1.3736520053348436	1.9670406899641202e-10
7.612250048157717	8.387616800632799	0.0
21.85566412370734	-1.226915416393485	1.7125359296866885e-8
7.242630903133702	-0.6581380548918858	0.0018397386229007872
29.09450670849529	1.681085044341966	6.542679138265599e-46
24.564428450428554	-4.029459116105247	0.9454106548474689
38.56632274178723	-1.5322802068576493	4.942733029277979e-13
19.11919881652006	-1.3638701001322993	4.950814524747951e-6
18.372699429819498	3.424334260354378	-5.2655893710875024e-96
7.461930619746615	-1.6924581772931226	0.42761567715636467
30.4955681998423	-2.230240952576086	0.004611907646422312
4.256031999123529	-5.315310908552277	0.9999106781839052
20.314304312940884	4.284274387969873	-3.836233664130217e-151
32.23598803994393	-2.872702013584643	0.24963260568033818
38.80969013360187	2.9248282108282595	-3.4091073894908025e-97
25.511459626527643	2.5523761755957572	-6.594951421233414e-62
21.4391696817533	-4.616163414961619	0.9890063367095352
31.98341568581066	0.24117416220121157	8.452768776301435e-38
5.119310720927338	4.415552542731511	-1.5352049485615155e-138
31.828541082938408	9.47465446160945	0.0
14.569097921836718	-1.3679710235210116	0.0005268654656839278
23.32462379989502	3.680674576066945	1.07474453667604e-118
23.88320643771927	-0.3552250856674064	5.122783704360439e-20
27.589483161369795	2.9953952920295137	-3.2994457983168036e-84
0.9230262351549328	-0.32447961000222136	0.38517044005506357
15.661421965859331	3.790420846753527	2.9250485608479125e-115
2.2149974894392273	6.244977718750423	-7.962092532984738e-247
8.09782235621149	1.0184068706896774	-3.0109643228133327e-12
19.46640580074429	3.018078363462397	-2.2792756983055445e-74
28.06920741078618	-2.9741426291270194	0.4350066315258155
32.397810811699024	1.1103455310111876	1.4891925838538762e-47
39.00794797414494	8.477976135822981	0.0
0.833202536016586	-0.13566550753627737	0.28449866762209647
36.618096833401076	1.208681350577443	-4.659603430383183e-55
9.141960996196355	0.09853887094855196	1.1363615875110683e-7
16.598740834975708	-1.8705459959125896	0.028398744493005147
29.897429729769676	-3.0756122429993056	0.4730354463716737
27.64361243165194	6.337935989079359	9.407917907406839e-287
20.108041339213983	6.305505385314117	6.938494827437102e-275
38.172800250965736	8.242778661742296	0.0
14.265191891030895	-4.072106894374269	0.9828767387148284
35.532731687754634	-2.951188654951757	0.2442572535550547
20.724263539087467	9.792359817770791	0.0
37.118057173813234	8.223619444036668	0.0
33.40097037581439	4.973976610046321	4.349659621067844e-214
3.0915268282079302	7.587433546183615	0.0
30.046842996227163	5.040436038112521	2.1008296981328715e-212
5.202581733329735	2.9320161598840073	-5.424685832420473e-50
4.836586944316948	1.5116840445768744	-5.0981840446212e-10
18.54594207160238	9.020054724336557	0.0
2.210260135298935	6.582585394292405	6.156157227583152e-268
5.110025625719018	-3.4077655280981283	0.9892891458131884
24.965374689827993	-5.299083917167522	0.9968864916936803
2.3047494388821805	7.132029551849165	-4.283966262803753e-300
25.35111885392304	1.7097516731313256	5.312416614191166e-41
22.66662912698088	2.169127369386853	3.2177025952533617e-44
8.856863862582177	0.9812657253293295	-5.510713181436047e-13
31.273062559270706	7.075580036465215	0.0
3.9836301196363157	7.736833635482512	0.0
17.407861775741267	3.1964064406569506	4.298106803490974e-82
2.021476340073351	-4.794178528355719	0.9999638360342977
20.05951561688238	0.04279425332547859	1.2578643919398263e-19
9.066164394391988	0.7534289280126423	2.7667667505847566e-12
1.114846728497766	-2.0813307259585976	0.9771652169401785
12.796222337909837	1.2772764559381962	-1.877737274193289e-20
36.548237946464006	-5.100803491728275	0.9894661137692721
34.01226254531007	9.359098318347495	0.0
11.868646196713646	1.0665564664993816	-3.653812356106149e-18
14.252266758179003	-1.0948643428080764	2.92537107003047e-5
17.521359646736858	-2.345192857188856	0.25524751938356915
29.257660670033403	7.784363202491274	0.0
36.6519004481275	8.5385403123936	0.0
32.19896586943547	5.244872195075111	2.439861864242607e-229
24.40879665337357	0.8465260800773926	2.2069149929518445e-34
6.487655723162255	3.0473823341448494	-1.35142041218653e-56
30.834771915641046	-3.863321993470425	0.8780090768105645
22.40430714300139	2.2497983128824153	-1.4935448573867974e-46
5.314410392678756	-3.681800326923163	0.9940924576927939
26.539340932637934	7.434858498193876	0.0
34.08086698059392	5.054060162781141	4.444107881803427e-219
5.6477588331789725	-5.714314649647463	0.9999436194926609
27.683882953377054	-2.180839683896739	0.0070841014525515
17.505205927226818	0.9779697663791964	-1.9478050912898557e-25
12.851937967681422	4.007546281762075	-1.5731361135150083e-123
29.924167382443525	0.7762910759167276	5.278195547065098e-42
31.603548494641124	7.851523566010361	0.0
15.166153374899725	-1.9977194735682282	0.10623564224054384
23.997348797818017	-3.1963568731879732	0.6947891534251863
26.652046528607446	-1.6091725515491788	4.4776689790710935e-7
36.74218284154572	0.8546501582352306	-4.094819787700611e-52
33.25073982152754	5.710495130312381	8.933932822225122e-257
10.416212446442728	-5.191809826300791	0.9993209802370643
37.20042778536682	5.699559682238597	-7.233127283177085e-262
20.858323709216666	-2.658299645292818	0.38918391279619596
34.288539385220226	9.218514028229034	0.0
22.147296584465433	-5.852701451338575	0.9993153311761219
24.962105220441167	2.0196592115921703	-3.2957299978918986e-44
1.1286921378105175	3.3418177270632228	1.288491952475512e-66
0.4017348752615979	-3.188782186865339	0.9996169589412675
18.35430714602164	0.29138049526967436	1.188885453602058e-20
16.170761005664342	-5.634084201873119	0.9993988021904704
37.515875210832554	1.780832068123999	-1.0079080278519738e-58
29.056851894676797	2.2726461100816024	1.1339166927669673e-57
13.072580337685642	-0.08045859606952632	7.330158005761255e-11
11.490558099869718	6.362104527354781	1.5859180921475964e-265
19.559336400215933	5.129498535409422	1.01792701626704e-201
37.764093759361124	8.407117424236962	0.0
18.626513996930814	-3.776417071663616	0.9439255067462898
27.496620985251496	4.507443755386397	1.9284970682358632e-175
