1.436487599634534	4.3202841756381964	1.8666718722641556e-117
11.27048978226639	-2.0474163460902517	0.3091207912061171
36.80739551829591	6.484869881538778	-7.400273159496126e-300
4.506415770404941	5.9049921678186195	-3.294486474455925e-219
37.69809572842068	-3.238446277311553	0.4419627398240683
18.931558454541104	-2.378186276552885	0.24241004036406083
33.29177840083634	-3.6756971527033606	0.7922766000607923
8.9982695953322	3.921422001359769	2.210302073457706e-106
10.072027692621376	8.066633039840617	0.0
1.0264755208740255	-5.367813548338777	0.9999903046440995
33.57780123991692	-0.6955783353486567	4.085163277065338e-31
32.60158260390271	3.2962482960729496	-3.1719736811934995e-101
34.402813233321105	5.144180377392516	2.140609657817243e-214
17.834639499017857	-4.026567740633244	0.9701417500970292
19.526574227975694	4.385731397646552	-1.6232518191786874e-147
15.664024908500865	-5.234201099288239	0.9985159094013324
27.742993264886234	0.652666496437277	-6.23062786083987e-42
22.47459452040634	9.24781634236335	0.0
21.478652586554265	8.221966449943984	0.0
34.87404105779428	9.702635316894039	0.0
3.343274563431005	4.4914259266473024	3.0599776336389947e-131
38.36878521452516	-4.756497568598089	0.9745699064279408
22.060134428763995	7.471919819850186	0.0
20.503429477972762	8.828792500276634	0.0
9.605278145175056	3.21327999025506	-2.6997417076306635e-62
36.40824027738232	4.762998360071105	1.1687654131882734e-195
1.5736886666318235	4.591739028401857	-1.2297192273931257e-133
22.79952235842633	3.1906301100954515	-1.5579502336542136e-79
16.8601487328359	-2.950897258990498	0.7272648599210392
21.430467017656646	-0.954019604866108	6.740547879965189e-12
25.746947536277407	3.138716870468752	4.1914901192882304e-81
8.399247944353926	0.15734843897683248	-2.0092494223820211e-13
38.253665475744185	2.1279738013229768	-9.93009347175771e-63
39.02985574107661	6.335930475891104	-3.0850429078317144e-294
30.3687660380632	7.182059451738493	0.0
22.891497153766046	2.671449090329279	1.7630304051222724e-56
11.083440092545848	9.5662568790937	0.0
6.800153043733505	-0.29251399296820324	4.0342847700695256e-9
11.682866538541026	-3.8525180508052728	0.9782017373820551
32.77776862770749	8.672110201543497	0.0
22.877474199524865	-0.24392625587110572	3.305018679978975e-32
19.786467347080603	0.9325614086443643	1.0964215326805499e-30
10.621735292895803	8.323721037062871	0.0
36.91806354350097	8.950906390051536	0.0
39.27529677191444	0.7497786080012112	-7.92232003776377e-58
31.019038374732286	-4.096049248458662	0.9260916327105804
21.626826767036444	1.9339186898981637	-4.322243857544621e-36
5.19783055657088	-2.281149101366754	0.7868379516030021
3.415084632286314	-2.365227817630174	0.8945284013054343
2.097725672166472	2.7610723124215433	6.567559562307152e-30
7.387864349859713	6.2711091104285295	1.438451850074808e-246
21.580448794527644	4.723827784920953	-1.083179325804664e-171
1.9250655118748068	2.319656866001356	1.8145255495593814e-14
5.639496439272067	6.571279598458968	1.4099676204437528e-261
0.7139712694651557	-0.5006956120572141	0.7689969694701639
23.395369295522976	7.706948617753792	0.0
28.502583538462886	0.14902389100323177	-1.5755288171548995e-42
19.887763028046795	9.0271462556172	0.0
22.564437646920716	2.8403823699507385	2.186990854556741e-63
36.5397227341462	8.507994921524148	0.0
25.435512612031086	2.3466755153382692	-2.7982011032264663e-49
6.658145714885534	-3.6053840315567456	0.9833143818158937
4.165711158166142	9.922701496233572	0.0
28.43440278510707	4.67616920990568	-2.874413036058515e-178
4.987888650722045	-2.6825247110077406	0.9260446906798463
3.7475461915695396	1.537733317838697	2.4027170422034545e-8
28.759100386179597	6.563620217034494	-8.747616717235193e-294
19.940931553734238	6.270705820337753	1.2266284998057805e-263
18.574584542713055	-1.1652712542052406	4.953604003793838e-7
27.348710675280536	-0.00040805768072971205	-1.0255958915961404e-39
33.9377203367612	9.886128577289288	0.0
26.10722097578072	9.954371269700598	0.0
1.9292748772595325	6.178534717692866	-3.309154172547881e-231
27.37408748672387	2.9793504555672996	3.124473325700769e-76
32.17021234633372	-2.1410936642738108	0.0010685586473973812
33.758199841520565	9.676489780451018	0.0
12.342147930633333	9.63608458847379	0.0
29.409415615678764	-4.016880942354231	0.9206072027851167
19.680606323734533	-4.139282479255897	0.9723177527602898
11.953196992516746	7.460615752716176	-5.0e-324
16.068585599032023	6.763127362928827	8.276991243118933e-287
22.085886958597868	0.34555716482735477	-1.6503850194606792e-32
24.232176083938693	3.0279190819087525	1.0773057993831966e-73
12.466460995053458	-4.289142115356775	0.9911498130398309
20.91532118445842	2.733266166604057	7.918354101335255e-56
9.58775249338977	0.31925790822369393	1.5265929751504702e-14
19.748976553799586	-5.225597701899016	0.9976787143253851
27.880031099643034	-1.0130588138104777	8.136595867679318e-15
22.5316860402096	6.933872028668535	-3.8187834983342724e-307
9.121802547277294	7.662553231371422	0.0
27.204777359801465	-5.344548962389059	0.9966758457781113
30.406854829348525	1.2534307157867381	-2.793008077653362e-45
5.768483058785489	-2.0401204088806395	0.6540568082466299
1.6314285863729256	4.351539742375483	7.458674865978645e-120
21.025770065692672	-2.597115810906562	0.3416108241696977
2.2144627149399216	-2.7494532889143954	0.9786616235099462
26.04999935279517	9.867429038176315	0.0
0.3819477248660517	0.8882000223912776	0.15686474859523977
20.178747774575466	-2.400112382850555	0.218518712796421
27.774098582377412	4.88718294612417	-5.13468392730211e-190
23.538651215609654	-0.5486785524699016	1.8650074216587743e-27
3.089137264049128	-5.32944233546824	0.9999128389434294
16.4962993341394	4.034281142107645	-1.9629757061578335e-121
38.2491135511644	-0.3355244840949787	-1.2445132022589456e-54
6.428671696645444	7.320058139375561	-1.1010844580906259e-306
23.687223395251856	9.305431475024594	0.0
34.61026803643155	5.750394110370959	-2.826661496884109e-254
1.9888192765778596	7.864030875990583	0.0
6.297076591700116	-3.2916276658255548	0.967746032923299
20.721435510154148	-3.679700602550966	0.91473114709752
25.410291931953196	3.1123397085560747	-2.8335553135845385e-80
28.848705361810648	4.995730699850888	-5.2004048258189264e-198
32.230810636918825	-2.5462784273028802	0.057084058520653694
38.49354735217417	1.1214239991034773	-9.849304221937695e-57
13.364906378864545	9.050103128609859	0.0
12.143827296385934	2.397389439197539	9.732007248993119e-32
38.08791371338936	2.5373242771157116	8.572563452226067e-73
20.375772775233347	9.64918992789518	0.0
25.378372537300134	6.645189347094551	-8.204789114357675e-294
12.695056837994294	-0.6928298472480847	1.6843117155728444e-10
4.79594544428674	5.379031962896274	-1.995221757431703e-188
0.45689794711416865	3.251614962074928	-2.1427662350160485e-51
13.835659030179698	0.40010128770563114	-3.1456764885974107e-21
3.9237174820686067	1.229924027950858	-1.8515132313614596e-7
4.590910537139222	-0.6271590023749276	0.0003376625223621266
9.57448313014337	-4.715543965400034	0.9977280225639583
37.53342227907344	7.756742574900546	0.0
20.02507990158161	5.404595496446785	-1.0909466962480426e-210
32.685639686990626	-3.375384475022212	0.6395703442221065
30.712541595734432	8.392737491971623	0.0
0.6842970900517609	1.696939578157771	-0.00014555965786990676
18.548144287971798	9.716509784039932	0.0
4.759672966185154	3.0773664865094084	5.4526945846951025e-48
7.694436021477546	2.3173701420837816	1.104065853893431e-22
13.094379495434458	4.2497644996353685	1.3430429832230217e-129
33.595313308495626	9.77810211000752	0.0
35.30703818918472	9.91077647680791	0.0
7.349228284568803	-0.5313985284011338	5.241339094145267e-8
21.50530142825585	6.771769374332077	-2.84295922694891e-295
13.592454770995275	-1.445909546842369	0.004191199677472305
16.454551196021203	7.699636730683402	0.0
6.581127299530611	0.8142113602471603	-9.380530677427548e-12
12.852375220708765	2.562632624621415	1.3603592581985175e-38
19.03184975995961	5.523921396159189	5.989559258010548e-216
8.321028920190779	6.279141399399833	-3.17380817173198e-247
27.728100189020594	4.667001803749784	2.1878388024685614e-176
37.902757986478605	-2.239207833472065	0.0004305376806033016
12.030117649482488	2.477411611835869	4.166302212148637e-34
11.346642843816682	3.025303817990064	-6.70394531182767e-55
12.328076351971308	5.31758573418935	-4.727822111108504e-195
29.20454767735451	3.6346873438895066	-2.540472401239377e-115
19.43758353940286	-4.747087042121052	0.9933099998552408
36.55319374580557	2.684469163495134	4.07082019976448e-77
14.592048915374939	7.381613399852576	1.0e-323
1.7377905226319106	-2.5976372602414735	0.9890206666010284
31.964331753010836	1.8655949521816773	-2.878278589087919e-50
33.59820181625183	-2.116413831685783	0.00039382719935266114
12.419651278735701	-1.7635590121064375	0.08185151381199213
8.128811647288256	4.406004468023024	2.5870664064645083e-133
23.83886472919264	-0.12978041737844137	-2.5974310133651817e-34
16.9055456271005	6.136383512177616	-8.233876060052703e-250
21.16165686803329	7.0742466267459	3.67230447272e-313
21.76880858083874	8.304078950352558	0.0
34.876793876037	6.69521574357373	2.0408441608628e-310
13.588192776662236	0.7847382255847322	-4.827688028033457e-21
8.757953023113895	6.968693355881214	8.724054851189619e-289
27.135352108438457	9.798555692153183	0.0
24.21397395510587	5.830274467734824	4.899108809992197e-243
2.4181000801839883	-0.18497997244830344	-0.004821527436804941
19.27258089246995	1.2527324259527894	-2.0311749238055178e-29
39.46181661235353	-5.69660705483814	0.9968762531272575
33.07396348507356	0.2557562724081244	-2.042079757456648e-48
38.70465996220471	7.227812153939048	0.0
32.41281394114356	-1.1764300965813597	5.71224977341493e-14
12.584161563275234	8.236016983756137	0.0
18.92517671421394	6.865736246822461	2.5749391052970413e-298
32.80476685855139	-1.3816318539628831	1.0410274522102303e-10
17.23620007797387	1.2418770992882848	1.9492914031073202e-26
28.959305815914657	9.883947608255895	0.0
27.605062393458844	2.7859704150459272	3.2183810215296947e-67
38.65383922274871	7.186878224789854	0.0
10.602579817364195	-1.9210549018912815	0.22459748084517137
13.636239364783892	1.3544272783453195	-1.5329640615130677e-21
25.44990589852999	4.148355931126005	2.094887950853316e-144
12.599611824654334	-3.28707384174767	0.9124995545233943
26.73013422215398	8.399973481019035	0.0
14.803754408598952	6.0235751842263845	-4.2801347186771555e-240
10.306692435957482	0.7539347611181526	-1.3182139593865182e-16
20.48484506822711	7.219996250645345	1.53e-321
18.36992461609259	3.196767386469933	1.2846331760379997e-73
17.691850519291346	5.393196716615474	1.194561130739938e-206
32.73775851818703	9.548347019749205	0.0
21.02097056708219	-5.728375654557535	0.9991763906024687
8.849269675863358	-5.237047186953788	0.999438589890524
12.949678844481268	-4.9702192256335564	0.9980887573226263
38.88256242276524	0.09431433551599966	1.35777084503273e-56
16.740214557776167	3.2200919869643982	-8.097679144686572e-73
12.673172622421516	-2.650516896097013	0.6772370912527516
5.05843834206222	6.249693023398937	-6.873421058089377e-242
18.41279522129694	-5.024945236731234	0.9968123735484365
