11.89730556248759	5.631058503359871	1.4494713370706956e-209
10.644214556206792	-4.274963268573657	0.9940771590316143
39.09792678707217	8.511844136102102	0.0
7.7081932855851765	-3.5340197578277177	0.9841013117451726
8.52116003337212	0.09916983255545375	-5.977174748415013e-14
33.39279082839852	1.525060109132582	2.3694491040847727e-51
6.409790661660935	-0.5067949805047469	1.3378507794819764e-5
20.404517599374348	3.805269161874982	-1.902023627085619e-110
22.342578989646373	-0.23121410442749735	3.607447835530319e-34
3.494634612183834	-0.5651242745727245	0.027634244945958873
12.306532477887245	9.033974516876004	0.0
33.78530964725145	8.19332901149317	0.0
19.795433679985553	-5.045393707672094	0.9964753480818322
11.658822278096224	1.6698024597493983	1.164972869700222e-19
39.42372029139223	-0.6346921551704021	-1.6472767248922085e-43
9.265027385229704	-3.3440789257402557	0.9632944271113766
9.795199081354143	3.055896720390326	-1.9131333265849986e-52
13.51226735839817	-0.7265736035573198	2.7858465357677376e-10
32.15143929729559	-3.1536435533244855	0.48409353540166467
29.040123502199965	7.622513824490621	0.0
27.18619129829033	0.12905162226178035	2.1170694132129734e-40
14.950329930279937	-0.6884427617319169	1.2944891606326957e-12
2.415084111944995	-3.9100486872045543	0.9990046895008737
22.260014658732132	4.43181587432375	-1.6668035263908038e-151
26.571428102772252	-2.1228375973451428	0.004959703624672212
4.589753478660274	5.823529671983085	2.0274904729534505e-210
23.524592126800123	-1.2536282500226115	6.83197554345133e-11
31.331309708631938	1.587591953568726	-1.147962035720564e-47
12.591188228777124	-5.5301797028255955	0.9995307955514359
12.685178714461502	-4.277375239289661	0.9915081618955351
9.39842850551152	9.323543117812221	0.0
2.683160248893853	3.9475446525543134	-8.821352456699783e-93
9.524483636458305	0.18467309084022077	3.371455689487521e-15
9.294962367877599	-4.621045223087368	0.99801082893066
34.775853203495714	7.1134741236984524	0.0
1.5442831968914006	0.042374677257281945	0.010930952476045773
10.395858191679524	0.5832608462423821	-2.969524842955312e-16
33.335513411197525	-0.7004790445715336	1.1598092527042104e-32
36.08872767174539	2.1599464644368496	-5.232386475381348e-59
0.4326538910256031	-0.16405498849736944	0.7293018791019801
3.0879997673842086	-0.8903895370466905	0.23642888761044145
15.0579785526517	-2.0908592866206845	0.1588131505700939
13.542130915648432	2.4966390162613266	7.2813509010358e-35
10.082047812992322	3.6912584766287857	-1.8457723543918166e-87
36.827882346380655	9.475653493537408	0.0
21.60554012610669	6.905638191218326	-3.292046398952171e-300
13.500870819640314	1.3823765649012465	-1.9857683282416614e-21
3.7146457772414188	9.796834241781912	0.0
33.18897416044444	3.9531655230487672	-1.1921896770946814e-136
0.523731074235101	5.261980950099076	1.5883536266075782e-170
14.182070955786298	0.5284679488214543	1.1808449283531355e-22
12.774253748037447	7.25729719886813	9.584558894170843e-309
10.211950339498452	3.747824922027384	1.4782571257976244e-92
36.979416468568225	-2.6299893444051285	0.04055347154148109
38.8973266997406	5.18248518354347	1.5508299074923412e-219
29.284386780116993	-1.0814040908828417	1.4196981766815492e-17
34.64371463827086	-4.4068478805569775	0.9540566226307846
7.255550529953428	8.950759169068288	0.0
19.820033237921596	-5.8126472653659285	0.9993952530850087
2.323152132453583	8.089192166650427	0.0
26.95436858192284	7.346737449935095	0.0
5.86091580642057	6.401810303847078	-8.005643765280187e-247
6.914689201693166	2.408703303180971	-1.7966697578611297e-23
27.036587276836105	9.386727847969311	0.0
20.35579482134411	0.4783713921297412	5.85731434482007e-31
9.344937830871938	-3.2452443958129784	0.9532755952857013
32.41375532090592	0.26966349922269117	-7.082193430308795e-48
23.2784465100519	8.43089494032645	0.0
16.540485528718413	-1.942407044247048	0.04434834229941652
19.52430079865223	2.821622812616699	2.8705709639129076e-55
10.375078751403917	-5.426714693067986	0.9996036981581022
25.959325390868266	1.6367971113694821	5.9573073531689855e-40
28.194153904668436	9.872955665957651	0.0
32.43564808521078	7.5003250450644465	0.0
28.90981177029676	-3.7762800294344174	0.8694570009047718
21.170687078917478	-2.9086309152596357	0.5753229132307914
28.316833095116667	3.7491476677135225	4.56437882935361e-118
32.981518246631346	-3.1805183723439967	0.48790279899383915
35.71011198528565	-0.24266625385250862	-2.018731192879585e-53
18.38760291501014	7.860901568953711	0.0
15.663407128566393	7.5333666602585545	0.0
31.884211276643565	9.742770301250271	0.0
5.389576937257309	4.266833254809413	-9.78800534937137e-118
32.65470050320116	-4.94827312317474	0.9880597607109265
8.483471380308076	-4.767991112051213	0.9988425946495295
2.799350603319554	-2.961156382866978	0.9892159644049907
16.68186396672906	5.082626622234056	1.4672253891770064e-182
25.30093147780446	3.5069777676406417	1.5402666238800114e-98
7.806377444975706	6.493789825388237	-1.479911980584661e-256
16.99140899131352	7.819052629383474	0.0
9.7623778571694	-2.4358995459121786	0.7124750789189818
36.75718735985427	3.348510323056157	-6.528251037958907e-105
36.948974108965636	5.606134232007516	-1.6507748380196117e-243
37.573451510568795	6.1942960133541405	-1.3404066056012023e-279
7.442995444153421	-4.716099900705672	0.9990249033119052
30.98952466886815	8.520716865003081	0.0
31.52139787948447	8.21173874762827	0.0
2.465949748989407	-4.721147075718715	0.9998416369349503
39.332609864737165	4.557743657223121	-9.908263237062975e-183
3.0258739803888774	3.570423070432941	-3.3688327872984783e-71
36.98651073287611	0.06917561211226797	1.9745106232415718e-55
16.057766641829936	-4.377514219931342	0.9892064148491053
37.86541335754608	3.1674183323641394	-4.745810533918495e-97
23.336036063760027	8.685358187146381	0.0
8.893754812472524	-1.8064871936815905	0.3107932569272773
0.3975516866848702	-0.4325199264153028	0.8673327929085277
17.003927096138977	0.9771609630692986	3.7974118995048645e-27
27.934161316197642	-4.981492668408283	0.9918902361041605
13.59421502482139	4.391370689057052	-4.603992758520102e-137
13.82129851278897	-2.313114048133855	0.3940613456466643
37.88947299117406	9.19943150420703	0.0
32.83223037903441	9.826850002674483	0.0
25.913508476914433	0.23272744406465762	-1.1500426981303107e-38
16.823301905644072	-3.134036802393595	0.8118996098881885
14.314691511532903	8.69817041738509	0.0
25.637156825515078	4.419634142799193	-3.871132497046064e-155
13.688963169342843	8.74678386331846	0.0
39.67361008192147	5.98920918206316	-1.380560944335604e-269
10.166476487555204	6.094670750393295	-1.4656577813152017e-234
19.18215033666083	-1.4129803676322226	1.7137797549750019e-6
2.569577577808146	7.17573351095038	-1.781500995527961e-290
28.622609249282608	2.6284355622877413	4.590983251235147e-62
15.672898604566075	-1.0339654115329893	4.907007318026634e-8
15.580251116290434	7.562491917639406	0.0
21.18975022620376	6.816843275782009	-1.5872640482879308e-294
20.3867181971116	5.327634018543272	-7.055574011075345e-203
10.129893628571688	-4.857772492954133	0.9986061739028493
16.555455459884595	-1.3669587062572077	1.7746845604806313e-5
39.23511344032425	-3.2067505975153594	0.3843528595445948
24.12583012725568	5.078877857238275	1.3846088849795428e-193
27.674693386250482	4.826488507713282	-2.1930766674845355e-182
9.690586734174344	-1.7181073698964724	0.17754220242195537
23.82016531716336	3.7142879471535792	-1.0378610289819282e-109
35.530967979480245	5.505100875545722	3.551629006550734e-234
20.854312141711887	-2.9349970036551944	0.6035834378465059
18.251307590161616	-2.8462076068361597	0.6219071013382905
30.623970470852555	2.270575961154208	9.457057038182934e-54
7.393485216240255	-5.6997179811948975	0.9999001711357791
8.952821574374243	5.682717939977646	2.041404460006424e-208
12.014875558599437	4.182993895152173	7.688779942583437e-121
26.147986687726092	-0.48332754117306465	1.903796365715894e-33
13.105726993227215	9.319668711102128	0.0
21.088871688977857	5.697668768918074	4.422174391035075e-226
19.219460485836752	-3.3530801070698573	0.8488257447893404
13.26886044569527	4.911516976790885	-3.094150123184658e-166
10.691625027206664	9.167950575735844	0.0
17.90150277802043	-1.861538064724261	0.012432494907093201
37.6555853168946	3.7190400787015605	-1.6667074162765817e-128
27.754820958049958	0.06477764415359744	-1.0245439947902442e-41
1.8806683492015637	4.249889773208327	-5.817071975557853e-110
11.710181915899312	5.820911613907029	2.6367818773101124e-220
35.662496931046945	8.830701655044297	0.0
35.56843982870702	8.31667321558573	0.0
22.936862981206747	-3.4782664528664213	0.8395815840955317
3.4810093680768968	-2.97112879980531	0.985855385623311
30.83600438101802	0.3919068388313569	-3.4464811639988117e-46
1.307325135165763	9.581703157754088	0.0
27.888931035569705	6.253964169129684	-8.97693747828527e-271
31.748012659547815	2.2875868871976337	2.347105072355966e-55
0.6549357227061436	0.5934656271888734	0.01589164810560456
12.670760320817745	2.1830689540383723	-4.50711194819569e-26
26.997738956104048	4.7964786725608874	3.657507634170137e-181
5.149229918611279	3.354734384529447	3.973906774376127e-61
12.835415977984429	3.1131375534040338	2.3811043736588833e-58
31.201664395864594	1.922960905523329	-3.456487845736286e-49
23.338493828841948	-2.726532961831051	0.3600938143135766
3.5818873151877018	0.4417762701806254	1.980045793170856e-7
17.633746991120542	-1.5521889646268683	0.00019830096677148952
20.368315191730694	-3.118237618618817	0.729114902503798
3.449552023733876	-5.874730680077487	0.9999824280074641
21.660957839398034	6.985471468497142	3.183771910032383e-305
39.514567967231834	5.834796481660764	-1.5207336800403433e-259
10.73622765408101	-3.9306476389944898	0.9867189949656114
20.467980283176338	-1.438445638082662	6.098760020085056e-7
36.25027159681024	5.616115694148981	-2.274480445990806e-243
30.51806392760895	6.333483367075992	5.2840404953065e-278
24.775853653758794	7.598068709465245	0.0
36.80872565093604	2.9171696153540907	6.515368483810402e-85
34.77883880048988	5.1646520266103835	2.1792708972154805e-212
26.45580736338733	9.295669720500396	0.0
14.411338607811036	-1.6230161478062826	0.00757850702714274
16.165613899184464	2.9065593507873295	-9.352438880133156e-55
22.590883803141672	3.4271708331719317	5.514933950371673e-90
24.50438927361895	8.870049923663487	0.0
28.044624693622385	5.595685439242292	6.926630769461228e-231
23.54585272155703	7.1779093336149415	6.67e-320
14.644797012550582	1.8102800744321463	3.9010499351645453e-25
19.494063440135456	-4.018507097589058	0.9642234512470697
14.196461253820472	-1.7185272376711396	0.021859045765030304
32.84440773068809	8.019458432862134	0.0
7.437940670087343	8.759282498575992	0.0
9.123302787998561	4.624072205185964	3.983255393588014e-143
6.3954074011250315	-4.931383103919014	0.9995704164590407
21.518412585050648	-3.7604816566103807	0.9227792960135248
37.22779857792958	1.4545371419320645	2.1477832727844937e-55
37.36827319983237	-2.5281235153496127	0.01595517162885151
18.30947299101916	2.1156611416071947	-5.689515128192207e-33
9.93239792083695	7.13095629176491	-1.2565057503108093e-298
15.534746135601942	8.672351842872946	0.0
23.61123921404128	7.627180655090399	0.0
