0.6376261280358024	2.504735370775279	-8.945835234650827e-9
30.619073308360008	2.708808667969201	2.2227869887960394e-56
28.195525228758306	-5.577205365722399	0.9980000258340338
5.3192448869964055	-5.2834150092254575	0.999895070774569
1.1230996703005174	-0.7063420308798918	0.8480266661074708
0.28336680442607076	9.94833645001227	0.0
0.3362539582092289	-4.216165741280356	0.9999925854931146
3.735470166596156	7.4726767258620015	-5.526578565420503e-291
35.107748902923085	3.713450145845904	1.4884081551390548e-104
10.974857394344724	5.008478903720132	2.0878901329105855e-151
36.14121314948406	-4.1184897239269915	0.9045272520991745
32.29892864172946	5.126504211778364	-4.3986256463048903e-188
5.621124356295472	-4.956588046044466	0.9997368175228112
23.144061024777535	-2.078012348939666	0.11924211055700817
8.876646885625615	-5.114898395576827	0.9992980713234183
4.313841175549644	-4.662377444799336	0.9997634919730032
0.59650375016878	8.128679254065048	5.0e-324
28.293109563225187	9.391545620556276	0.0
16.124929532779593	-1.178544200984586	0.004398407361917042
3.571397838595908	5.26298627431709	-9.74403719416869e-155
34.13652111140178	8.030400681239637	0.0
0.8028915583523368	0.09758434616188794	0.5367850156919017
39.55593080093543	2.9955054723656147	-4.063524867258772e-77
8.900238966943013	-1.3978911757150883	0.24561061698607412
4.235964458778697	-1.8809006328146687	0.902394203583673
34.60693436469754	3.3404139712808814	1.092835313929563e-85
23.06007148679366	-3.391343913724377	0.8278998132686917
25.990757056430933	2.4380663663453	1.4739175353132007e-43
37.80852195505991	2.3396984948948756	1.7858593513719618e-60
38.265699806498425	0.6904748002507972	5.029047799866429e-57
16.83022504070628	2.5542592569262865	-3.371693974921609e-32
16.713407401781396	7.9482826799812365	0.0
17.339090501095807	9.69435120787896	0.0
24.38505193934891	-2.759639113467955	0.4680032012917783
13.164617695185179	-1.2495235926572477	0.02576890291072407
16.70555476229901	2.433625611042345	-2.319631207675288e-30
7.681023781971778	9.326719159669878	0.0
36.978335320271874	3.2263862058548867	-9.016962770027196e-85
13.597387186531744	7.101909021887792	4.083399444235573e-281
11.994473904177402	0.5747041204762517	1.0593103199419113e-18
25.28150354744143	6.800556758308318	-1.126614039802762e-279
31.680953426268044	4.872695095756892	-2.1006755804539865e-170
7.9456139218764665	-0.2897414978580741	0.001244914428984294
32.76935991152554	3.5458510711961395	-9.900599019351519e-93
17.082563400757376	2.319399295913307	1.053061287676826e-29
37.491569334566094	-1.1054109827240062	3.3925236316996453e-9
33.273751821550576	-5.355141780134694	0.9951091300408587
1.2933291073300264	4.706062785434927	8.42971027777695e-118
24.07540948795819	0.1130038750181086	2.013501538745022e-21
23.033099718069174	-2.352422844424005	0.2525679421170606
27.742201971757417	-5.098475273655922	0.9942147348562366
3.0450183265590116	-2.2818094220853418	0.9786728855076217
3.254135461265819	0.47599031070654263	0.001260022279448506
12.230106971282654	3.394132744664674	-4.864170481656324e-56
35.627150894228826	-1.1355399831897444	3.118701638795894e-8
21.194128910794984	-5.373817848511866	0.9981515357805498
38.70094676915263	1.1270881444803003	9.034415190055154e-57
11.597777247360753	9.579849159855584	0.0
25.220503023128618	6.977767942951704	-1.7652004397967072e-289
30.573403870716575	-3.6311477031569055	0.8115012938949675
3.4478369327733067	5.2936546928461965	5.155384648611656e-157
33.283771988044045	9.848648382182244	0.0
11.48408096363061	3.285205863744352	-1.9631636390226938e-49
37.67517782407788	3.2313285257975224	-6.880121212126347e-85
30.32776312897495	-2.0932014956267544	0.021794219924713514
38.44484003527926	8.797419211425762	0.0
1.3189694330695443	0.5840937961108743	0.026811081662102783
12.214170148131302	-4.584026729100568	0.9949584805724632
36.85568305326518	-5.081698069050088	0.9886337956829724
35.935375479999486	5.3631397335326945	1.2452162552589423e-207
3.6875427075181855	3.8751215874295326	-2.013312738796812e-70
7.38483194985375	0.026656012611134372	0.0001003472753174361
1.1173165571997454	-2.250490863177518	0.9950562643661058
4.226059362821163	-4.156415489000562	0.9992869562421798
23.801939063385767	1.6940124652295836	-9.88408012188404e-38
34.559024223271635	9.210889789618957	0.0
35.318007544774474	9.479330771893672	0.0
16.845745541551373	5.426822158338219	-3.6699415345269107e-184
12.273111097830022	3.035900203798171	2.5973132517710205e-40
33.16143706564245	-0.4825908468538138	3.4995386415820436e-17
9.421813567325763	-0.3946879747851568	0.00033450354758915256
3.4003539653172523	6.807630645673822	6.852295512200406e-252
27.9504706980377	1.6320158135517175	-8.990379238899327e-42
29.044308942767678	-5.107593398442734	0.9936965658344262
4.147361853489126	6.633221634415079	4.530044204172006e-239
19.698077759350397	5.0968819617869485	1.4401434003692143e-167
24.500320392296988	4.797872636990125	2.7943037860236615e-156
4.760990018339711	0.4543977902851921	3.1349571894331636e-5
23.172979976400438	7.476840990737887	-7.792087e-318
8.16620935728806	1.270517554828622	-1.522484688343905e-13
0.538907191248051	-1.1332946017042538	0.9800721745249744
13.026144638080766	-5.975836113972871	0.9997661324233333
0.8751810098614676	5.180841011900469	-1.4793718593721407e-145
34.917083755563496	2.3692026953010092	1.1008702000419858e-55
11.073580416590433	8.946004545504536	0.0
24.50827597355107	2.3572961297366035	1.2292400680759881e-40
7.589091336293486	2.6008512784006186	8.078787167182671e-20
9.531564683500518	-0.4490439538083102	0.0004681221429433405
39.4105819534481	3.6731485253912943	1.244405439818181e-109
27.79194301282213	8.759634287510266	0.0
2.4027640998178925	-5.9894651838299495	0.9999970400864316
28.195193196235685	8.932256287342746	0.0
5.849732975517832	1.7333481780719389	8.990535215629595e-11
6.664750898408726	9.583683064285506	0.0
1.3733478771165295	5.761081915922624	-3.1078902901436092e-183
38.64456981768	-0.44909295730197485	1.6538161728073743e-21
24.027441244165168	2.2409149215215294	-9.953708339159685e-39
14.704347628983612	-2.91545464937375	0.778787085052852
33.403613560158384	-0.458622823397036	9.95763846891896e-18
30.834339726386244	4.270652614234752	-1.7983886914005355e-132
12.631657918762722	5.458512639938011	1.0445702377532968e-179
6.058397764546169	8.303062522924947	0.0
5.421812689302465	2.8484153250332653	4.418539836154758e-25
26.257772341116862	0.5972856179314938	1.0853201188845422e-39
9.52402632362046	-4.806588633369394	0.9982863082832665
10.256348706623092	-1.1677212629577696	0.06054686614570068
7.958216057397548	7.18843272852633	2.2729427603007052e-278
1.700859097618828	6.207335014362268	-1.0453125774439564e-209
12.205194548845247	-0.5839274583814493	2.627046400650674e-5
31.63511055910343	9.240402472503131	0.0
32.94329264848561	-1.9574778844268508	0.00387407795298158
28.855685741338608	2.848707488092792	6.887172694932889e-58
18.82148001157782	2.1504285426763587	1.2469422979026289e-30
10.602463733627683	1.769175918668843	6.137343862666261e-19
15.111438308150985	0.9824365124142282	-3.788380688865308e-23
9.170696221501384	-5.693231866028441	0.9997974899011394
22.00632720314582	4.762552463933094	-2.3027252734598694e-151
23.19199947012568	-4.635454904263089	0.9884401049924649
37.978601000150825	-3.2990236497136785	0.49491219137131287
4.449446059342144	-5.5324703019241745	0.9999651167120784
4.089479922447637	9.148077177579381	0.0
39.2845413474128	-1.020351064412953	7.585532572818906e-11
8.947579507018212	0.3791893535958373	8.494071555505385e-10
24.072892480169237	9.787236064053094	0.0
33.417773781899434	4.916024928178825	1.4842342076052491e-176
19.169957554674923	8.996872573241635	0.0
21.330435879648874	7.753982514143736	0.0
39.420561344721364	8.192086853751618	0.0
14.335631359842546	-5.8328830825714455	0.9996170509508684
13.155986418758301	-1.9526671642456357	0.3368504638826861
36.650882116157575	-4.028885146302883	0.8809798693061125
20.546265999967122	-3.519558893069444	0.8876970545574548
35.43591319082875	-1.845984762592046	0.0006273807587059397
8.62728150942194	3.520780407279524	2.4707563818644905e-57
34.49687258365011	3.4501432244492527	1.4935985698374969e-89
19.24308910128932	9.876195515886472	0.0
23.757920619959666	-1.3740577707742005	0.0018196682790454545
9.145103384872273	2.435827619294219	1.732632539235276e-19
17.680334748680753	3.4471840744420916	2.482358477454699e-65
1.4671916979405963	-4.498101439783966	0.9999573800703383
35.69856018720705	-3.574923220696874	0.7141996633954402
16.320519226084404	-5.368026225289896	0.9986546937781318
20.483561620746432	-1.3346274536172835	0.0038572598976986693
11.139384066082416	2.254787191875284	-1.820508420244032e-20
20.18323279577497	-4.716965514038932	0.9922012045357183
26.807869882784278	7.715301528868558	0.0
20.75946304201816	6.683706107083989	2.417563146451785e-265
6.839509674531045	9.706379879196078	0.0
5.490814704490303	6.7388046104325205	9.780202594514565e-247
31.040616776907665	-2.9713577723990134	0.40064094417890833
10.004156663172507	0.7123097549419235	-2.0134582670000942e-16
38.85531606800322	8.624712666843955	0.0
33.856188897806916	2.5215864286216245	2.260565069683854e-56
5.376271506783207	3.483652881767391	2.3316282519031494e-50
1.111431382060115	2.5729650191718036	3.649249336962226e-10
19.749918120518	6.056683304214154	-8.226462741762055e-226
7.814933847283839	9.44320895885788	0.0
13.29354845882178	9.547853266111623	0.0
12.640629465010345	9.477161530703366	0.0
31.423225697740683	1.6613066170060549	1.7211323667561579e-47
20.849436251643695	4.029247656776771	1.4488385900397944e-103
19.20608942849988	2.246470951253251	-7.124610679359274e-32
34.63870299442679	9.17559136679629	0.0
39.414707781733405	1.98061714843071	9.139067343737813e-60
17.691946512606357	9.075898737738033	0.0
10.534839182541358	-0.7339764279070415	0.001721384343809632
34.754652681336815	1.479252666262198	3.022017444736281e-51
33.806295059135635	7.257754457676793	-3.4204e-320
32.91503319563458	6.941982154639952	8.73351414865978e-299
9.810868013204715	-4.376638911367049	0.9950713386123202
34.63853193680815	6.305222101564837	3.185222828896269e-263
25.269572173275268	-4.415168274543888	0.9775749831076278
14.33751003470448	-0.4705112059598058	2.1032290324636312e-7
34.984235824276304	-4.135306737844761	0.9137430230540912
34.526518628011644	2.842828324129229	9.91550380822699e-66
25.2844953663256	-2.3055472065652793	0.1659517717954125
39.00229733891384	7.382293147101372	0.0
10.119626040769045	2.433296241397926	5.264572378080001e-21
17.945613626234817	-1.4748176552480068	0.022967247423565026
35.08479895276043	-3.7878075457379907	0.8183098114585228
23.653383063901124	-4.118573741374554	0.96154662150467
25.92978351885818	7.429578070596978	5.7073e-319
26.941917270700873	-0.048410362252315764	3.206843213255624e-20
34.79370272848245	2.8107693614849723	-2.5533748962120247e-64
9.244951729596691	-2.9332319964409628	0.9087281344563435
16.479057466684832	-0.1264058115504767	4.188912445642325e-11
31.361071751781672	-2.6458585659339064	0.16741370359724414
27.108595128977775	3.28483173885623	1.126889342959512e-71
24.578309287129994	4.841401694649427	3.637761799840471e-159
5.249054286367092	2.6412649496284715	2.7004976529776002e-17
