19.003766619445148	-3.2716413766056043	0.8596567022147841
14.069726198551397	-4.215431942000254	0.9893136215705888
11.346968456556343	-2.540907608434587	0.8655755401604415
7.840160909035823	0.548704173003582	1.6798985867672382e-6
15.280030159198704	9.578597921950156	0.0
38.92480336550993	5.101671127170732	9.348886579521778e-222
28.1276721163183	-4.379444304369667	0.9686446116438329
13.391095167046686	7.589486303760545	0.0
3.811061860916175	-0.11474901297832574	0.36384563007528414
34.03464733450596	2.275910248916304	1.229852821732967e-59
3.736850660726211	5.363724534225849	-9.698346614761723e-188
17.186260226220263	-1.2682041215599114	0.0994486095767677
27.638504757813514	2.0878072452450844	8.52877306607424e-47
29.929485731007176	-0.15190073931490033	8.634759326351465e-7
37.35337642050881	-1.746420043565955	0.003183256257810699
29.669911070329263	0.8990107154419427	5.222268127064152e-33
21.564290540504327	-1.0512035153323538	0.039059881722079366
13.722424717378551	-2.462100993793907	0.691790997752108
15.985757341222193	7.2504221049692354	-1.374436e-318
29.401790673841884	7.011306349591113	0.0
26.33633585928927	-3.523301577336561	0.8227630678976411
38.4063606527561	-1.2581661191147582	0.000378548642089059
21.224797163426945	3.1601990991461264	1.3938182762983777e-76
9.65463393734071	9.450683275968327	0.0
18.44726748457589	6.216710926793837	6.209674282217633e-260
2.741253599821159	-3.68261368844858	0.9995449628578918
36.44573253885374	-5.788243704683293	0.9978468998003308
23.18271858218222	5.2800068858843225	1.7088903118810958e-209
22.084435798092745	5.387458396828173	-1.2449352166634193e-214
10.784143036210683	-0.789728601805713	0.24289610084442706
6.926061854347499	-0.15263989705330872	0.008675336776667503
39.76651280161808	-0.8649147119192122	2.6373703443585597e-5
16.58258619554115	6.952673083585207	2.2025077923881695e-302
21.215838847984077	-1.8859104739948798	0.21120984818257363
24.153158907349443	7.55688987587083	0.0
18.944381676093077	3.7355667930112553	4.474551580701895e-109
14.38933022277025	3.8851927082132924	1.5981972705990457e-112
33.82335487904439	1.2392832241331178	-3.455430199892667e-49
26.7698971583169	2.319243329867522	2.3174644986433944e-50
30.7310109499152	2.352654148925353	4.624947714975714e-57
21.948811982103813	0.5743966286816189	1.9683130491246867e-13
1.9321147255186921	-5.193147674337595	0.9999861183646728
7.995248825620366	-1.9955325154746468	0.6268738325285631
27.49061285395597	6.377843407372829	-5.7994205825448664e-282
13.967431078395434	8.433335873079407	0.0
20.970836406487518	0.2046149165452782	4.363135199760371e-7
21.508059141601187	6.205964714549193	-3.6827890371969574e-264
7.950985442552427	-4.3585008281867985	0.9962002695674094
4.16931040693968	4.356216726774669	-3.7970898318440695e-126
30.30047183595166	9.495571625061583	0.0
9.814228718240747	5.076171138153324	1.8681332371778445e-179
14.016968486232129	4.477157134134522	-4.163685152101649e-148
11.214886003127026	0.9623196968856966	1.3167516568713053e-12
17.761898437592883	-3.4526105862917795	0.908043796103531
39.677074589383395	-1.968294529881348	0.0039256402047155485
32.88213121123552	-2.622919452304725	0.1497016194622079
39.243474853994464	-5.2418877588053014	0.9912319303814581
7.879102469608027	7.005262165337292	7.061526259704765e-293
37.55310089809188	3.5183537555301463	2.123790486090608e-122
27.898986632629637	6.38859913603407	-4.051259230545077e-283
15.650909758725119	-3.109836961845531	0.8424667806494575
4.979700711892005	-2.5522073021312686	0.9372251577360772
19.49356651179864	-5.825217334356086	0.9995144457153415
5.863937564074606	-3.103161888690291	0.9616331288726575
30.84095323466452	-5.188643127613872	0.993925673080524
14.487843345771376	8.330628124575068	0.0
8.711035236247428	3.279450924720905	-7.751631566410776e-66
9.276919924740868	5.59932435618661	-4.93573385533672e-209
27.879754211098454	-0.13400009012645953	1.0323332062446062e-6
23.860207885995596	7.768686047205346	0.0
17.0075664261009	0.43823918703006015	2.1695146471772756e-9
23.88192035521368	0.48457341515349484	1.4901451439644574e-12
22.531729801540674	-4.313301446960949	0.9769060522170182
13.479893273794197	1.115253016636153	3.1210228508919554e-18
8.620544183412763	3.332806806117386	-4.723003289068613e-69
18.81698306798622	0.3754793718782139	4.159479754510349e-9
8.720338845516972	3.220122446127366	-7.16200744193276e-63
22.30162020065311	-3.6386713567016393	0.901798534683913
24.876519308981404	-1.5138014063553946	0.03276241475041362
32.620716296386874	8.909609841946317	0.0
38.77476520827125	7.493814626725637	0.0
18.81383675780742	-4.122783511450972	0.9774226434979585
32.29612252155578	1.9216624515615273	1.4502739891250045e-51
0.7723880469770383	8.466978410067746	0.0
4.577536140047441	-3.5644390555413175	0.9943317911144425
3.0722857601577815	-2.878815814912958	0.9963421520161394
17.399390482248887	-4.705433642256541	0.9943952659414481
37.75392079382315	8.347591578603303	0.0
22.307968315038085	-2.421276197948348	0.3631021090245887
3.63745323086787	8.12443592306726	0.0
15.044790347970299	-2.570466371336625	0.6510974449323498
19.215772440325033	-2.506283276932283	0.53405923971816
5.41897026171685	-1.6759008096639896	0.7166766275912914
28.68597759291174	3.6111485995764134	-9.990551713862443e-116
33.896055178181776	8.734347501324102	0.0
9.058278630218636	-2.9672471673131646	0.9273796966991272
18.403179814021907	7.744276373707102	0.0
24.408577419854222	4.503428380245804	-6.333453855989282e-164
12.274316541309695	7.438103643009001	0.0
17.685463035325085	-3.8520058139197317	0.9610310288105035
25.11440873075307	9.00930384253703	0.0
39.61171641354333	8.974147496799358	0.0
21.66475991929986	2.1191764628667897	-8.528779340471442e-39
28.607396928092445	9.200586468776308	0.0
37.06542350446701	-5.624195809057706	0.9967550025005798
24.101041669011384	9.252760820660349	0.0
15.160220546998858	4.177095300822188	2.805976774575743e-131
9.502174772152985	-1.9534863405073395	0.6583313348843427
33.88197806515009	4.68036463126073	-3.247601126893728e-188
5.57920735923657	-2.501760957006244	0.8986845892887592
14.951500934131442	-5.148011607621456	0.9984249768489404
16.436815329219474	-4.038355962368669	0.9759102232158277
1.658170536597096	-2.2938664887359295	0.9899743838853939
38.680756160707325	6.594643023670237	-1.65027702369e-312
25.154960963288193	1.595246441619615	1.1452340203438635e-38
1.612276310245333	0.4633839621967226	0.15238260230517342
0.36823209878829977	-1.954305756798604	0.9958235734261488
38.81893261787022	0.035855156181263226	1.0707694193539554e-11
27.156563908691467	6.982905069591691	3.393366e-318
32.63906215252837	1.3328447367751224	5.4097466390000533e-48
24.476868365015267	7.146348837742092	0.0
21.92094494951807	4.902627041816469	4.915599332072353e-184
10.139937207784323	0.5510008404808531	1.533477633048101e-6
12.861670852136555	7.728137344844438	0.0
8.781469664052453	6.990844825931479	-2.7245273810330977e-292
10.87435524854656	7.95230320062139	0.0
8.855456271000481	6.505036380751822	7.755005458382212e-264
15.143413537742003	-5.720581040465582	0.9995622268182556
15.797665822707703	4.373283458088398	3.717421541752186e-145
39.24053359174851	6.25469862129777	-6.405520800026641e-293
6.17194005021181	1.005233201618772	1.0564135534526287e-6
32.17494467235308	1.2182665140431332	1.1537866962444965e-46
13.335031577143987	-5.093901791020226	0.9988819796644026
14.65374452670127	5.2861407639625355	-2.0005139040223904e-198
16.18629908942176	-2.7920675369792463	0.7129770792326696
28.42941588664671	8.248053616686263	0.0
26.82129649218236	3.465505343962896	1.1868378706524786e-103
11.491556159236989	-5.236398819015442	0.9996026975460222
9.949327482299498	0.06806737092041715	0.003794023765739562
32.75403765512617	7.240985379684929	0.0
38.31134286643475	-0.9854809085993175	9.512115022587585e-5
29.400024650209613	5.071854728558598	-1.2193928482304256e-209
1.6120555465665314	1.4921652292035503	-8.067365531957368e-5
2.229162564202114	7.01002995415228	-1.0325652954537027e-284
12.30932252129727	-4.0461037381097995	0.9918842958199992
1.0368164218031581	4.488212108791917	-1.5053160028797182e-131
4.500491022586221	7.889316254190863	0.0
33.600649130111215	4.648377589233611	2.4868922426139296e-185
39.63669814517668	-4.543701088752233	0.9562112354724872
29.88045407340719	-2.76289006610914	0.31513111719986253
1.1648493727132634	-5.427154992493275	0.9999929642572103
32.78461384831433	8.652265940239978	0.0
17.854487697947928	-3.3165235674911244	0.8783995676665965
4.73889052933249	5.812436702188144	3.3911338102700534e-215
37.89510123256975	-3.0276285523644084	0.2992066859464325
36.93924969824684	-4.628410008427043	0.9686012587243783
18.13036902452692	2.566071546353733	-2.1282042897049584e-46
0.6407708968806989	2.4829170977467463	-8.437017843090393e-19
18.050961834683363	-1.1434691628266727	0.07581574852046306
37.68612623280943	-5.068518608636619	0.9880000941552043
25.919998038749952	2.363366228514394	1.1684624058888588e-50
14.256164979028727	1.8120605040703488	-5.378448719062743e-25
13.364038039867092	8.030679824510933	0.0
3.890532398344479	-0.9680973493628251	0.77652301755977
31.80560952756471	9.379419424052315	0.0
34.81414908587247	-3.4048102275340995	0.6327714694479326
14.443884305702383	4.530401530951615	6.889723390823543e-151
17.546593273627664	0.1638739879292288	1.8286517180209587e-6
37.65999335665463	4.344769871277727	9.123467417188067e-173
32.24700570845393	-1.5694440960964222	0.00732232314280882
11.804571297817642	4.708304900534976	1.4570167308185207e-160
28.44224651274355	8.623375167630797	0.0
6.080460798868742	-3.4378203573924218	0.9791091738164528
28.912114409891842	5.089932227916357	3.7602086495117905e-207
23.680978351527024	3.2253576673728546	-3.4480273368481754e-85
33.86616705614931	7.192516981155766	0.0
2.4927174274157573	7.8720846125671	0.0
19.487880251567777	4.258585967441917	1.0518358042007698e-141
2.70143412524375	-2.8304045670772773	0.997081900718681
27.26675256969671	7.268097731968464	0.0
27.98391093104605	1.8019380871443786	-3.520728721358713e-44
9.303769009550928	-2.623913971806836	0.8665336562033752
22.84438568646614	-4.0090886009169395	0.9526061496221604
4.316879271510844	1.5206606671221046	1.4972851654768727e-8
12.256021912249231	-5.48373155907624	0.9997053111250903
2.892110647675291	8.396912271484965	0.0
30.49047265452241	3.1753449063961874	5.80547370804271e-91
20.64135775900835	4.742109255273142	1.4631059408632254e-174
29.404374478363607	-5.673303226534248	0.9982118330167621
38.03803857736699	-0.8074382389852097	3.090914646696802e-5
3.2008158415124153	-2.5891404523856387	0.99226591675034
16.144217164389204	5.099779144067103	-8.466491736405635e-189
33.79876301102595	-0.853388998926949	0.00017139730383221966
11.997884388951668	-3.8755959758948215	0.9894495253868232
4.73635689498071	-2.924373310525805	0.9743920802161927
10.041783199042328	-2.9744579900179637	0.9402501232761774
0.7980106068307777	-0.18182201136086817	0.5604151959782877
2.8647755861190936	5.201853566167859	4.1380028317014433e-175
22.98963308619815	-5.177459789475922	0.9965917127598669
4.56841286959099	2.0971587387338957	1.5797126961060298e-14
