18.7960289860492	0.945933279538071	2.7659625818771132e-21
22.39155289161525	0.22725503298739724	4.8902685208762435e-6
25.311713973599687	3.3111539433036015	-3.0395530037746282e-108
12.946786782229667	6.537511508060774	3.594462341403168e-288
7.941092627322594	-3.8195421711643682	0.9895986980196502
16.236023084429657	-5.05329551897308	0.9965518947011297
30.859389687552433	1.7665491140350476	9.369061301843996e-51
30.1995083098679	-4.4422691483127	0.9710623756409908
28.988666262482496	-3.3980053487577067	0.7797976697712417
25.25426381797016	-4.511910375588688	0.983006545946872
22.74352550233082	4.026441881511801	1.2967668372287752e-147
32.83269724326906	3.6863376968270174	-1.8718012921841552e-141
1.8753550521254232	6.184794799797235	8.990839762101822e-250
28.878996207258336	-5.042567725297911	0.9933237305906188
29.195908161919323	5.666558515880254	1.1003317260999444e-258
35.78911828144822	-1.1666202550280396	0.019041192946739918
13.962205402291481	0.8723720603163692	6.195266684988703e-15
32.91399634203268	9.073798737644985	0.0
11.701507137278963	1.8969981129829314	1.3964190358193244e-25
25.76334296702389	1.8212005022995221	-9.227140661213735e-45
10.679640333246143	7.78332257515072	0.0
17.607970579071495	3.5002102938858357	7.017239448434407e-109
18.867538180649717	4.456090027976927	2.4550618558078865e-169
8.39515055844737	-5.256584667477227	0.9995098837643079
30.304834645098797	4.448248174060467	5.433300406246352e-186
34.6789645325194	9.414280458535917	0.0
1.6103321411596772	1.9457770916015598	-5.426071221861202e-12
21.070033579143463	-0.8260341804487261	0.13345480936547183
20.779906390568698	1.0327916113556839	8.812944407097292e-28
22.58632583695243	-4.784306835058963	0.9919571077607083
38.44097038418835	-2.02490576647169	0.05408822945242864
9.185203868808967	-2.7165757439847873	0.9018722742368537
6.731056066261049	4.625870441095195	4.53403365837787e-162
7.914106521480632	3.599812020686432	-3.4030473178001786e-101
9.004730484535724	2.9335511384297774	1.345452971934947e-63
3.6859243138947035	-0.6211403053794129	0.5019028054745543
9.081202826194627	1.4630805576591541	6.184627891693526e-17
24.68240864206843	9.077442737694394	0.0
14.195360096836113	7.393768588832717	0.0
11.431304967899129	9.601196179742278	0.0
24.961192151690014	-0.06465360211637616	0.00034410145461257207
12.934776776594163	1.2576307146133274	-1.923658360361625e-21
26.167373008315757	-3.9174410072237613	0.9345088378153655
18.52080151506115	5.2080628823346835	5.548082695900059e-214
38.637279394118366	6.709342686457415	0.0
14.04733316095198	8.03293764075066	0.0
30.182094654321205	9.21995027252316	0.0
2.0579893488495093	9.992503995675968	0.0
29.209864049870113	1.702624591100765	1.440816444990723e-47
19.90892010245628	5.80822293509808	4.78392204466862e-252
33.57112649593301	1.1070109201434875	1.4167171744854335e-48
29.200131028413672	-5.4408068966790815	0.9972479031071559
7.27232301953993	7.031649320851351	1.616997154464391e-308
7.480220681292623	-3.396219273519314	0.9792907671023915
39.590504740031044	9.590552563314688	0.0
0.9100438332389129	3.5776257574627763	-6.015479028904998e-90
32.25099490840971	8.724861673997122	0.0
30.413700253227457	9.188723143359923	0.0
27.49166300013007	6.169766448481393	3.3239691834056097e-285
25.674490921080874	0.5712305597411778	1.6989048975454707e-13
5.750280854238265	9.001345734858496	0.0
23.116751298276075	3.366156907935938	-4.698302762147157e-108
31.47993361160068	-3.7157651152008384	0.8493577067173933
2.9243706189088243	9.457872927054904	0.0
29.225941058430898	0.03751819577609794	5.903034378955341e-6
23.48862535571922	3.2011859981478814	-8.425403204306383e-99
3.1721366659607253	2.4514087569310057	8.010717018803377e-31
28.0987518026966	5.666462959425498	-3.8999099635982124e-257
9.928202398280646	3.593678042627605	-1.4966873676192434e-103
28.41343339702859	4.987357748194125	-8.162984417590163e-215
13.843145826740988	-5.915388289131876	0.9996167393277068
16.639099157071215	2.5069190023955557	-9.51824596509994e-54
30.91742331243915	9.18965405773626	0.0
22.69994481304176	5.294866112271976	2.8765512384235387e-226
3.4852088120920133	-2.016472411311831	0.9051192720019501
29.09948486117086	-5.6260091749023715	0.9982160041833563
17.407283239146956	1.4854497886324864	-5.474124256119353e-30
29.035574094245394	1.0377206174181808	-4.32809173923607e-39
15.611211596770527	5.385057266400935	8.62429021319855e-221
18.37029175124497	-4.517821802943406	0.9871986442109376
3.7207613877777916	8.718001735405554	0.0
26.574586854723538	4.688895736876518	1.630340197673526e-194
33.44548876305349	3.553654407734758	-1.2357792693836642e-135
39.22677663520652	-4.808160221684442	0.9762775530753056
6.356099555920217	-5.522110298710341	0.9998781559685251
37.49061931762781	-3.7619822976933186	0.7948150460644795
2.5113730173723536	-3.914850824271152	0.9983865620835963
29.82679866687771	-0.7733624774486927	0.023970360469656973
3.131757189177581	-2.0697806405349226	0.9130302960850232
15.907235636228755	3.535917896923184	-1.866627666216602e-109
7.012455570616846	8.191125492308405	0.0
20.577751944390638	4.479273443766019	1.2011589337862189e-173
31.700323035244278	3.0922221329278763	-4.242590553360538e-103
39.01445815116365	1.5353016894356237	-6.435167803696929e-61
5.7507564943127125	2.3820736580561395	-3.76829432050678e-32
26.432058799470468	-3.4737850737269547	0.843371538987449
26.187170170085917	9.723523912077663	0.0
4.493239848133203	3.7412290819545504	1.1879962477310573e-104
32.38575334913616	6.262621178209532	1.3486961070295986e-298
7.098746239785058	1.1765663541014142	-9.878657287090192e-13
9.756500294908772	-5.781588290291388	0.9997713372008217
25.586993471217063	1.737748508301216	-8.320800805644487e-43
17.115023562940706	4.681815098500184	6.246087188807815e-180
29.209829253927968	-4.507744014497948	0.9769458352082052
10.581993849905967	-5.578087572690521	0.9995429696103678
9.128361178288127	7.5141178639947235	0.0
25.502336549943905	5.871353409484133	-1.8136094683180315e-264
17.9363867566264	8.380834485307354	0.0
31.298475123225042	5.829205492355207	2.2429386618221135e-270
33.53908122910023	3.9646245371219173	8.637535766836278e-160
30.866752708598888	2.2254123590802166	1.1623474515768111e-61
6.441347221115679	3.718760448895832	1.89299462793817e-105
20.22392654895463	9.340722675065521	0.0
38.382779140004594	-2.563579750498093	0.1421394593453832
35.200166896102004	3.4027829695792278	3.391429290675234e-129
18.492282782970218	-2.292946100073177	0.6217185665348993
29.444676657643257	0.7750258124860743	2.9509868193816954e-24
28.495561865762937	0.3080079626372161	3.101290237702893e-9
21.68986150584462	7.341920699652498	0.0
18.889079038708108	7.646094999629124	0.0
0.8197113367101154	9.875035730411778	0.0
3.2889455630773172	-5.815154908307807	0.999974043304199
24.52720182413091	4.679638690210989	1.642594182705144e-190
7.2172663557988175	6.520139621493257	-2.4646842364255667e-278
15.70870085006684	-5.525766819560726	0.9988726897753073
3.68369300335353	7.53448221132933	0.0
35.4787645420087	6.179737359620603	-1.6452636725395803e-297
28.020702972385617	-0.02406245488239378	4.051407706788627e-5
36.463551419049544	2.2533458780313254	5.329071403378552e-71
15.584953492101565	7.486399827786698	0.0
4.737045526238259	-4.332953826371174	0.9989089711150646
29.763588214572657	-4.081288364078652	0.9383426817978614
33.94726568108831	9.306570254643209	0.0
8.581283302975123	1.0201926050114345	2.083382451186079e-12
14.807078748102644	-3.6265422977545185	0.9351333339069754
4.80598890304468	-2.0420912448068975	0.908729978225795
21.899808899857387	4.335393621940483	-1.7152190015786233e-165
14.885304016898838	7.263469102837156	0.0
8.266054804403625	1.1759811672893008	1.748182977543255e-14
25.475132338177055	5.3650513140614216	-6.53721609145223e-235
20.468773935571623	8.528976412689207	0.0
1.1179523633223212	7.634233771545762	0.0
29.66116106393259	3.206983294600974	5.623845299083874e-108
34.125238963382564	7.211654516751221	0.0
16.037481219424144	1.47141184306777	-1.0212260409140543e-26
32.840646061892684	-0.7282400202123753	0.008567679410320316
12.653362107694617	1.5680150415053262	-5.620090875974594e-23
3.728058917288675	8.020235147239873	0.0
38.3997074912471	-5.893117751928983	0.9981092009562452
6.0995402735491755	4.544711349206839	-8.201074809314229e-156
0.49313830429039807	5.3929943549085735	-5.348539656123242e-200
34.90447564093266	1.0228140541198378	2.976402090155304e-44
37.68975379916898	-3.5624161464549324	0.700117654285766
16.275394017191417	-3.2843333585127397	0.873851313502116
25.64611238696691	4.539107830639015	4.20244676892396e-183
30.016243938685484	1.5559324364279519	2.586954896172795e-47
0.3945895436050908	0.3662506302144948	0.2166001571532096
1.6747118551109001	7.816099820906928	0.0
23.833576112728196	-3.7688689735593925	0.923895940535947
33.568428106619194	0.6149096435644665	4.288369717161653e-20
22.20821793381576	7.952178111030435	0.0
34.603635075202746	-4.1163787672687775	0.9171456616617069
4.256975612638553	7.030665610212072	-2.43371941565074e-304
19.166305820263318	8.937905517815107	0.0
39.563028272688285	8.302870020303036	0.0
37.96316868949889	-0.06585469445717962	4.0746035321759406e-7
15.420273317684087	-2.7684801520288573	0.7827399964100765
9.402700264478769	-2.1315753244687414	0.8138867826925883
7.168721888660254	-1.3108359537389696	0.7434332512969745
2.226923775638933	-5.22890475996828	0.9999300519251465
32.16574304549388	0.007245461316973234	2.1596656900134552e-6
16.758537315727597	2.8310652157523926	-1.4495589793468155e-67
20.50774505807337	7.915587293256753	0.0
30.42379653970716	8.491694510867205	0.0
30.196695409193545	-1.9177089837579153	0.1948641968898408
28.3435212363393	-1.5200953310898448	0.16947710204219593
14.26483736493783	0.9815157224662343	5.937642379217841e-19
27.582513681514822	-1.3599126066593996	0.1551572125000115
39.610756474869525	0.4811868402970134	1.4059926796508947e-18
34.65827363738915	4.259020504825383	-3.4019316413137226e-179
26.092744846308687	9.657828843469431	0.0
9.39720388024905	2.789773175228497	-5.0406403092832115e-56
8.164979689728387	5.237211891413853	1.488583421215758e-201
2.594313801302488	2.976053879406212	2.4498637293162757e-56
13.188004842502934	-3.403041431217712	0.920746416526722
8.074428549711918	-2.511921613123807	0.9041642475422521
24.728700941049873	-1.159158035154622	0.1721355168594866
23.553082546472776	-0.8608216155096144	0.1095243927947783
9.345844101629094	-1.907354093080972	0.7765897298238017
3.5755875596226865	-2.241544099290934	0.9333866085582979
35.239452222659125	4.668963573795942	1.3608180336420321e-205
8.534558258912234	-2.4917152347646834	0.890608079176613
24.68031535502226	8.519007682572234	0.0
31.590144541032434	8.363503898717365	0.0
5.953859951211006	-5.206158360196699	0.9997832725592537
5.464542264071613	1.9266262864577612	-2.004153357146883e-17
15.872071372356885	-0.8296983180273152	0.20607933128507072
18.30084043232791	6.925965281738602	3.512594e-318
20.795502490484118	1.6226567240530727	-1.0344209930964628e-34
2.1293808575839517	-3.5126374181830435	0.9965917562008956
