30.789831986430542	7.834127720362883	0.0
0.42096693102975646	1.1968608157794556	0.006809055880619432
34.75643226459363	9.494351015058665	0.0
30.9224100197168	5.865574849629407	8.296940763622154e-273
32.365361327559064	0.8121406247543099	7.261339341538577e-48
20.658038949582092	9.758649743439122	0.0
21.83378116526146	6.157959238967621	-5.504056628560281e-278
26.50025223117244	4.10827996433008	-9.609373959517169e-160
38.73465261546117	2.9139019106566266	4.6815452813556997e-104
5.335881447958001	5.6898259874209	6.446904088258477e-226
7.65463131305017	0.3558652160353972	5.989160716209955e-12
28.910433371062545	8.684333158073606	0.0
25.075939656856185	7.86265883950033	0.0
27.62659307686026	-0.04593876690146459	-3.3318479302054484e-39
12.817727526289412	9.490991759764523	0.0
39.43049071530386	0.4987195477734687	7.420540676151851e-58
35.86150071890803	6.670847992747682	0.0
39.12700210201718	1.0004289198420828	-7.098258871482265e-58
22.053706271387004	3.790470945533926	5.535220853810207e-134
11.63470224679524	-3.752506065469497	0.9709358424050439
18.672156599060695	0.6749711379178471	2.2971121175537167e-28
4.523843890802059	-2.6979243738372958	0.9285056966455599
29.81830959668512	2.434146937403046	-7.101214842060917e-70
25.024972717352313	-3.1981806047147785	0.7004253840984344
10.484383791438447	8.757962326303222	0.0
27.59570401021862	-5.1393302044184175	0.9943659796710412
8.456525412149611	3.3982165558719117	-1.276560596812784e-89
31.443292696333142	-0.22611441067298443	1.0837289331918181e-36
9.027709413149918	9.83780834615807	0.0
32.974542487931224	0.3291275556168749	-9.540270803159067e-49
21.75663908324247	-4.997628709348241	0.9947926308062989
24.069007101957027	2.64199191473649	-4.052866045714391e-70
31.68880668392417	-2.20963984070978	0.053693808188465586
23.38662266653813	6.719671289553851	-3.944714398e-314
3.1170495690081474	8.987456383857353	0.0
4.405682151592436	9.677133541728704	0.0
2.63662407482387	7.022713680793601	1.0908691946426855e-302
26.624349639251054	-0.846994114592146	5.841869160312961e-9
4.911069262111139	6.236339502000817	5.1168952085876826e-259
6.8919828265169505	-4.062961746519793	0.9893396201957652
30.246966227729708	1.1434344574088122	-5.3957183395628624e-46
3.7943987692828296	-0.544514354651394	0.00022511194700876563
24.328025912549936	-2.774261014192959	0.4783477293558782
21.032786018802895	8.317663064373463	0.0
19.308955026888356	-1.199954573576406	0.00162518568598283
6.94208648296896	2.742123277159923	-8.492894551471558e-50
26.568417919801348	1.735253352482502	-6.20989651986976e-45
0.5977989933388705	3.8927062831601873	-6.981362316614731e-111
31.766017356055315	4.120816817753241	2.3590407333961606e-169
34.30178114956443	-2.388035005471963	0.06332024375083349
34.07226336697352	-2.1733759800825716	0.027888839056199575
33.912073901629	-5.746498434351054	0.9979355718942937
35.78417116643518	7.553618739756743	0.0
34.14994460140649	4.35272175789332	-3.0103786423217423e-185
35.91310617036875	-0.9477784895453389	1.1509553790373288e-10
35.12846600064052	9.974037721633753	0.0
26.807297025289387	-5.376249018538491	0.9969835335833813
28.955490920416505	4.62066811704922	8.349556976132101e-194
16.315215581496233	-0.23597102267409653	3.108362276323772e-18
28.501314305529707	-5.967408845850596	0.9991217421238331
5.178238668561962	9.07658324745779	0.0
26.51768322712598	0.2488954486329007	-6.394085296369589e-39
8.95938912111902	-3.215545633830118	0.9207363797899697
18.006521182586585	0.2709000762099265	1.4284124835766055e-26
17.370899923914312	-3.361728015942372	0.8853979330515669
29.575700506096453	-3.872692673724096	0.8932164470421907
20.182486782591674	4.829002831071559	-1.088149642109992e-194
9.411599723223846	-4.7547390268863445	0.9967507525023634
9.236846316179337	5.438947288984366	-4.698239431734931e-216
19.428156600105147	9.973712160898568	0.0
25.33804037100629	-4.396748766994783	0.9742290607636003
18.876934338775545	4.056696113678317	-3.7850987595001e-145
4.5898955163284265	1.1555039746881945	5.515267980214824e-10
22.926443486206235	-5.866858901796565	0.999288062591919
3.4730954860071344	4.388502645912499	-1.172048955579313e-143
12.839349006661278	6.788400048234905	-8.995576655481437e-303
1.1219506288486076	7.187165018439874	4.388665608e-311
37.748777869320946	4.211022431393776	-9.978961354629163e-183
10.79671058006067	-1.5886486824540889	0.20737605901178507
15.1977753197074	8.021864943086868	0.0
15.998756320680819	9.67418663766994	0.0
26.653332800448787	-1.2949972308398117	0.0002834321161217901
20.675353119907573	-1.4550213645353622	0.014162109395471703
36.7435192860155	-0.9405698991028046	4.198929148634528e-11
3.00950905277764	5.5506407153809185	-3.943001076720323e-214
16.23855258950439	-2.436510112275542	0.4930894382594201
31.971611932589518	5.907288620469515	7.896978870959511e-277
2.6353872252516055	5.741467050329927	-5.268381139472892e-225
12.061239174187051	3.960849927619499	3.9928896267466257e-129
23.49707240625052	6.759669091736839	-8.9542343e-317
19.86502861694802	7.764152252821869	0.0
36.04746260720376	7.962058867978342	0.0
34.48510203561994	-5.078582858723571	0.9901650752281174
0.8838302602655455	-1.531978847714278	0.9090234533006194
39.173967667644504	9.511649188283041	0.0
32.54933940088403	9.774726100634183	0.0
19.71304951383629	2.3017892537067297	-2.000697372423581e-49
10.126158927106468	2.435624865709613	-2.658101960589595e-41
38.964372369736566	-5.368941458644947	0.9935601832152905
25.263367960578435	6.5716341243148335	-2.126269741548966e-308
37.49451920802977	8.010886324395305	0.0
6.474276237722981	6.185850349049495	-5.0012199479101656e-257
17.312716614276766	2.664016704072747	-6.040275711887742e-61
24.235785324689243	-1.606316710289061	0.014161257521722608
15.367159727156643	1.6007597351269283	-1.9241881916478923e-27
38.80399478430571	-3.670823819234311	0.7326693664394449
30.556643971342968	8.544674878978807	0.0
25.89804457343346	-1.174857491557347	6.136469621729737e-5
9.927584757150832	-5.623269739390647	0.9995450039533404
25.76640506350356	-3.976895510070232	0.9341425696942018
8.628516120217745	9.741153446813378	0.0
3.380400727453732	-2.2582495500434447	0.7991006209266389
14.306413458633395	3.39651537548999	4.5997953026368454e-98
38.40786812911285	6.482087357625712	4.22e-321
7.9050985444891735	8.05538041562675	0.0
33.08041866184897	2.2843801262390215	-8.33803887646791e-68
15.800352580764503	-5.74487241406926	0.999401343545344
15.626518031440296	-3.4955250626620042	0.9062199298281244
18.213039858091573	7.026176724899422	-5.0e-324
38.89303497254813	6.825806363520911	0.0
7.342433624761576	6.911215609720632	-5.02648429131397e-303
10.134651745325579	5.147218402449699	-2.186299942255115e-199
26.715813405414213	4.948899598443578	2.1637922798332897e-210
20.069025583673888	0.13108091540896538	2.392986797925373e-30
17.728786333263034	7.457395024174474	0.0
16.51691038492055	7.821888898638495	0.0
10.686268112375675	-3.2858026515321477	0.9325130860717453
11.728082291760217	-1.6566702768971737	0.18820351232082372
5.399729626617469	7.670135262391362	0.0
9.70472393210934	3.145965809266084	2.2929916261043786e-76
36.544935610873836	3.3792446719485305	-5.443418313660637e-129
24.984663816329707	9.534724054936685	0.0
34.17321525712467	9.542981039234167	0.0
24.640122151558398	-3.594922387211941	0.8587922553379836
0.7929310142221386	-3.4156508247577335	0.9986715584091553
9.734237873300321	-4.03594289916234	0.9824581178759725
28.45143316654336	5.372130855974838	-2.0158079010481565e-239
38.89038097840177	3.3417945062578305	-9.118253740022235e-131
29.12433391749573	-2.8579260562522073	0.40912971310954366
23.16329122375496	2.3468782675734587	-3.04740226996699e-56
5.799391695267337	2.521967193369246	4.589933731843082e-40
33.56191343038257	6.939646228591847	0.0
30.275617408968017	-5.96951801712741	0.9990114772935269
24.017198917104242	7.6808894526075875	0.0
14.98177980853835	5.863849400322582	-8.91058243311749e-251
6.769600067997886	3.8517197581633376	3.6036029253511664e-116
7.872884425975331	-0.8921413264325828	0.012329020721084535
2.6218535160415115	-2.4461120358871575	0.9511202028973926
15.099327263790906	1.3226067165410953	-9.255212842968622e-25
7.4026177755032965	4.5244721581059935	1.2593901070216822e-159
25.656206504647272	4.5317323086770145	-1.4311243689093173e-183
33.246960208450844	7.848218998114248	0.0
22.42867916176641	6.529467336200547	-7.902041122980811e-302
24.624148533349995	6.336911364516286	-1.2109801698603925e-292
9.38123550594961	0.14258507864586534	6.621006451911471e-16
7.745651967415937	-2.391990303338723	0.7749938043741013
13.155693466251638	4.270902640744488	1.5490557236740233e-149
21.488462209353692	-1.3889951612198317	0.005180907468263546
10.836465970560019	7.48713488537296	0.0
29.9831497059253	1.1078843196236825	4.504674474725159e-45
21.157301245325883	-3.804021483769578	0.9297617598232311
15.654565058648565	-1.8972026700512217	0.18698084949610555
22.222165822966282	4.200002392295811	-2.2493967935462544e-160
18.51366134578252	8.63901995671814	0.0
19.221916460746975	8.972892060700008	0.0
7.076013897431036	-1.7706612631323964	0.3090723410650544
22.404797181797868	5.76964678146102	3.3646650507187853e-254
31.65206591430388	2.587462978405668	-6.329361645518314e-78
11.364839778741402	3.5736796981051455	-1.6765643141238788e-106
24.19660375364775	3.3415008591748077	5.1615534757041426e-111
0.20676008257203993	7.46010409273908	0.0
26.94814593243286	8.650087059926634	0.0
31.848276335178	-0.0661212046844959	1.1834935533176173e-45
34.506325167613795	-5.90224583455425	0.9985146809534701
19.894040607734325	0.24413292973119738	-1.9788751553267708e-29
2.1581943118808824	9.089362266461329	0.0
32.29008659889135	-2.9280338503983323	0.36869867131085954
26.31509125805755	-4.963188849899684	0.9926047653791655
33.62261692151918	8.012897638084073	0.0
31.74868384576605	1.687126741430891	1.4608423498225065e-51
33.21506940755688	1.9883583910073277	1.7232263273787534e-58
13.35520536405561	4.684030229589201	1.9525669375676626e-176
27.12919126879942	-1.5582671290968726	0.004303910234867251
18.815715336251454	4.301428158401155	-2.1548767198513315e-159
33.41137567892812	-2.9454866386001726	0.348285123237397
30.269381196949116	2.8183188215821	1.2252646923974218e-86
7.1207399560335745	-5.1993541209839265	0.9992624751184266
32.26952715472942	-5.238083454323608	0.9940692045155083
17.823042600729803	-0.10670661893921718	4.540345957395487e-26
16.571366549738634	-1.7307168961553003	0.12991777550613096
19.315999998459443	0.7625069026731879	-2.638384053297848e-29
2.6156921480257247	-5.008124997710677	0.9998394399814327
9.424756565403777	6.499673420437912	-1.446021591066537e-281
21.318905695530077	-3.3553721737274316	0.821765133872759
37.02240019631243	6.994401956167096	0.0
18.271356663878272	6.759710398654864	2.178954637542592e-309
30.26213138666362	6.884174068515609	0.0
37.65838484484067	-5.809017069816363	0.9978111108781403
29.618455167339672	-0.9754140869042018	4.143132381901451e-8
25.627500662389135	1.6337828005582757	-7.227158439165537e-42
