31.485352594751777	7.614998428722124	0.09984088914851846
19.716186812782425	-0.5377961471773496	0.62399015606043
6.808754613580002	9.043640510436795	0.9696437317086107
35.39744897031824	2.856803872917901	0.03893337074384615
7.978775214846512	-3.2454130420235927	0.9919248410135267
35.561019202840725	-0.14595002079772712	0.03786813444234522
12.394775791909112	-0.7366830274883789	0.891880263252238
21.415727392369295	2.246299904725813	0.48287036185209425
27.721746893949085	8.377770539703398	0.2284476089500748
11.390353321971368	-0.8853963332632908	0.9235728419222858
39.009869598063965	2.6521543415892914	0.021089353851666923
4.545214139408801	4.988151612971791	0.9416590178549986
3.778652966216966	9.629558755857978	0.9354866934945366
30.490071565494727	-5.694750838235265	0.9981182117620064
21.239318662994084	-1.9509024154919317	0.5067484151885334
15.459942454907653	8.178026045560536	0.8235893722770166
24.42831621417719	9.606483368344989	0.32393891791961954
8.359208613849848	5.428666473736008	0.9798835445763826
14.321860123990607	3.8970619664439816	0.8441705061308223
38.074010357812135	0.23449316182363944	0.02521528907913388
6.902360899739153	-4.127875808578512	0.9981630360893543
12.712305055348033	5.2996713836182	0.8824755075174329
38.80670207911425	8.087952219275095	0.021973627801814232
7.495113580941184	4.850430920727092	0.9764932385353506
28.717891688279806	6.776147537898833	0.19399232037131647
6.432772654757011	-2.776392746742953	0.9752455006562947
23.878028551255102	3.301320527863627	0.3429172722679189
16.35602973721106	4.620796911188982	0.8045778176676665
24.332120789786998	6.768280143258018	0.327048049942744
29.319908658826954	5.816633823557485	0.17214138081005964
6.804499473696963	6.071732289898762	0.9695937482939878
16.861070725337843	8.54199152908227	0.7902478378870963
4.140599261845253	4.811343615975893	0.9380404072922227
18.1978583528329	-2.6768806378691714	0.7807430877984889
8.175425402692746	-1.9124522935101282	0.9798620337573852
13.930848119236193	-1.038504310925454	0.852036159038295
25.42428647205808	9.403402666390566	0.29500628689756137
28.73889254217497	8.287756958735315	0.19323697156413808
10.207232490866613	8.233676387436635	0.9572683874243071
35.01907019588424	4.659628801560164	0.04163659580780993
14.201670344163773	6.796734843304289	0.8465081497969401
6.9210696219326975	-2.9250944648070423	0.9823770799572457
2.509847249862037	2.569481242067134	0.9321832091368489
32.39317349080798	-3.5113017895344107	0.7416844168768543
12.057691366748628	0.5532236279630816	0.9023293141782699
38.47536876287877	2.5246393694902665	0.023430290234264455
10.182997758491686	-1.9924470740099665	0.9580701763769967
30.684710817368515	7.02734725637071	0.12422802807369257
5.564804405898231	8.607587580409124	0.9535501021232062
33.499066143748585	7.047739098158253	0.05766815253945134
4.205543107308169	-0.25371260039464616	0.9385690339210304
1.202778038531591	9.810004947477001	0.9370691004774522
21.104580349848547	-5.798149612415536	0.9993407533120168
9.345940107628682	-1.6119662186447705	0.9732861248385274
28.273700927286864	-5.709826627262252	0.9983992366846273
3.1052113303828928	5.156899059521958	0.9326174556926031
14.487623886579648	1.6537498712373555	0.8410431749643268
17.19562717584845	-2.1618312116901564	0.7833632953870359
23.15887315009843	1.2452437511404781	0.3732998165304277
27.634820062186797	1.5196513602182051	0.23128958345735395
23.498807277837162	-0.9075777196745136	0.3580192111315964
1.992197000802066	2.3252679038646065	0.9333403837434195
17.50176950060666	0.12837321251358347	0.7663361720428006
3.2085256963842816	0.031093234909626233	0.9328933809700077
29.27825403051142	6.260042125718126	0.1736591550602623
39.77803972174523	2.8254480421421633	0.017833661964942987
2.9238268795697318	5.828468237227803	0.9322778285977837
25.589630096903104	8.488077982882608	0.29051996641828876
5.58813883890851	-0.5701000510209688	0.9538537639894983
36.43404470402873	1.1958220408153473	0.032924587097300374
9.680592652960085	1.0238248355783632	0.9681535713774589
17.790159217011745	1.5320857571154995	0.7530996693058096
8.495002626895365	-2.8488501684810608	0.9860803731910223
29.197982636892785	6.1465622443852475	0.17658438813603458
20.436240456256723	8.515227399813405	0.563439776616776
29.067338058707477	-2.9810738546047766	0.5264363209201818
23.453944363271425	8.880210041674168	0.35993547813301463
10.168965652339464	4.4518797790814695	0.9581666245692809
8.512426101321873	-3.602716718128736	0.995847223110373
34.50696097586107	8.3651668741287	0.045965103364563685
39.363063259599016	-4.787878089505547	0.9749825431250883
1.9893918616359494	1.51352762563031	0.9333501353290115
4.6141661570708195	6.801884442818995	0.9423492257146852
13.084604179719069	9.00163129499365	0.8721655935834792
7.957997423002859	8.839915383477955	0.9792134692727933
35.58332725744195	-5.681418019045989	0.9973713631835139
28.76760556382411	-1.6434009618973207	0.19302552323514402
34.81303998325703	-1.4363697899883334	0.04329449938826289
32.910137775778836	-0.15575799486387254	0.0671098387739063
32.5550888331061	-0.32371837508299706	0.07391371931823575
25.510254219235733	4.5656734741591976	0.29266969212066696
14.315827704380235	4.549624435127271	0.8442863284731742
36.985593650601515	-4.742068679923015	0.9755092537116157
37.174074563703364	5.757539118331991	0.029317777808394067
5.541263324641486	7.2171380302120625	0.9532446153559523
22.5854405077962	-4.999116616415318	0.9951172428625592
35.969540857927825	-1.797971950730048	0.036515370327443536
39.40124422615668	-5.298619775006426	0.9921838424807322
39.17186734395377	-3.789965104291255	0.7841150421107129
34.51854755569534	-3.4757759638810555	0.6879134485580881
38.920130376301515	5.525510632035797	0.021479004209634653
11.353721340787255	-2.9828648768511066	0.952575297908504
20.465823341659778	-2.078888267868475	0.5769499270283818
31.353515677443813	6.703645303730472	0.10358783667683291
3.8872612151293024	-3.270671392288147	0.9846557787282877
14.975046111552523	6.53330512260321	0.8322736431780174
3.692045170850911	-5.871136253618815	0.9999569017938411
33.31143588542771	-1.9720057679138208	0.06633892143182134
11.400860368024157	-0.8180442212005126	0.9232404946157471
0.7783467339848009	5.60397997162816	0.9369285914140265
38.68268035611013	7.6123559022314815	0.02251693616112419
32.75978802968315	-0.10369466883348721	0.06988415334651446
13.705280721994772	-2.5353192714984125	0.8676536861977397
7.214230990034678	-1.855438337731698	0.97408169212989
37.383206184029625	5.521866713821321	0.02834684141054216
22.946909678306437	4.863719985530334	0.3837649051600963
15.12000552572539	9.731478771702228	0.8297111753965453
11.289621734284296	5.259515397592573	0.9267446144930167
19.896845890639398	2.0613077004308593	0.6090514310195997
25.621401232725056	1.2793716191532702	0.2896610306040387
7.951347900202269	-0.32588664105759335	0.9791882279862786
6.067134986950127	7.605999770462365	0.9601963755406357
35.09011506031406	-3.5653494203089764	0.7268229865704269
32.07086791318247	-4.325982680256903	0.9534645129086039
33.70079732226312	9.028026251778098	0.05491624075049254
25.215920467294012	-1.6336201943123	0.301472647373036
34.63838738694375	0.5568127653139925	0.04476919046894803
0.29917967335023027	-4.75092568542129	0.999995991244636
16.829803422625012	7.472391464769078	0.7912389833283993
34.25470822565671	-3.375503039297964	0.6337624953520139
27.160142814459384	-0.21931026453535196	0.24626373986205194
14.080982329178763	0.8149147531047731	0.8489243859853192
33.559076983973455	0.12906281028429945	0.05682558830193299
33.686547188816874	5.913024227951034	0.05510318468333022
6.300765278798742	1.832445738211316	0.9632840723971886
20.041059528284386	-0.26103048930152184	0.5969602935287971
5.114451979711297	5.971470168122295	0.9479066269384949
2.6084613949463975	6.463136179472851	0.9321217617699303
11.389274008127805	-2.648277331046806	0.9347703545194027
23.93027236533362	-5.033549344258649	0.99474397229952
14.860857544070429	0.624515894692621	0.8342945645064545
17.826766282094447	-4.016955404474405	0.9721486673600337
22.231292668360194	-2.365542335361045	0.5011525215872512
9.239975246024995	-3.088044779014883	0.9869481945604243
34.81738967463981	4.633183143480281	0.04323823662558496
38.325225981034066	6.897391996910688	0.024095501666703347
37.947550997891184	5.032089587002115	0.025782114727108122
6.659663414165005	6.684662868353481	0.9678528016440862
23.713720750517783	-1.7823656989777916	0.352689002815475
6.561519652183354	9.367573122039012	0.9666344052925993
7.300205085756129	1.125472437921978	0.9748350237565464
5.512921118920821	-5.22575036355116	0.9997872038790887
36.21598526749676	9.169222857491398	0.034066952937809966
29.63478966288601	-1.195352941420854	0.16070362381184075
38.262948102329666	-0.46304330761764234	0.024372391242056098
33.257859754550516	5.13452405564022	0.061270909347259116
24.398314460879565	2.8366496428437458	0.32490034106854543
2.826262736593139	-0.58441657554717	0.9321739697903214
16.736443059077594	-4.588714698343843	0.9927308492890191
32.15082003669877	-5.598890558012897	0.9974210601129102
19.328859402967463	5.642928588218691	0.6548943639262766
25.086304478486948	-2.8124051861232395	0.5453786521305131
34.740115298460545	-3.000718170773034	0.36432662948163835
2.673059230903632	-0.14031599951308493	0.9321112323336487
38.349703611572195	-1.3158380647422376	0.023988765974608025
38.737166906404674	-3.0799561516190543	0.3417338460763161
10.044908196250104	5.057112978295297	0.9609681624912334
21.479481381814484	6.4062934474042414	0.47796315319706373
34.55799824031324	1.4831420334733423	0.04549307903480779
23.125700502229073	-1.8925438203355966	0.3830456419916667
26.574119201638503	-5.962692644566669	0.9992034853924691
19.761261205310827	-4.065965503109766	0.9705923229642393
14.648195329070766	9.66900414715543	0.8381007292293507
6.200680397537532	9.064649992164167	0.9619675297744351
0.6798648534994045	2.059094081252443	0.9359533149807453
9.90352852809	6.576591860228415	0.9639469492634591
39.35950212735185	4.356772062489679	0.019587701917447475
17.225814804185635	5.198685213681543	0.7775177930345011
34.04897061625581	3.3503708913384287	0.05067804847101246
28.273275189775614	2.8262134111978767	0.20975086786404368
34.83205767253999	8.62346297212401	0.04311751787190678
38.87773121710848	3.1847244174999148	0.021663625871524702
13.838510593001278	-4.796977739355263	0.9969996269537704
25.267501407081504	6.5853193729841735	0.2993009137012675
26.03434325369248	-0.793593348980334	0.27849264909884464
5.942082777405835	9.343172515618122	0.958531096542692
11.813046449555188	-4.936160808426493	0.9988630960183222
7.0742187161125845	5.991459544191436	0.9726052033798581
35.3392778532882	0.10062739390335196	0.03932624762132402
20.423440321737626	-0.3705899770572465	0.5645282400670026
1.342867703236477	0.671556943712357	0.9363016522889971
25.552549154936024	9.200234288644289	0.2915234769886175
16.69549751999808	3.2822532070878054	0.7953306775925563
7.315271862640351	4.753713778878783	0.9749725361755246
13.642582139860819	-3.7136316022939617	0.9695377835571237
30.003317139696208	9.770820165788425	0.14750586560814619
35.69365540479401	1.7212089086206674	0.03704296725408322
20.329018741409246	8.651978988147285	0.5725580380186486
24.02944614905495	-0.39848229311887096	0.3373857484786346
20.311506846446708	-4.786288223004483	0.9938158318969332
