1.385058000777782	-2.094619614346712	0.983705594114751
7.3268472286433175	-2.7916790001982044	0.962705132830421
38.561817573028044	-4.0745130386216495	0.8828922961925426
20.687336814010347	0.6168401381616313	0.33247139070892007
31.901771103096003	6.020328337056906	0.07214883464370818
0.9805541699398008	9.268412466952	0.9757035329446407
33.651739637359135	1.4012371381989581	0.05220165493353518
22.332995098815132	0.026509976578651617	0.24577018693168903
11.841352511962938	-4.5810420953951585	0.996764850496318
12.997431112444154	-1.3743644350127937	0.7776086548952856
20.56633572587212	8.252015225012176	0.3406202494760387
17.710042263016966	-5.8968915835066085	0.9995192181041824
33.86251831003052	-2.2465696678539473	0.133311606733242
15.486845241871215	1.6022943223541724	0.5081615980073331
6.148733005120307	-4.570923214442885	0.9997951407548137
23.334563761141062	7.994864571357766	0.2205153317872158
26.051620653796295	2.0905036047139554	0.18040593339968874
17.30489613580995	-5.603941490683841	0.9990630230159122
32.167796828859956	6.726029257548021	0.07026290750316794
5.173364370100759	2.3170609191306575	0.9802507540813898
38.1261165164179	2.4050897525128647	0.02182810441646774
7.2600118833136404	-3.84212688336817	0.9949086599398405
24.27699883597038	0.37735496071305263	0.21048232779299533
10.446499943314903	-2.24393445808294	0.787058484928817
18.791676971287608	5.499841390862937	0.4371549406769696
32.679947785342534	4.9923816347696075	0.06536267941230683
6.786329589905886	-3.464773005185723	0.9942990909201184
9.056873987136791	-3.3907395662135364	0.9530683891074961
31.189089948038955	4.658843287070667	0.07539479024223975
2.715214086410491	1.0090925131544353	0.9504594071423157
33.80562486392363	-5.942729333333826	0.9987111067672417
21.721528449778525	-1.8379725502280024	0.3584892268350921
16.573688596995122	-0.8917673595355069	0.4506345379969417
24.324316568101413	2.3290718474803036	0.21011352746326797
31.290575193349937	6.310753392686227	0.07505510429070941
8.97836133982588	4.735740866886015	0.6944084395590814
4.292665678533699	8.089803422024612	0.9625749833634546
7.334118201254642	-4.478337458255375	0.9986413057987622
9.812576132413781	0.8164505449540123	0.6802069370384826
24.767283645298004	-4.369918433505461	0.9721454621730251
14.228459269796515	0.11804140163335575	0.6527035299967517
6.785221863258351	1.0842121235891895	0.9486901048409547
7.775105148885006	8.126139913601616	0.8240306378087797
13.285349352499875	7.781773923434926	0.7461111786237327
12.5521889491831	2.878021913415715	0.768411414558482
34.05361637151181	0.06974239653902359	0.04612591173326484
29.45064039713346	9.979822097529578	0.08246193168331137
12.825180804534902	-0.8753509011860672	0.7668628218683683
39.79627473156947	-3.058866224006806	0.3433804695628909
33.525088915456905	3.163149630984872	0.05409874815100712
8.243996267474069	0.21408413538934212	0.7599771146734695
39.42915543078012	-1.1216579630107262	0.020759830162904485
35.17158418265582	7.757029400519798	0.03172543770859168
31.15377728938959	-1.2693306705525238	0.08185944817192445
5.032678866892893	1.2867990408032313	0.977566633764527
7.3062533577393305	-5.297401274813414	0.9997973936753668
14.894279827171706	2.333405266160394	0.5696673913706415
9.114220510313976	4.580184132488132	0.6880329204553218
2.610823349465986	-4.181251330860629	0.9988323317903282
24.754874644131522	2.4549650817369155	0.20642175140600522
34.28131880923422	8.48964095708794	0.042768171888900815
1.0478422175849402	0.05049809391631399	0.9744133326542641
17.151443362666193	3.285280726406299	0.4416601247473681
32.63009446680944	5.937047889342143	0.0659133404158957
28.1174038864477	-2.455789393590191	0.31773460256134833
38.01640800402195	0.5727959160455178	0.021908017897496187
34.95876246740583	6.633367565240011	0.033970416402023064
22.39453114940086	1.8616530771259647	0.24362421734661058
19.88570553878465	0.3263522973618258	0.3865324470737817
28.561019476899077	-1.8504442504392848	0.1458624169873585
6.249075967469022	0.7912132758084773	0.9797621973591815
16.802973822511305	6.927780851939069	0.4443871589296291
4.1785355805572015	1.0893277730865165	0.9605274609776707
36.7294299091622	-5.806764884293731	0.9979165863509333
1.1033540932930321	2.1835783430404767	0.9732668794303911
30.508787031601955	-2.726306536798635	0.3516814424474483
9.944276867973471	-3.341267739130654	0.940525963207421
29.32891552578961	6.456968456162155	0.08352846953700838
5.160652187112352	-0.8267058108858691	0.9801434617764313
23.866811640025468	7.882192866272614	0.21392341757688194
7.42609127750033	9.599173077352418	0.8744106061220932
21.423402989906936	5.794008050690632	0.287126672359583
17.07778905523235	-3.017553411533701	0.7888087532160722
19.47699303998668	-0.7237742654010297	0.4114062731806763
22.552664134378848	7.054210031441389	0.23848753756721852
11.4837376237233	6.9219446323287706	0.7464415799584061
15.37251451170586	6.761564462081715	0.5185467428541265
6.961274601905753	-1.016802861249758	0.9330629712447812
29.910613007229973	-2.1999512583367	0.18098670609680798
29.18749696887661	0.0401200871678995	0.08495326043470329
11.77424420665206	-2.006927479342103	0.8168672911271118
24.984191645646913	2.4830819353112012	0.20385270227121632
17.381205442096093	9.510985478263024	0.44170811744906113
30.679570609029522	9.820885247707764	0.07682824220480185
26.416355932301787	9.34866307883032	0.16756630067039
11.600750666788539	1.8731030740486787	0.7508217424912903
14.046390453040926	2.395850733629864	0.6749047263931995
1.65392467230524	-1.8485117562679498	0.9738173546164591
17.873302858882454	-0.4879646217158431	0.44381603533521324
7.470774075398359	-2.145592496607158	0.9121933230746077
1.2195549215056092	0.06767652337610741	0.9709708142787098
29.755657463548523	6.356400595882189	0.08033719299791423
34.87979318719357	9.687084922808584	0.03487337900981481
12.902931259807637	2.5245585434739723	0.7631900824559186
21.020246828094194	3.405717664323916	0.31088784482158965
38.94676712208317	8.928592765748704	0.020770486287597204
20.539350654842238	-5.7558362128927065	0.9993905464145673
24.940421920083818	-5.939110880287693	0.9992194631820424
13.538736501068627	-0.9851828360111945	0.7312694221616882
19.86421647897193	6.408163933691963	0.38790528504191807
2.8173727989785324	1.0908994388352262	0.9500825312956483
4.020689919725375	2.0623307504725723	0.9579361880191019
10.862767172472424	8.904348438573201	0.7183946333485817
9.26259856282946	3.1926360142096044	0.6830369218846946
33.13705727929287	-1.9039688218462558	0.10023441394048749
12.081089122580682	1.5761732077433805	0.7641903601864874
20.75626903764576	3.6151616386223644	0.3278890010727948
28.56095472724447	5.34890417841871	0.09426216698412293
7.935999278933218	-4.3419064187814165	0.9966944668915022
36.04724887637859	6.56547664788431	0.02539218291150021
2.1197553396003217	6.231842105690813	0.9556279475232902
31.3591911179456	0.9190728615187709	0.07480802933679159
13.542406270672913	-5.2472086087889345	0.9993599776385861
23.163157517508072	-1.9452546776984398	0.3117019909916266
1.960783507802923	-5.314601923329612	0.999949364587368
12.682151001752695	-3.6192728301784243	0.9787717725817746
26.96872806704187	-1.4397724828672231	0.16510295838204417
30.115837682362763	4.0595994194957825	0.07859986968464365
3.091241935504282	9.651969331324004	0.9498711616201687
14.808935751765842	0.23417035406917108	0.5798683599965252
21.134672755438995	6.834331466570411	0.30384756037085053
38.430459535891714	7.922186810681161	0.021546744471093244
7.075811053995864	0.40483821759756466	0.9194649506921969
14.821253487328773	8.342185508080437	0.5783799090280902
24.489106790599088	5.837047332040303	0.2088039700563729
33.25996447447116	-5.64636234426246	0.9974900000508782
13.1440305179438	-1.9836428073339114	0.825573338723303
20.944928601076946	-4.862585537317386	0.995010072331382
17.771609405231743	9.062963250789714	0.44332582795290343
22.032079256356045	-0.3739752214603662	0.25747225118295786
14.545605608143822	3.9406355159998263	0.6125801977010604
26.895515340707917	2.9649910041255225	0.14846170839944792
11.847377912447854	-0.48483759679309557	0.7587195752398281
16.416077333812773	7.4948778557436455	0.4531850792912637
1.1401008284494585	-3.968600448562402	0.9997311324143698
16.138495269750383	5.797968749810693	0.46422341827899094
6.568471091642759	0.6047178419835966	0.9647741064935129
14.199724568352222	9.20602869857301	0.6562734565493016
12.417827983082905	3.024750169808975	0.7683145254290885
14.800509875501403	3.915528837774051	0.580887430839398
27.648446597576807	-3.6427224998770633	0.8622871860729555
33.60541200456234	4.192867545983724	0.052898411944117985
37.568452023546016	3.1836887285984474	0.02218876238703805
12.658533951149227	-0.12365200241556451	0.767728981576526
30.300549485798044	0.7812608468955524	0.07793381699328057
24.46712578201313	-3.371392409940576	0.7899377877334494
2.3791509937176576	1.9162321751868845	0.9527815913050317
6.205859289857908	-2.197516067349696	0.988590782701965
21.190403212396724	-5.253372466872168	0.9978703735278466
22.1240962433879	1.2707954693773793	0.25367088265950755
32.279879383017565	9.94384786121245	0.06933503781875526
35.65616853425139	-4.177716727296218	0.9225586326652008
5.828403217568138	-3.4781271004460272	0.9983382185209243
29.17373946867988	7.031092330655813	0.08510252615415785
27.44367821348465	8.675489457922474	0.12658511786677057
20.886969206710607	8.313987082453195	0.3193518395728955
39.735759873356734	2.0000300250461756	0.018660468848625582
7.994173026621277	3.5710797397109175	0.7927934139693951
23.747931758676472	-2.6814067362048135	0.5151647873118518
17.486034594136026	-2.2845456282825545	0.5854922196951715
0.8760905712266811	-2.0647249635288993	0.9929081173755352
9.27011336049571	-4.908534316864312	0.9981870078398336
31.350869861091976	8.110404933685516	0.07483853020963202
37.385875133720525	8.933077475460667	0.022316302109189685
1.8398585638741134	-3.2678419314205875	0.9958937937789802
11.095169545503488	5.110715593190005	0.7294970594682488
33.47851069808745	-5.402149268659844	0.9955769220454848
21.49353191213493	4.734845780329579	0.28331029842294153
6.528737315817872	-3.344760545900918	0.995312865460951
16.07815710829161	-5.516688533195772	0.9990401392562948
22.900388898250668	-1.996932259462369	0.33095689987983856
1.5257864729752675	-1.3457462864637222	0.9680752913863924
37.080472520043024	-1.0630113838710393	0.02356769464097424
17.805254654242983	-3.2941380364381416	0.8609080806311223
31.332405813990597	3.5094351977584637	0.07490613136550531
34.97666277788588	0.0225344057907364	0.033771263706375974
31.305070258987715	1.2195732993791815	0.07500417759254273
21.13598299831096	-4.450209781871308	0.9868636700337384
13.756551751316358	1.6222300520865929	0.7070825130608336
27.67478413745882	-5.7307832986785385	0.9986834029761767
9.234367589652082	-3.285426876831167	0.9398934391181196
4.163767350845527	-0.7531251129338585	0.9604177252192828
18.01459249287737	0.8623805312599941	0.444181195284051
34.717061967250764	-3.47163508054129	0.6988154520233004
38.16255964879102	3.709861439080896	0.021799486806646402
10.83403121518	6.96096054121152	0.7170141719081463
1.1013505907424694	3.8500088266459542	0.9733071699874543
33.666947955725334	4.381925432196756	0.05197229202262919
9.752961867159113	-3.1797148562973483	0.9217229697744603
37.93968494151565	-2.1093741739235874	0.05696477633130041
