7.552196957390097	3.2056156454894733	3.0380298504886986e-42
9.629783127893072	-3.485641589408079	0.9717257553316588
36.90261552417053	-2.7505962552532637	0.0892457878402554
29.448179232269386	-5.331629681878077	0.995962150352793
6.543740539890383	-0.1079174372314533	4.509073618773098e-11
21.020367977528263	-5.606234792696604	0.9989086568510035
6.3663366254786515	3.684651006741639	7.145205235247799e-65
5.6034256451819475	0.555368925757378	1.5610527753523055e-9
17.201327555107323	0.6788935598010397	-1.7895375170679076e-26
18.85678337805373	8.071683757103983	0.0
38.68442594156644	5.693195060074025	7.699306700008522e-234
23.532445766546406	6.1171827425183025	-2.264685249680752e-236
27.997144705173888	-4.828561566635592	0.9884211441069198
30.34988938572916	-2.692701336145536	0.15436473206267123
13.931075881598106	-0.8754712882126725	3.3597515621210694e-9
14.229679428628488	8.059245159515786	0.0
34.680538018945214	1.0041758093707855	4.454869962579897e-51
37.65225763527108	9.843070834958631	0.0
23.457259152300175	-1.7676919152126018	0.00010380546951535521
18.175726764268795	8.416206711607362	0.0
24.795642174247938	0.8815563705577212	-7.284828112422804e-37
39.57592319098341	0.8974748427736756	2.3973812717952627e-57
38.38511657066322	5.629844827256239	4.045079225860051e-229
13.85786414612001	5.0263202794057555	-1.2005223572321046e-157
10.199847953755773	2.9784053393000143	1.6777510113627897e-39
31.609024529847858	-5.961973038281339	0.9989097103666694
35.04980651573339	3.8659400284670724	-8.275086543152144e-117
30.013317922478745	-3.134882238281712	0.5164987837107993
22.34843874807118	-3.8446012849503326	0.9313173597497758
38.869875979389654	2.6812990798293583	6.6660398694110726e-68
7.05005248351033	6.75428128233462	4.2044996948961395e-252
10.122765728223198	9.414373510592878	0.0
15.887703793288088	1.9928486080231025	-5.007896274820235e-26
11.736838340852573	9.909228083273366	0.0
37.16583148890088	6.201828045768398	-1.1407105051017741e-261
3.495070225091952	-0.7248304346980028	0.1253784292097319
28.036311251388774	-3.411925531602911	0.7373147279117941
5.671442428080442	6.037074499552233	2.763413349601845e-206
2.0281947018604045	4.977154205877238	3.234162393096265e-137
0.7316943967167366	-3.6127488843571527	0.9998584505660542
39.027758431247065	-5.953884201512665	0.9983074638203975
11.635254262778018	3.7842893600918046	-1.2631094604296582e-77
0.46662350367856736	2.692476774249542	1.5798953818401488e-13
7.321412012025437	-5.0048490800617955	0.9994920741093035
30.10052825508864	0.931360796865885	1.7197281216267018e-44
3.383807422604934	0.522429627974283	3.152595565538563e-7
8.331169189103116	2.5681135832759487	2.3507182083469574e-21
21.42453501126198	8.685105192207654	0.0
13.554026049314508	8.982284823054197	0.0
33.276000681497315	7.5174769926826315	0.0
24.775686218261566	9.280542519415103	0.0
16.590742639469127	-4.121336335100537	0.979225465474277
30.374121337692973	1.1551395349518998	-1.0490447297552884e-44
38.756734489547675	-2.203129626925282	8.38109854125807e-5
35.729483579117904	7.359606218165045	0.0
24.864997780812196	-0.45225133336075984	1.6072815476983433e-33
6.0530626939182275	0.7037411881879407	-7.975584276539249e-11
37.36893642625517	2.252596338543544	6.183930679292925e-59
23.327948779765066	6.054174977021134	9.997281637410693e-233
13.808924697161665	-1.8374423568343623	0.06655146030578359
27.648560821524402	-1.358052057646404	2.567676068074102e-11
31.5333766313934	-2.3680423019027934	0.014230896965755186
34.40425297835293	6.8131840161681865	-3.2110631100428744e-295
35.18543533954008	6.743245128114239	-1.868007733783354e-291
2.3483910637480276	0.18614706804018866	0.0005426611850828423
26.024909015801455	-3.258651164391374	0.688624331557502
29.162101737746102	-5.881445823036714	0.9988818050233351
32.14419090151588	6.36560034115427	-2.2728418118161923e-264
26.10225563592852	-2.643767877423027	0.21337289260102973
3.71907696543569	4.923200374212911	1.5548388307123522e-135
7.447337158008988	6.884327322475343	-1.8575290477732044e-262
17.597043706088755	-3.3152379272743993	0.8598175527032272
13.390909574010044	8.448395982018294	0.0
30.050674913239344	-2.7461107335255015	0.1978672492625966
20.21745969152659	-4.375782328306272	0.9829380879265633
9.26913746417209	-3.914238164182791	0.9901375121095707
17.982636639188584	-5.100973070248482	0.9974208865005576
5.372627537780724	6.845201920827204	-4.9035122944498964e-257
23.91435417501057	6.561917000482374	2.5293321819778886e-265
9.281211082372744	-5.9057049555120855	0.9998986495977853
37.30743266662804	2.9265607758197234	-5.335680705781066e-74
22.51665423871033	9.19143978001555	0.0
12.36825910070523	-4.011207839535384	0.9856601528181266
9.906739218589644	9.626518721274007	0.0
4.676512427209282	8.91936954364029	0.0
37.66166783570693	0.7501551002569293	-3.603121210264641e-56
6.201946186294694	5.690099042368907	2.5337054781992648e-188
16.22177403320648	7.579772864440869	-5.91846494e-316
3.171903987147958	-2.932907991699693	0.9895209205760681
18.333237961044087	6.078504958254655	1.2935520519629625e-226
6.551956185285111	-3.597132675027609	0.9896203626155767
3.5614354266610095	-1.502000843617882	0.6966666159938365
38.62044045702578	0.2923766852669303	-8.570111486904927e-58
17.90114957359274	1.8791968624928828	2.3628440240897223e-28
27.80268542274432	7.071252052543468	1.6332860102496318e-302
35.12848867553585	-4.235929323491689	0.9308644962512749
7.058935949113421	7.675277418655597	2.8915651308434113e-308
35.48303745937686	4.677203247965192	-4.527893400739107e-167
13.133006732889475	9.166671400790907	0.0
22.091921433828407	-2.6603430387808196	0.34597917965561875
38.33870750621474	4.608421377287126	5.014693088204421e-166
15.260935491347446	-2.3660520670238405	0.36723592042779124
25.22510133832365	-1.5185726387352716	5.8976947347164896e-8
20.055080633250757	2.6453765701436787	-8.82568888107657e-40
38.693059057578864	9.300562833175778	0.0
9.966124710481864	-2.968362865074347	0.9038829251726773
30.428251996569006	3.904901553144562	7.348721321101266e-112
32.76474500416627	3.7239905264258297	1.2118847928981833e-103
28.720580950714766	-1.044539126031836	1.0380665499597462e-17
35.21806481885242	1.2507119479051134	-1.1088308097427243e-51
30.66936412252958	6.316930747272082	-9.343170628233624e-260
14.889128429666698	-4.150312861019593	0.9844391156052403
28.879024708016363	3.285626588586929	-8.193361261198442e-76
20.241409138212585	7.227066535218061	4.5302387118525366e-300
1.036955864828774	-2.1505817034544137	0.9923324072143354
24.836269744004163	5.614984251152819	1.4877278164776713e-208
30.271370396836232	-4.336662480438225	0.9586324482398004
31.64293404012414	-3.715027184333735	0.824467201733007
10.57608218736779	1.2533994178356522	-3.7485512292753403e-17
1.4643236887045912	-1.3659225110019086	0.916477310526708
35.50761466289114	-0.9656382243319932	2.871452363870233e-25
25.315034313942707	-3.0418998572795637	0.5594769272994032
9.793456847801806	1.71526720362262	-2.3970261699176056e-17
35.28078849082482	5.336267449044463	-4.6401683009098056e-207
13.89483274062146	-2.8247145324633074	0.7515387339494449
7.975510353250892	0.25094542628403005	2.805018809364011e-13
5.012678326237676	7.120357363937096	-7.54630900299291e-273
33.42717362153768	3.0037708681310598	-2.123625382735356e-71
32.20548404212263	-0.9298695591001369	9.006110477461513e-24
14.699611236744353	6.424597025638125	9.226564125554746e-243
9.176238892711492	-3.0435760436484003	0.9304570462156219
27.89550502904866	-0.8792851950385661	1.1604830275224748e-21
1.9391683144995235	-0.5430069052626578	0.37774174420250234
20.454633935009397	3.918113265733826	2.47935363648159e-98
18.474978361765903	9.121673233721967	0.0
34.21715638381095	-0.8873440179126106	5.8894200420104376e-27
18.659639566451542	6.395978088095919	-7.252241029810243e-247
21.43788199839847	-1.9725633293539744	0.007904548988904319
35.36469524830701	-2.4603946947915425	0.01323812688117068
2.003353682938534	9.629192243635355	0.0
33.27698349843657	6.2983713351107085	4.023678170895943e-262
27.096831466740387	1.6213969986581205	-9.186286350209986e-41
21.510017104663312	2.2589087186906767	-7.47837648308904e-36
25.606876931403256	-1.4395042882139961	4.644493332571695e-9
26.121696121361705	7.764872321056366	0.0
31.22549740711543	-0.4563967114886758	5.837548939289355e-43
15.329343279907045	-3.9306036620301654	0.9727158129506714
32.89460920627983	-2.628081662116312	0.07852337679692065
16.092040921003427	-3.3085508417674383	0.8797393307619831
7.978237058631743	-2.1764108860834632	0.6684671164155596
13.19914361306116	-4.846715004126111	0.9975717982700949
3.686908326362432	1.136650779854989	1.2843934288035889e-6
2.7155234854117993	2.4076364172980895	1.1642314691445224e-10
6.605436649925444	7.750792806831797	-1.9488095303e-314
30.6613457146866	3.6558873830522174	-1.1401926576390401e-97
9.25372247431309	-2.96559726704378	0.9160488543212996
33.32160763039329	3.1427464577228434	-5.987122545467835e-76
36.37766547857962	3.302442769412817	-2.7022565482795603e-87
3.7529000242887047	-5.6815176816051185	0.9999732087748188
39.4798010902804	6.161278010090438	8.425389338768791e-262
30.638491287980013	5.944933502323973	-4.8124507005975867e-238
31.97804887673136	3.7870270592084694	4.879088210207929e-107
14.36900011173337	0.10160299870836198	9.815386779123513e-23
6.884017917899546	3.3723214735683484	4.702372101341457e-48
35.2933558307936	8.523719573905815	0.0
12.987834499417884	-5.1186631972446435	0.9987460412640914
13.363081087726133	0.17639237690558573	-1.2093008348335993e-21
7.462179743413469	6.146706694284415	8.758433242760807e-216
7.404974746264044	6.7383518041650134	-1.5480789294703427e-252
7.647825724999206	7.344117137866512	2.864713660360164e-289
38.683763221531756	1.5611559052399429	2.9429919268915927e-57
12.547713403434987	8.150050305889199	0.0
27.6749796332487	-4.257978473390466	0.9585532612602087
19.93440725053265	4.690894378137337	-3.3169560346564464e-145
24.095599718147962	7.473309188938977	-3.46e-322
15.469712876269226	7.092032862071534	-2.234636940870591e-285
14.360940904970532	9.102119654289481	0.0
20.60882573095988	6.4117930271656185	-1.663912619644962e-251
37.83972163006103	0.9100136321307062	5.73053807283252e-56
5.7382112705272625	8.04909373464534	0.0
20.95793829321675	3.717999140654456	2.1168401339064623e-87
26.183891473123087	2.3358568004414373	4.47872047422074e-44
0.346653056074276	6.542806078886862	9.309825063670864e-232
33.28955018215485	-3.403865479071417	0.6459508443849761
29.039284367153044	-5.447589748349738	0.9969918219539602
39.66326814821907	4.896942589025603	-1.398037883569763e-184
27.53003717968785	2.1918202061293073	7.922359588216588e-44
1.0830357116796876	-3.9812251118736093	0.999877085672594
32.99890224960568	-3.722226995366558	0.8135448399783111
37.28926616940377	5.834437146395786	-6.5051516069744775e-239
39.013028712015064	7.203443739919731	0.0
4.131525910693922	5.9462361217675195	3.7291870678154464e-200
10.4032327022171	-2.8009387628090536	0.8503417853755623
22.760335748118568	-1.1503616732254223	2.6175918693818343e-11
25.844008918050395	9.407965181049	0.0
20.698224124617163	6.166407143543648	3.9701459160209195e-236
3.260701040961946	8.542848346723193	0.0
23.201697535133846	-2.125168445343782	0.01828808777176302
27.562222952048703	3.2273495585488554	-1.1814733892936154e-71
27.34044689984803	1.1742423655444227	-1.1014771834968501e-40
