35.92933146250261	0.14744830419997967	-3.80073520049372e-53
25.603891282015006	-3.26884450649127	0.7042780737224219
37.28110911382954	2.3800700885999966	2.5724496137862554e-55
26.995244010927042	-3.596509691536234	0.8311840603774007
21.531913662532197	4.427298886362895	-4.677706057653407e-89
12.118218791202194	-2.5854791140401403	0.7472913995235092
17.363621965487855	0.29452582219892776	1.3182775607891975e-26
38.60241438734468	8.769592507440308	0.0
4.930650840598358	-3.733939081845431	0.9915279000204226
8.270076353903786	9.75376453341256	0.0
21.829330796500916	-5.427010215407126	0.9981529543702932
34.0795227088409	-0.9596018282199132	1.4294533521572174e-11
10.912387789584606	8.922736395418237	0.0
16.1415879906381	5.472729741167861	-8.47575227343565e-145
30.0074843670368	2.5024169574417208	3.644793351615846e-45
5.268132923542733	6.146283102043164	-5.810939268675202e-170
5.267501907903548	7.172258731096083	-1.2515550044433518e-234
12.80310237573163	5.0191141242634	6.734256828628913e-113
12.75461480457675	0.1581958471577991	-6.669679321088598e-20
27.47508263624708	-4.672663712737474	0.9837882736186244
24.092203257730684	-0.39667311124912885	1.4054523722898101e-21
27.464493022501767	9.747453423380733	0.0
10.234626058336238	-2.60387197000707	0.7772767194033102
33.43731823338828	-3.6007834685134306	0.762841623728455
24.972994927608937	9.529861546677992	0.0
39.229594919476895	-3.9564318572316317	0.8438503721543767
13.163766834506399	1.6682711385524343	5.768750708300736e-20
26.518751150128317	-4.166184009663471	0.9519103757632599
19.328222181964293	8.746512998483613	0.0
20.722636693121846	0.055714120526630495	-3.0037771219554096e-32
1.5814443793291741	-3.7758961532748216	0.9995467999144806
35.00817282400419	-3.763012814057994	0.813124228713996
12.895776898763083	9.422840794516247	0.0
6.261181715956948	-2.891214462889227	0.9192385131412846
28.370596974793727	0.7422604942498054	-2.1533085629258276e-41
18.052851107793305	8.662596846357964	0.0
7.176877044686785	-2.343799345442484	0.7432835228667646
18.296555153198877	7.9606314905299875	-3.6689673725051397e-299
29.007862262424826	3.4069064724778677	2.123913617920812e-55
22.552302515095402	7.691436425651435	-2.429847694035378e-289
26.071459528259872	-2.136933116247782	0.04459359427360011
19.171911845874764	-3.6790377492226263	0.9307726995538149
13.898862837384465	-0.6848431549117144	3.0829291923083104e-6
36.35500730323907	-2.0426498301392897	0.0009432279485710463
26.04978524165157	5.019630132226975	-6.999007713627222e-132
10.060113111526482	9.857490598609562	0.0
0.4010354578413178	9.20695094482851	0.0
7.233827655959561	7.171241078589393	-1.0785961070899768e-236
2.4655187849676032	9.37649333339451	0.0
22.372431460029546	6.764963786896644	4.169688088480379e-232
19.296563742870674	4.793631327781526	3.0332286545649347e-108
38.0620098635235	7.180878690373525	-1.2843710831965562e-280
18.08312312936981	9.840366953951776	0.0
23.489978072461135	3.9961686579113938	-2.819073706189342e-69
17.849395790745582	5.53793660124995	-5.362835125205436e-152
1.6297124845418876	6.3648282632864905	3.3149393076544405e-178
13.38355820745569	0.25733062024080766	2.7350522334208415e-21
26.918632852401956	7.71311538027533	-4.643068294767076e-297
12.150758382253532	9.04736870584016	0.0
27.855731055291802	0.3371573692045047	-1.6961548949937103e-41
17.38545946657817	4.172210060266593	2.0863526248359831e-69
12.272971438928183	8.803133868469114	0.0
14.911332097646607	-1.501643507803987	0.054272703053496976
16.603320513822126	-2.4529267834246937	0.5169234756787702
11.333138164716885	-2.9205100768732137	0.8650931544988698
4.399545711909235	-2.7551920436267068	0.9438137843483317
27.844369787215715	0.8613940380173659	3.1787534780857296e-41
20.841715522695807	4.5782013495152825	1.4013907692862535e-96
23.39409928489903	7.325123079486286	-2.1903660231753325e-269
1.7231935418505355	3.7856167842517685	4.98930326113774e-29
1.1009713611143843	7.671238677295314	1.4166579038339795e-257
39.3989857286287	3.6026085412722146	-1.1982500116582613e-77
10.920880905371988	-3.3488932758262173	0.9434705367096011
29.56099014692961	-4.848166845148594	0.9877551911597672
26.189670715909948	8.387220516552617	0.0
11.565854474492276	3.3718987672995127	4.266429342966751e-28
37.37758462252333	7.38081247617416	-6.969570149593652e-292
16.286195327890834	3.090557314131221	1.234738387380041e-29
38.41648769983358	8.147865183704905	0.0
29.018847979625495	2.088556608709027	9.385308493612227e-44
7.949590563584056	-4.193689734035484	0.9932091720515854
24.78149337524787	-2.2358259404414653	0.07934136456298416
0.6197453593026889	-3.4187641855816224	0.9999207486243612
3.1195685149583756	3.6915105612307038	3.2768255532568336e-27
16.880421054139834	1.0409938148682336	4.29829162037425e-26
5.813613886627665	3.8588484736021087	-3.322896773304273e-39
17.680548978931025	-2.19249010032091	0.26597789842740127
18.28143403902083	9.929765296715043	0.0
32.20114165352989	0.682973551252239	-6.916290631931073e-49
20.985104394792916	7.834661889321168	7.498307115978063e-297
4.774694343211433	5.621740850911518	4.171768934211609e-138
3.660405743580614	4.7364035155802	-4.679993275783095e-84
19.583249440481232	-0.7849710159106529	1.9028384654205675e-8
12.41294734197658	-4.032884244511095	0.9864483528382157
34.824020558845234	5.723113520964411	-1.4861728903457508e-186
14.545660236787866	7.034400103838099	-4.7718416819588765e-238
25.40124356189078	4.203723698479227	3.404288606295556e-83
23.825866486193775	-1.01748576928361	1.7043747449783028e-7
35.670509991601534	-4.459968208795537	0.9573090910985863
35.57899846653705	-3.2811992169489734	0.528591286556301
12.315619879806523	4.743331751034692	8.606628612834909e-97
37.26648941923505	2.297574272058533	4.314489209946837e-55
17.932225684119853	9.739445327803192	0.0
0.8904995351218736	8.082272851206362	2.236469139604473e-282
35.24668214172666	-5.301167997813685	0.9938805202041364
24.18525592999208	3.3746164018361	-4.0327938880496287e-47
11.936514436535871	3.295763377104471	-1.362836827122237e-26
39.7355004022802	-5.3148021214779	0.9923481090167416
0.6768255688084575	1.1726028834243607	0.01815935075590614
39.386535073337875	7.427245603371212	3.3506881772782707e-298
25.796254877016988	-3.021994498658188	0.5467723726393978
17.586182162886516	6.0741281374268645	-2.661677195743502e-183
39.35044467407658	5.853299597776683	-5.881173002784823e-201
8.58365776869816	-5.89982219459641	0.9998523029573073
0.7137058692964842	3.149410430153946	-4.7867266090620634e-8
8.472317717793395	9.447966609875856	0.0
0.8286462138684774	-3.91062610550523	0.9999430982831514
2.341357240301989	7.874687492821039	7.778341085345136e-271
7.598200695551691	-5.256038056627062	0.9994377429013085
0.44131082509670594	-1.856113080663821	0.9988917963518603
4.796904323603449	7.3017576930515276	-2.54103847990879e-239
7.387290532048536	4.834062444634277	-3.0845359605897295e-94
20.564795781545364	-0.2663853525432529	9.193015110482326e-23
37.224253996683146	6.731006714639538	-3.3040834884901253e-251
7.339151305518536	9.21622990681924	0.0
3.1980670348620746	6.1204272752386295	-1.5425517640604603e-165
3.2495994988457433	0.08990188263670973	-1.1705263656452641e-7
24.176216328509142	-0.42325249326415104	1.4234142916150104e-20
37.1263694779077	-5.331206710971443	0.9936115985402192
35.38685796489561	0.2822529119653545	-8.01519049688593e-53
11.927656025443774	3.425598153101891	-1.40342450151341e-30
33.46615210667237	2.0177731984222405	-1.6049335491672711e-49
31.660274196258143	-4.908134872442272	0.9879189497040806
36.08689512301569	2.187827646843793	-2.909505517242164e-53
12.358951807790508	8.27123958325955	-1.03022755423769e-309
9.212379068304946	-5.181653632812964	0.9991767935117496
25.33390236071389	-2.7321279208550457	0.3458674959040938
33.553095954995776	-3.55072277218315	0.7368244981042832
19.857060499162362	1.0124527085183637	2.663125991872865e-30
13.511938027189482	-3.445844373834035	0.946940746030822
38.30840636665763	9.976093268487073	0.0
30.234095978055162	6.939329175477397	-1.6365181412030055e-254
16.48327190240558	-1.440112918849266	0.01608826760390933
29.61211070609185	9.065686669454184	0.0
36.49454396074473	6.025889961954988	-1.4997922326761738e-207
7.146250539344728	9.010171468062055	0.0
35.040868060203834	5.657674078318998	-2.3794248802675584e-184
17.500875484273106	-3.82255935168428	0.9610298348281088
13.079437636179268	-0.993165783903919	0.002005626325441085
16.26083208099658	-2.942820121806296	0.7961807169420103
34.55626467342747	1.8304157111456867	-4.583889107746322e-51
37.86962539673588	-5.65714922024986	0.9968475086337798
29.380963580865156	5.753501883084834	2.716938436852681e-181
7.398738302619908	6.039819686763227	-3.7440060733090967e-169
39.093860575142514	-4.7372220562293705	0.9723317032591897
39.359433583052045	7.391086526179205	-5.876859206329762e-295
36.853757148704545	6.279245407077095	4.263831692429296e-224
9.75896203962049	8.996042292628928	0.0
23.83941453793234	7.514788743422905	-1.1465358538254499e-280
7.902014507697187	1.7709345626079767	-1.2738280591973476e-12
14.241812127858942	6.64390519350048	6.107903435938357e-214
24.922906859958314	-2.1305491834194044	0.04912208849608145
38.6958545603056	4.621342289709759	-1.1276497785659486e-124
17.325895386087872	1.124177271024461	1.3716002492925092e-26
6.419713116974058	2.3299688538973733	-5.298849781428771e-11
19.029723416584925	-2.64829319189419	0.5113905391639365
12.991273240675762	-0.7477921073746288	3.72158098830838e-5
29.715919738844633	1.7236639613782287	-7.974208626859628e-44
19.255431594795308	8.326719063975709	-1.0e-323
25.044547385797785	7.680503519338107	-2.1260717361671775e-292
15.393001930430916	-0.32094366795655205	1.4510446127581128e-14
30.57716089109483	9.247597721794175	0.0
6.322159517637504	0.6405118843534439	5.588077326794609e-10
10.260447480018955	5.97823521172792	4.621453678377436e-168
31.809840121383633	4.970603050415885	6.574503877297124e-138
10.711719239859987	-2.8202747038535882	0.842711070716857
12.391029540216104	8.305193600717732	9.3082785252e-313
4.190843765814785	-3.7320053399964195	0.9940378533842158
30.499533822407553	9.542226104160996	0.0
23.574008307889766	-3.5789587177746967	0.8596529027412226
39.126989411480984	-0.22736610322289508	1.335615004718736e-45
25.29381623397824	-1.4186097616322293	0.0001890364452671172
16.35258032618345	4.902819667092267	-7.729207059599984e-110
11.457129631868193	0.5162030828166664	-6.133818981018683e-18
2.6488730475021605	-0.898681267647877	0.3487794909961798
5.386048480972892	-3.4008510791934796	0.9787289699830657
39.35340101528403	9.535809093051846	0.0
24.099261296522336	2.038522825635102	-5.720170020012449e-36
32.804891154265746	0.7408188050224567	1.0230046217445424e-47
21.842272473052454	2.1825332742325507	2.79649875474993e-33
12.312131753467979	3.54281329578658	-9.456197133187518e-36
31.52402992770091	-0.5254549283955043	2.1301449135095928e-21
32.50799993430211	-4.4114956503067155	0.9607040269954531
17.111036867011563	6.176108201387521	-5.2559194428898835e-189
19.27460545085332	8.45517474920154	0.0
13.357344635839931	5.849267018917509	6.033770394840967e-164
25.266801391056106	-1.4163509197972957	0.00018444799172145836
17.525703287628637	9.716422708937436	0.0
17.80430125907573	9.894234257910703	0.0
6.316536180862223	-4.3255049933808785	0.9964306914599035
