1.1167924628750396	-4.034558953209753	0.9997757596992848
4.789086877300275	-4.857130336364882	0.9998287180045471
4.72689395492222	-5.062481998261823	0.9998954897214171
0.2966968874511546	1.1927788147002616	0.08653600108184269
11.961962197414113	3.354758059027624	1.0350233241778811e-75
32.221581588711814	9.58864620756059	0.0
6.842102956128614	2.0193611065457624	2.0820985344334922e-16
38.10300514844844	1.4593616052650162	4.2655508555301174e-57
31.162548346111503	3.7906036214328793	1.5322423479571341e-130
38.631545204145915	5.665477949774623	-1.5010793795619863e-256
24.065308031115492	8.38250656316077	0.0
18.921988968655242	-2.382163183000376	0.24979602904128415
35.16313081341858	2.8003523922904847	4.458238593227722e-80
14.140812361793772	-0.24914463551752775	5.329122943281906e-5
38.99775060356467	6.9571074836342355	0.0
24.97374837742113	7.448703970553524	0.0
17.75437321393059	8.084247368048231	0.0
29.049526448931093	-2.0236705438490006	0.0014814354201575712
17.149262507946613	4.172474316472659	5.358067162110389e-134
29.707819555772605	-0.19747083871494198	8.133924188259077e-14
15.749184325592564	-1.498290181141396	0.02725026668866879
29.94250920893941	6.323205860101897	1.787754588286543e-282
4.699199404110022	0.5683281681822336	1.8192459340102811e-6
10.717888191366828	3.04274162649126	-1.4290495953607458e-57
25.02455585695272	5.887988195159501	-3.6399530353431434e-250
8.000629467883293	-5.602166954171917	0.9998891013092692
34.163233341514	4.718883707100016	6.180544181666843e-192
33.10654936111362	9.098329981340846	0.0
16.063273627721788	5.128137578319354	5.020671093805088e-190
20.818384984579165	-2.6074840073331487	0.3575533862928603
14.019750499031767	-1.2653537852332697	0.03470976409232568
38.83274154702283	-1.5621460153358449	7.2498517142734956e-9
3.2488756853903693	5.291983600895424	-1.0563403989593896e-181
6.396666577516899	-4.783318002348423	0.9996171989615653
12.310203331677041	-1.162390101190077	0.062249470113383665
36.129209337893585	-2.305129939071744	0.002700711927403773
37.12515667862001	-0.3991449079407374	5.094986129012914e-15
5.146657599397473	-0.18663305306929345	0.057374835708501964
2.3827617718105043	-4.302211188443572	0.9997009381050647
7.572198335667616	-3.8862768558870933	0.9951411053793258
37.04549887785891	-0.26520690647761924	5.760018167526463e-17
7.936319213975218	3.8050636828828424	6.95275173976456e-99
14.93425234498687	1.672953768441186	4.242044417586763e-25
25.668802181334573	-2.4682810911362445	0.12216981366472483
2.7999474490474294	1.2988906543511227	5.349008737921392e-6
2.97165992077483	8.102480221939896	0.0
7.838331262723309	-2.033862258376157	0.7407105125363015
1.9253054866195858	0.3721702663576991	0.000756145910458856
31.367367814332333	-0.973428026846971	1.8036160366767633e-8
12.13331901840904	-5.857890150026474	0.9998028229941912
20.67500398164973	3.4014121663723564	2.0384282155807876e-91
11.923850972855616	1.569563521070517	-4.5925865468687204e-20
37.687385624036935	-1.418336012930972	4.328809697057785e-9
34.79864740672735	-1.1429181718293187	4.623715901434537e-9
23.6026132254513	1.187215162600296	1.6859627382567156e-35
29.748805898956018	0.30211127201386745	7.567072750245498e-28
39.06284314526699	2.0287436128749228	-7.21086082773101e-63
9.681535343197453	9.472522515177722	0.0
14.171620805375882	9.217149347597239	0.0
29.276580029819318	1.7423377226850079	7.79670004742901e-46
17.20389197482896	4.3466664784559335	-1.3815405999601698e-143
26.602979288505164	1.4310531745866335	4.9670268604690197e-42
5.0736268273231255	2.8697210387114147	-3.034167958376975e-40
34.92057789692299	9.653840309348666	0.0
23.842749210829396	2.8626011154086726	4.9931116279709215e-67
16.832896841911417	2.8958103697351163	-2.129366393881829e-58
17.319677457956743	-5.444528284010762	0.9989055755837749
11.379633653300038	8.365992714985957	0.0
24.46052901675571	9.060319190113269	0.0
11.646110985457256	4.12919405173221	8.966992392248034e-124
31.493468995919276	6.566534100028569	-1.7649162014005212e-300
26.51952378553369	-1.1261840594096313	2.3740176203494426e-6
24.938763335116278	-3.276073054327842	0.7224055253406024
32.807019669718954	7.693302804048773	0.0
21.35148947231539	4.30774889128007	-1.181233770218109e-147
16.39433244178832	-2.563828714436447	0.49783110953200127
10.648939799956993	-1.0724396724731804	0.104077939889094
26.203442465794147	-5.764356523939245	0.9988221219356027
31.143391606194328	4.247763244721405	9.893058218092774e-158
26.981125048284433	-2.337930199567843	0.04691611920047089
22.67619881994219	-5.01856036574199	0.9950962767312045
25.47181414676728	0.36813604952886436	5.40843187879233e-26
35.4035786673645	6.007845969933829	-5.625947121715133e-273
17.90986502002872	0.019674018120131365	1.1790273797065956e-9
38.38824525708332	5.226740141239297	-7.580635734602365e-228
13.389096240659171	2.5254616883974528	1.52424020986227e-39
25.413884768533936	4.179876345439762	7.684741064816827e-147
30.6203924991298	2.0476514422304533	1.4374102550090154e-51
29.237494969487805	7.248457385994282	0.0
5.762178276941643	1.6582085201861965	-3.988421632008247e-12
37.7303456778642	7.994258369221221	0.0
12.484004890010342	-2.779192504647824	0.7887437368814354
12.887131856824478	9.670576810814644	0.0
30.47954094077519	0.9675557020293013	-4.416275519086705e-45
37.34098521788042	-0.5293332979689858	1.247620774160657e-13
32.7471975718449	3.6982196810144536	-3.098853080340901e-126
12.582879559530134	3.9133139836066455	7.032153550155401e-112
8.282102506677168	-4.657104320985216	0.9989174850208106
19.983711114682446	6.854025237305017	-1.03903565665058e-301
10.300727821366435	1.5047915942098697	-1.5713417819654187e-17
13.83352445837018	-5.230521709992164	0.9988674593832243
24.260452842446668	3.118131894832768	4.691676528772242e-80
13.577568415834794	6.2664033813172395	1.657592452106085e-256
1.1293928494246674	-0.36268234922260234	0.38736636302574934
37.99812853897602	-1.57502003258465	1.5668325755733962e-8
23.414561679093424	3.4507404455763435	4.081983192003393e-99
35.521707589143666	5.494657852596884	-1.252036209487606e-239
38.56255027161369	0.14272537136425	1.1776677274677758e-29
23.70229463163208	5.195341072006091	-1.6178961398286954e-204
4.774496905473321	1.7259760141594533	-1.2368659221856457e-10
37.5804525159884	2.8736943358850553	1.0987328492693139e-86
5.944511885522338	-2.398084472627424	0.9319193400342677
36.677128178088395	1.0460055002407245	-3.246479365703354e-54
26.711112614143374	5.745310588644905	1.6991037658113545e-242
8.765766997857115	4.271388480390957	7.783234221884853e-127
4.764110979842128	-4.52304517215595	0.9996336542695899
5.060851330650524	8.941316743561558	0.0
16.95880998413119	-3.3132125796731415	0.8688544264973157
23.94869471305694	-2.0395871831386074	0.011457635010714786
28.993356764117763	7.697602609090552	0.0
30.155144498154684	6.2179767268066115	-2.4412199333880686e-277
2.4799683234365295	-1.3813731260535533	0.8003449104617211
29.68040288197692	8.57263808907064	0.0
30.916345066536287	-1.3750509768063992	5.220555091176445e-7
4.8085820162907	-4.11069024409279	0.9990397215668286
4.596939267600354	-0.7983194110622769	0.416857337304271
34.154907592116565	-0.10709457981048942	4.297741687010623e-18
7.364431249669089	9.615077060912387	0.0
21.82607196533627	-5.279235746193098	0.9975009943601539
25.708003892788565	1.526201151982054	-1.1920332920007475e-39
14.39491196649332	-0.5625806653890848	0.0011356311045117415
11.343914814128066	-2.597191785458133	0.7601844074289262
0.2691058327913798	-5.329915046261501	0.9999989642520276
33.18653539986393	1.019112733462503	6.0665907589626904e-49
25.751667035504013	-0.5063821481883295	1.0782599770900824e-8
2.3173589689955825	-5.617867311606492	0.9999859111447132
26.299645603545606	4.568105566833275	7.025584180433027e-171
0.7552797247545366	7.233823105625195	6.343067815227329e-297
11.720610012237943	3.1145210029934667	5.3390586377184715e-64
13.65052035899234	-3.0133127694862125	0.8392537536797124
33.89131688993417	9.580085748168461	0.0
15.358173654191875	4.683462312591978	1.3708197516699481e-162
26.51804810606215	9.10998497511719	0.0
8.777854625686512	9.567266782578187	0.0
26.941939524787607	-2.783364600876098	0.31486024911304916
26.743599892747515	-2.1640033609057774	0.013631474309073188
2.728385325611112	6.695947587741898	-2.475654499951713e-266
37.77234784911185	2.6192786560119323	-8.515595477077325e-78
4.733414939763278	-3.38760940903531	0.995092924717752
19.52350334562961	6.181846659189308	-2.8637575718373985e-261
37.62240308013427	0.33152184322980816	4.433577059869951e-38
34.5789322195534	-3.4123310914321614	0.6311812988024232
28.443269554700034	9.791543535250241	0.0
3.806183565604949	-1.0233214521810083	0.5835443430775497
7.2613862838622385	-5.619060201502645	0.9999200320259106
5.257515297424469	-5.084357043510817	0.9998795923923769
16.990752514430376	4.3045329645263735	-5.7606238791890796e-142
36.31255064464292	-2.7934750877684316	0.12528498701755053
33.73884852821287	-4.506938163329767	0.9652019763950747
2.060146069646935	7.088500160735638	-3.196582718212089e-289
35.35618678603521	-1.2277291480606074	5.8629177240980554e-9
5.6046210063870845	-3.4321616396733106	0.9938753787016108
30.811030002888522	1.8243009375650239	1.3724334133345536e-48
11.342340403607915	-0.31383309050060504	0.0016699832652231391
25.650760153049326	3.0669430728569083	-1.1847459230287554e-78
6.284705240766243	2.2521168906748024	-3.15860193491224e-20
10.839956561098305	7.837184194949685	0.0
18.312563474413075	7.882807391278227	0.0
31.154868089725564	2.017054597448915	-3.6858155589037177e-51
27.556561377563863	6.493159450586216	1.3113992502408038e-289
32.23908207272323	-0.579953856129837	6.669013225473358e-11
2.1676841023564397	6.993376712282814	9.503910933345816e-284
19.529964178424724	0.023814759437392752	8.046922954957518e-11
29.327397910682762	-3.474866611811702	0.7512337674118998
5.0266665619816475	5.750855244496293	-2.7695660326098648e-213
1.798602521463009	9.870596606383337	0.0
15.917634954292893	8.759127015052073	0.0
30.72907474045213	8.326719479742358	0.0
34.974907902130546	3.0856471409288986	-6.816595351635028e-94
35.690569514948514	7.73652973844872	0.0
31.591874638836774	-1.449021627794373	5.49691012335731e-7
0.7818375133873958	-3.6695418061930667	0.9996983867974584
11.739636554123782	0.4280890443119105	8.554250915461365e-12
26.874873033236582	-4.386234693744104	0.9708348858176579
7.377394450260349	-1.7304676160223202	0.6469590345470337
22.489086721797396	7.111432406168827	-3.1106e-320
11.089017986588882	8.157233013775613	0.0
11.702178253390603	-4.340671268467055	0.9940982577845368
3.426584183573156	5.801832658377414	3.904850035095044e-214
29.4050141440732	8.27613567338111	0.0
10.68674869646785	0.41053457431173257	2.991693892520413e-10
11.569054909252964	1.112588442875058	3.516138406412526e-18
0.7358330342466424	-2.2221329169579285	0.9923864180348234
38.60505504267628	9.027221569066697	0.0
0.8674596464789956	3.79670255435396	3.540861962927825e-88
1.1145736955721224	3.240948520547988	5.043146972772328e-54
31.320313980372816	3.716976785873687	-1.5660683801796334e-125
6.56215070635198	3.052779274655567	-2.695761700969479e-51
13.684274732048017	8.791666769688224	0.0
15.312516991521747	3.2191744772296076	7.1498360677031e-73
