1.3546086067954504	4.451960367618096	-3.255465221848304e-146
17.56835212115712	2.3479927669876233	-9.253495306602777e-49
2.376739256924999	5.531420388337526	1.5028733028256974e-211
0.4519265429546586	9.67095487852302	0.0
32.51050791678498	2.853440224888331	5.089819776377495e-92
23.903917000302638	-4.14653733219717	0.9597602677758612
18.93138943877648	-3.701470416926224	0.930228702456128
37.412362091158755	-4.261339497462181	0.9262603619713757
35.101641583326646	6.749484540297264	0.0
22.47599153800567	-0.12127051923449272	1.1755615727931348e-30
24.097708094069148	5.640167890614578	2.1309567214381495e-251
14.128765443703765	-2.2843267598822052	0.37165198674883193
23.192280606670792	-0.9011304549974817	4.778983527210319e-14
9.7676459475144	0.16253870338880105	-1.3561434134875804e-13
27.253641644150317	6.506326525839793	3.25034114770759e-309
25.56190098249404	3.030099046182251	-8.600348138630075e-92
9.22039256029571	7.5154529942909996	0.0
37.20802633856469	1.6436098653037696	1.1906110778825557e-58
12.178816140340556	9.123068033065266	0.0
26.71844076918955	-5.566712211095073	0.9980622299823275
25.416259693109613	-4.038261172745855	0.9425135970090625
15.918834713386982	-1.19159440437517	9.347170708362297e-6
8.857538278065787	7.707996433309582	0.0
17.36590044086612	-0.5329357974108042	2.445994655696519e-16
35.40284218692219	3.866054440552947	6.213671661610879e-160
38.290302084410975	0.32301729969447734	-1.4377244791845176e-54
9.852680025454454	-4.24802849698418	0.9940973600505251
24.706299331671058	0.647765357563955	-8.533255614932036e-37
2.417219470845509	-4.960669866626155	0.9999531295573861
21.6060594835926	8.56615203437332	0.0
11.177660856082694	3.4762752611628756	2.3392008225806217e-99
16.976840476445485	-0.7906253157597973	1.3598486581325634e-11
5.528339979189317	9.036104338131992	0.0
26.952531909590004	2.8625543619011715	2.879681891511396e-85
13.776458278033939	-3.5620258140098287	0.9473365341453996
28.257214379353073	-5.634984770423859	0.9981482085909208
10.957416769744817	-5.000997646900952	0.9987653523680428
16.626187634925945	1.0830441830455513	-1.2919058948979386e-26
3.781100887936184	6.395154360859422	-3.291996328674275e-267
12.91032582751844	5.508504143125638	-1.747020715834267e-225
20.156140267983407	-3.544429375366903	0.888421861530996
5.985858707289023	-3.8476993159125534	0.9942735846089783
19.464890678627256	9.71132616774511	0.0
32.025087645744996	9.580009905336535	0.0
8.836620987047098	8.927063355824881	0.0
11.992706149108471	-0.8355085308146002	2.806628711757244e-7
37.772812583010484	5.597430160527907	1.6280757124666937e-267
7.17800889770608	5.037676489797256	-1.9130483828946082e-191
1.0044097035970503	-2.4781783210555695	0.9792821609891945
24.728456596975917	4.823948210527906	-3.340304728115246e-201
23.98411959473174	5.398626630618466	-7.006071598255181e-235
3.748635080216032	7.632786141704926	0.0
34.72241294565898	-2.129083498352472	0.0004590049518398428
20.622586630301093	0.1534536025475859	-2.878327156076735e-29
37.25258853474564	-5.6614703161977715	0.9969803688461252
6.348115183733835	-4.2190574172749145	0.9978742305528447
19.979573360664094	3.5921703293516742	-3.537417682243588e-119
18.845895829123418	-2.5697515399461466	0.39546144114005766
34.40362035698873	2.571419478704975	1.9595332419138773e-81
28.423093338861243	-2.927030694493375	0.39191585383852934
32.1561006265062	-2.8368484842501225	0.22955170172538314
18.342010399622286	7.277940756379479	0.0
24.296218416680706	5.174477903105878	-3.2381018100620794e-221
20.820774814409987	1.3068227910587176	-9.10300648876699e-33
5.720685791522384	7.2988363085360675	5.0e-324
19.273192977510583	-2.2898480556715946	0.1668205078674843
28.10422902175326	-0.33484600150066157	9.636162157025828e-34
0.3056043726612087	-5.434908608937825	0.9999980700528714
36.92001458483428	3.5133080250290014	-2.8353005670732102e-139
21.831623115281527	4.882407105949866	2.2928419244389066e-200
1.6299440345259182	-3.877063215746219	0.9987247392919061
18.232927889224534	3.527669145589016	-4.2110011964735156e-114
8.930523976181812	0.08659948992949751	-5.376596830790179e-12
24.339506903627267	0.14292136660404964	7.0877846829282144e-34
30.761411972730972	-1.5820952542009934	2.969844604609334e-7
0.7566406991145718	-5.261448573192116	0.9999785410154591
10.093229855782496	5.316958540102277	-1.8808049073038336e-211
35.888109731820926	2.0345710452603676	-4.421847543788195e-64
10.967491915688274	4.735966261138898	9.885737056158689e-178
15.578471965515863	-2.001168529678729	0.10303351007163951
8.537341261637593	9.665370323316992	0.0
1.6314502832909823	9.134560105726834	0.0
29.74695247470265	7.0117031072369755	0.0
4.912889754948253	4.02384888838057	2.475474191162705e-124
8.900432681988098	0.7377097760771605	-2.4661273338055076e-14
2.2399156334766697	4.203898580112536	1.7459037778056839e-131
30.55652792472069	0.08849454550477631	-4.189265451888566e-43
2.5022625638764406	5.184255119667295	-1.3508744395355893e-190
17.20156015839301	-4.458075743131939	0.9893521399859065
35.648770341194655	3.956868706994687	1.6396841252642227e-163
1.3892086680709395	4.303866646460499	1.866160150990466e-136
28.69311477623476	2.6011478312483796	-5.904227588855544e-76
37.008483415207884	8.799325962261065	0.0
0.5213937910358997	7.143897180386162	7.81913515543502e-309
9.229907975254035	-2.2050934416162313	0.5150435878144305
10.01274783912233	3.3482924443717366e-5	2.228240282821437e-13
36.583715810115095	-4.3361544166542885	0.9402031074542262
15.762228360363421	0.4059181108713865	3.9463183690383945e-23
16.89643741478238	-1.7516207671634874	0.013183486639453583
27.654836748837983	6.84684880267551	0.0
36.55472327105361	-5.429199847071807	0.9950411295901683
14.380453437417936	-0.6238544258300429	8.303383795419574e-12
2.1495356232031075	1.2797411747052934	2.49377281406784e-6
37.77328448072462	-0.8453633581474307	2.047562400956703e-26
17.631974203752783	9.354959591405567	0.0
2.8738163061182473	1.8315618307071588	3.496880194113812e-12
14.57207312157147	8.548200648632282	0.0
14.779470133391015	8.576283699277468	0.0
9.930827708931828	5.304881583108926	2.4492521287681745e-209
3.838047954000527	7.755885679803843	0.0
5.885605876353014	-4.100567060780229	0.996610560393999
11.434078720005074	0.5203232117295364	9.866404895775815e-18
17.978094871499852	4.854448663234116	-1.1530130761188703e-192
10.422681003475667	6.884883969435499	6.994312430600967e-307
15.88342629057437	7.032144737818129	-1.4e-322
17.136322683471988	-0.104107284767192	1.2341663747944416e-23
26.115768034647605	2.275230890832617	-7.585441585290219e-58
27.562231895167322	-0.7655003123657451	1.5384202093259108e-20
5.834013547481882	-5.318084867355179	0.9997879418384257
14.612952369268589	4.69936930376668	-1.9834345300966306e-180
17.186405622192652	8.165791774990065	0.0
25.274721720568238	5.222388606573759	1.9979253225964063e-225
38.19825665943467	-2.5875572373186593	0.026107114679305116
14.798408153854837	-1.4635247064545034	0.002566326644768266
20.20383573743302	7.36760492051652	0.0
25.181249931107345	6.016797169070383	-1.170247570033106e-274
33.85352124605746	-3.2157189891026334	0.5008945510689832
5.994057552991864	5.26410084327712	-8.534394752296852e-201
10.240268445001623	1.4390110104461158	-7.015655627536305e-19
21.63370061486017	1.1114649670412753	-3.482952209830236e-33
0.9377654010512426	-3.3544729395212585	0.9974794275025906
17.46932435635126	3.434856237159295	-9.903241092266737e-106
8.06134397334489	7.466000743662885	0.0
30.254662444771736	0.44576264673386845	-5.62999635250365e-44
24.023373236781083	-0.19985293038352836	2.6936020084876568e-31
19.387555756848148	0.2201400388639847	-6.4381191970617315e-28
38.49077803828429	9.962857189873525	0.0
33.434544597085626	9.2664376357084	0.0
23.5502985272381	7.5174737024404585	0.0
19.943669052112057	-0.5500194039070969	1.0318930619661706e-18
10.638398799008856	1.8282982285474745	1.0871144259773544e-23
3.8846932908467595	-1.4157127236816685	0.3270251725772396
16.239639872745506	-2.632429934063669	0.5304381549703168
18.400515835002036	9.505136309482246	0.0
14.968552952442092	-0.13336920631153149	1.3957341942330258e-19
4.279055111939227	5.4500156430963465	-2.45509085210725e-210
8.465896813315778	4.0030041035033115	2.7831465943372047e-127
37.92396475455655	-3.9593972401624704	0.8541333753917101
25.287921430359038	-0.8322409174176393	4.633177857785878e-17
11.936056629345341	6.756177237570181	6.548797937915686e-300
14.151332560325091	-4.0683490973064025	0.9826846957319945
6.552248928569834	1.0572022685081315	-7.250829548482536e-12
27.600468856865877	-0.5538925404989321	1.378423292453346e-26
16.25159809773161	-1.2119834268609218	1.0293856606357478e-5
4.479223217098729	6.835882657540495	-1.556525026728412e-295
19.768308729338543	-5.055241776860029	0.996472148246092
6.711725142019061	3.4475169514409316	-4.339848028456239e-92
9.694136966889618	7.187876449927344	1.0e-323
1.1800233446433646	0.2847730391140111	0.007079926931213321
1.6221782849791375	-2.033110438512157	0.9187750780015013
35.96540624995214	-5.815353139156226	0.9980239716740031
30.3090993373601	6.080750789426787	4.064097339211755e-285
10.054092140797742	2.7686807203278434	4.52454507064789e-56
26.300379301663895	-2.599667609480065	0.18962558263022014
27.592554936459308	2.7634356654196957	-1.295383015816637e-80
18.989892051861307	0.6629712496945181	1.3554080944360995e-29
2.4734470886855804	-4.758860372015217	0.9999319280246114
28.75901489603811	4.0569784066819246	-5.929682047798895e-160
20.921666375737708	1.4991804700998088	-2.756304521419523e-34
37.317626884758646	0.1895274942036913	1.1322545337062164e-52
2.331517071120459	-1.9261622982284479	0.9472586474856933
17.347732256064592	-2.266454644773841	0.21258666365052928
14.1380211207515	9.129777032405752	0.0
10.237949652820745	2.8023020391727584	-3.3319171797381155e-59
2.763075233621508	-4.662433754437753	0.9999287774572415
12.313823012071241	3.8131341346283847	1.707780678432777e-122
13.917009585230508	0.7871286106296687	1.4880751510688696e-21
21.69256215511837	-4.470061855898276	0.9840707285850873
4.334468434140059	-4.839787829750584	0.9992830851017558
13.537930967960236	-0.5815895204311303	8.047998131055186e-12
11.078770668698684	-5.028786350335448	0.9987926681975648
31.775741072517423	-1.3070018581686433	4.004272745077505e-11
15.441772545495947	3.930247676814659	-1.832862434857742e-133
10.450853688276549	4.705621106015684	-1.2440617408697415e-173
15.818962170743598	-0.8142832798824671	2.2650698624316e-10
9.100915800589187	3.950260552915662	-4.909207280654643e-125
20.809998946839496	-0.9119744310345901	2.913153969059317e-12
37.05152415458501	5.288135662650877	2.133041485505093e-247
15.136613329437461	5.727296224197659	-1.4253545563574923e-242
35.727345762142214	4.834629157657297	-1.821492177725738e-217
4.09019992038344	-3.478894283566227	0.9866597715451322
17.93614346928908	2.3257404088673894	1.668339568698944e-48
10.917593571662502	7.61424007794901	0.0
11.036586454874616	2.4805123349406024	1.1095671152225751e-44
15.765107500959191	7.063656302416405	0.0
28.359725269053225	3.6002655895014684	-9.314234197573623e-132
3.74899197012591	7.979733252563943	0.0
6.904312728441559	7.92554044778047	0.0
28.22883483061155	3.790294696597048	-4.2192980265328287e-144
12.490272249915296	6.390621776321826	2.5570550432628113e-278
