22.57897321360699	-1.2851581722870122	2.8250509547707627e-10
12.103225349444122	-5.011967256623045	0.9985834669049153
16.545851965054972	5.364115233292587	2.0058915270249097e-183
5.028609005153655	6.3599522906785	1.5193063126051147e-226
34.08267883829935	-2.2035708488216983	0.0006930616379015697
17.1524723567652	7.096446223721536	-1.6394617301279548e-288
6.946137222977185	6.4319199874457915	2.3061435498913077e-234
34.27622284896321	6.086864282058766	3.3702478003507708e-251
25.82185319954451	9.860222220096148	0.0
19.681659755055488	0.18556597688042942	-2.869347995956816e-30
7.527278060627499	8.160552285586537	0.0
22.54662861755262	-1.7836747869758334	0.00023772644247257614
12.503766513733265	7.564694830534329	3.9260768197468e-310
35.20152813603536	5.751927679296685	-2.2036473743944102e-232
0.8969225421117728	3.681054216936861	2.8125039617042525e-55
32.33826500020805	-3.952548202623742	0.889900903431173
27.739322815115884	5.903489543310759	6.432842364726497e-232
16.347309128886074	9.965756368548707	0.0
0.315973866878513	3.8155162847986013	5.326391017568206e-63
24.455631787044755	2.239318799191153	1.3714028411326062e-39
4.914923865792232	2.9101741379086334	-5.159066988147651e-27
35.58726599495271	8.209801146105654	0.0
36.176745673396475	-1.8530135622451134	1.0050556400595037e-8
25.832501939218993	5.306191482892057	-1.0219016691605434e-192
23.740762797329143	9.746824951340344	0.0
36.39987276401726	-4.016687754852054	0.8802949489367647
12.829390060730313	8.346718929349432	0.0
8.103009511795173	-5.106050895334587	0.999499306834912
5.047414960133423	-3.5079578119869765	0.9929895897831698
39.48306901099851	-1.150042815586442	1.5239279274185298e-25
23.52676115109278	4.3634148730645705	5.349060114892034e-131
23.760414906984195	3.517036044933434	5.4263617042272735e-80
22.27135441865386	4.4005872825316885	2.169997111561218e-132
10.764212625636128	-0.3807417137114655	5.291640376238779e-12
38.750466525700176	-0.137230053613294	-3.855564419667424e-58
3.5908248004924515	5.891269673190514	-8.942420965899397e-196
13.907477796847168	9.425006017450261	0.0
10.118416426410825	-2.5083814639483677	0.7306823750643563
19.116584962378443	2.6657883638451523	-1.6630629926763333e-38
36.64100074013936	-2.3024017668594254	0.0012283076726541135
14.521769738713845	-0.3674849571309835	1.1954612528544652e-17
34.52788506762907	-5.2761450749660845	0.9937074926992753
26.96761103214744	2.305774897836365	2.4711847527408916e-44
6.959676613604779	8.827823659475662	0.0
21.759791587589067	-5.493753964008302	0.9984816097030119
23.333188150664107	-1.227881175752529	1.238981722932383e-11
27.470712462359383	-4.964894481792033	0.9918518245966754
6.099225405867404	-2.1047253697298594	0.7625249957462635
11.218119185739393	2.261875610120068	-7.921839025362955e-21
34.06608549258546	2.8656894951991028	4.815168857493252e-66
34.1656369299585	-4.131710184707739	0.9174194535171262
15.533357789042347	0.030708629817976174	-1.1980223785708673e-24
2.9942679457419077	4.192865618855954	-6.943025566526631e-93
7.218773485180685	-2.0512063834835352	0.6422300298718188
17.418649187902716	-4.738700059877903	0.994477131168598
34.985797543802185	8.899444596558737	0.0
29.883210811465695	4.795179260265275	-6.895772696080943e-167
13.089586044447113	0.7788491856311666	3.752619202906089e-21
8.123780578711445	-3.3594348592965204	0.9723004016032081
34.45862139021616	-4.365566861261577	0.9501162426793535
24.841850501005794	-3.992494652831013	0.9391400240989902
30.457362414854227	0.9716520253442447	-6.79437685250515e-45
22.671509921526315	1.1543399311311333	5.9768997713439246e-34
32.2563128842796	9.884903040623662	0.0
1.5526736460320305	4.9453610525507194	-3.2235164583303345e-135
25.63538613597216	5.412238003593409	-4.44755317940768e-198
14.407785874491681	7.5864311377379	-4.2011642504e-314
38.21252591123868	6.581999585220288	3.2557198090202783e-289
15.392943902145293	3.7728638233006357	-3.773805169173726e-83
23.8817810153152	4.616581193479107	6.10712375668484e-148
22.70674117991874	-2.593611522612676	0.2687956007765387
1.4506700417154534	1.677470960391723	-0.00020738024941814302
27.690389634958898	-4.138938634509458	0.9458415829862475
8.970278480127813	3.0285426321050544	-3.791398938971184e-37
11.615200368418886	9.437064164358468	0.0
22.40842990999749	9.894949062258195	0.0
7.526502715659997	-1.521182359262415	0.1961692646785217
17.58505962082229	6.2306321825013775	-5.019729862453589e-237
11.195098865936178	4.376835546919999	-1.3447283172937428e-114
32.25182221576117	7.351851549867504	0.0
7.378738524368062	4.050761156470749	6.548781130640118e-90
13.118118013814632	3.3058113860508236	7.374231208594409e-54
23.4996719549571	2.9108814180893923	1.1810994256369894e-53
19.42567686630694	1.0006384640946138	9.492166408855477e-30
21.732060825981236	-3.942370937413706	0.9474814268799745
24.70485058920096	6.4130045931285835	2.539921578489211e-258
30.302708858190208	1.838824647763083	-7.481299088609642e-46
11.0317457400255	-2.651222370927524	0.7638643116272915
10.350400496157	6.111028511105587	1.3527032044703792e-218
13.072536963474558	1.9218436788742999	1.2042413681765438e-21
33.659251903461275	8.170356592545339	0.0
37.146354075531484	3.292098731887389	1.502874896728514e-87
14.043875467269505	6.1525444157524944	3.728815872794242e-226
14.86948582255544	-5.057301901523555	0.9980672549111693
7.3630195616593905	-5.235145688962842	0.9996965324116993
39.31604699423183	-0.7018814980008408	5.964975514001062e-40
28.425768592057107	8.752953923580609	0.0
32.760396528050784	3.3603742277491904	1.659674484388159e-85
3.435980301780532	8.389179047587938	0.0
31.996506900841347	-2.2828568323629597	0.0048042509619594
35.55748942914289	4.6409979084250566	-5.5962806717257e-165
29.532761773806058	6.239456226060998	6.334211582362075e-255
32.06325039966577	-0.4404285094378366	1.95476804486306e-41
4.893590271258062	0.6661850225409189	8.127725481591223e-9
29.550489707869197	8.984401508540682	0.0
15.072181425230587	9.753457121578549	0.0
2.9033876004942494	8.727718235132517	0.0
32.19176014176705	8.84338890490276	0.0
12.505126443265327	1.5236908375783536	1.1850239911399118e-19
32.884846453540646	8.322935922166646	0.0
13.478485027481701	-3.937896047650245	0.9793245544224773
14.0947128702118	-2.4632397159487205	0.5060241939766866
0.46919156551644703	2.6831811413127937	2.92706837952981e-12
32.658912022525946	-0.8509367698991568	1.4938070385757867e-27
13.762082805967081	1.3547506502046573	-1.3853821917268597e-21
12.996077527615604	4.347250044752375	-3.091770044277383e-116
12.092393299992844	-4.529756596422175	0.99571428823696
27.303502967490985	0.18392865398772074	3.1204999808815365e-41
36.19786569304633	-2.7823768252484484	0.11505795216005757
7.9339473772848805	-5.108381353280503	0.9995236636015038
27.809770475989346	0.39350615056907046	1.4988450066806632e-42
30.21192019225544	0.7103129214564348	3.617451008702255e-46
17.248534019253505	-0.987971161626664	2.2869562964716572e-10
31.244344941500277	7.493550491608598	0.0
39.08898734286138	-1.2941555522982249	1.3883159143987803e-21
18.06581851966565	-4.011172645572497	0.9686841886876615
2.292142315754316	-5.028169213901933	0.9999606083787989
38.562127095611324	8.500827763091575	0.0
32.008646018442406	-2.29249996325343	0.005380537771042917
12.20610385647227	1.482916877562829	2.547440467289642e-20
13.065367078489503	4.8142190597756915	-1.375518848962556e-144
4.182949406530512	-3.655898884250689	0.9967235986352552
16.151970790975977	5.643584902564349	-6.07418078173725e-200
19.22676859075826	8.005897572107951	0.0
13.027294425411602	-2.3811053955369808	0.4956595659609842
28.76541372432636	-0.6214111674373015	4.896723861795896e-30
33.536570319722024	3.120659868090698	-1.062440543329338e-74
18.29378441463179	0.7825024825865938	-1.6483632148586074e-28
20.923261922924397	8.764379212794022	0.0
31.856788796739473	7.081659502336809	8.702489241735217e-309
2.7503911227380993	9.341663054599262	0.0
10.823326047802915	-4.313846669585324	0.99437571828386
12.186470820892342	0.9867757287241972	-1.1343567396115472e-19
34.07492604661421	8.740204661905501	0.0
38.51944908097765	-1.9341230376095773	2.6882342413092137e-8
34.91503949492048	-2.7897936147716678	0.13840742816494137
8.305138471285069	4.696192422460179	6.0566091692007885e-130
37.345841363838375	1.335172402489576	3.876716776375562e-55
10.763087369355505	4.879834405064365	-2.479313622561095e-144
30.27254365077933	1.0565634334559384	-8.265559147235249e-45
36.02134776386574	9.991546361234342	0.0
29.399647733228154	-4.213092574655704	0.948461437870875
30.735910400599604	-2.0957090173105577	0.0005075569937997915
25.311948424932307	2.491572802077801	6.104951428247518e-44
23.488381093362694	-1.9640184244621217	0.002516452910908124
14.33770761712548	5.004388163127995	2.2114829732284015e-157
13.746192662281482	2.266286371515875	-7.662862783932744e-25
11.095664229914629	3.637133058724338	-5.14972257913058e-68
6.932123040416366	6.948464197505011	-9.401813960168843e-265
37.85575490189331	7.0120059119053835	-9.4104655373e-313
33.422605029098875	-0.058047305564446816	4.4262021242652064e-51
39.54865314829783	5.2918995352676355	-3.66971900968864e-210
18.554666364401104	-1.5835361413219964	0.00013982093839624298
20.751509679198637	9.981490991375289	0.0
39.499569511258834	-4.599004714117598	0.9614808128118845
4.396171715113471	8.729135911300038	0.0
11.561592563049027	1.2829601332956386	6.877391040869644e-18
26.704373653433798	4.5073751796035815	1.3853848400611497e-144
25.250369546936433	-3.468920667149707	0.8052769651998167
22.42988429744772	3.7565625040025594	-3.739513848543429e-91
26.748244297453798	-2.8097975608258885	0.3301502349737103
16.81931464420502	-3.0684964875292877	0.7854499949035921
30.852057938152885	4.7404905927512395	1.3375160801083472e-165
37.09436670644554	0.5785184845583977	-8.938570579706884e-55
36.78693417944571	-4.1144121269219625	0.9012390647859907
37.27335734218729	7.804198441957418	0.0
11.549984029468789	7.548754742332758	-8.481689095811078e-308
1.6344857702485769	-3.9323468217036215	0.9997383376619648
10.16498476583186	-4.281878069989823	0.9946716402878625
4.056048887688586	-2.38218171764116	0.9441241902628542
21.59740122303326	8.565541324327278	0.0
28.40809021205792	9.565195358562082	0.0
6.266650926526509	-1.6123278049644014	0.4106480204365506
20.353845457482453	9.652104384575082	0.0
18.42081666270508	7.427869620775322	5.882390592287e-311
13.05282312628747	5.802537225725128	-3.660322669837158e-204
33.41370069204003	-3.609264160522205	0.759946108253601
12.553769408564754	0.5552599511151612	-6.322032249093684e-20
13.72822968469814	-5.379626653517565	0.9992162306526461
4.7347505939689984	-5.219601906577278	0.9998816568904737
0.9343959850618291	8.412035429884881	0.0
14.543275746494857	6.033655427075757	-3.955369705442809e-220
15.771021365381987	-0.7296838486257293	1.2589552480088244e-12
19.693385285290965	7.055071405539568	2.752212392046301e-289
34.696621353230235	7.246313507691788	-7.4e-323
37.81679074916382	2.905859102744774	2.607535371905996e-74
9.721881241857387	9.857786378675506	0.0
21.71324666411056	5.963035104126821	-8.21149941861354e-227
26.119996655461637	3.2398655848357656	-5.2974164388166066e-70
9.97066169630455	9.769540730297638	0.0
