-2.9622525310598613	0.9787644397030045
-8.53521617088738	0.999999925178969
-7.876812367017907	0.9999996592579702
1.354852615197121	0.0017352128278903393
2.567214966462723	8.276284200039599e-20
-6.797015792518124	0.9999959055022145
7.694345768312235	3.0563490435421586e-98
-2.1124917971209767	0.9236410878889099
-9.186457085325639	0.9999999832974336
4.813879799156231	4.2946147452783524e-54
-2.4107634425989755	0.9481640533425163
-6.123576424455739	0.9999807002577604
5.365772653747776	-1.1947913100762155e-62
-5.385630274976503	0.9998945622023517
-0.6486306129323527	0.7166506516975855
6.50497475859304	-2.8970155002790296e-80
9.03001558718492	1.945100026722814e-118
4.200667908548855	9.917799827912352e-46
-5.253604220638262	0.9998571748196519
7.659019297098869	-1.6398709379245347e-97
5.203262356776065	6.270477729895377e-60
-8.633451822791463	0.9999999403255914
1.796601504803764	2.5406399192350966e-7
-1.7847226423572682	0.8909420780977262
9.519409432693166	-3.7010006433987526e-126
-0.9655854356085669	0.7790533380837569
-2.2904310010022666	0.9389019464960381
-3.98220086226607	0.9974174129334897
4.925094098240459	1.5683375608080887e-56
-9.569880990888514	0.9999999930918911
-9.225924705871984	0.9999999847483934
9.222876811250224	-1.3725082302806621e-121
3.6085545805152144	1.0073166027322054e-35
-8.47714862970446	0.9999999144754258
2.610875304422766	-5.542275201106928e-21
-5.188764906866883	0.9998342282118573
-0.09280957981464866	0.5511691214582852
7.43609115038058	9.741021180173449e-95
-3.093458641355107	0.9833575738446273
6.118291556684518	6.621402441488273e-74
3.579939438824912	-3.402780202138248e-35
5.8642949942678655	-4.946081570965713e-72
-6.628749609457456	0.9999939680801638
-8.380629495935068	0.9999998931904427
4.5988707862269464	9.448564108048476e-51
-1.3440393943278117	0.8372505426721181
1.6109763995213875	2.582859609548691e-5
-5.036747924247487	0.9997649693183512
-9.479272060485995	0.9999999914892422
3.458408831946995	4.930674073191708e-34
1.2513445215760974	0.0057919447318381416
9.16815143444466	-1.0808012320828617e-120
8.454763438939992	6.046597171916686e-110
1.205361768451736	0.00916188654778726
0.027469538218705125	0.5028569048939012
-6.56910973534921	0.9999930802531989
5.491654715133114	1.968254596747036e-65
8.429365753930952	3.1083712990770386e-109
-0.7676249219170863	0.7420852305078262
7.713464524009922	-1.4233345403677815e-98
7.02199372327896	1.0156013892105506e-87
2.3533271326471947	-1.0040360119035526e-16
-6.141865049016699	0.9999814959179766
-7.1306085730863655	0.9999981005816623
1.9516469884050203	1.4344757971238886e-9
-9.066562320920472	0.9999999779870805
-5.122602176371469	0.9998070188217376
8.317253574761288	-9.062397058178704e-108
8.325633079638813	-5.585429816096155e-108
-5.390286712361747	0.999895685082121
-0.02548346429021464	0.5251686687296426
-0.3241520336822532	0.631893164193102
-5.499603552741439	0.9999188731578716
9.445169554616982	-2.936554128296203e-125
-8.891068682809244	0.9999999670260113
7.270222241231693	-1.7663483088442557e-91
1.4986107088743772	0.00022257097455925234
-5.838987645050291	0.9999628433657916
-5.941550664679354	0.9999706560336586
5.828657088391376	1.68128181309204e-70
4.748090637118061	5.998696229228075e-54
-1.0844873455410653	0.7990468388141823
-1.2260395322305193	0.820735920039566
-1.121316237127683	0.8049362500296323
9.522213944941736	-3.647397599772586e-126
0.4312792343545979	0.2988217686176306
8.420759867819626	2.0862838362505952e-109
-0.9917641580829262	0.7835815971573059
-2.7081973985641206	0.9670584952252367
8.209020371806012	5.879832736403846e-106
-9.390461475897606	0.9999999895581179
5.918002879104037	-3.1251815076989577e-71
4.2489620974022735	-7.397904874046409e-46
2.349147603028401	-7.26401518300133e-17
3.281681540738024	-1.129925670196388e-30
9.036965858997998	1.9420790915916961e-118
-8.959533562553123	0.9999999718352016
-0.8919790542591954	0.7663404206072526
7.493112736671339	-5.91232408479317e-95
0.779602023783843	0.11742801694729033
-5.946798480858382	0.9999710083408868
1.9095736757330393	7.209297003124489e-9
-7.767703645256527	0.9999995619395484
-6.435041662622734	0.9999905779854329
3.1426945872015786	-1.6049743924213397e-28
8.816804893442768	4.2689853503115175e-115
-4.134117916454305	0.9981615791966506
7.112205668128752	-2.234581219942735e-89
8.448288968762046	1.5382781032799197e-109
4.554568471039989	-3.3810874023110846e-50
-2.5246304238915496	0.9560595121246556
-4.748954594782395	0.999545388184746
8.508239922255893	1.3129895301761426e-110
9.148772960350556	-2.1865587013730706e-120
-2.6883392885871693	0.9659761207326424
-1.8430462641091427	0.8971074473708177
1.89472723342584	1.2483433456159538e-8
2.154196345169632	2.265955433567303e-14
2.3054080284558474	-4.057441765738323e-16
-4.02366901687504	0.9976454618944504
2.833969926076346	-8.845072370427046e-24
-0.6982761457310716	0.7274613524585833
-6.5738139442393395	0.9999931547954476
2.2803307984856858	1.0409324847769907e-15
-2.5719385652535642	0.9591066371446269
3.349483866771781	-7.679783035789809e-32
4.040014635475217	-3.473173067244335e-42
-6.068731054992402	0.9999781031564579
-5.622516888799827	0.9999388540847123
-7.781738203628024	0.9999995758694407
7.607538105862538	9.472825383381498e-97
-5.13056328582838	0.9998105152641479
-2.2104394637213876	0.9322360153996853
-2.304778986096383	0.9400564439503677
6.350768772854487	2.9575922675545985e-78
4.551571107339472	-2.490175029517283e-50
9.673745860100254	-2.6105819064717805e-128
-6.2068127526381245	0.9999840656337419
-8.034948005842445	0.999999763249518
6.967400871296498	-6.827164011230332e-87
1.848490380802339	5.112384411765725e-8
-8.31573764575634	0.9999998759770804
-7.457675447984093	0.9999991055426274
-4.255248097524724	0.9986008595936573
-0.6216255017298611	0.7108664123872654
7.903438058414327	1.4616001554449096e-101
1.349562087303502	0.0018585777058546433
-1.8813873560622127	0.9010662546204056
-9.820608010400846	0.9999999961217826
3.3678108870952617	-7.790410294826428e-32
-7.703644388149762	0.9999994923166381
-9.94703102395662	0.9999999971012579
-0.47835698979368146	0.675325256213539
1.3175479679453517	0.002769180226925286
0.6167308417865591	0.19893645808230173
6.365197960107544	-1.0657124376788335e-77
3.551051948891427	-2.3027829231453543e-35
7.097572859592738	1.5953925114852247e-89
3.51976793555254	2.26943994215625e-35
-6.181707480103893	0.9999831175859868
8.078994875878163	-5.428746841817302e-104
4.85076373130029	-4.442354710977654e-55
-8.817251106488024	0.999999960916896
1.8746212238021407	2.2812072292057234e-8
5.997893485435997	-2.355266220530899e-72
5.319408715581005	-2.7766881894963578e-62
-9.717758267187527	0.9999999950854714
-0.7579552316243188	0.7400962733634141
9.526771261231978	-2.973637958445089e-126
-9.404538434767842	0.999999989891145
7.042290045868217	-3.465565640027271e-88
1.4570670735000348	0.0003957027817061471
-4.416613952069626	0.9990295266024516
-2.371847457570113	0.9452752380500128
-0.8366750547221216	0.7558720842590674
4.938389948110329	-5.832302258816285e-56
9.612458841688138	-1.1030523464688097e-127
-3.980793452626976	0.9974093095849904
-1.8615738625844394	0.8990145950768884
4.499818367960625	-1.8839498718188257e-50
8.55260163822022	-3.9891696520191184e-111
7.686125129266443	5.596580025853064e-98
-5.353794877278237	0.9998865550700013
-6.486697665141481	0.9999916344610918
-0.8520702678652192	0.7588357971081091
3.6475281822961936	-1.3186457578593056e-36
7.621659291905651	7.771000937784748e-97
-0.09040546881149858	0.5502145354871284
-0.4765139931022766	0.6748342899308865
9.144636726190342	-1.3085568676317552e-120
-9.630202772591145	0.9999999939877467
-5.6066486796718085	0.9999365805496089
-4.406635485220782	0.9990072660481125
-1.5278447677132245	0.8611625679394652
-0.533105024188405	0.6895687407016526
4.484167169853084	-5.1384346938915154e-49
9.038093001266528	1.899375225235939e-118
-1.5832359499760784	0.8677708277641919
9.446848820415035	-4.095029855035093e-125
9.500216168756822	8.278884310863894e-126
2.1264186539491092	1.4803639949107049e-12
1.563127194361238	6.843945920121342e-5
-6.246908636943593	0.9999854706195027
-1.565767744090305	0.8656676709155592
2.400259942698142	1.8825473946260437e-17
2.913668460635815	-7.874276645368281e-26
2.2619427650985315	4.178547935811094e-15
-5.207768640879866	0.9998413105417189
-3.957898723903681	0.9972739890762485
4.026827813323708	-1.7437429701684056e-42
6.470748880653112	8.882201484858312e-80
-0.8152274289942607	0.7516696584757114
-0.4875327826069089	0.6777584884689094
6.16202475194935	-4.1585865461777925e-75
0.6856697406802681	0.1625204927654908
5.1248203819572336	1.1034209735034379e-58
-1.293368368809027	0.8301780138168514
-5.728885567645179	0.9999521286053974
7.781533941125613	-2.1596680781656696e-99
6.49514146271428	2.8280469007259422e-80
-2.9775251003538816	0.9793469133715043
-2.7586446257088815	0.9696915636386422
-3.7987942711798572	0.9961272904656578
0.2576717816161924	0.39230227435144216
-0.8809407587817617	0.7642925532919183
8.556059157290697	-3.742002039492056e-111
0.052548584742000415	0.49164556860155834
-8.173329377061922	0.9999998278489648
1.4490268343909065	0.00044407595435513316
-1.555301005689028	0.8644234152279382
-5.317004559725937	0.9998765425948681
-4.7135837136981795	0.9995070660029226
-2.079022568419595	0.9205747920860008
5.026911072477729	4.896243029389856e-58
5.707663571785204	2.5371544745385567e-68
7.944778612228497	-5.402517780243868e-102
-6.834564231041083	0.9999962446176327
-3.5021562149589247	0.9926741159833185
-5.950982063334127	0.9999712861717814
7.725295479337628	-7.0259429080216584e-99
-9.075649319597158	0.9999999784428857
-6.324911969623304	0.9999878589117931
2.1453722368765646	2.2575569381755772e-13
2.935171802983213	9.127629616448629e-26
-0.29361780839698426	0.6225724415969967
3.661582656079915	-2.5548533375422105e-36
4.244771073353256	1.3374045904545365e-46
-9.22601486771271	0.9999999847515594
-1.2932267484441873	0.8301578217046469
5.0153276545979075	-1.8374355694288948e-57
5.863175040471727	-5.4766311569557376e-71
-6.313246456439416	0.9999875284296336
-7.722652611689096	0.9999995140575297
8.496391988865291	-1.480196412150799e-110
-6.308255568710339	0.9999873843044482
-7.0477183357215	0.9999977011607761
4.50182835863561	2.788140499047461e-50
2.4565599115322243	-6.329270244250109e-18
-3.164574376036353	0.9854823893997463
-2.2081876274373924	0.9320426782473483
-2.671897305225275	0.9650602890924711
-7.516982625974524	0.9999992197154073
8.99328862947921	-7.580314962222489e-118
-1.9121057266063435	0.9042463789711171
0.3337387663207725	0.35298239961230865
-6.302303566101468	0.9999872102449562
7.876725733687966	-1.0945491435940797e-100
-1.3971390421812515	0.8444486703094611
-4.0083864978497585	0.9975637841002033
-8.236863099479006	0.9999998512776243
2.6242702464465495	5.109372426571105e-21
4.399997434577472	-5.040923473759897e-48
-1.6994357173141736	0.8814365627686127
-8.486686789849621	0.9999999163332461
-1.2016312755881522	0.8172219681793852
5.391159281907836	-6.222191894490496e-63
0.7633331510917394	0.12479432261691041
7.019319192023428	1.2385066923716838e-87
-2.7520033288392254	0.9693540819730527
4.715033420353571	-6.570614281266631e-53
-6.660650904232055	0.9999943952469429
-1.7197019339615913	0.8837400758014883
3.86272458152391	-1.2198207334202038e-39
6.764191554972804	-2.564322250661556e-84
-9.30257493133524	0.9999999872160393
3.2125634535593974	-3.8796373041838485e-30
-3.599643140135713	0.9940408954816607
-1.8817876183512272	0.9011079019084162
-8.88020246158912	0.9999999661905814
-2.3476388660263714	0.9434264403535695
1.3114341212257585	0.0029799867841426666
-7.233881866372505	0.9999985025589846
3.2916356864354803	-3.2480146471729857e-31
7.0262901985912585	6.216178763785531e-88
-0.7624376957559633	0.7410203431956064
-8.225364830511598	0.9999998472874999
0.5953123029824567	0.21052030875100441
5.651706052286688	7.45787731995613e-68
-2.8066964835619412	0.9720581166100651
-7.4029463210177004	0.9999989854159058
5.33123408625935	1.9201527610830078e-62
5.643106544932891	4.3252137963793836e-67
-6.056692093973477	0.9999774878545095
0.30528181190647175	0.3685891070470927
-8.474846659946508	0.9999999140209053
1.2935056547021695	0.0036747167258172862
-6.322218771286274	0.9999877834000914
-8.966348962935449	0.999999972273745
-5.710169354706207	0.9999500218792748
-6.45358823145489	0.9999909718344434
-7.7682219143839015	0.9999995624619996
-1.2164620853227515	0.8193766884788092
-4.662985077643911	0.99944660414098
1.9984251401834143	1.926644885900854e-10
-1.8539151786616692	0.8982262685823
-6.47373324296296	0.9999913809997271
9.776625845991056	-8.915400487420683e-131
2.3596259733182467	-1.1949749990198995e-16
5.2927484518854016	3.3018327420089935e-62
0.6690269189963516	0.17107282109775485
3.3738023900329406	-4.780516503413917e-32
6.491439001668098	6.324694231253799e-80
1.2352764460947885	0.006832397017867544
-4.47114508062612	0.999142744966887
-4.261856869996388	0.9986216074375864
7.2739024175285	-1.7365494911195602e-91
-2.916877421539117	0.9769555558397223
-8.7970671478473	0.9999999590576293
-1.1491746168152872	0.8092875955043702
-8.99871108820195	0.9999999742647058
-2.104570263617558	0.9229230962471472
2.8995790096530847	-5.0465636997798545e-25
9.873509230861487	-7.503400511915202e-132
6.416586460752871	2.0188586694219873e-78
-3.1303024667651824	0.9844889263951803
-1.300705334700055	0.8312204775574267
5.938767976042275	1.39819191891248e-71
-7.978240082984365	0.9999997302268907
-7.678506151072475	0.9999994620634785
-6.5632441151453325	0.9999929861689686
3.2719224257331945	-1.7889539951584916e-30
9.77761744045403	-1.339049275447502e-131
-6.581454000044036	0.9999932741510646
-4.231575831390182	0.9985239947647483
0.6865328750190081	0.1620796267797477
0.375024208048643	0.33023520474489343
-4.648464594383328	0.9994279317539431
-3.857951180148107	0.9965992223434464
-6.569920716995199	0.9999930931615825
-5.913222673264804	0.9999686790220352
-4.400202067073318	0.9989926476533145
0.168625893337353	0.43675300098813563
-9.106346961483563	0.9999999799140058
-8.472264362206978	0.9999999135081572
-1.75931335520648	0.8881622704201784
3.8687329636295367	-1.2529067693879926e-39
-6.192008763529029	0.9999835132317908
1.813594109702752	1.6551085022509248e-7
0.16417186451606725	0.43894726492261316
-5.314711547202191	0.9998758901155353
-9.703372867331023	0.9999999949199587
-3.889820197713245	0.9968301274412937
2.7506979812508234	-1.4707894628850657e-22
0.6905379533099332	0.16003834414219006
2.305619237542004	-3.949275892027248e-16
-6.934076415799688	0.9999970136100685
5.860967054270274	-1.660245327974884e-70
8.982633878592878	-8.802565174379955e-118
3.9538395523041494	-5.737858814175256e-41
7.0059215052501465	1.5115256519713251e-87
7.3228568242966965	2.6038658974819224e-92
-3.8219883203551808	0.9963193266640127
-6.760351100740687	0.9999955448405363
-8.103517228666192	0.9999997978275926
-1.7548139681908879	0.8876655655195614
8.048544099634427	8.543395647730844e-104
9.193930411007546	5.139628865388686e-121
-0.21655735756527683	0.5968217000220623
-5.802625572814772	0.9999596001643623
2.850202080202827	-1.7978996186538754e-24
-6.540323333219447	0.9999926060943621
8.657811536457327	2.7365004621049516e-113
-0.36176882915333053	0.6425143082429297
0.7422241199067834	0.13464273879531502
7.1250797815176234	-8.047067109868355e-90
3.1081919136983096	6.125493212348653e-28
2.0009172121805463	1.7265977478675104e-10
4.648359389430986	-1.589166554833476e-51
-9.119298426308426	0.9999999805041644
-9.029249378776981	0.9999999760121806
5.247732028482698	-1.2201483617979268e-60
-6.231334649857927	0.9999849402439434
4.157611161216117	-2.4162220968278926e-44
8.228509283970702	3.25726050740598e-106
-6.3021884446744725	0.9999872068547931
9.55212871509331	9.306728781508983e-127
-6.003996892126735	0.9999745846914428
-8.722916057377464	0.999999951434943
-9.40446425345629	0.9999999898894181
-7.50900258017996	0.9999992052454525
-0.4933837863177448	0.6793010713605141
-7.909563438556018	0.9999996840087444
-2.011921412757993	0.914204214404537
-1.5062459159492914	0.8585347556290893
-3.561391130918161	0.9935354141441985
9.076085025373402	-4.592209120056404e-119
-2.176191926058375	0.9292620442221269
-2.6650595469374228	0.9646741920869492
6.067466828425463	-4.343026136425719e-73
9.664320080337529	-1.9047945128948367e-129
-5.596428369080333	0.999935071710016
8.409552246613448	-2.0636728740048005e-109
6.59703276663177	-2.1483589768108544e-81
7.399725461373976	2.4829002342096056e-94
7.626786200964844	4.899797298264722e-97
6.324648838129839	4.760710261653756e-77
0.5084203123624143	0.25567810580813644
-3.0419137502670646	0.981661518555686
-5.826799672108112	0.9999617863820366
0.19919512926846572	0.42152687468296085
6.028986756161508	1.7337056130430028e-72
0.617496574294961	0.19851682328864212
4.892516209587821	1.2166236030687617e-55
-5.608257659135187	0.9999368148731768
7.177184739838825	-3.3900477411218564e-90
-6.657726286284866	0.9999943573787039
-1.2963288396975372	0.8305995961827287
-3.3800404861636446	0.9905600757591965
-5.197096791438458	0.9998373713614761
-6.485118187545473	0.9999916039845299
-2.155819381358959	0.927481569310831
3.1604665201490576	3.8540440071004547e-29
8.021999201045865	-2.806167474861053e-103
6.3200678724271455	4.556575726747236e-77
-3.984514686178402	0.9974306818739571
2.6980058972134877	2.8300008818712887e-22
7.935484641404397	1.5589470623173994e-102
8.53634214010022	1.9545004231713074e-111
6.537328895061549	8.68323068208406e-81
-8.808810187853773	0.9999999601498486
8.723554445887352	6.139774042356794e-114
5.031911637083644	8.34048049033048e-58
-6.075839988558798	0.9999784585589995
9.158974952581652	-2.318935217164431e-120
-9.569226028632261	0.9999999930814649
6.224748323840082	-2.3422755428070703e-76
5.565806980213059	3.4831696451305297e-66
-0.348978565251139	0.6389116053293424
-5.709719783550904	0.999949970150991
-3.853437552465886	0.9965652441112736
8.05720187840814	3.2244424308446315e-104
5.590986367384989	2.3562091167032755e-66
-3.230994986163971	0.9872541115794641
-6.084140949791612	0.9999788662624597
-2.0799607689662825	0.9206618299806859
-0.7326663415499457	0.7348176490972839
-3.8891526167628587	0.9968254485210123
6.221488329261366	-5.481713991351739e-76
-4.6248949981946375	0.999396282941992
4.344791135938589	-7.49408477614999e-47
-9.599777738136485	0.9999999935514445
-1.7657598367756577	0.8888715425021864
-6.674410020101109	0.99999457001724
1.8573912895495184	3.781912430304461e-8
3.833569859529433	2.0140155467363823e-39
-3.8191092529450676	0.996295992390763
5.959205360624832	-3.7752805908632076e-72
2.690196270497726	-4.366060121693973e-22
-6.5362446093575555	0.9999925363338695
-9.408293746236446	0.9999999899781787
4.190292179562775	-1.0905598872467449e-44
-2.851694363134576	0.9741464660983066
3.076651999892931	-1.0775395005158473e-27
3.6142804674490225	1.1316259312132598e-35
5.3573560425450175	-6.131768443606904e-63
0.37559418593531646	0.32991886728133535
9.597115469074915	-4.534820954058035e-127
9.975805312733389	-6.888359390060605e-133
5.840728688783079	-9.302030815104684e-70
0.34488274936279595	0.3468494076461428
8.658397145248593	2.4644393353867787e-113
-1.2744686353959125	0.8274821069143978
-9.395306725553883	0.9999999896739645
-1.7727158600391135	0.889633805996838
1.2836689973986992	0.00410525282313796
-1.133190931689958	0.8068033913975597
-6.474107244058058	0.9999913884180776
-9.581818688076101	0.9999999932791931
-7.521013267489729	0.9999992269235561
6.23543871636884	3.316821586919601e-76
-0.7120148469182439	0.7304331958685694
-9.195857324219908	0.9999999836550743
7.301633102008481	2.3901669251017514e-92
8.542837967984024	-2.163354119121946e-111
-8.61795990654036	0.9999999381584909
-6.7862366398523255	0.9999958026110101
6.699565422957619	3.7371115970568e-83
-0.33578257476012396	0.6352114431619962
8.67255643503151	-2.5561002703710023e-113
6.664230447605846	-2.5393784270832823e-82
3.152459945741226	-2.99240397595631e-29
2.5225776077080084	-2.038899532230291e-19
2.8682788385467326	2.0903321543672663e-24
-2.637021420871788	0.9630585244985874
-7.901268941935378	0.9999996779157134
9.322940474700715	3.033926658845256e-123
-1.8054334236050185	0.8931716109142787
-3.526333943275457	0.9930376598182064
-6.655070190418404	0.9999943227655531
0.6370209654206427	0.18788478832048927
0.8186738174135257	0.10048214438262809
4.490981302842695	-2.870672426901152e-49
-5.8283742744650935	0.9999619246100615
7.003853189378351	1.3508893220362353e-87
-2.4342276125021733	0.9498527007857529
-0.9189853132690473	0.7711846050371902
7.448587429225984	1.1874238514774542e-94
6.13875472069353	-2.0930069855698395e-74
2.3711089763885784	-1.0221988387459741e-16
-1.7996298847945003	0.8925508433500534
5.807207058557857	4.000120179372569e-69
6.405832484004112	2.507942418714345e-78
2.38591601744381	-3.237626339236781e-17
-0.6114813381952455	0.7086001521738182
-0.07778438819681988	0.545174541026142
-7.6880560695741496	0.99999947376326
6.211096832718255	-1.3507583750549615e-75
1.0511989224903076	0.0297876686203773
8.50761282554938	1.2391272855585877e-110
-4.9533468997510255	0.9997153984872006
-8.496838764019579	0.9999999182663099
-1.9959561819166929	0.912647377990989
1.4938296255086705	0.0002391246622005323
-2.8684600550982564	0.9748931482044321
8.04300178770135	9.091658253823702e-104
-5.398506376876102	0.9998976381644377
-4.470681839790047	0.9991418404732578
7.394001081270446	1.1032401350759045e-93
-2.6198132962693377	0.9620408277879879
3.9247089617296957	2.3797385297180002e-40
4.241681384558786	9.839754531386566e-46
-2.044246605217235	0.9173095077201534
-1.076448453648844	0.7977444713396997
-3.0953058237895714	0.9834158991746123
4.191601957999671	-9.18211942787737e-45
-3.878042611667638	0.9967466015351945
-8.706188956760762	0.9999999495279353
-1.058471217996125	0.7948073640221031
-9.4185897860646	0.9999999902129777
-9.580440886034953	0.9999999932578376
-6.496588356481694	0.9999918228058292
-8.723106540141373	0.9999999514562391
2.9570720810327344	-7.069704522746605e-26
3.6754750848217945	-1.1213372231175364e-36
-5.132049818701794	0.9998111611037467
1.2556098041915433	0.005541295813397322
2.074605096763973	4.498546471149732e-12
0.47023770371541573	0.277027735246984
4.374442933686069	2.104364357521856e-47
9.70261754673772	-3.155721470773716e-129
-8.506435721433068	0.9999999200526304
0.29606308704559936	0.3734879450078642
-5.824186349076603	0.9999615558607253
1.2965441986734803	0.003548847561297352
-3.518353613830385	0.9929195354553821
0.29762061737388734	0.3726697481037369
4.147487718442399	3.510814989963052e-45
1.0671291405838303	0.02667778006156822
2.575391069728582	5.15251181251494e-20
-1.740026555582869	0.88602317956561
-7.592322283448714	0.999999343984319
-3.7399071594688094	0.9955960309009577
-5.158214398213015	0.9998221758821287
1.8744212183680542	2.2936151380898765e-8
9.191206447769915	5.783730568694404e-121
-7.632456083573387	0.9999994018904872
1.847529767061019	5.287647620074287e-8
3.521946341569727	4.942316171072031e-35
5.920932958137426	-1.9827218222657525e-71
7.960747529854835	-3.893326045285645e-102
4.090256314273297	6.734789205688109e-45
2.1715777863440877	2.7571082870784644e-14
5.194286466199465	3.546178355504252e-60
6.335546657980174	3.498543616019384e-77
-1.6954363834626474	0.8809792472096403
-6.3383591059412	0.9999882290185405
1.762395345539689	5.349383913057311e-7
-9.048142958650587	0.9999999770333703
4.330950414399837	-7.090546107207024e-47
-3.8313461656797854	0.9963942050414669
4.506073277818686	1.0395251071174543e-49
5.815061555428333	3.061470950446623e-69
-5.102576165511397	0.9997979364124849
8.376881907191098	-1.3001138182150085e-108
3.837843497416408	1.533976747377948e-39
-5.335024636098553	0.9998815524143805
-8.326489664170458	0.9999998790098747
-7.439456659297723	0.999999067222258
-7.376492297896453	0.9999989216947067
3.3165552459269385	4.396421510107269e-31
-5.789144194542537	0.9999583271149272
6.601224211581453	-1.232393919464677e-81
5.879740917845018	2.1607830526023962e-70
-2.8472346910508595	0.9739449967303208
-1.8468597519652583	0.8975002654384995
-2.4156599930122002	0.9485198682005205
-0.1203071371090445	0.5618066802612562
-7.528274476262866	0.9999992397413782
4.25533791824661	-1.4836853829854597e-45
-0.41104810891265586	0.656828840184403
-4.7028871252457005	0.9994948569367474
-4.971415994784598	0.9997269542897829
-5.691493950820337	0.9999478273781495
7.659500609879139	-1.5716357131698655e-97
-4.230062862701529	0.9985189436642804
7.835330838667872	4.497863293276317e-100
7.372133755393698	9.546241456388451e-94
3.1685291468383845	5.347099890358924e-29
9.483863415052763	1.3071120137290526e-125
-2.2892444270949275	0.9388059062566454
-3.2178684460052276	0.9869195231024901
7.755010854583489	1.6119885000246716e-99
6.958635602098923	-3.394127997105578e-87
6.164856387425086	-6.359745245587399e-76
-1.8391276544127155	0.8967032083657505
4.81250305199449	4.080146592251617e-54
-4.974236953080418	0.9997287157101283
-9.628347450428961	0.9999999939620074
-5.038436228499958	0.9997658783624965
6.565156236662162	-3.824700853707188e-81
5.876902566665162	2.2649363242300154e-70
-0.8130805210311607	0.7512444435351852
9.193941742579298	5.1363602978383e-121
5.215740276183251	3.9215080491116785e-60
0.7317734398809073	0.13962335861627936
-3.398542517636707	0.9909121627751677
2.4730003450248574	-2.2019415244814558e-18
-2.75231654704033	0.9693700572269065
-5.2632841651047	0.9998603171377957
9.024627647438365	1.556519915332101e-118
-3.613486397568626	0.9942146058951541
-1.1863882032628617	0.8149557384983437
1.8536735456438471	4.277375162439667e-8
3.972114936471524	-4.2975993870262516e-41
-3.9198976202972036	0.9970341929452502
3.5779691468172103	-3.763679026359503e-35
-1.0136009842431726	0.7873246085364396
-9.2082459419859	0.9999999841147402
4.143186823365067	2.1452036537709494e-44
-1.4761468392342216	0.8547574683853757
-8.118243541274017	0.9999998045680693
0.460939304226585	0.2822328941482172
-2.4905467483542143	0.9537718932607282
-0.17807332793960384	0.5831905811571638
-6.512283375642642	0.9999921130147665
-6.6712622435784485	0.999994530521025
-4.179242810560284	0.9983390800742264
2.1375884780918675	6.00607038674102e-13
-7.5664570234385975	0.9999993037280042
2.760094590548775	-1.5326155542579836e-22
0.9215217553306196	0.0643299150403193
3.710578023880032	3.806767983022654e-37
7.03174809560992	1.4565141974654943e-88
9.32577389599247	3.9659679547871396e-123
-5.225276512124797	0.9998475678527162
4.018427433670443	3.7526614783108265e-42
-0.7300348504652518	0.7342626463996897
9.338140881711674	4.895922427611642e-123
-3.062965399685842	0.9823703347585708
7.594411707269515	-6.811675773916171e-97
-3.0951144462366376	0.9834098642515507
7.587945368884938	-2.138423713006986e-96
3.1321537780625306	-2.2361756767441213e-28
-7.54196002824441	0.999999263324896
2.2147560692862136	2.0199369289321267e-14
-3.687605666001379	0.9950670573936525
8.736475623975526	7.608187974419298e-114
3.7358651603865276	-1.440547015228825e-37
5.701131574138699	-3.878857445610735e-68
-2.3898116536954017	0.9466218228661476
1.6043907999230278	2.983314732290877e-5
-0.2542450732925605	0.6096545106823172
1.4780946372065138	0.00029731053369176316
-8.393688842194944	0.9999998963544009
7.6266782792558345	4.963764180281319e-97
-1.3626052220439089	0.8397913406496145
8.775260398015028	-1.8200521858705675e-114
5.632276046415274	4.857220081984051e-67
-3.8969433792765518	0.9968796416848112
3.9369611589764997	8.525392219644142e-41
0.7400894023422069	0.1356543569081931
1.7572176669528705	6.119422488413127e-7
-0.63626755280902	0.7140289894788867
4.348980448408106	-5.410065221193247e-47
5.443976492227627	6.313610933639869e-64
1.6312593339114336	1.637455981853784e-5
5.779727423642047	-9.991085559257898e-69
4.6236816491275246	7.94466430202524e-52
-4.944931155918955	0.9997098512535507
-3.2595239975439805	0.987955806190065
5.071777584180094	-5.14463706471313e-58
9.064616900293501	-1.6463093330315494e-119
-8.337904992543642	0.9999998821486448
-3.022112531333878	0.9809736515094005
5.299902695710719	-6.4462295495419435e-62
1.6157816313405036	2.321588681753032e-5
5.036437217330075	8.537347906043133e-58
-6.199395943995927	0.9999837912330655
-4.207991208897592	0.9984433016250744
6.763652866701513	-3.0330334302261974e-84
-4.26676591159576	0.9986368231338424
-3.136216131098135	0.9846643324405472
-9.649822638535781	0.9999999942533139
0.4683116189575607	0.27810528322896444
6.850004046910001	1.3324090962601013e-85
-8.926848746259996	0.9999999696337313
3.0757208845899964	-1.2697320071207627e-27
0.5854702931612046	0.21562624132892438
6.496697517887753	1.4868588399441304e-80
7.335984820774165	-1.8555065330008432e-93
-4.769640743336652	0.999566412491096
-2.9409170240342286	0.9779286518180477
-1.971127300708222	0.9101990238389198
-4.016987443006501	0.9976100840456434
7.010171744552206	1.6385845614258244e-87
-9.451783638608887	0.9999999909331448
3.7932058466981022	-4.935071412754069e-39
-3.1507980721441076	0.9850897199398847
-9.124424747605637	0.9999999807329368
-7.733421946811387	0.99999952595939
1.6585284787975763	8.67140992713015e-6
3.115661011614538	2.1575869514469206e-28
-4.43334853894656	0.9990657578451967
-9.27322919086091	0.9999999863223634
1.0801184888363515	0.024314568422365904
3.21766998140372	2.5098252777003578e-31
-2.231125243634269	0.9339963118690532
-0.17945602261352	0.5836877823426062
9.040506143759039	1.7766158091902398e-118
-5.126940846834409	0.9998089322244352
4.548369391673436	-1.1150569064244352e-50
-0.6542840306026676	0.7178487374234739
5.371319216230873	-1.3018805059136615e-62
6.174094275221055	5.325757565189153e-75
1.5351887819156929	0.00011681037321684332
5.490435898444787	-1.0041690689488367e-65
3.3171326112563637	4.359302316068263e-31
-1.4017609740388473	0.8450659707495483
-7.745007479268571	0.9999995384379263
-5.830210829161322	0.9999620852024199
7.069419475604857	1.4331676131164949e-89
-8.151555981146682	0.9999998189980822
9.507037115679996	1.5465701877900622e-126
4.09491722994742	-1.4051640383162294e-43
2.87764602357797	1.1335301031220379e-24
-6.026238152468055	0.9999758530899414
-9.889278963766266	0.9999999966889873
-4.005283087947187	0.9975468656349478
-8.149280268350054	0.9999998180471257
-5.259623490495242	0.9998591370022271
-9.441730866526928	0.999999990720824
6.888408623056705	-1.0527192457624105e-85
-3.2831364775433647	0.9885108644339647
-6.197981508561128	0.9999837383690243
-0.20460638199693548	0.5926369334933286
6.142546630162457	-2.380772626816255e-74
3.5177096697312784	-1.0837333175864067e-35
9.16098528919347	-2.1107512303248466e-120
3.349375408539901	-7.606011297607702e-32
-1.9192898541634662	0.9049807736296315
-4.951597054259436	0.9997142538456613
-8.619340528348571	0.9999999383547723
-2.8024077994474617	0.9718524956904686
-4.915168536512899	0.9996893552070328
7.7805527373794945	-2.1677249781982787e-99
0.1853406116367715	0.42847459714574804
-4.800103699117524	0.9995956255700299
3.6622298415818264	-2.5262794456857476e-36
2.104352364017302	3.42491178203396e-12
8.547025714418023	-3.491008872638675e-111
-8.899086794561226	0.9999999676292063
-8.174212259835016	0.9999998281985742
-4.293764021374504	0.9987176015375375
9.689616255216063	-2.2040838777308888e-128
5.55916423530196	-8.234485083007699e-66
5.0508397920085955	4.025668340533742e-59
-4.694751085580724	0.999485369825202
2.427805194846343	1.3487375226853909e-17
1.1676337941353623	0.012416834208597113
8.873456684722207	-5.915062289845637e-117
-4.341575984848398	0.9988492656049167
-1.5474375597054824	0.8634921777494604
3.4607146783237663	8.727405652865345e-34
1.141991226198403	0.015052922776418586
6.955497209082196	-8.754584187437694e-88
7.26091588095494	-1.0590159615361935e-91
-8.325702704394216	0.9999998787904358
-9.347620633133452	0.9999999884755623
7.541842003700097	1.2494279070226021e-95
-3.0744288240145234	0.9827468654779781
5.309085197705826	-8.112181057537551e-62
-6.640538098780575	0.9999941295955926
-8.543152287773456	0.9999999265337975
0.2645986155923197	0.38903253451277686
2.1713389892825816	2.5818248422318914e-14
7.161253821320276	-9.156103554988986e-91
-4.182700280939042	0.9983519668702375
9.776049497606508	-1.3620246675811036e-130
-4.971675397011257	0.9997271167362445
-3.0345948052326754	0.9814096972730881
5.1444399500372295	1.7491786737660047e-59
-2.783386035720028	0.9709267132727585
-4.985917960966466	0.9997358897039254
7.864883125203619	-8.384310354696554e-101
5.29981564877291	-6.379731808442025e-62
-0.9304730331282087	0.7731536614268814
-8.699276427663388	0.9999999487181565
-6.687283107429924	0.9999947285935344
7.5726210661974065	-4.478612965503093e-96
-6.542957704167751	0.9999926508043947
-4.71522264507684	0.9995089106026772
-0.6442531838561507	0.7157241360835918
-6.657027441364152	0.9999943482921633
-9.801400594894382	0.9999999959464128
-4.855406875461998	0.9996437456510756
-9.590831543453326	0.9999999934172316
9.922131167203876	1.1165000577659527e-132
8.196294491204753	-4.587089235764619e-106
9.436395275017869	7.497844895700865e-125
6.185713350975096	4.206574324278328e-75
9.743131977830007	-2.510595000401891e-131
-2.4300979183949556	0.9495584578968621
-4.336196758673174	0.9988351437057197
-4.5494815036130465	0.9992828868421095
-9.516332194475456	0.9999999921853764
8.820166172816315	4.070143703243255e-115
1.782312400968653	3.4143891200207787e-7
-0.045420910523375824	0.5327104461399854
-6.25013646297639	0.9999855781857172
1.0829635725441467	0.02381791461556886
-7.618504158489587	0.9999993823640491
-5.182006046189791	0.9998316340224767
1.5303681815520456	0.00012811863645588486
2.5596864237953465	6.888630922675636e-20
5.770562201015519	-1.623050427834321e-68
-3.0768075874981626	0.9828241821524507
5.279637600695612	3.136965704565021e-61
-0.6776373090823675	0.722903000241202
7.764229253591999	-7.695021052172935e-100
-1.4443216989699295	0.8506710189466042
5.871505805795509	1.9245819123443385e-70
-9.480303450369254	0.99999999150943
-6.272756684851677	0.9999863099874977
-4.635593864279572	0.9994108588803701
1.3528209857052076	0.0017817768345638934
-9.1540685250636	0.9999999820041753
9.87842384696107	-1.1658530095549574e-131
-0.7578532647159708	0.7400752096531529
6.156307313563104	-1.244157263333983e-74
3.261856586358686	-1.944860571284509e-30
4.65586770250852	-5.381553518840093e-52
7.746396881162767	3.525314868063632e-99
-9.067095081440609	0.9999999780140681
7.891572416464513	-3.8834510202300737e-101
-3.156247188131762	0.985246100876618
-2.9581701910593816	0.9786065233564298
-6.144445650642418	0.999981605516976
3.5479694937998207	-8.867260143907936e-36
5.591015901618071	2.3391494886555792e-66
-2.7931226148163812	0.9714033275293372
5.772177334457176	-1.5468823199199608e-68
2.5969995123235847	-2.0363202903217264e-20
3.3016372024680543	2.4333107187059715e-31
5.832910772456437	-4.436893662397797e-70
-1.332316722849459	0.8356336968145711
9.618245259691594	2.3574097949089935e-129
2.875980611960255	1.3612357582458936e-24
-7.2025429141466635	0.9999983905110986
5.1993392159168685	5.700645813827635e-60
-6.9620349580077345	0.9999971998019227
0.7686260581606987	0.12237395832114352
-3.471096299601437	0.9921816430836173
1.306607587671742	0.0031557159844962024
8.084007302637403	-5.3922682764735347e-104
-8.289108801482538	0.9999998681346354
0.16591875857861282	0.43808732317275817
6.649468920009525	1.8648471534751917e-82
-0.9995620875371092	0.7849302471973715
9.303924062206747	-1.1265132176934969e-122
3.915536735970413	2.861400822303321e-40
-0.7433074947576799	0.7370515321671269
-1.8770422697093991	0.9006144497343046
-9.971901874750788	0.9999999971133591
1.2923468702472327	0.00372360023768806
3.261532793026376	-1.936611797940666e-30
-0.028923189474010513	0.5264891100863347
7.1682121695871	-2.6211334399485885e-90
-6.250317326761978	0.9999855841893449
-7.909567251579519	0.9999996840115187
-5.782310313008261	0.9999576665626995
-8.063168468723113	0.9999997781443357
-2.690457060283844	0.9660927917546736
-6.661916012161337	0.9999944115487959
-2.459156357142085	0.9516062415984392
-4.581751732302615	0.9993337863702799
-1.7021375003608732	0.8817450275174173
-1.275744279170862	0.827663188618347
-5.758955606675764	0.9999553291340267
-4.236204466518614	0.9985393430049138
3.3307928118933905	2.193106974584763e-31
-7.884049629113075	0.9999996648890698
-3.4603485338836792	0.99200433426352
-1.309758959017632	0.8324955768567331
-7.773832326762347	0.9999995680779469
4.344457255618842	-7.635683100355059e-47
-8.869020612643347	0.9999999653087839
-8.75587665941179	0.9999999549843741
4.822317675154032	4.4928991075440373e-54
7.952248128217807	-6.1232083809428056e-102
-8.596908268226112	0.9999999350870032
6.601884001682258	-1.094146721307851e-81
-1.8234060934549632	0.8950706220018141
4.265214409783713	-1.581635848876995e-45
-9.90393536646367	0.9999999967988584
8.786912884308492	-1.3339924125307534e-114
5.0265631256294405	4.5031928584313114e-58
-4.679474416375506	0.9994670756428674
0.004626539838366028	0.512876223509622
-4.6708814931568465	0.9994565031241809
-9.50255394382959	0.9999999919334783
-5.918633979846715	0.9999690667009775
7.087069451513365	7.64673514488318e-89
-9.003450130998974	0.9999999745440041
-0.03598149729409528	0.5291664073841934
4.363958066415655	1.4427513498492163e-47
3.7574051819849394	1.261861496463728e-39
-6.186219626911789	0.9999832920411578
-0.696577338858372	0.7270895066316334
-3.8741075649258283	0.9967182270486408
3.069605361355512	-2.5469826285965008e-27
3.7975411775496006	-7.759470455894066e-39
-2.1581846594143794	0.9276884669652745
0.924214621353423	0.06342650991043534
-3.7403394511624777	0.9956001711473071
3.098902616292328	9.407291697603245e-28
8.168376928337317	-2.5045973964568657e-105
1.152138042365035	0.013930294681179206
-4.210206319293532	0.9984510608347412
4.68564636903408	2.2831663042262614e-52
-3.711429007294713	0.9953150286601751
6.792180717193261	1.6687962767767888e-84
-2.437158121233942	0.9500607929546322
-1.2592226179930996	0.8253432019604608
4.354652542761466	-2.22960397741222e-47
-6.171666113908598	0.9999827227896874
-5.306852119225716	0.999873627478732
-7.44246995596392	0.9999990736717095
2.538506406892642	-2.892376605199441e-19
-5.761203387598548	0.9999555596032208
-7.354491608883622	0.9999988656630029
-8.003042349141545	0.9999997452017504
3.334105852035435	1.4990839713267314e-31
7.2199505791177785	6.54216629873399e-91
-1.3278323296864656	0.835012936047516
-0.7091956914939157	0.7298279643072564
-8.588905570707158	0.9999999338797664
-9.140908018869943	0.9999999814504997
8.50548699864746	9.31786685705027e-111
6.05891630244416	-3.276981750891885e-73
-7.3661860190832185	0.9999988957997471
-9.97449770128437	0.9999999971133591
-0.3663648554178689	0.6438288435807078
7.503495045098706	-2.2714670696969658e-95
8.210656189447867	6.308010913272743e-106
9.811406380933821	-2.4110475444454267e-131
-2.3037566629106143	0.9399746020015138
-0.8439709957860728	0.7572818296203464
-8.273665993397517	0.9999998633613661
9.746363800763397	-7.73794769359948e-130
7.295692079325953	-9.055336065158858e-93
-9.47600939989937	0.999999991425064
0.409201552188998	0.31115175461217487
2.6516958625878075	-2.215596044719402e-21
2.3503687739329635	-8.213354506482146e-17
2.397818723294609	1.3563086618474572e-17
-0.13635250331913262	0.5678631504713656
9.795388141065025	3.389901803842425e-130
6.334210642124425	3.745976602234997e-77
-7.918994019766328	0.9999996907964278
2.580348801449901	2.4000700974945907e-20
9.824387043751635	-8.940403831985548e-131
-4.266275790201339	0.9986353114363672
-3.369908766320302	0.9903621755461812
-9.201284551102638	0.9999999838580609
-9.312709038995163	0.9999999875108967
-1.0813069679799359	0.7985323440688815
6.931272059762662	2.8576350039495608e-86
-7.343523533780045	0.9999988366510629
1.543380050082117	9.978714365404219e-5
9.529583562619386	-2.321745108058281e-126
