1.8579014479179357	0.9633289992111579
1.0745731961975693	0.9633289467807429
5.612921182188057	0.9633289896844343
6.874612823737976	0.9633289896819094
-0.8099868242871544	0.9634517662482879
9.122381568365508	0.9633289896817643
6.296110750034476	0.963328989682162
5.163902900632982	0.9633289896872497
0.18550980526332417	0.9633290182154676
-4.034622310241924	0.9986370951777639
-0.3898677696374939	0.9633309075633624
-5.6524814521338085	0.9999653637263296
-2.603347366794395	0.982932341579576
3.0442885205458836	0.9633289903655268
-1.9674648707222087	0.9714649465663545
3.3549837842428865	0.9633289900289336
-0.8499831170436511	0.9634903277852636
-7.831748302659922	0.9999997704646648
0.5319233276934909	0.9633289840147437
6.797996543155236	0.9633289896819328
0.6197504384801213	0.963328965930632
-2.17064076983573	0.9747611191480706
-9.070790311505936	0.9999999867623449
-3.9495553493439584	0.9983606253126024
1.3117138807622464	0.9633289708372418
2.130093386098899	0.9633289948890644
-1.5506413164121433	0.9665106270129901
9.729958643339302	0.9633289896817636
6.81349383875212	0.9633289896819317
4.38935219994157	0.9633289897245083
-9.23396576480814	0.999999990908489
-7.181092149572343	0.9999989731852388
-5.593247175471663	0.9999603101535649
3.211366127471859	0.9633289903563295
-4.351376004543552	0.9993244522456414
0.33859560667290367	0.9633289844010411
-5.085349238885688	0.9998726251113773
5.817934953564192	0.9633289896831054
7.675436013094025	0.9633289896817848
-8.332263357788552	0.999999927500141
9.820271733063038	0.9633289896817636
-4.188564483000814	0.9990287084680995
-8.934950076195541	0.9999999819011319
-6.507002115732354	0.9999951525066605
-0.2715676370587339	0.9633293803509915
-3.1072914004304764	0.9915375340647806
5.504634056516103	0.9633289896844378
8.413122019056374	0.9633289896817664
-4.140189543116861	0.9989190185231142
8.068856272584021	0.963328989681774
-0.22931528344390273	0.9633292105311225
-2.014452656164689	0.9721880164618681
-8.663635319572634	0.9999999661961728
5.675513143002	0.9633289896839271
-3.741257648102394	0.997448690586044
-3.5121298038605397	0.9959412922145944
-0.2753049599592039	0.963329401733682
-2.849440277743809	0.9874765527885224
-1.0247107538738796	0.9637687950119807
-9.338821575608115	0.9999999928586484
-3.7245897293163033	0.9973587204354217
4.165857743350623	0.9633289897547871
1.1064527784524092	0.96332894701275
-5.72711350385986	0.9999708262636273
-1.729360750863318	0.9683237886801319
3.901997017672553	0.9633289897638294
5.002546149532275	0.9633289896924382
-9.626099129579359	0.9999999963144466
0.9272073555453666	0.9633289464700534
3.267595399843909	0.9633289902250411
-1.326717505225755	0.9649163647544042
-4.060385083818603	0.998711726422845
-4.392667947552802	0.9993842630886022
-7.386468500124375	0.9999993600848547
-7.6335035005800655	0.9999996376801843
-1.2861947683066433	0.9646984284764268
-6.278197554555258	0.9999917914854806
8.847792193291127	0.9633289896817648
-7.971395102479106	0.999999833580642
5.474885920843517	0.9633289896844968
-8.638809364209745	0.9999999642075226
0.37542091806635014	0.9633289836479773
0.8339517053387837	0.9633289667103164
-4.381814436841918	0.9993690618720836
-6.575034566303084	0.9999958552661823
5.668418972390597	0.9633289896841394
7.878641495146898	0.9633289896817746
8.200626154206695	0.9633289896817689
-4.519851596360613	0.9995377766104351
2.284598212347708	0.9633289950535519
-3.264363789944511	0.9935376768596996
7.314354408553978	0.963328989681806
7.684368353238714	0.9633289896817846
7.2686324868842505	0.9633289896818069
-8.84866820213	0.9999999779233476
-1.075258042373033	0.9638958495235637
1.3106250384791984	0.9633289708440796
-2.482929409691952	0.9805952549654061
4.466201297852601	0.9633289897186582
4.158939443728059	0.963328989760776
6.676394219225745	0.9633289896819364
1.7211680747650249	0.9633289446787977
8.122818014630816	0.9633289896817682
-3.2934756214184935	0.9938667979179944
-6.737370917082162	0.9999971477845179
-2.4533079406420866	0.9800243729823906
-6.437329676988739	0.999994309174013
1.1341369212622165	0.9633289462133249
9.20707599027854	0.9633289896817643
-6.142581000197769	0.999988784205422
7.306785465794043	0.9633289896818059
3.2662332183082654	0.9633289902357876
-6.572285805492588	0.9999958289542672
-9.138894020955576	0.9999999886836151
-3.235013792671473	0.9931927288257323
-4.738779908950246	0.9997187930419561
6.449299047331788	0.9633289896821011
-7.2460234122272205	0.9999991157740273
-2.9360400421513067	0.9889405889717521
-5.236191355214048	0.9999098685374772
-7.86803794782776	0.9999997888651385
0.336357643675381	0.9633289844137675
-0.3537006923394479	0.9633301506698636
-6.370457482870071	0.9999933620932359
-7.259404507663136	0.9999991426020866
-8.475981576792705	0.9999999479262264
-7.19922219095924	0.999999015166475
-7.642066085361785	0.9999996447536367
-1.3792915758327275	0.9652312928045667
0.3032409450576079	0.9633289853280419
-9.943489751914232	0.9999999982253497
-3.8908855117494756	0.998140235503919
9.263941588314339	0.9633289896817645
0.37306650923493834	0.9633289836832338
-6.922584264353122	0.9999981379739018
-7.115920410752419	0.9999988069433022
2.918490062836675	0.9633289910387388
-5.127878169728302	0.9998844535709465
4.239182426074404	0.963328989723474
-0.6681278297520876	0.9633689894644166
-4.318753437796037	0.9992732340161454
-9.479696162807446	0.9999999948369556
6.041576724474901	0.9633289896824102
-2.2749711136302153	0.9766450797853957
2.795289836341709	0.9633289910277564
1.1710043405697235	0.9633289619379817
-5.184173374702747	0.9998984453554776
-7.22565867157988	0.9999990733253553
-7.810798457157935	0.9999997591208837
4.049820589673496	0.963328989767061
3.962611057887555	0.9633289897689127
8.359830504946643	0.9633289896817689
-7.154417061789329	0.9999989081420257
-4.348942505734392	0.9993207560277944
9.992965791428247	0.9633289896817638
3.530576728315541	0.9633289900277977
-5.131618688556774	0.9998854400464995
0.31533857805010257	0.9633289843833595
7.232254358393135	0.9633289896818021
-3.451043239494491	0.995429734586289
-3.305422552568942	0.9939981346431346
-9.455090362093891	0.9999999945359879
-7.399006576620941	0.9999993782946711
6.156884316797104	0.9633289896824376
-0.4914921570307573	0.9633359910529118
7.605034470378982	0.9633289896817849
9.139914971465778	0.9633289896817643
9.266252701556258	0.9633289896817646
-9.73962996038663	0.9999999971622655
4.476591075497796	0.9633289897135097
-3.4654868384719117	0.9955552562352307
-4.911772874806002	0.9998105038708681
1.841602947679192	0.9633289996814912
7.443763716101294	0.9633289896818069
-9.400567507956058	0.9999999938050963
8.090755155554294	0.9633289896817712
3.097735597260783	0.9633289903563073
-3.4368920157534744	0.9953039540081305
4.4986274264399295	0.9633289897037248
1.091590660005508	0.9633289470715574
-8.435568930134455	0.9999999428479417
6.929718896133913	0.96332898968184
-4.577996331328098	0.9995947849566875
-7.747984257928353	0.9999997216361822
-7.281438879028905	0.9999991850163527
2.0001242248356697	0.963329000214327
8.778533065672374	0.963328989681765
1.2913663521296392	0.9633289709354899
-5.32532437829961	0.9999265439823903
-7.676844571518977	0.9999996720922831
8.406275541275036	0.9633289896817668
-4.3342357606155435	0.9992979956660701
-7.5891050240089175	0.9999995986808294
4.2169132514496965	0.9633289897203471
9.09831715049982	0.9633289896817643
-3.339110136312322	0.994356871930414
-2.4297161662657984	0.9795740590885509
-5.883134813320718	0.9999796239307154
-7.7617274017436655	0.999999730306939
8.425836483462255	0.963328989681766
6.994757680119804	0.9633289896818484
7.389356187499757	0.9633289896818062
9.781311580765045	0.9633289896817637
-0.5467566446641658	0.9633419445112911
-4.421511082228871	0.9994229437599185
-3.2126241147781753	0.9929206622064193
-7.790437655908167	0.9999997475590374
0.5659002452960635	0.9633289747750367
7.395978743261217	0.963328989681806
7.556657330193872	0.9633289896817847
-0.7536908306872405	0.9634100556981688
-7.28985860268113	0.9999992006636202
-3.45195554756629	0.9954377480580271
5.523502363539476	0.963328989684448
-8.302034085367973	0.9999999222739941
0.7062041783013839	0.9633289662850224
9.587742995293056	0.9633289896817638
7.777835041781202	0.963328989681782
-4.782308158512638	0.9997453451954019
6.867712506544763	0.9633289896819213
-2.322438464336014	0.9775326144267692
3.1377728334474053	0.9633289903601402
-5.357443450992769	0.9999317665640857
0.23633538195310777	0.9633290180169155
-6.84811617001313	0.9999977897163012
6.051472891740254	0.9633289896824376
-9.762209744566901	0.9999999973060345
9.062492574131081	0.9633289896817644
-3.1843522941594538	0.992566108168603
-9.552141030282385	0.999999995630206
8.144075013523775	0.9633289896817685
7.933111634169588	0.9633289896817745
-7.765705172469692	0.9999997327658127
0.12350407515510753	0.9633290186518061
2.4112690445026033	0.9633289921293048
-5.980837600613436	0.9999837262597351
-6.179109888401175	0.9999896886260021
-1.0933581689462848	0.9639472569762154
-5.697550589685063	0.9999687737366181
6.880210839041471	0.9633289896818986
-0.3119217040120006	0.9633296722756851
6.4352825563981675	0.9633289896821013
6.527201527904275	0.9633289896821007
0.18417415178785923	0.963329018249705
-4.613286294328018	0.9996259497402923
-3.162719701118184	0.9922865266761565
0.16610835704293692	0.9633290185495385
9.448057317027015	0.9633289896817638
-3.1104409270016564	0.9915813492514922
-5.470131630228994	0.9999473287243673
-9.342636384035806	0.9999999929211024
9.580552635680284	0.9633289896817642
2.734678198038063	0.9633289910064435
-7.139789939827401	0.9999988707435187
-6.178719660313723	0.9999896793604461
3.801081274555326	0.9633289898512014
-9.159556703032905	0.9999999892094127
-9.473362894105737	0.9999999947611118
-6.911640698009869	0.9999980904611483
6.0234557521108165	0.963328989682372
2.9291753097967455	0.9633289910602423
-3.3165508026545742	0.9941185289166777
-0.2889719720697137	0.9633294899972115
8.102513459991073	0.9633289896817696
-1.6046352616550053	0.967002667588347
7.907083159258622	0.9633289896817746
3.1852959581134996	0.9633289903601285
9.4336568505203	0.963328989681764
0.690833163879109	0.963328966249034
-7.288321297173752	0.9999991978292627
-6.20683416466854	0.9999903260664953
4.980828964691577	0.9633289896924966
-3.2811277424492147	0.9937287769814875
-9.849621953001794	0.9999999977971761
-7.452559430093144	0.9999994504173533
-7.8067382395154095	0.9999997568583512
9.833664016024962	0.9633289896817634
-0.9872614207187969	0.9636889597591676
3.274326137875825	0.963328990170729
-6.110855972070439	0.9999879346301486
3.409585628025095	0.9633289900205511
1.9864993692964141	0.9633290002671532
4.383726536739857	0.9633289897245475
8.306605857886478	0.963328989681769
-8.685626994461115	0.9999999678653055
-2.2506802431253803	0.9761975261233674
8.76299942068107	0.963328989681765
-5.803581034632388	0.9999755316536929
7.680665763198682	0.9633289896817847
3.215326544824695	0.963328990358266
-4.83105756254941	0.9997721439852864
9.18951839254586	0.9633289896817643
-2.3390586064826424	0.9778466173987683
-6.980698836318688	0.9999983711724735
7.9417049043090415	0.9633289896817745
2.4473682026306456	0.9633289924324412
-0.32816719829417806	0.9633298272096862
2.934455675200457	0.9633289910633629
8.557639751890935	0.9633289896817663
-3.2421311488643	0.9932775963647398
0.23468634949993294	0.96332901843404
-4.24651922509276	0.9991460561204079
-1.0059713311737184	0.9637275063999596
-6.1806762724813025	0.9999897257345692
-6.042984726081695	0.9999858948698505
9.665269469034254	0.963328989681764
3.5450561195181294	0.9633289900234041
-4.7516876221348925	0.9997269402565264
5.0111068976627315	0.963328989692412
-5.889020253615791	0.9999798979842055
-1.2336196985589574	0.9644557708725555
7.142407497176158	0.9633289896818495
4.77896331323536	0.963328989697319
-3.161273358610064	0.9922675777496959
-5.697660269713571	0.9999687816121715
5.794118496905876	0.9633289896831073
-5.840797531268644	0.9999775393537732
-2.2128901716633687	0.9755117850950129
8.214243779563546	0.9633289896817689
-2.5326153072085056	0.9815619432613804
4.359591308945646	0.9633289897244833
-1.0769605025873208	0.9639005450185891
-1.0204558932991148	0.9637591633659331
5.499103016104376	0.9633289896844397
3.243317950290848	0.9633289903650617
-3.539560745347581	0.996154910277965
7.321067443040651	0.963328989681806
5.5693650179536025	0.9633289896844522
-7.772837061236628	0.9999997371184122
-5.566614911419521	0.999957804215311
-5.611462245855932	0.999961937957283
2.470113575120955	0.9633289924142165
-1.516568723384415	0.9662319326733532
-7.852490995320993	0.9999997811699597
-3.3120902332832802	0.9940704955214874
3.467320864564929	0.9633289900219436
1.460417487869016	0.963328961742614
5.360096983170827	0.963328989686872
9.872978706130233	0.9633289896817638
-2.891560828601105	0.9882000067867398
6.249149173523577	0.9633289896824504
-9.7357295421806	0.9999999971366647
-4.4013336731877795	0.9993961429724396
6.833585075992644	0.9633289896819336
5.070961862625856	0.9633289896906965
2.4417629199588387	0.9633289924047133
2.091296331951833	0.9633289951450299
-9.892628227404451	0.999999998004861
-9.370898526030814	0.9999999933671034
0.4293530356957298	0.9633289835929459
-1.65431864805341	0.9674997540401722
4.828287149468364	0.9633289896916335
0.24661339657723325	0.9633290138782026
-9.630093430879212	0.9999999963481879
0.9127166427524802	0.9633289457276296
-2.9871542507715265	0.9897592397729896
8.142576155831385	0.9633289896817684
5.524324309665971	0.9633289896844486
0.9374616610411266	0.9633289469786923
4.28129914659098	0.9633289897247077
-1.4678534022666856	0.9658490795881118
2.7509983949764525	0.9633289910622334
1.9955161929981724	0.9633290002251821
-5.325346777052422	0.9999265477599139
8.184780096748227	0.9633289896817689
-2.9057133716470096	0.9884383462782378
-1.4281329696399006	0.965558833735348
6.1169756060065765	0.9633289896824352
6.913372770607751	0.9633289896818439
2.0942853248985394	0.9633289949547802
-9.171490245558221	0.9999999895018801
8.710761193399833	0.9633289896817651
-2.6908702308687626	0.984600135730844
-5.9010600305635075	0.9999804471896075
0.6569872065340157	0.963328966484625
-1.6286881157055344	0.967238514637183
-7.849534653651835	0.9999997796752396
-2.930831730619423	0.9888551834066518
-8.760368334465007	0.9999999729459195
-8.534893386107957	0.9999999545318172
-1.3660460258488794	0.965148372806542
0.6711433529642932	0.9633289663247525
7.784605243633415	0.9633289896817804
5.716528195575922	0.9633289896829903
-6.2443441040561165	0.999991126258659
9.189723253547633	0.9633289896817641
2.3304477619939767	0.9633289951674708
-0.8626889146209962	0.9635043089307312
7.4146430069501434	0.963328989681806
-2.132898295398107	0.9741204257826884
-4.672661741993487	0.9996731391317162
-1.7184007702996809	0.9681980320835911
-7.251784000762296	0.9999991274249697
8.390215381785204	0.9633289896817679
-4.75220749951522	0.9997272634610731
-6.918111486055789	0.9999981186994112
-8.216237258291589	0.9999999052971721
0.5966126063184376	0.9633289665059135
-9.454674906721792	0.9999999945307584
2.1336377161135225	0.9633289949680415
-4.526403206905076	0.9995445747852145
4.537594080405039	0.9633289897024051
8.021374079999212	0.9633289896817744
-6.043625071084988	0.9999859156406989
3.2344287593693046	0.9633289903742116
-8.317080633342604	0.9999999249207554
3.2620118048009505	0.9633289902679063
7.2770744367102544	0.9633289896818068
4.788094720166587	0.963328989695056
-7.128370902382004	0.9999988406592212
-5.893254833859536	0.999980092884308
-8.982556523223867	0.9999999837802189
9.299923700585001	0.9633289896817641
-1.8142319318183198	0.9693507684523146
-1.6921591658216961	0.9679042073524855
9.885476183366023	0.9633289896817638
-8.453470654553584	0.9999999451558772
3.3422826777481074	0.9633289900216465
-9.260167642060635	0.9999999914407784
3.9558318723686003	0.9633289897688455
-1.3751843068950809	0.9652053172493136
2.8666732584764034	0.9633289910361993
-1.578414164801508	0.9667546153864632
-6.8106588543507085	0.9999975906385813
5.151959749480689	0.963328989687182
-2.689302527052	0.9845706856986693
-3.4224353624418136	0.9951725651584571
-3.3209473696109626	0.994165579450444
-7.202036669342822	0.9999990215279319
-6.468398185866069	0.9999947019813415
4.318601676273875	0.9633289897244227
7.313485084056772	0.9633289896818058
-9.616144243156759	0.9999999962289907
7.548554509168071	0.9633289896817842
-3.6041420755610254	0.9966203477392571
-0.5453537828798325	0.9633417538335721
-8.688870386780106	0.9999999681043975
9.853297179348747	0.9633289896817638
-2.0155803979329345	0.9722057435265113
-3.7862373910192426	0.9976778661870905
-8.265000365421379	0.9999999153552604
-7.193097984462096	0.9999990011809557
2.002204800212164	0.9633290002139133
0.6763995162833183	0.9633289662806362
2.2659446430408323	0.9633289950612385
-8.68175540718584	0.9999999675775563
4.854317759617835	0.9633289896926516
1.8620525282391363	0.9633289993784144
-9.538895673348131	0.9999999954948807
-9.784217973226909	0.9999999974391521
0.3915401774097802	0.9633289835552773
-8.241829789193664	0.9999999107166528
-9.080938828096649	0.9999999870680918
-3.840942132052092	0.9979313016062334
2.276021332023138	0.9633289950625852
-6.409099995921181	0.9999939270664175
0.563907496853906	0.9633289755121683
8.066818845887944	0.9633289896817743
5.887301891225256	0.9633289896831116
-1.022914475436938	0.9637647094718517
-1.138962881640012	0.9640915962464675
-9.934392855349872	0.9999999981877831
8.420347968648425	0.9633289896817661
-1.093911478772549	0.9639488812026012
3.4319480747170807	0.9633289900218789
6.713154251193615	0.963328989681932
-8.506237374399127	0.9999999514304996
5.670147226023463	0.9633289896840903
-3.0915639627459024	0.9913164740077728
9.77271940787854	0.9633289896817636
8.35197557132561	0.9633289896817693
-7.94678332686082	0.9999998238772463
6.438874997071281	0.9633289896821013
-3.2265964170976513	0.9930913514338469
3.1163554552926342	0.9633289903591205
-3.9787830024955673	0.9984610736366639
9.470589231130361	0.963328989681764
7.684458960899438	0.9633289896817846
-9.084218620931077	0.9999999871653841
-2.971340650975227	0.9895097921908419
-7.790104642774636	0.9999997473653969
-2.5013885802549174	0.9809546585187388
-7.497597622619772	0.9999995045546763
2.978974720013529	0.9633289905673149
-4.435585281969563	0.9994409459662983
-8.925207801717603	0.9999999814905411
5.800271378129867	0.9633289896831035
4.51487289516983	0.9633289897011379
-1.0887488303846702	0.9639338498935517
-8.672065635583763	0.9999999668460322
5.415081390190597	0.9633289896842164
-3.288136282440637	0.9938074007753221
-9.083455400625628	0.9999999871428096
9.609382674721903	0.9633289896817636
-7.171648480253232	0.9999989506137656
1.6635624482061715	0.9633289460011975
-8.518461735716922	0.999999952778555
-2.80772183683045	0.9867405673056694
2.340872300740484	0.9633289950839147
1.759794856063234	0.9633289642464858
-0.5443265442500724	0.9633416157258298
-3.184806020680293	0.9925718952156484
-4.0831744915163215	0.9987744954714252
8.531711755496833	0.9633289896817663
2.9353390639167785	0.9633289910628899
8.712385029294396	0.963328989681765
0.5057224824899684	0.963328983516573
6.0618687545271435	0.9633289896824512
-1.4171253786896898	0.965482076347591
7.61819550552601	0.9633289896817848
-3.2070844763101913	0.9928521572034356
3.5695631891146906	0.9633289899502945
5.3190320275484595	0.9633289896871049
1.95469736401094	0.9633290002951055
-1.9757235567677611	0.9715897818324705
5.184471910106566	0.9633289896871577
0.3291953621887167	0.9633289843854556
6.001331368666435	0.9633289896824805
-3.759262356680093	0.997542771279018
3.7698330385480574	0.963328989852232
-2.9631429434806744	0.9893791218306626
-9.18998840677209	0.9999999899396423
5.257959246411197	0.9633289896871293
-2.8759816918731618	0.9879348472908277
8.214235295311344	0.9633289896817689
1.3238540931082063	0.9633289707834635
5.257506141213014	0.9633289896871298
-3.3579321228112047	0.9945499308165798
-8.411628834588004	0.9999999396090508
-2.821403867744565	0.9869839975267792
-1.0376587399774007	0.9637991073656276
4.150954797350304	0.963328989765937
0.23026876811894326	0.9633290191836382
0.35179873516712235	0.9633289841782354
5.2420864937634235	0.963328989687134
-3.5009932969809654	0.995851762754954
-7.184209908634509	0.9999989805299064
6.440898934709214	0.9633289896821013
4.584959598871482	0.9633289897032129
-5.643271295336012	0.999964622371465
-1.9901267786725896	0.971809788487419
5.386849608397345	0.9633289896852967
3.823215533542509	0.9633289898529825
6.975444740006811	0.9633289896818501
1.9729465359827092	0.9633290003115741
6.334706472127479	0.963328989682076
-2.2711017967111813	0.9765734750648188
-0.7885584692137559	0.9634342460970509
7.333406671667927	0.963328989681806
-3.413547901934506	0.9950903247244376
-6.394007444537633	0.9999937123631341
2.1553142494997637	0.9633289951674302
2.6890820562887807	0.96332899114336
6.43042300019026	0.9633289896821012
-2.339446399614009	0.977853957615832
-9.392370709847558	0.9999999936870657
-6.610432759648823	0.9999961796430329
5.868215171334494	0.9633289896831098
-2.9863961320239474	0.9897473603527499
6.39415527737636	0.9633289896821013
6.037916720839867	0.9633289896823991
-2.902772717301456	0.9883890251257743
3.3604537416406544	0.9633289900289921
-8.011577663333274	0.9999998482874389
-4.073571860476748	0.9987484097572883
5.456414644966866	0.9633289896844948
-3.696978005119962	0.9972034131338154
-8.76244850654846	0.9999999730751941
-1.8401805835039564	0.9696775432761512
5.640546658693122	0.9633289896845069
1.7444857879695697	0.9633289487687073
-9.393088563060532	0.9999999936974917
-8.012905995311034	0.9999998487507528
-6.483456208416776	0.9999948824919528
-2.7800817087168506	0.9862429212692364
-4.702099638159947	0.9996943056834288
9.589767121221414	0.9633289896817641
-7.882160554077364	0.9999997956203776
-4.611107973171751	0.999624096367856
-6.138731801872139	0.9999886844013725
-0.733932032763601	0.9633984481878433
-2.2767324742358497	0.9766777136781556
5.3693909442285115	0.9633289896863926
-5.127866940372661	0.9998844505967771
8.22485930635326	0.963328989681769
8.003487701820944	0.9633289896817744
-8.397760044880037	0.999999937649391
0.34377446720702665	0.9633289843392331
-0.37235024336391476	0.9633304889712042
9.688471751097865	0.9633289896817637
-5.259804291000751	0.999914622300179
-0.2991417912882568	0.9633295656401109
0.21613332094839066	0.9633290191219132
1.0845968684242902	0.9633289469307114
2.5983268251433813	0.9633289923707401
3.7921007499170045	0.963328989851857
-2.467286659167347	0.9802926285182286
3.6993484259676244	0.9633289898511662
9.90293406902125	0.9633289896817637
2.4090579314800475	0.9633289921311363
6.037301242937936	0.9633289896823972
8.999178428999251	0.9633289896817645
2.561565340201515	0.963328992387154
-5.063644595608636	0.999866131727875
1.4540806893408398	0.963328965153442
9.283992411632518	0.9633289896817643
3.2451455730533354	0.9633289903602485
4.328661717996125	0.9633289897245066
-3.0787796134380807	0.9911341068901244
-7.19172132536253	0.9999989980099327
9.49871261933432	0.9633289896817641
-6.9549266622086	0.999998271595068
4.814875331321598	0.9633289896914874
-2.779451486066442	0.9862315053220714
-5.373117809019763	0.9999341790806768
5.233479441876776	0.9633289896871335
-9.130145814982175	0.9999999884533518
4.125620303243188	0.9633289897677219
-4.002467551501252	0.9985382019489193
3.4567071795595226	0.9633289900216015
-8.24458693674043	0.9999999112816746
1.0528600270312118	0.9633289468173355
-5.087919653326116	0.9998733730477565
-9.934611099496324	0.9999999981886935
4.860792514026322	0.963328989692714
-3.0102317242588583	0.9901169587484943
-2.940607597204137	0.9890151891399825
-8.57984515417131	0.9999999590026354
-0.8530371902035938	0.9634936062024975
5.242210358435372	0.963328989687134
-2.552560390828771	0.9819493710508894
6.410547384763227	0.9633289896820997
6.413407931658732	0.9633289896820998
8.95814015131489	0.963328989681765
-2.152409176764518	0.9744485539251716
6.983203619067197	0.9633289896818494
-8.66491075267454	0.9999999662953026
-0.2935543902220683	0.96332952304944
-3.6599100286211783	0.9969821787417499
1.3988008836834886	0.963328970515607
7.095604040807327	0.9633289896818484
-1.1937722861955358	0.9642934083065717
-8.927698050259751	0.9999999815963714
3.231904470984368	0.9633289903735605
-1.438687864415634	0.9656339240494126
-2.299457862262315	0.9771009049995308
7.052317484574836	0.9633289896818481
0.6996725491881293	0.9633289662674223
-5.07223524164063	0.9998687402704761
9.875585105110893	0.9633289896817637
3.6281792887708875	0.9633289898412524
-5.011881018789897	0.9998492858564887
-6.069301366822288	0.9999867237822265
5.1674678655103	0.9633289896872457
1.997207628260579	0.9633290002198478
-2.013314551372627	0.9721701427971345
7.292987244847279	0.9633289896818061
-8.752245080244458	0.9999999724351163
-4.568128578976975	0.999585622647383
-4.902522905994182	0.9998064553314774
0.4953361475300966	0.9633289834026284
9.994864597914361	0.9633289896817636
-4.243598366004133	0.9991404844825669
-1.6682768130855905	0.9676463520624554
-8.778689342968491	0.9999999740634782
5.866150468103143	0.9633289896831096
-1.20599522958031	0.964342311613012
-4.038593520406004	0.9986488603424355
-4.187735496414411	0.9990269221599755
1.3409051619150922	0.9633289707873416
-7.007934670924514	0.999998470177234
-5.108365824300551	0.9998791689127619
-9.112659489847402	0.9999999879789535
6.203767455600129	0.963328989682436
-6.567202472331215	0.9999957798542005
1.7823686693159413	0.9633289920035555
-3.507032924792326	0.9959005199859374
6.015428855013134	0.9633289896823828
0.07450884465902163	0.963329019494795
7.772282444646738	0.9633289896817834
2.776923313809956	0.9633289910405753
1.5130883568266427	0.9633289441398172
8.37947146992121	0.9633289896817683
-1.8074163827379408	0.9692654769949918
-8.963965026864376	0.9999999830707963
-6.449225395904499	0.999994462901819
-0.957247419696067	0.9636341499926517
6.737504278984879	0.9633289896819327
6.085790292481651	0.9633289896824427
-9.064429063511525	0.9999999865670203
9.75666169954409	0.9633289896817636
-2.968332142982546	0.9894619441392738
-3.342172825635701	0.9943886429545683
1.3211167711137684	0.9633289707915734
-0.2646706354054196	0.9633293440374937
8.066539185144464	0.9633289896817743
-0.38101846079876545	0.9633306836890558
5.09715838258732	0.9633289896875714
-6.945491235137573	0.9999982336350716
-9.234139567201698	0.9999999909121265
8.960826958167893	0.9633289896817653
9.354775121997179	0.9633289896817638
-8.145703100408461	0.9999998885970269
-3.8452548116001495	0.9979501621181166
6.80372562382464	0.9633289896819326
-1.5260656681168605	0.9663085163212712
4.906290538392582	0.963328989692427
4.852721567007903	0.9633289896926227
-8.922962302615133	0.999999981394591
0.8191533195572411	0.9633289668588507
6.612195849597121	0.9633289896819245
-1.6753533802246636	0.9677218181910267
-5.665617288507252	0.999966394312122
-1.3266221843787882	0.9649158285400351
4.1802923790077084	0.9633289897403402
-8.067359943894035	0.9999998665742909
-0.3489881586741497	0.9633300806686081
2.1845823755751645	0.9633289950378287
3.630833616841894	0.963328989843215
5.8324589065109365	0.9633289896831101
-1.2332572254073817	0.9644542517770806
-7.196855957925314	0.9999990097861884
5.294029330045266	0.963328989687131
6.356643693775833	0.9633289896821048
-6.264159585171316	0.9999915219115678
3.244756048228945	0.9633289903613743
-8.283239396688039	0.9999999188364511
8.282702613443128	0.9633289896817689
6.488487196642772	0.9633289896821018
9.564082811737713	0.9633289896817642
-9.403405128246472	0.9999999938454406
-8.051580543534293	0.9999998616373423
-7.770415648459594	0.9999997356486306
6.898905939481985	0.9633289896818621
-9.54776848354065	0.9999999955859883
6.598266862437654	0.963328989681959
-2.971513233533516	0.9895125332102382
9.691973071526533	0.9633289896817638
-6.375633817021895	0.9999934407191912
1.6946010356941343	0.9633289467358536
6.320847316884631	0.9633289896820693
-3.6819375695509393	0.9971154388358457
5.431264980341721	0.9633289896842481
5.323571528414778	0.9633289896871244
-2.728359848251354	0.9852983565401519
-6.1591664214124275	0.9999892042766941
2.1741950834913446	0.9633289950806001
0.865494173155108	0.9633289563884888
-7.877592061042273	0.9999997934591419
-8.339702436180922	0.9999999287314216
-4.7801809694495745	0.999744107303695
5.790062456876303	0.9633289896831114
-3.891641476234562	0.9981432425235701
-8.094379762306607	0.9999998746224154
6.599364688852315	0.9633289896819555
3.4804877948544224	0.9633289900221169
-2.304341022838594	0.9771923497604084
2.6275088391738866	0.9633289924345881
-3.623295281133667	0.9967486698200478
-3.1780720426826425	0.9924856820742012
-0.6454378834509278	0.9633619785422755
-1.6653110614704314	0.9676149548682031
-4.143662541123425	0.9989272738420018
-1.051532375859363	0.9638332842446774
-3.4705950790713835	0.9955989641240047
-5.365270632686836	0.9999329821140243
3.803064842852688	0.9633289898510901
8.683401167339923	0.963328989681766
4.618619526809461	0.9633289897031233
5.045196574614991	0.9633289896926749
-2.623236756339833	0.983315075116525
-0.2696258399849647	0.9633293697174805
1.4120489889827184	0.9633289708817946
-1.4460345253706297	0.965687043566184
-3.760105141031853	0.9975470974346085
5.010057794257033	0.9633289896924131
-1.9282063418387363	0.970884818982376
-6.118722913044601	0.9999881511185726
-3.2756548900707694	0.9936668609597957
-6.058678426557629	0.9999863952147262
-2.1346200834369666	0.9741492171342444
4.2042190134321125	0.9633289897224144
-3.9593240303120414	0.9983948622211968
1.6122510641156538	0.9633289461529613
-8.552704262141999	0.9999999563587891
9.960639726409404	0.9633289896817635
-9.86182208485205	0.9999999978581964
8.839251913510818	0.9633289896817648
6.043387650869946	0.9633289896824156
-3.3017773766099	0.9939582911802384
4.05713841788244	0.963328989767051
-6.232231426164838	0.9999908753728616
-3.0407181178148734	0.9905776725627149
6.348327751870357	0.9633289896820958
9.593786140601182	0.9633289896817637
-5.748649463209392	0.9999722361361555
-9.948445660724774	0.9999999982454892
-6.202495429447197	0.9999902289741088
4.721154925697855	0.9633289897031276
-9.9634564833406	0.9999999982471122
-3.229177922647599	0.9931225587464589
1.4066537629389764	0.9633289706191277
0.7326782463840331	0.9633289662862135
7.035261790993825	0.9633289896818483
-3.8161780044147964	0.9978198842728424
-4.541850684472077	0.9995602174329596
8.96310629380337	0.963328989681765
0.2672932611580858	0.9633290009757135
-3.6202353479788174	0.996728458205796
6.952070115370507	0.9633289896818475
-1.753326009239915	0.9686043978360037
3.459223766488954	0.9633289900216583
3.193664287913345	0.9633289903579644
8.929560210156463	0.9633289896817651
-2.918105764996266	0.9886450062307971
3.7516669236448905	0.9633289898520256
-9.140022553364947	0.9999999887129831
-9.077616002711707	0.9999999869687701
6.70826480864449	0.963328989681932
-7.742991924602176	0.9999997184179037
-8.69289300966698	0.999999968398462
-4.795664356458187	0.9997529833642814
-2.8840842917898613	0.988073116727471
2.3302756798374844	0.9633289951671816
-4.419351585559421	0.999420131871836
-3.174645829927676	0.992441549965692
9.157876206592483	0.963328989681764
-8.815688079522989	0.9999999761815588
1.809741146526358	0.9633290052622734
9.77478291996151	0.9633289896817634
-1.6461557724296014	0.9674154141614917
-2.980717329851821	0.9896581206590636
9.339286309524194	0.963328989681764
3.1653050606197795	0.9633289903603518
-0.7102193587770866	0.9633863256976264
-4.258912294464472	0.9991693102829649
-7.4259589702147855	0.9999994157040983
-0.9133066203358897	0.9635687406005299
-2.4096718432049613	0.979191432983687
3.4801725454570978	0.9633289900221251
-5.371180786766971	0.9999338856152225
-1.3818654862876336	0.9652476934157684
1.3420491466295914	0.963328970791019
3.710546848769912	0.9633289898515031
4.030558210718539	0.9633289897671199
1.6739542453941105	0.9633289459889265
3.7778946622679968	0.9633289898523152
8.832220657044644	0.9633289896817651
-6.769600855845508	0.9999973517689492
6.007040974361825	0.9633289896824269
3.008944000507917	0.9633289902969558
-7.900773532347727	0.9999998041944601
1.1430257632032124	0.9633289481510161
-9.022155763054949	0.9999999851937265
2.6919096988373337	0.9633289910822266
-2.2004005351902256	0.9752877253716974
7.618540590306104	0.963328989681785
-7.430595716684847	0.9999994219090353
0.42565565794731697	0.963328983597606
-7.113515280378033	0.9999988003181133
-4.893104741069001	0.9998022449860176
-0.9194606603863154	0.9635773038499112
-8.034672358111457	0.999999856144347
4.37964645012309	0.9633289897245539
9.083257692639695	0.9633289896817643
-6.740888822772031	0.9999971707922979
-4.6213738345093525	0.9996327523821249
-9.99651175193572	0.9999999982471122
1.0350023637541703	0.9633289468853258
5.2544783220162685	0.9633289896871302
1.232500829916443	0.963328971022656
-0.70982649823058	0.963386140143208
-5.754702587039202	0.999972620013286
-2.1694242762345306	0.9747400159969495
1.452147788500323	0.9633289661081074
6.705763790870861	0.9633289896819319
-0.5035392417260951	0.9633370410492049
-4.704197744464245	0.9996957614951797
-0.9750560542817013	0.9636654302268507
9.265952931006233	0.9633289896817643
-2.449902153132708	0.979959238031374
2.557950634247753	0.9633289923861174
-3.594139547161972	0.9965516028388575
-2.347714654461339	0.9780105968809024
-4.883182853389965	0.9997977111505145
6.769163827614811	0.9633289896819328
3.86448642118339	0.9633289898281815
0.179377333041991	0.9633290183724039
3.5119206825848437	0.9633289900198141
0.651386217668982	0.9633289665281791
1.4605497350027505	0.9633289616680033
-0.35638800180081276	0.9633301931321435
-3.6360833478361165	0.9968319627192355
9.259234285360915	0.9633289896817643
-4.03961185614703	0.9986518617550507
3.8901627911680627	0.9633289897785244
7.739924910713523	0.9633289896817854
-2.5044194578953682	0.9810136859341858
5.16607952208911	0.9633289896872481
4.9686205128056	0.9633289896924854
8.383908570937031	0.9633289896817682
-6.288357074241251	0.9999919812191996
-1.6070850622897925	0.967026334108428
-1.229716684377248	0.9644394745082917
-1.9926948687414168	0.9718493253039326
-1.2459146830442194	0.9645081550665856
6.378441702993346	0.9633289896821069
4.165275431416106	0.9633289897553301
9.72884106361754	0.9633289896817636
-7.474362524762972	0.9999994773267449
-0.04075545869247321	0.9633290457970722
-0.050869074252574364	0.9633290516876875
-3.044774443608964	0.9906379486703816
-0.07242669202928909	0.9633290600481873
1.900578512442376	0.9633290005042352
-0.6918380530002786	0.9633781171847221
-4.259764454518025	0.9991708865495769
-1.9078155524444629	0.9705924242535621
1.7353696077605019	0.9633289445035366
4.692913373513271	0.9633289897031557
-5.4735661110462575	0.9999477427613538
3.33099781416613	0.9633289900058432
8.300526700274485	0.963328989681769
5.799932783577519	0.9633289896831034
0.645410145789004	0.9633289665389206
-5.075030432498049	0.9998695780723769
1.8990972646557402	0.9633290005204281
2.817657726336126	0.9633289910341449
-8.118256314036842	0.9999998813293425
-5.271077921948546	0.9999168029382689
-7.191430269923007	0.9999989973382227
-1.2568582980086305	0.9645565906035407
2.0474422236718404	0.9633289998882417
-9.390045687122202	0.9999999936531793
-1.6094502551457346	0.967049252111336
7.433034050290278	0.9633289896818062
-0.5348911397625944	0.9633404047519912
-6.209762803210319	0.9999903910579777
8.650085705740494	0.9633289896817665
3.865127326814882	0.9633289898269819
-3.973678014964368	0.9984439557665271
3.4375302302829844	0.9633289900218236
-1.3336303687471087	0.9649555931176954
4.606129761709967	0.9633289897030572
7.6574136476573	0.9633289896817849
-1.6554427706893406	0.9675114499607919
-2.959009677816846	0.9893128890630575
7.316742072543036	0.9633289896818058
-0.06832682422826863	0.9633290590783681
3.8573272819884217	0.9633289898403947
9.976495410741922	0.9633289896817636
-5.909480380147416	0.9999808223561267
4.585054712799508	0.9633289897032109
-1.6370599719834722	0.9673226800496373
-3.804311361990602	0.9977645722697218
-1.2187590239256174	0.9643942789903162
-2.509136167017494	0.98110549603856
8.490276834498914	0.9633289896817666
2.709907703940555	0.9633289909053908
9.91800497144887	0.9633289896817636
-4.575813348048068	0.9995927753627712
3.184870065692568	0.9633289903602
-3.063748362951517	0.9909167827391738
-1.562710234837251	0.966613964408022
4.536298828032752	0.9633289897022794
7.238425420539201	0.9633289896818029
-2.687497254316664	0.9845367504707532
9.031443546357671	0.9633289896817643
3.4384506508933157	0.9633289900218073
2.0123830297834733	0.9633290002727307
-3.4610308151007407	0.9955168373450782
9.84449893348031	0.9633289896817636
-4.328444702125305	0.9992888312859557
6.993694406282707	0.9633289896818484
-4.480860016038517	0.9994952082905592
-9.695035343353222	0.9999999968553923
-7.751775860519539	0.99999972405582
-0.3836448008620188	0.9633307474876882
9.154490917813057	0.9633289896817638
-8.346950154264263	0.9999999299109095
-2.567949654483135	0.9822479193025104
-5.08497055141147	0.9998725145506825
-4.680509600106015	0.9996789194378368
5.71376928025288	0.9633289896830052
5.141685356346972	0.9633289896869895
-6.196661537080095	0.9999900968856873
-8.495059184503644	0.9999999501641614
8.81218095577999	0.9633289896817648
5.5772754118847025	0.9633289896844548
-0.42480064080850255	0.9633320589057541
4.793094821449703	0.9633289896939526
9.48819831216165	0.9633289896817641
-1.6663454367428177	0.9676258900384788
-1.9114974927494686	0.9706448335288842
-4.702083490488258	0.999694294452412
-8.949771695894317	0.9999999825083881
-9.116527824285935	0.9999999880855517
1.8165983463479805	0.9633290046262699
-3.8680861734262573	0.99804739964178
9.432955735464642	0.9633289896817641
