-2.0433032119185457	0.9888251348111424
3.8225488638910754	0.9882403807605252
-9.418187134086864	0.9999999959905734
3.5457450452327386	0.9882403807650723
-8.04746497155682	0.9999999058541359
5.868247133933583	0.988240380755991
5.290921073763695	0.9882403807560982
-3.2203041053660852	0.9958090478963865
-6.058468214123991	0.9999908278630875
8.88199646336161	0.9882403807559552
2.546897656329911	0.9882403808285023
-4.9398115205610305	0.9998805634599154
-2.3683576549472907	0.9900251920372365
-7.291231123153281	0.9999994629445565
3.089081002078009	0.98824038077406
4.108709665338562	0.9882403807582172
-4.894488288522507	0.9998675694512246
-4.567286990194339	0.9997221103498776
-4.152794383548044	0.9993037595324542
-0.8028843201719571	0.9882404010812933
-5.123234009170976	0.9999214406993104
9.013898653657893	0.9882403807559553
9.018947474480786	0.9882403807559554
7.187730080200293	0.9882403807559569
5.936861130436263	0.9882403807559914
2.359916188710095	0.9882403808795893
2.9206027893562414	0.9882403807925023
1.7563392514758203	0.9882403812561934
6.879356070659984	0.988240380755959
1.5259474026224584	0.988240381307251
5.900220025546803	0.9882403807559909
1.9924003518244646	0.9882403810436542
6.308713659057531	0.9882403807559641
4.223178543830986	0.9882403807569935
-0.6288916942779679	0.9882403957692583
4.496086551314345	0.9882403807565627
3.018590453246702	0.9882403807725036
-2.1641592926705666	0.989170222983177
-3.626640124205762	0.9979375325625277
0.23148327571266059	0.9882403812850263
7.256339425178933	0.9882403807559563
-9.35791922874123	0.999999995393723
6.744486077580838	0.9882403807559598
-4.9630612340059255	0.9998867308870656
-4.118548576343102	0.9992501558173115
-9.347971962418296	0.999999995287
-2.5720312451664684	0.9911976117469358
-9.671050407341667	0.9999999977601538
5.344831383362415	0.9882403807561009
-2.9604693580106956	0.9939864518905642
5.336434659861773	0.9882403807561002
-0.5512049975713254	0.9882403926978409
-5.217844987396334	0.9999367383528039
-2.782751323860837	0.99266558525703
-0.4439646177582155	0.9882403919018935
-3.847586834165928	0.9986712684351938
-9.006290732961526	0.9999999896490908
0.40133737815789416	0.9882403887247385
-6.57321912185485	0.9999971948938884
-5.794251594263788	0.9999831573314022
4.8778564281148675	0.9882403807562435
-7.072645299566602	0.9999991116333126
8.250227291125096	0.9882403807559554
-9.262785006741447	0.9999999942656477
6.182219093144784	0.988240380755973
5.102697843736728	0.9882403807560977
-3.542549540871258	0.9975827230824104
-9.345860902547498	0.9999999952640346
-6.892100004407373	0.9999986537643938
-3.3988855802599405	0.9968721206207628
3.580227780779248	0.9882403807619853
7.4387261061098755	0.9882403807559562
-6.1068919336168825	0.9999917949357447
-7.3986375276498695	0.9999995806111226
7.4821787719293695	0.9882403807559565
-1.5045549465959862	0.9882613840696579
9.671042812804977	0.9882403807559557
4.907186175210878	0.9882403807562387
-2.9182891823310175	0.9936731434563718
0.3690641744680523	0.9882403886879023
3.756912848144914	0.9882403807605047
-9.054018520355477	0.9999999907263502
-5.8757705684815065	0.9999860364538807
-8.532320297792166	0.9999999691717993
9.231004495741697	0.9882403807559555
-3.294089653218162	0.9962713106619505
-5.751667361151247	0.99998142484824
4.616866672920237	0.9882403807565235
-0.27801346368772073	0.98824038064586
-0.03356801473790938	0.9882403810307887
-2.3505991608351806	0.9899374897350565
-1.3634261234783107	0.9882453701507015
7.186688097638427	0.988240380755957
5.706861781219402	0.9882403807559899
-6.127618085458133	0.9999921770681193
-9.970152222392127	0.9999999988185315
5.692182488853179	0.9882403807559987
-0.5609467170151881	0.9882403928184457
2.13053924537466	0.9882403808964757
7.915164654106501	0.9882403807559558
4.969523382077314	0.9882403807562407
1.691500447182115	0.9882403813282131
8.067685078207173	0.9882403807559558
-1.542303691496718	0.9882692720833969
-6.374109266076826	0.9999955639110181
0.5353573461970527	0.9882403887298196
9.905515093134838	0.9882403807559553
1.284628117348877	0.9882403818887079
-1.3641776901902993	0.9882454133749109
8.884135644566655	0.9882403807559553
-7.992172079054907	0.9999998930714517
-4.543119067785639	0.9997065934015927
7.788770432806377	0.9882403807559561
6.221075316028951	0.988240380755973
-8.842354337602313	0.9999999849021646
-8.853926074347761	0.9999999852991314
1.7195264851559422	0.9882403813369421
-1.6040585879399707	0.9882878966065496
-2.460325907339209	0.9905148817731126
4.294301182086961	0.9882403807570891
-1.8000100052289056	0.9884177860910569
-3.9123576712671815	0.9988379034646702
2.5307215835654198	0.9882403808285621
3.535485883772873	0.9882403807652435
0.767873096598013	0.988240385054048
-9.048609730942637	0.9999999906101303
-6.119847708501225	0.999992035933849
4.446748045329624	0.9882403807571053
4.6107594381214145	0.9882403807565229
4.884784252710276	0.9882403807562412
-3.583499108493453	0.9977610419933367
-7.748549509878475	0.9999998126242701
-0.5664869082632826	0.9882403928863541
6.632279562582216	0.988240380755959
-4.876477798715477	0.9998620260992559
-9.077066026760212	0.9999999912056652
1.6560481135942418	0.9882403813307291
-8.074005665311233	0.9999999114352939
4.166204306162422	0.9882403807578947
0.8647329955946947	0.9882403839741413
-8.713675736472783	0.9999999796954656
1.2133247708165449	0.9882403818002816
9.192342053016528	0.9882403807559552
8.51236748791338	0.9882403807559553
4.351341320436028	0.9882403807570944
5.943353991930799	0.9882403807559921
4.856217455144742	0.9882403807562458
0.5860783833613947	0.9882403851670021
4.982497965204015	0.9882403807562407
-4.318098441090408	0.999515372246841
-1.0887384195161012	0.9882404935428086
-7.5001724990824	0.9999996680404879
4.584206233686077	0.9882403807565269
-7.4812006049727975	0.9999996532180994
-1.6095499164974925	0.9882899666220214
-7.900160849855604	0.9999998678387754
4.812579997760324	0.9882403807562158
4.350294524034034	0.9882403807570945
-2.4691854845822547	0.9905653874077037
-1.1054935809746844	0.9882405262912279
-1.8305940320579417	0.988450508021929
8.37184711656386	0.9882403807559557
-0.9434816194921289	0.9882404065804913
-5.384745924848806	0.999956851384664
-5.877260813857892	0.9999860842313735
-1.4381583496853434	0.9882515586814
3.1249424389099403	0.9882403807741396
-3.3479733164154046	0.9965886837025019
-0.5500670142110575	0.9882403926839087
-1.3957907214611076	0.9882475463912388
-8.329017808246725	0.9999999507677123
-5.49673689655882	0.9999666320729362
-6.274391726072892	0.9999944194541411
8.83091575134437	0.9882403807559554
3.4210788594045596	0.9882403807650474
6.056091686410646	0.9882403807559733
-3.1091090855885373	0.9950593741476033
5.123247047823231	0.9882403807560844
4.268615209046427	0.9882403807571156
-4.360065813529279	0.9995583861900476
1.4307205367791553	0.9882403819164441
-9.049018410986388	0.9999999906189625
-2.7138437803608007	0.992167914266058
-6.387344866114835	0.9999956970166486
1.798243329599405	0.9882403810263448
-2.2632942685717605	0.9895424176290651
-7.05415701503687	0.9999990730012249
-9.700864488553798	0.9999999979087572
9.552821058644096	0.9882403807559554
2.554070797897543	0.9882403808285065
7.854521139834965	0.9882403807559554
-3.261270573247601	0.9960695137908122
-5.330848480959824	0.9999511731128122
3.8152091960925727	0.9882403807604867
-2.8522245308189786	0.9931804357994567
-7.569711862852109	0.9999997171558249
7.510163632180689	0.9882403807559557
0.1515594857442828	0.9882403814478709
0.5679561137908671	0.9882403864590833
6.264749145056662	0.9882403807559723
-1.2976752723476537	0.9882426242834466
2.1619247272421624	0.9882403809034405
-9.9369648847778	0.9999999987857555
-5.39878863870876	0.9999582195103612
5.537524243726031	0.9882403807560265
-1.1964470641564553	0.9882409584284014
-3.2567291636343887	0.9960411011504269
-2.7832496094654724	0.9926692476678024
0.40108122168989624	0.9882403887251772
-8.90110650777225	0.9999999868124967
3.072062606745165	0.9882403807743306
-9.367927683786306	0.9999999954986637
6.676467841708632	0.9882403807559599
-3.6446602386496396	0.998007860672493
6.170217285563247	0.9882403807559731
-6.516439700746908	0.9999968032057401
-3.5911200331641657	0.9977930609380198
2.6896552548143724	0.9882403807948111
8.62903410145121	0.9882403807559554
-6.620357931142928	0.9999974833612675
-4.0501209561068885	0.9991313193923643
-8.004716339721373	0.999999896115798
-5.517090716814299	0.9999681557977003
-9.630227824214558	0.9999999975394002
7.304254080140879	0.9882403807559562
6.890837170606918	0.9882403807559582
3.86460780212278	0.9882403807598605
-4.732104780642348	0.9998084781381201
0.825969961356968	0.9882403851341911
2.360017384034423	0.9882403808794274
-3.0116407456318983	0.9943625321623448
-9.370635997835022	0.9999999955266476
0.1497956642707443	0.9882403814509284
7.716187414714241	0.9882403807559559
-1.8113871453137165	0.9884295713614167
6.909512688160898	0.9882403807559572
6.75949859496064	0.9882403807559597
-1.2081555251348917	0.988241063022164
-6.464707804912635	0.9999963989264048
-6.617945362790008	0.9999974693450865
-7.998600716415423	0.9999998946425932
-3.5716247048237237	0.9977104255190734
0.7258235953011205	0.988240385049186
-8.15203883621506	0.9999999260006291
-3.0814473928613673	0.994864532640804
-0.6211414194423082	0.9882403949459633
-2.8286569884243784	0.9930051116462639
4.10460940045715	0.9882403807582185
0.9551958138409979	0.988240383025452
-4.236508872537881	0.9994199994073175
9.50057164953559	0.9882403807559553
6.01191665337117	0.9882403807559721
-3.47693467196474	0.9972746556964353
1.2842211210867216	0.9882403818888301
-0.7131730647757308	0.9882404000946603
3.140786021271321	0.9882403807741361
-4.992018133235181	0.9998939727514087
9.354610877244003	0.9882403807559553
-7.84672386871287	0.9999998505347196
-0.9043401412579364	0.9882404035170597
9.68060476215555	0.9882403807559555
-7.182554300313844	0.9999993102521182
3.5855604947488384	0.988240380761446
7.156133694644144	0.9882403807559577
-1.2767617828993707	0.9882420864861644
-2.676095739314115	0.9919012189728454
-6.041462381959382	0.9999904618663289
5.399269158618484	0.9882403807560309
-1.9423779589313597	0.9886122684356622
8.450620417818406	0.9882403807559553
7.465426789591167	0.9882403807559568
7.777040596589298	0.9882403807559561
1.8103699404641702	0.9882403810174232
-4.113193018659027	0.9992414315473692
-9.235528863475944	0.9999999938942298
2.9381798051279198	0.9882403807929245
6.782202192675825	0.9882403807559598
1.5818775188982848	0.9882403813288594
-3.6096584623485883	0.9978694368896343
6.092551012695342	0.9882403807559732
-6.793521519998591	0.9999983107763519
-0.765436155251038	0.9882404006568706
-5.487273652492584	0.9999658990881845
1.89341211472399	0.9882403810433288
-0.842629841122239	0.9882404016574347
-8.629027775426703	0.9999999753259232
9.520230346231628	0.9882403807559554
1.5824669976727002	0.9882403813287025
-8.68745059732937	0.9999999784315885
1.5747324239559024	0.9882403813318117
7.430841713340705	0.9882403807559563
-8.233018777752878	0.9999999385886539
3.1496988574379117	0.9882403807741278
5.81542124484438	0.988240380755991
-3.6458988052344887	0.9980126220853072
-6.7830261671051595	0.9999982694623478
1.8317581772856784	0.9882403810390012
7.725485566766835	0.9882403807559559
-5.0320425664512936	0.9999032326090366
-9.791685527625456	0.9999999983033835
-7.020277393765535	0.9999989977961392
9.870589083171787	0.9882403807559558
7.4657343446576405	0.9882403807559568
6.852924604560652	0.9882403807559601
-7.31491595507848	0.9999994914480494
7.433112085398257	0.9882403807559562
7.425957045199848	0.9882403807559562
-1.0856079590010559	0.988240488375997
4.167038808106929	0.9882403807578733
-3.1432797979688276	0.9952957922847877
-5.831122312885122	0.9999845264668878
-9.321917247587358	0.9999999949955996
-6.529250984984478	0.9999968961073106
2.682716877048401	0.9882403807995939
-8.099728402712891	0.9999999165284993
9.161661106126378	0.9882403807559551
-5.358575154347562	0.9999541814764157
-1.2266132757192025	0.9882412583420379
-7.429011962490586	0.9999996089399155
-0.6314979498435882	0.9882403960689256
-8.236591760617218	0.9999999390918163
-1.801008969690976	0.9884188019160085
9.942319465519255	0.9882403807559553
-0.40682149682851687	0.9882403915571952
0.10088557186698566	0.9882403814589461
-0.6078869915001519	0.9882403939174738
-5.810607846275269	0.9999837790216495
-7.649306220833796	0.9999997645195265
7.454478665654037	0.9882403807559568
9.4971980428057	0.9882403807559553
8.3894475301236	0.9882403807559554
-3.1809056726525764	0.9955501314005648
-7.864980113018785	0.9999998566875091
-0.4790814890661732	0.9882403920906756
-4.4657996824266055	0.9996510663769516
-9.463179913535388	0.9999999963851576
-3.184847051612274	0.9955763845919229
-7.497506264889093	0.9999996659962882
6.310046192515255	0.988240380755964
9.147307437704157	0.988240380755955
-4.100611763868649	0.9992205622626641
9.18471114069066	0.9882403807559552
5.91306876915478	0.9882403807559905
8.83384215873738	0.9882403807559554
-3.0396628248552293	0.9945657367530683
5.385564798874963	0.9882403807560511
-0.8240343678142423	0.9882404013608606
1.866045700923884	0.9882403810485327
3.1477966519338416	0.9882403807741291
-9.266471101940494	0.9999999943141127
-6.937543009651432	0.9999987874968097
9.915856210607153	0.9882403807559552
4.654314901319886	0.9882403807565248
-3.1825758760712874	0.9955612657734715
1.874920252975766	0.9882403810457043
-4.030001481697609	0.9990931929532496
1.5816653119620518	0.9882403813289184
-4.5341555462608385	0.99970062608777
9.151417592618387	0.9882403807559552
1.7238568720395708	0.9882403813405339
-5.081216602020575	0.9999135175596447
6.271866095764054	0.988240380755971
7.4641031607250525	0.9882403807559568
0.47791220787367195	0.9882403887089619
3.927404686689183	0.9882403807580696
6.51077228718329	0.9882403807559643
4.210260994132788	0.9882403807569972
2.2787285465155414	0.9882403809009795
3.0274045991200325	0.9882403807730751
7.088112498504678	0.9882403807559574
-5.617353734580646	0.9999747067975785
-9.053107093636953	0.9999999907068674
-7.84791261157709	0.9999998509432749
1.6881545541345169	0.9882403813290609
7.5969438154806035	0.9882403807559557
-1.3605330081007772	0.9882452066893656
4.352504144507661	0.9882403807570942
2.3612346763228764	0.9882403808774576
-7.518305406061221	0.9999996816149953
-1.9647005466909206	0.9886535723006714
-4.749760341408571	0.9998159918299203
-7.115852933272877	0.999999195756286
9.653867361473154	0.9882403807559554
7.795586335192045	0.9882403807559559
3.080517412221644	0.9882403807741618
-1.6179561379505216	0.988293269599868
2.9270612651627204	0.9882403807928694
-3.538462405474374	0.9975643403531068
6.152025832801527	0.9882403807559729
-5.136387355462784	0.999923769526895
8.791929157168447	0.9882403807559555
-7.973804596431053	0.9999998884522031
8.411076135980608	0.9882403807559552
0.7058656987124721	0.9882403850423213
7.933385144065383	0.9882403807559557
-3.295510716675998	0.9962799061462415
7.7869157790098065	0.988240380755956
0.03296936809125128	0.9882403814642837
7.968124403392597	0.9882403807559554
4.002347862837251	0.98824038075822
-9.235591947634925	0.9999999938951167
-0.040499996075279654	0.9882403808686695
-6.206065084298675	0.9999934691584182
2.84947443882575	0.9882403807922694
-8.603193129164065	0.9999999738136186
-2.8887978558005223	0.9934531997065065
0.28161680051029236	0.9882403879676956
-6.397333004966916	0.9999957948151391
-9.613558685821793	0.999999997443121
-0.6492905863878917	0.9882403981529897
-0.1032548380305176	0.9882403804488521
-9.271604623373971	0.9999999943809268
-9.518039139207044	0.9999999968141151
5.222436959329869	0.9882403807560975
4.062745182742367	0.9882403807582321
8.595047839048888	0.9882403807559555
-3.2511220550188735	0.9960058600646315
-4.087972334058101	0.9991990585490582
4.036662818781377	0.9882403807582334
3.5746896010787843	0.9882403807625808
2.0052045041457376	0.9882403810430943
9.68826690523894	0.9882403807559555
-9.16215671879803	0.9999999927704275
0.9177456701227058	0.9882403828511427
2.998513616043873	0.9882403807735087
7.648693860214625	0.9882403807559553
-4.417940425734499	0.9996117182585588
-7.218946608224988	0.9999993656922562
3.736883237293771	0.9882403807605079
-4.092720260798122	0.9992072002590017
2.674110475822925	0.9882403808066551
3.1739777418016857	0.9882403807741588
3.9390538722678503	0.9882403807581861
-7.772602926903063	0.99999982271981
7.2179123873996645	0.9882403807559563
8.453517760195123	0.9882403807559554
6.800780658301914	0.9882403807559599
-8.797338037508244	0.9999999832532341
-7.839912352992466	0.9999998481720236
-8.019437277978518	0.9999998995780304
-1.0783249868866776	0.9882404773797435
-6.642350060444793	0.9999976076028534
-6.234199908498699	0.9999938786242564
-7.772786610908162	0.9999998227947734
9.671905193520924	0.9882403807559555
4.944236992041624	0.9882403807562402
5.196161438410289	0.9882403807560973
-3.9310603893339513	0.9988824113489898
4.9646284190972665	0.9882403807562403
-8.819932449925467	0.9999999841022165
-4.75553232690519	0.9998183847081519
5.879361147158013	0.9882403807559911
-3.0653593408867286	0.9947500748821507
-8.65670988316024	0.9999999768495792
0.5118838376058363	0.9882403887487773
-1.3124598416777289	0.9882430874835686
4.239194423536873	0.9882403807570669
1.0824792830122565	0.9882403829845449
-3.593587894127017	0.9978033516680134
8.833781735112723	0.9882403807559554
-3.779815539333433	0.9984747369800032
0.2619855552213668	0.9882403849920991
3.069935452624435	0.9882403807743741
-6.92514384089467	0.9999987523846199
-3.9450028784995927	0.9989145856287286
5.455607854894886	0.9882403807560276
1.1456657064358957	0.9882403828819465
-3.5447884608113522	0.9975927478263626
-2.5119325190624187	0.9908194359813709
9.928748086134128	0.9882403807559552
-2.552651844372167	0.9910731152398575
2.634276401799429	0.9882403808300233
-1.1241639246766475	0.9882405748629101
-5.708673050211952	0.9999794951218075
1.8252178073629608	0.9882403810306879
-7.952692334465339	0.999999882895637
1.286744698238902	0.98824038188822
-4.640464206566053	0.9997643619309814
-2.388969789202209	0.9901299970201476
4.802750255471405	0.9882403807562364
6.550464855086851	0.9882403807559647
8.15187142019812	0.9882403807559554
3.8847364511383944	0.9882403807587932
1.0847111365037208	0.9882403829824743
-3.3682327204057216	0.9967033966243323
1.3037995461536624	0.9882403818904616
3.8160007454429223	0.9882403807604893
-1.1213277403143707	0.988240566547208
5.976370659900926	0.9882403807559845
0.5453533004674593	0.9882403882598743
-9.330540676472662	0.9999999950939875
5.816047404756208	0.988240380755991
6.8505339526577345	0.9882403807559602
-5.834276009382164	0.999984638280414
4.484132823379451	0.9882403807566997
9.012564944809096	0.9882403807559552
-5.444264712459694	0.9999623602296996
3.4797260543361084	0.9882403807650629
5.197231016254179	0.9882403807560973
8.939808964798182	0.9882403807559552
2.4527341099067037	0.988240380830093
8.924191245723534	0.9882403807559554
-4.174064584943067	0.9993352182160269
6.075768551296559	0.9882403807559734
9.907002843592462	0.9882403807559553
5.269603964381787	0.9882403807560978
7.6958390971350035	0.9882403807559558
9.692029470795802	0.9882403807559557
4.6529614589098	0.9882403807565244
9.369940875128432	0.9882403807559554
2.413774176320004	0.9882403808216521
9.170617252699248	0.9882403807559552
5.396362624905695	0.9882403807560345
-0.4392947701223182	0.988240391879751
-8.557061797035859	0.9999999708789675
2.3631671504637453	0.988240380874259
-7.163000013699001	0.9999992784880631
-1.0288231925500178	0.9882404307512773
3.462713180864366	0.9882403807650532
8.838693365754146	0.9882403807559554
8.570942803872331	0.9882403807559553
8.55247644642246	0.9882403807559552
-1.5756915376043867	0.9882782605204221
-3.7912275560147846	0.9985094983244921
7.617252409535439	0.9882403807559557
-4.695969085989344	0.9997921464971709
9.472106992516803	0.9882403807559554
-3.778143118190349	0.9984695844924215
-6.904953065603716	0.999998693018767
-0.6985296882878487	0.9882403999790732
1.0022964161422685	0.9882403829810609
6.659317968912468	0.9882403807559599
-0.4916830727699626	0.9882403921795241
-9.807586265873574	0.9999999983643779
-6.285751885161197	0.9999945634700731
-6.644957269281355	0.9999976219195429
2.7497538967500077	0.9882403807929767
7.980338666248841	0.9882403807559554
8.524746500299308	0.9882403807559552
3.2574375702070046	0.988240380772518
8.923627372085761	0.9882403807559554
4.300057956327281	0.9882403807570881
-5.942721188746738	0.9999880293716021
-8.237193996815035	0.9999999391762187
-2.7955898495824405	0.9927601902880452
-3.6693058227091946	0.9981008741520235
3.0538676586237035	0.988240380774522
-0.6227320251227564	0.9882403951043933
7.656555265272381	0.9882403807559554
7.317724850293036	0.9882403807559564
-8.734167353783576	0.9999999806312543
-7.039778441945286	0.9999990417990559
1.1204126006835047	0.9882403830209041
-8.72395140920438	0.9999999801702443
-1.0064611436406334	0.9882404201998481
7.520836589043384	0.9882403807559558
-6.9196041683515785	0.9999987363704327
-8.284545582930448	0.999999945459126
-3.020094691685058	0.9944240753865542
5.481926392228056	0.9882403807560272
-3.551191872410908	0.9976212425342134
-3.0113814466948963	0.9943606414410091
-0.285216338450617	0.9882403805918942
9.365292601394177	0.9882403807559554
-8.415786696167746	0.9999999596836348
2.864737184099617	0.9882403807923066
-9.013079100577158	0.9999999898096265
6.087333105396798	0.9882403807559734
8.37350853607671	0.9882403807559558
-2.500614469147071	0.990750824620293
-0.4607445148528999	0.9882403919738438
-7.9487609437879625	0.9999998818307647
0.8384311697895583	0.9882403850204076
-2.713291127669737	0.9921639781333201
7.5851253142361195	0.9882403807559557
-9.265106475006357	0.9999999942962183
-6.181067483255296	0.9999930824419108
6.524017500189462	0.9882403807559645
2.9789014307309625	0.9882403807797338
-3.549395017377872	0.997613273036944
-6.379044937586937	0.9999956140218107
-9.149026705579924	0.9999999925485185
-9.17617134982343	0.9999999930000008
-8.956281111587083	0.9999999883858326
4.066018199717206	0.9882403807582328
-5.081441984188699	0.9999135621074586
-9.056444987197615	0.9999999907780198
1.5480274118576745	0.9882403813422127
-5.89517826832989	0.9999866460434252
6.784286410629221	0.9882403807559597
-1.557271517859542	0.9882730073195948
6.91806636423447	0.9882403807559571
-2.900996806947922	0.9935442120111668
1.9832826769639524	0.988240381044762
-0.29301954047785017	0.9882403806377128
6.481311134207747	0.9882403807559642
-4.726445927097225	0.9998060066072674
-3.715555172997891	0.9982657619140066
-0.030325403585869992	0.9882403811047915
0.9960316193237837	0.9882403829780455
1.4200854946188368	0.9882403819088553
6.6847213069202525	0.9882403807559597
8.140303403878441	0.9882403807559552
-1.6439902317739765	0.9883046193193977
8.07645342650989	0.9882403807559558
-6.714090581129497	0.9999979718226345
8.822175905871468	0.9882403807559554
0.2760339719070437	0.9882403872337563
-7.488702432878496	0.9999996591566227
9.355747310590331	0.9882403807559553
-9.930572936031554	0.9999999987677519
7.9039401259984885	0.9882403807559555
8.77669865091239	0.9882403807559557
-0.8108861003226977	0.9882404011818586
4.287536154122758	0.9882403807570935
9.22843807516065	0.9882403807559553
3.9471325367515817	0.9882403807582494
-1.2162159848409324	0.988241143518395
-2.7752679454276885	0.9926106980676149
-6.613330755276312	0.9999974423179646
0.1963435101046649	0.988240381545767
9.673176387325046	0.9882403807559555
9.82504855748568	0.9882403807559553
-8.414639594378134	0.9999999595770065
9.405779281674072	0.9882403807559555
-5.898150006343426	0.9999867370079847
-6.524905324151766	0.9999968649010939
0.8930048339654064	0.9882403829021575
-2.392716724849042	0.9901493843043938
9.630489450118475	0.9882403807559552
-2.911724288651496	0.9936242139478326
2.534817007039024	0.9882403808285507
7.146259797816175	0.9882403807559575
0.544400021476342	0.9882403883181595
4.2094315516893985	0.988240380757001
1.5163034510276407	0.9882403812851993
8.731464617296247	0.9882403807559552
-9.894748750836829	0.9999999986618017
-9.95663041506386	0.9999999988185315
-9.614958510042015	0.9999999974513492
7.566537556038892	0.9882403807559558
3.3960916464069424	0.9882403807650024
-7.460652244841119	0.9999996364164563
-5.800428165714977	0.9999833948466565
5.443562465884035	0.988240380756025
2.7269884855896454	0.988240380790266
-6.361105750671903	0.9999954291304926
1.4041599235092939	0.9882403818871393
4.1418573268508005	0.9882403807582736
-4.660603775042209	0.9997748408537316
2.5125984013790905	0.9882403808284053
3.6634986389352253	0.9882403807606003
-6.576215610798761	0.9999972141770632
6.240490595351066	0.9882403807559735
5.006139373367251	0.988240380756239
2.7931018343148715	0.9882403807920913
7.388495300834759	0.9882403807559565
-5.063997679697856	0.9999100459036879
3.8222782980180536	0.9882403807605232
-8.157592700092998	0.9999999269409359
0.8258306155416371	0.9882403851341156
-5.771524403910888	0.9999822538054003
7.337892583446358	0.9882403807559563
3.8791590816552954	0.9882403807590834
3.98352731342953	0.9882403807582354
-2.0668844586451574	0.9888847555222889
0.7933377094781147	0.9882403850238363
-0.888445369800781	0.9882404028250193
6.326640571231156	0.9882403807559635
3.663992931756056	0.988240380760599
-1.1421815754695217	0.9882406367164999
-2.759856194049859	0.9924984098287377
-0.8207992715815937	0.9882404013149009
6.416176632152432	0.9882403807559641
-8.091101603528905	0.9999999148538637
6.640063626920224	0.9882403807559594
-6.858474995317452	0.9999985454048175
9.343389250245743	0.9882403807559554
7.9342839692020135	0.9882403807559555
-2.232596509877456	0.9894184476704503
-6.966020937979556	0.9999988644469749
5.440755923696553	0.9882403807560239
-9.227514036500914	0.9999999937805023
-0.4260357551669891	0.9882403917773088
2.0168230909552634	0.9882403810462851
7.054468083018868	0.9882403807559574
4.045665434725091	0.9882403807582321
-7.6798061620401326	0.99999978048938
0.6354631852122274	0.9882403850643664
7.056643438917778	0.9882403807559574
-1.8402194505829872	0.9884615434004148
-6.175958070533505	0.9999930006245658
1.990090468785617	0.988240381043948
4.744930342608033	0.9882403807565345
2.891637723535476	0.9882403807921931
4.73660808180969	0.9882403807565361
1.5147532459491977	0.988240381282576
7.938523877951432	0.9882403807559553
-8.00693197170177	0.9999998966444261
5.662564895411855	0.9882403807560225
7.241248318938371	0.9882403807559563
9.11823353620192	0.9882403807559553
-5.834401711655177	0.9999846427203923
-8.992870908143388	0.999999989324252
-6.55225312396976	0.9999970561858776
-1.6508829099799271	0.9883079268052887
4.065228868048898	0.9882403807582327
-3.466000788558965	0.9972206267188459
-8.36108805849586	0.9999999542722416
-8.596759697866162	0.9999999734228188
-9.98417400077836	0.9999999988185315
-3.020841637077498	0.9944295034253846
7.904770747462248	0.9882403807559558
0.7530074287302071	0.9882403850491798
-9.388410832332239	0.9999999957060358
5.620203687556753	0.9882403807560262
-4.391937055484192	0.9995885732967448
-4.4365396260682255	0.9996274953202153
-0.705279043401994	0.9882404000124142
9.198732037262552	0.9882403807559553
8.856343328616909	0.9882403807559552
-9.610211441519464	0.9999999974233379
-8.40110918879068	0.9999999582978035
8.786075991607131	0.9882403807559555
4.1367318386520715	0.9882403807582797
-0.029080858207590765	0.9882403811324794
5.517976691913438	0.9882403807560263
-3.679732001776612	0.9981391355177708
-3.6161953370148137	0.9978958597829017
-3.6346730924814263	0.9979691275452435
-2.1086761459422387	0.9889998782961101
7.680650043821121	0.9882403807559558
-5.383593379466434	0.9999567371350984
6.011299002473308	0.9882403807559723
-0.6107042647919769	0.9882403940920993
-9.668790408271102	0.9999999977484675
8.915529174584247	0.9882403807559553
8.546910298061697	0.9882403807559552
8.802280176509235	0.9882403807559553
-1.7274670447440332	0.9883544591313956
-6.401301696368158	0.9999958330549494
8.290275199776808	0.9882403807559552
7.235104268239393	0.9882403807559564
3.3549983207021974	0.9882403807652457
-2.2869099319181085	0.9896431071660133
1.104701940765004	0.9882403829761488
-4.337987759985613	0.9995362365238638
8.465999807049116	0.9882403807559554
-1.793622351900698	0.9884113792906741
-5.554912205109264	0.9999708052654324
-6.357978468994516	0.9999953961100542
-4.044425486544219	0.9991206793749835
8.313573910344964	0.9882403807559554
-4.193379309976613	0.9993626195810621
-0.7109103210384973	0.9882404000676783
-9.04635044095832	0.9999999905611547
0.004409654326785528	0.9882403815209452
-9.493797492028953	0.999999996631227
-9.83290789863502	0.999999998457016
6.70009617886404	0.9882403807559599
9.986258171472624	0.9882403807559554
1.8142768015301378	0.9882403810192057
4.452772071794744	0.9882403807570735
0.5538122056058192	0.9882403876532454
-5.458865327120819	0.9999636008705234
1.6646792182295513	0.9882403813312505
-4.836803119653275	0.9998489929188644
-8.452735555586624	0.9999999629717983
7.7597296373424065	0.9882403807559562
3.308202607995586	0.9882403807642421
-3.4455892609673233	0.9971177014762101
-6.360128370166849	0.9999954188360266
1.2330959669934227	0.9882403818856447
-5.588165906194065	0.9999729524261058
-0.3480474810090506	0.9882403885796872
-7.735364634152924	0.9999998068485569
-8.94812721811788	0.9999999881657177
3.4442306196717976	0.9882403807650507
-1.5861609891073947	0.9882816060114928
0.8697836062624109	0.9882403837288244
6.884646723612704	0.9882403807559589
1.6934331230617197	0.9882403813277671
2.251962450941093	0.9882403809007938
-9.486265880397951	0.9999999965722954
-5.266988146381384	0.9999434749362262
-4.815395888085927	0.9998414631309123
6.867359605265406	0.9882403807559599
-1.378559812756448	0.9882463043066347
4.930552442260371	0.9882403807562402
4.496301527526789	0.9882403807565605
2.849764094939392	0.9882403807922691
-0.5624667280137352	0.988240392837213
1.418308411553122	0.988240381905704
-0.935875278787158	0.9882404057819243
2.9351899191141975	0.9882403807930344
-4.67146377017861	0.9997803003226393
8.427354694711447	0.9882403807559553
6.498608201600927	0.9882403807559643
5.376518834294956	0.9882403807560666
2.3688627989251287	0.9882403808645056
0.8628822894707078	0.9882403840647032
9.605356091123234	0.9882403807559555
-0.8893646467563077	0.9882404028591307
-4.741538542348369	0.9998125296671602
8.253576779297546	0.9882403807559554
-3.9573846189922124	0.9989424537158876
-9.054872149127636	0.9999999907445605
-3.447518819645121	0.9971275461463418
3.047664193007268	0.9882403807744079
-7.245392424920372	0.9999994031631884
-9.492802823869159	0.9999999966235026
7.7325128425140655	0.9882403807559561
-7.435225388270013	0.9999996144947869
6.408032010797765	0.9882403807559643
7.190142526163285	0.9882403807559569
9.95822396455167	0.9882403807559552
7.073115651650777	0.9882403807559574
-4.6901398351329515	0.9997893867527035
-4.214112614579291	0.9993908438297163
2.2401896598180127	0.9882403809008331
-4.421114924088512	0.9996144560909944
-3.814151057611199	0.9985772571774272
8.781935480034196	0.9882403807559555
-9.140530268326486	0.9999999924013045
-4.895979757217908	0.9998680185069062
6.2316923423146235	0.9882403807559734
-1.7164228656590996	0.9883465465064897
3.171483655805023	0.9882403807741562
8.795613129208984	0.9882403807559555
-0.5693433609262435	0.9882403929206265
5.028846832042625	0.9882403807562425
6.22004580285795	0.9882403807559732
-6.764522389954513	0.9999981941482344
4.303837769234541	0.9882403807570881
-1.0977812592109792	0.9882405100900207
-6.142605802466581	0.9999924422690274
8.247685526640772	0.9882403807559553
-7.788478722211365	0.999999829083219
-8.5205412847374	0.9999999683242287
5.682980531538856	0.9882403807560062
-0.5155575460855175	0.9882403923401293
6.326242784430605	0.9882403807559637
-5.6152617235358315	0.9999745849222532
2.066860917381149	0.9882403809758753
-9.29423060971661	0.9999999946661748
1.1274997823265043	0.9882403830330131
8.626865578312113	0.9882403807559553
3.110213470633587	0.9882403807740808
6.537225599716837	0.9882403807559648
-4.243358855684787	0.9994286488242641
3.348774787052683	0.9882403807651894
2.892067766599272	0.9882403807921861
7.557011081428236	0.9882403807559558
-4.388094411603922	0.999585042038451
-9.90028153340246	0.9999999986787413
2.8568825202942385	0.9882403807922774
-6.421085928084844	0.9999960185600283
-8.474202999764962	0.9999999647576349
-2.109326267156244	0.9890017582062722
-3.732677078115465	0.9983236840085176
6.765997919998071	0.9882403807559598
-8.716180902931079	0.9999999798122527
-1.6450141647882788	0.9883051023833341
8.604964004133642	0.9882403807559553
0.9822060389093714	0.9882403829789315
-3.7513822096799476	0.9983850830331008
7.73598697070377	0.9882403807559561
-7.555513350917362	0.9999997077560615
7.808462131389273	0.9882403807559557
2.237206046577299	0.9882403809008602
-3.342425750619773	0.9965568303880861
-3.6317363791623647	0.9979576226938335
-9.870556752187586	0.9999999985851431
4.034806421736278	0.9882403807582335
-0.8575393197491099	0.9882404019518357
6.048994759625934	0.9882403807559731
-6.4792338224779344	0.9999965173464653
5.811971291471764	0.9882403807559909
-8.44837997267824	0.9999999625985655
8.818076447552041	0.9882403807559553
-1.7161299221061643	0.9883463424137096
-3.5104757912340423	0.9974355899787601
6.315809647293737	0.9882403807559637
6.130058301374049	0.9882403807559731
8.730869333637102	0.9882403807559551
-7.674231855973606	0.9999997776537924
-4.147043512161632	0.9992950165415925
6.495210713650025	0.9882403807559644
-9.287020708760409	0.9999999945768875
-6.6603817572871105	0.9999977048830023
-4.395430669678442	0.9995917586238862
5.326661225990206	0.9882403807560982
7.375840369897887	0.9882403807559565
-8.722496384012327	0.9999999801036973
7.914853517662387	0.9882403807559558
1.648620216152068	0.9882403813304308
0.14939533624960255	0.9882403814516112
1.9241824189862342	0.9882403810449971
-1.264706831332738	0.9882418340739153
7.216233449749993	0.9882403807559562
0.026805849979925966	0.9882403814791849
7.927639600404749	0.9882403807559557
8.409183799081404	0.9882403807559553
-4.636500968533581	0.9997622442081228
-0.14115674339671536	0.9882403804665002
-5.087723832271558	0.9999147946220898
-9.179765127958163	0.9999999930576865
-3.334724391777266	0.9965122957778403
-6.200318023097968	0.9999933822089055
4.606822467424214	0.9882403807565222
-3.998769791377099	0.9990309496514332
3.1955759010919174	0.9882403807740658
1.0759125089528823	0.9882403829887899
6.580637787057025	0.9882403807559623
2.6476201886646287	0.9882403808267294
0.7438849529522518	0.9882403850466338
-0.8325892270917699	0.9882404014896842
1.7812166264763007	0.9882403810934052
0.19037917556349093	0.9882403815343771
7.418530650618635	0.9882403807559564
-2.6223310233539765	0.9915310171536849
9.573010101111926	0.9882403807559557
3.539942419255766	0.9882403807652164
7.666302621579177	0.9882403807559559
0.47497079285314214	0.9882403887152633
-8.459018157811009	0.9999999635036078
-8.232401051387743	0.9999999385012426
-1.405890966348009	0.9882483726398428
-9.223185362059137	0.9999999937182016
-3.3519576641336757	0.9966114441021854
-9.093438116010928	0.9999999915310189
4.139110874394753	0.9882403807582791
-1.768217071158361	0.9883874867143944
7.368304664904866	0.9882403807559565
-5.695644611261406	0.9999788717647429
-9.067796153540586	0.9999999910159356
-5.170565686341706	0.9999295050816323
3.2447286626085123	0.9882403807741745
9.958427811550706	0.9882403807559554
7.234031674878288	0.9882403807559563
5.931976246935399	0.9882403807559913
4.67834407603085	0.9882403807565259
-4.030864668082996	0.9990948598569465
1.0236092632373825	0.9882403829879975
1.0132487942707158	0.9882403829864798
8.620676087654658	0.9882403807559554
8.877587751279748	0.9882403807559552
-8.931723384290438	0.9999999877101738
-3.77534958323011	0.9984609446137204
4.96991073363651	0.9882403807562404
-4.408496136121216	0.9996034614510221
-7.758067173593215	0.9999998166859192
4.831260221557976	0.9882403807562207
-9.936333494719932	0.999999998783989
-3.061170128303723	0.994720151511472
-0.6221002454527778	0.9882403950407062
9.341003595039435	0.9882403807559554
-4.016385962821554	0.9990665236026856
3.824535956917611	0.9882403807605398
-3.5031530788995724	0.9974010726010463
-9.1428156408496	0.9999999924411859
6.874129616578145	0.9882403807559594
-3.5089355638644104	0.9974283583698478
-6.661921819467733	0.9999977130058592
-6.777190435853124	0.9999982460550828
-0.3506275916524171	0.9882403890913527
7.4274566253101035	0.9882403807559562
2.267152417289182	0.9882403809009996
4.614210933809728	0.9882403807565232
7.291193776869097	0.9882403807559563
1.8276487190203738	0.9882403810338212
1.2421594964975426	0.9882403819103531
-8.733318067413482	0.9999999805933409
7.975206152769928	0.9882403807559555
0.6096197892307984	0.9882403847479052
-1.5522547648829708	0.9882717070918611
5.8552280686751335	0.9882403807559909
5.652078259211626	0.9882403807560273
-0.8015812111711274	0.9882404010653592
9.978286993855662	0.9882403807559557
-8.169294108348325	0.9999999288831253
-0.768420995659902	0.9882404006874994
-0.6927173720235515	0.9882403999888475
-2.1587697110935	0.9891525834832139
-7.325493825947453	0.9999995036844791
-5.800160663850207	0.9999833846297094
-1.427799233835918	0.9882504398853211
1.0511544980510479	0.9882403829869303
-7.267040762640451	0.999999432183438
-4.642092815031642	0.9997652267961126
7.329230829224716	0.9882403807559567
-0.8294892168307335	0.988240401441695
1.5910961329431306	0.9882403813276383
-8.987575406418289	0.9999999891932837
9.108715181584031	0.9882403807559552
0.50192082896241	0.9882403886717275
-1.884668444291414	0.9885193234915324
-0.8667633690274723	0.9882404021688019
-0.044353545625250845	0.9882403807799379
-2.1114932775655193	0.9890080423765762
