5.888734843960087	1.0758234653705721e-79
2.56308157313609	8.124538032263738e-29
9.45857020712399	-6.08124004284037e-134
6.405580588381344	2.4684095198136424e-87
-8.914118940042407	0.9999999649650982
-2.6569599405333477	0.9571002874456941
5.460585871462591	-6.265549528559883e-73
-5.787561943767718	0.9999531343918582
-3.265346128430857	0.9863277453139229
4.932800918676312	-4.390413429712837e-65
-5.687438474314668	0.9999409900921828
9.994978673778164	-3.979415599138459e-142
8.730702445718961	7.795433998700562e-123
7.667997833588526	-3.130241791869876e-107
0.8568882173415879	0.0005599427745163851
-0.33440069374998416	0.4070634569869191
4.0316369691788	-3.161146917335645e-51
7.683256909603205	5.836626238876637e-107
-6.80696208963437	0.9999955162822569
9.311293928436164	-4.4341978594552614e-132
-3.0472092656566074	0.9788961287627609
-1.7119718860040134	0.8425915308675718
-8.016402836642369	0.9999997231682848
-4.465018868404185	0.9990241801373427
-5.537083071880549	0.9999165984072467
-4.237365179500383	0.9983625574497353
-2.9658400062040435	0.9753462292829417
7.444020131198869	1.4243905724793495e-103
-8.563146823572257	0.9999999213909134
5.189936449154455	1.296389392591143e-70
1.3884718765154815	5.911651132426319e-10
3.0178663181168233	1.6474984677191938e-35
0.494408538330271	0.025845397900898015
-7.047926411663665	0.9999974255630477
6.443849730663498	-5.970772982430767e-88
1.6223500468434757	-5.3832402910898755e-15
-7.914507606690915	0.9999996499655692
0.933938084054633	0.0001749276011482255
-5.306399727493321	0.9998582235435282
-7.081685940463025	0.9999976180997726
-0.9513296884417333	0.6647338023012217
-4.979458735385505	0.9996994920826364
-9.962073327045985	0.9999999967657591
4.563491257465881	-4.140394661617971e-59
-0.29667906402980115	0.38772884793025836
-3.1538626039907625	0.9828813852660362
-1.8472813916418183	0.8648054235302945
-3.9889832885590515	0.9971340544850064
-2.6086017568967845	0.9534722015474858
-9.802567448632695	0.9999999954704751
-1.8448798523307808	0.8644356161645175
-9.10187522913542	0.9999999772623909
-5.174655965016832	0.9998080757050717
6.233223533383871	2.7817244125966536e-85
-8.346047672554079	0.9999998704099554
-6.093779687650729	0.9999768399469218
6.039659088674611	9.480481957677679e-82
-3.8348627236734423	0.9959600838935699
-9.614467479575222	0.9999999930152208
1.172083907744863	7.618615297880581e-7
0.1318004620281421	0.15216455856338854
-2.330869982490049	0.9281672555730299
4.856415320773131	-8.91000883516118e-64
9.313311628610844	-2.7510194850962553e-132
1.5649704023649846	5.3210288683602365e-15
-5.29276804248576	0.999853709490563
-0.42013366026830923	0.4503991009791736
8.895761945499835	1.642496015861636e-125
8.489784723064151	-3.874877005193245e-119
-5.909542399734575	0.9999646064898627
4.230620861630685	4.5653339098376254e-54
-8.257280171886787	0.9999998410212662
0.3239399874970914	0.07146373309184934
-2.981586463753634	0.9760701922549733
2.003078114061294	-2.1281680736142656e-20
9.662608685153437	5.486358477468599e-138
-6.3543447642818585	0.999987287832907
0.05871982924490737	0.19043007500010184
-0.17980590833534293	0.32235707228614946
-1.1484737029723835	0.7220909499096783
0.47026866200246786	0.030560149799547125
1.640284111566391	-7.639218848291767e-15
9.834157666596177	-3.477894756339025e-140
0.8863506208987957	0.0003794353571252858
1.9817951190633476	9.434178718552193e-21
-7.752860653884772	0.9999994921247967
-3.718101172124544	0.9947748194268758
9.759904881686175	-1.5235511683611208e-138
-5.984787627654584	0.9999702352079535
5.324336806289436	-7.322946267356618e-73
-6.176546737072068	0.9999808578847941
-2.738791738066211	0.9627304422458847
8.602175373762005	1.946493559259091e-121
-2.673152281925266	0.9582644670336996
1.816801399244099	3.666200564396329e-17
3.8587304911956863	-1.0669234138809925e-48
1.443181518885762	4.949811066260128e-11
-5.294009099549846	0.9998541263306113
1.5318820048029558	1.4196678570084945e-12
2.9344580465827654	9.65570706852266e-35
0.5353517256351736	0.019013200779537366
-3.527311575560055	0.9920997656861464
-3.0598546112539005	0.979406552154961
-3.0685301698113054	0.9797506600165925
-9.026157278708311	0.9999999729316014
4.3673773550101025	1.9695024805312792e-56
-9.921439978989032	0.9999999965550648
4.481424298913623	-5.9083897785840794e-58
-6.26352766822559	0.999984331623
1.9961959609147186	-3.1105793093802724e-20
-9.606370517123764	0.9999999928837744
-4.278133179769976	0.9985071307989986
-0.6013654576855707	0.5358409310349646
-7.247885252161752	0.9999983754710636
2.7265622392943243	4.089724058886337e-31
-4.193313853820357	0.9981908385408591
1.0603612470062362	1.3369759589032912e-5
-5.524122900071364	0.9999140742117929
-1.574720806150962	0.8174997087885206
1.3222751397799435	8.005200702822946e-9
-6.192329959717728	0.9999815409381703
-5.835883884899378	0.9999580672147349
1.503229768418759	5.782559069995952e-12
-5.478834134696222	0.9999046389000324
-4.134504691079668	0.9979337644550829
7.327235030245539	1.5742063493735135e-101
-7.14315429536351	0.9999979324474932
2.786679772858381	2.3271892320519843e-32
-8.29111026575864	0.9999998529351172
9.934656657180696	3.175936882883496e-141
-8.512854225988002	0.9999999117397105
-4.953949082760567	0.9996813698138094
-3.5226219871279385	0.9920201067760397
5.261392929704428	-6.49503205916318e-71
-6.873058509466903	0.9999961492571454
-2.389655028924369	0.9341837682759457
3.866874378681846	-1.2497377462641103e-48
6.330633390178832	4.2584628182855056e-86
-7.636937062755864	0.9999993367459895
6.417014076199997	1.9476180040443704e-87
-3.1670195909295495	0.9833244746612628
1.9789036811062708	3.1994888147709474e-20
-9.117022178054558	0.9999999780417441
-1.4697226627044913	0.79701768238038
-5.835658941752979	0.9999580454991903
2.7892327003768926	3.036104599723778e-32
-5.080903236799705	0.999761942157549
9.143230418481465	-8.597861371195394e-130
-4.094954660578707	0.9977410774087088
8.13230981414053	1.2158912218133118e-113
-6.0103416519134845	0.9999719355769701
4.1448634557227635	1.414369941737193e-53
6.316614980422965	3.9576303050478504e-86
-6.425123528763854	0.9999891993634619
2.3988620451013034	1.561125310823459e-26
-9.04393102904509	0.9999999740170212
-4.411811481533805	0.9988983767043759
1.4239117298870685	1.2922206757625525e-10
-6.179641840045598	0.9999809937950628
4.05446410174379	-6.964284487591358e-52
4.804211147861132	1.3840519263598726e-63
-6.868412743010244	0.9999961078451546
9.5612340631654	4.124743801667982e-136
-1.2710430387211638	0.7525502309465855
7.499520798620914	-3.6458445540416005e-104
6.763242614456267	-3.3610414141123043e-93
5.0228284612316365	-1.1640818575294458e-67
-9.316365249908491	0.9999999861243057
7.206634218428611	-3.5336749553928327e-100
-4.722184625898427	0.9994578966777495
-6.857852776342099	0.9999960120498352
-8.929848175933554	0.9999999662112857
8.227931653312282	3.437898907941388e-115
-5.545332202479369	0.9999181663279149
3.157899935753612	2.3091480750377965e-38
6.441328745306308	-5.640005739605135e-88
2.129524649132467	3.8680958859650613e-22
1.9894827763605871	-2.6041593244221586e-20
-4.555157968999728	0.9992056430795312
0.6738162319655636	0.005775791749749859
8.657640516492393	2.785609271524199e-122
8.731397234969485	7.831597682679926e-123
-4.482904946497128	0.9990631880765625
-4.713353409970469	0.9994468214766453
-4.007807621290165	0.9972524169097255
5.454434208599942	-3.8458374927392726e-73
-6.880502861095876	0.9999962146984726
-3.2725158754098116	0.9865265836912741
8.288356352857626	3.517539147104598e-116
2.3404906506103593	2.568730232048975e-26
6.898873530813908	-4.92131577743304e-95
3.2446566645217434	1.5356770599293385e-40
-5.294313889001958	0.9998542285201926
3.2416571474075706	9.063929371996117e-40
-5.459426000110041	0.9999002850562381
-6.680947760796729	0.9999940069772324
-0.27988586248385516	0.37854713434368487
-5.948296091115095	0.9999676269907746
7.013349549858987	1.5682582488742452e-96
-0.008987216048272018	0.22774743404010395
0.002541508314525487	0.22145019345728115
-6.837985653445187	0.9999958253890215
-8.030146797932494	0.9999997317919107
4.0055728852483785	1.3687193428570616e-50
6.862127191670115	-5.846940322799253e-95
7.230530502987268	7.403887518826593e-100
8.330916662190837	-2.1590311003938892e-117
-3.356921667125854	0.9886793288454957
-4.897437030285747	0.9996372498679944
8.843878788978245	-5.421395760895013e-125
7.383584216749277	2.2741094846855834e-102
3.384780730429009	4.098861276509741e-42
8.423171049957507	2.5095017948225844e-118
-1.7073712225840652	0.8417895187030955
8.621658220637016	-2.050629524504192e-121
-1.102879195818712	0.709632594931176
0.22109586166150663	0.10996410734697672
-5.259772408718102	0.9998421801122138
-2.8428481355565927	0.9690364564953734
-5.664737382329128	0.9999378255163464
-9.436519285146758	0.9999999894779399
2.641926726680751	4.925398622081444e-31
8.970306638318423	-4.524103583776521e-127
-0.4421374231122712	0.46139925701934426
-2.3436657153944074	0.9295092490932219
7.689016504317458	4.865025185131084e-107
-0.5467886920715372	0.5114643986376125
2.101925458934293	8.984517147169152e-22
9.314406279277602	-1.8917444796905945e-132
-6.687296009683967	0.9999940939358009
-1.1305666348653673	0.7172655413711951
1.9101612891436623	6.979645464455282e-19
7.251953208570182	1.0441387539729142e-100
-6.649663852744854	0.9999935593774227
-7.743079370201809	0.9999994805566392
6.934069241912123	2.5973701029634546e-95
7.318478763520364	3.436275627049611e-101
2.6540840831330357	-2.5498534599693984e-30
-4.7852797807745295	0.999530859086148
6.969802539963975	-6.934975051926267e-96
4.783527323020479	-1.414143291287899e-62
3.2018223684656952	-1.2206687613116163e-38
-0.27285577633673697	0.3746573439228009
-1.4608316272471136	0.7951791305780896
-2.45129683762749	0.9400814762387676
-5.42887723917036	0.9998930261120598
0.40320118659330717	0.04662899724763407
-9.783146137501198	0.9999999952633203
-2.7992964218452387	0.9665080245327419
1.5632932625577567	-5.820707396069942e-15
-1.8358896282846704	0.8630464013075008
-6.909358364228981	0.9999964580208682
-3.631927022245547	0.9936945917215986
8.231798264213602	1.9929858123021307e-115
-6.903409871587924	0.9999964091743466
-6.120348261048929	0.999978214030662
-6.842042895711651	0.9999958642054569
-4.8126987519293385	0.9995594368421916
-4.726371657895481	0.9994630702578765
7.9937082260343395	9.233100279558698e-112
-0.7652535971382957	0.6009792211504931
-5.684804454877832	0.9999406313208004
9.131465885820127	5.283263550992146e-129
0.580402776179394	0.013711829976717738
6.133213679759216	-8.966352318063386e-84
3.435236464387007	-5.630290142984997e-42
3.3046357157564454	3.336206521710642e-40
-1.9418816994052648	0.8791687759527049
9.21417828799082	-1.1990274949875504e-130
-8.161096273468766	0.9999998016087559
1.915624048008894	6.094873873495624e-20
2.868218857086422	2.070528298409411e-33
-1.2768781789604553	0.7539443967389323
2.610476573740259	-6.047517245301671e-30
0.41466833103947387	0.043557096423338784
3.1483266071570526	-8.388395774329242e-38
0.9684405256860948	9.302774387954e-5
-8.471222295121015	0.9999999028602684
-2.5926925323581695	0.9522287115276605
-4.407739121629235	0.9988881118182861
-0.7994691885737115	0.6137002386811046
-8.565623094253421	0.9999999218378537
7.05386241643966	-3.1551514411397284e-97
-7.515972720427153	0.9999991237193518
5.563896551165453	8.130342610746416e-76
2.677921674810264	-1.9585386507208188e-30
-2.1894863445095814	0.9121663016576493
9.537809798370237	-2.2612318003421137e-136
6.787953005535115	2.6211794769908384e-93
5.41998748996361	2.9127122469185744e-72
-7.269097739145516	0.9999984529117354
7.17840978452967	-3.358144847072231e-99
-0.6967055363996799	0.5743073918249952
3.4845860905039174	2.84559394598956e-43
5.705485478497314	7.168740167969271e-78
-2.8930739897911195	0.9717572656864576
9.15853475894355	-2.3320709229255645e-129
-1.163257803828115	0.7260100844671026
1.1872812899592944	5.52341941625604e-7
8.380134690641977	-1.3588567754106597e-117
5.124434508880089	1.1010069979569435e-67
-6.238692014979539	0.9999834096442712
-3.8951852498378337	0.9964664643104376
-3.745868568367965	0.9950836552655979
9.06478428761708	-1.7127218773426282e-128
7.8327598519900405	4.716220617711265e-109
9.873624392484373	-7.545592298416466e-141
-4.350265237631921	0.9987327460417174
-2.1918279037600463	0.912449104304629
5.716687377506693	6.797123107569019e-77
-0.38312723146648686	0.4314142131193019
5.474788591675651	-5.144580223507986e-73
-4.579095204011736	0.9992479239034061
-7.911566014596296	0.9999996475866492
-7.4142665688074905	0.9999988924878938
-6.922846822007349	0.9999965663341682
-6.42564876598553	0.999989212416516
1.089439746632955	6.597371411802112e-6
0.2793974091954077	0.08758923141509607
4.098230526330241	-1.908047888049711e-52
6.175597753319465	5.539617775117907e-84
-5.061728032925941	0.9997512225026621
-4.041176467190057	0.9974506338622541
-6.349858026984587	0.9999871558365557
-1.2314416756916948	0.7432055169355347
-0.3874510119934538	0.43367147818968577
9.343358056313274	4.1496607325650254e-132
6.2853132564825	-1.7009326591196096e-85
-1.959216387517948	0.881706842877564
1.9083476576393466	9.345271151252531e-19
-5.280375984908012	0.9998494815030556
-0.3186259101640587	0.3992368003505153
-7.271159735396351	0.9999984602396225
-4.521626299891781	0.9991424214514105
9.631209477892234	1.206170675484137e-136
-3.2056897333458823	0.9845689524079143
5.4480084660330785	1.456155917220374e-73
2.507368369106345	8.49964451919067e-28
3.6280006183713063	7.420287824931225e-45
-4.700554605844767	0.9994303700492596
6.114921519774285	8.184764259993894e-83
-7.771553285564421	0.9999995135206831
-6.547787811908554	0.9999918567709318
-0.850329551025748	0.6319075786063479
-4.611344561955573	0.9993013752859077
-3.194411361938374	0.9842147450504097
4.360509356351855	4.644105540269444e-57
9.6558546111639	4.169478690833959e-137
5.005108270711748	-3.3556962274314314e-66
-0.10829088987706825	0.2816206577496139
-4.577740736234217	0.9992455922575786
6.393844776520837	-3.097471448524878e-89
5.4656494566105795	-6.722742959312977e-73
-3.423419365535909	0.9901500635891698
-9.10767026810026	0.9999999775637761
4.883078758150798	-2.6489461530023392e-64
-6.139202540636872	0.9999791394075366
8.249592587576227	-1.5483809941645262e-115
0.6568150654302194	0.006860955063018354
-9.647692615668294	0.999999993529652
-8.198979581092782	0.9999998181808758
5.003712136949105	-3.3283652531928394e-66
-3.9441679652742367	0.9968319694848922
-8.440986805792136	0.9999998958563795
-2.8903108890796503	0.9716128733225204
-6.593516332343903	0.9999926705452499
-6.701904044822737	0.9999942892778887
7.481351356922978	-8.402331823465795e-104
0.7022114140995797	0.004255172233175859
3.977667458324529	-2.411232188717678e-50
-6.753739266531209	0.9999949317438811
-2.064021857796887	0.8963379893479659
5.844676655019141	-9.253939986013723e-79
-3.452852898722094	0.9907433103299316
0.842017786570235	0.0006882225096868837
0.7210156586592511	0.0034352143632967254
0.8234604088388018	0.0009026100901097044
-2.782375699347517	0.9654817492734017
2.447188775676583	-5.016973097390039e-27
7.109835201481012	-2.140195701022276e-98
9.88092519214899	-1.2840836261409908e-140
2.273765988917752	2.1401816747684297e-24
-8.150369079111988	0.9999997966473468
7.189848223725342	-2.5856782840009172e-99
-4.449533289943064	0.9989891106807569
-9.441511379207679	0.9999999895981956
-0.3232077044552142	0.40154071958180415
3.274001144366622	-1.660038350732372e-39
5.924529688280504	-6.34676777558169e-81
7.0668765862404115	-3.0130835313930564e-98
8.790872318810187	-9.740278247077115e-124
-1.4376765980021808	0.790322815438635
8.39646193500485	-9.309168571943151e-118
2.1547041074599207	-2.496935539326792e-22
4.2629367275262595	-1.6302489855702628e-54
-7.33756760442994	0.9999986785629442
9.271856714541372	-1.2287263476098172e-131
-3.466950732135028	0.9910156308229354
-2.271642135543428	0.9217241215810392
-4.362543186027472	0.998767643219194
8.274214284975372	9.81276510631971e-117
-6.275988646434452	0.999984774731569
7.661242225271401	-1.3014691909097362e-106
0.841457740558095	0.0006937497198871979
8.814632810658726	4.170856395473839e-124
3.4237133881920236	-1.961159145094995e-42
-3.1131006043377507	0.9814426877390721
-3.424563716557203	0.9901737669971795
-6.512074620103605	0.9999911588896173
4.465308307003038	-7.77837597391936e-58
7.677598918020941	4.9308795241107267e-107
6.575729831819167	-5.258137799841935e-90
-3.1492451597559867	0.9827234573680154
5.699017046674104	-6.422526773208557e-77
9.674000410882773	-2.6134069122673815e-137
6.596465961756664	-2.2505685744655164e-90
8.766285706762215	-1.1136338446016616e-123
-2.9950367648743903	0.9766742851228726
1.3205202796469173	8.58002661286199e-9
-9.811746430332873	0.999999995565204
2.4597489676325424	-5.892872917578408e-27
-5.800456429934733	0.9999545047833168
-1.9374043250498474	0.8785080483853808
2.0004920489686384	-2.6134726267771854e-20
-9.426262047426238	0.9999999892264693
4.204552277805966	3.7830344852688583e-54
-2.0200973579306147	0.8903589984319951
-4.900615558181141	0.999639885606001
-7.503175901273842	0.9999990975149857
3.7490191064503176	-6.561410507961017e-47
8.99226913096912	-7.746908674858475e-127
-4.526656207151789	0.9991522136602714
0.46453831160658154	0.03176162549277965
-8.006807265457079	0.9999997169837626
3.3913133200294467	1.9423161880686407e-41
-2.3482696720215657	0.929987638625285
7.447128122689975	1.2832276988793986e-103
-8.717079616604778	0.9999999448507026
-5.164536954751728	0.9998035603217007
0.8362544984124334	0.00074784917064408
8.104948970136022	-1.569211985199653e-113
7.441044984730738	1.4117549997269576e-103
-4.498896219874844	0.9990967534890665
9.936323253747137	3.202254131368011e-141
2.2552827443380394	1.6295583850015595e-24
-8.6990905669348	0.9999999425183626
-2.5572008164741655	0.9493649949863185
7.872599980676117	-1.1183655944372964e-109
5.507970386225134	1.5279294958114586e-73
9.005266260741287	-3.5411275596645036e-127
1.4848765209384673	7.58763432596056e-12
-6.7989351765943296	0.9999954326448068
4.987911675604803	4.569493076577853e-66
4.161263180266918	-2.860948577577521e-53
5.139945595533057	4.048350919017938e-68
4.909845586209013	2.1028282948027244e-64
7.575613717054438	-4.2917060706595304e-105
8.882759397598022	2.1519340316147694e-125
-3.1066447928486696	0.9812054240674928
5.077823240920765	-4.647452355170299e-67
1.5917815215593265	1.5411343287539988e-13
-4.425901133756058	0.9989331733535523
5.191204133815862	1.2779335756849504e-69
-9.306889899314683	0.9999999858182399
3.6689149116561595	-1.939780078978181e-45
0.7458924681105028	0.002555355836182495
8.124036693113009	1.0944299099847446e-113
-3.2440261411358584	0.9857208690364014
1.0499187838067527	1.7020769430405813e-5
5.158320527550128	-2.3580650618874024e-68
-8.314113000707337	0.9999998605218128
-3.4651883071873435	0.9909819965443623
9.593218379071835	-5.103821044203011e-136
-4.0842087067984645	0.9976857538146984
9.390041407003693	-7.864721155029271e-133
4.216454495164452	7.153827543263137e-54
-6.700983111963574	0.9999942771559777
-2.8841687438696617	0.9712897246231014
2.2056774307472047	3.5738829022692706e-23
-2.7765636230302126	0.9651238055284344
-1.327823511126578	0.7659782032768835
6.877350672896711	-1.3287617213862484e-94
8.235298648247777	7.695129141501906e-116
-3.390774461711352	0.9894513601934478
-7.180011836880209	0.9999981006732103
-5.254197882911815	0.999840144560957
7.146963688064922	4.833815846357085e-99
-1.7779690273083215	0.8537725508804174
4.758617917871227	-1.4108381506493693e-62
-3.010726108722035	0.9773625304157577
-9.638471088703891	0.9999999933907966
2.4398292673229314	-6.057326694765213e-28
9.484974389395884	1.3859659698598446e-134
-6.840146049269267	0.9999958461030892
-9.68582476371537	0.999999994073541
8.860437859972485	-8.038446745642565e-125
-3.822905407947532	0.9958517180980572
9.493795490041524	1.363163343269731e-134
-6.07674750675399	0.9999759138433468
3.6640909881653805	-2.3891147359721228e-45
-8.201646575520915	0.9999998192939985
-3.727592339170527	0.994882407399106
-9.687574116775748	0.9999999940973647
-5.186144510088857	0.9998130767651322
-2.608638934190468	0.9534750785180062
9.100534662107215	-4.934265589908368e-129
6.890111576337603	-9.621840387205811e-95
-5.3801319998103425	0.9998803348036692
7.179893620468047	-3.3360728318098103e-99
3.8373379833840016	1.5874351206318797e-48
-1.2448988306018816	0.7463864658566335
4.299838845962034	3.832986674393728e-55
9.475678246737104	-3.2336043314184196e-135
8.2573584005277	-1.3307933204604144e-115
2.498906294011851	1.3951193105019378e-27
-6.989355363917298	0.9999970538714802
0.597806561677583	0.011952694158384614
7.618252375040001	9.182420730372161e-106
4.1237113729408925	2.926212080941515e-53
3.9275425013192944	2.052183189507678e-49
5.423493256860024	2.875258827247094e-72
-9.240085911183836	0.9999999834600546
-5.668300871822618	0.999938333272842
2.111032942976827	1.0813146995001613e-21
-8.33977967133173	0.9999998685260809
1.7896279105726656	-1.0212637988277358e-17
-9.050974966009694	0.9999999744350498
-6.104861133763144	0.999977423291531
-0.2028681300355828	0.335455068443347
-8.658441817730544	0.9999999368784217
1.8371301165952438	-1.0380302242159084e-19
-2.345201784555484	0.9296691210534981
5.82071564903616	1.8354273250488513e-78
6.558558908395007	-1.088561597386514e-90
6.732368356911252	9.786247470640427e-94
2.768951367520893	-9.674768209442361e-32
4.35212484032364	-3.603302432536543e-56
5.9881473835584345	-5.61503606184566e-81
-5.9612960718872765	0.9999685813756667
-1.4943461950534633	0.8020341429552366
1.6398431664088022	-8.09859355418679e-15
-4.756667214376913	0.9994990689358535
-0.7973148087359316	0.6129093054443873
7.3787117707357694	2.1937467472766655e-102
-5.945072135610325	0.9999673858567788
-5.0434557925022006	0.9997405598817601
5.900759076173788	-3.427366015662492e-80
-0.3367397235250067	0.4082052261324996
9.814548644730849	-6.279991124471164e-140
1.0736053280958746	9.750047077155139e-6
3.4937785069253415	-2.4630746821615707e-43
9.855647855552366	2.104766853945377e-140
8.882862760766251	2.1639036840873594e-125
-1.8188254421150631	0.8603776612004221
-6.236954741930525	0.9999833431576863
-9.806070182256242	0.9999999955068606
-0.2639445715772304	0.36971659864294004
-8.255105192845381	0.9999998402230914
-4.556210912186902	0.9992075515839802
-1.4774085248190936	0.7985959408237197
8.991217493553897	-7.977896545920092e-127
-2.573035109900501	0.9506580380601128
-7.107052198234349	0.9999977532338258
-5.144937563989163	0.999794510599444
6.524873117580725	-7.960039684367394e-90
2.8169171297773197	4.057780194200212e-33
-2.6318619261544507	0.9552458260972418
-9.985625383133305	0.9999999967657591
-6.5093717392623995	0.9999911036993991
4.392968091087122	-1.4350995475943958e-57
-3.4003734463298407	0.9896613815364381
5.173667365453181	-2.045891572676593e-68
2.456270163133766	-6.286196918692973e-27
-4.144931063713737	0.9979818185165261
-8.40029314947294	0.9999998856262742
6.1068225609397295	1.00375888310601e-82
-9.295369506911971	0.9999999854370107
3.083616861227787	1.4434479221872055e-37
-9.700766551248762	0.9999999942739686
6.216982767530709	-9.68717953916688e-85
-5.7709686285614925	0.9999513100433889
3.4596892654509723	7.116149709396097e-43
8.367181962661295	-5.921270814500626e-118
-6.568687347593172	0.9999922393394615
2.1087254309101144	1.0840894590318004e-21
-5.582196054221655	0.9999248209075055
-0.1435309670659315	0.301706952762924
-5.596498588187857	0.9999272546728655
5.86600943445973	6.014801934065744e-80
1.443579057450414	4.842688341945836e-11
-4.559075634833145	0.9992127210049496
7.492357008787298	-6.088540398291059e-104
8.19768390141721	-2.7588171530525726e-115
3.898418884830539	-4.175130066353127e-51
7.6363909086515775	-2.265846488140206e-107
9.425109619860649	2.3255528745633924e-133
0.6708973559506592	0.00595200535072976
-8.708546672381408	0.9999999437564172
-3.5008052894777775	0.991639590728571
7.010608157725116	1.62066412859746e-96
9.140782114684175	8.621730913994162e-131
-8.34351373379214	0.9999998696516427
5.772840124137325	-1.4943373328897452e-77
6.453672997132859	-4.381322533641727e-88
8.637632025767687	1.915101608013004e-122
5.884545031692419	1.6644078578756498e-79
5.879199410502668	2.169648304845094e-79
6.153583751682685	-1.6115707281671853e-83
-1.5274908277984025	0.8085518722581271
-2.3954486693116506	0.9347563051557887
-3.342441040577828	0.9883337165939594
2.9544397561373703	-6.215878045876169e-35
9.360939345740562	3.3554805690067188e-133
-5.466726020869093	0.9999019455125127
4.618078096840401	3.678924548848817e-60
2.4319857712617488	7.960075209177754e-27
7.585424109413218	-2.6830626772060627e-105
5.4917023030095	2.055508346786254e-74
0.06906496838344545	0.18486628524017445
-0.21093895081068403	0.3400330726856946
-9.690975324607303	0.99999999414341
-4.122839281020165	0.9978786699938723
5.407194917783173	1.155441515196535e-72
5.9259279775579365	-1.8504902531815606e-81
-1.3682258372899945	0.7751695219957591
2.815589332320684	6.553242872577923e-33
4.490370509499456	-3.043829883979152e-58
6.454645718265084	-4.0623101447156614e-88
5.013511354752435	-2.2339006344020655e-66
-8.769074648697694	0.999999951073428
-1.4349130009466649	0.7897363086542365
7.693577701990879	3.3174085629642544e-107
-7.291890849434797	0.9999985320115287
-9.36847088092386	0.9999999876930933
-1.1195524173138338	0.7142528233197106
-7.370880703582161	0.999998776134138
5.7959167743865425	2.0715914358335424e-78
5.775000921157943	-1.3581397407428763e-77
-1.0345444704115536	0.6900222996429295
-0.8182499483457306	0.6205338218239103
-6.0835105484341545	0.9999762859242896
-1.1393285388258345	0.7196377715917368
4.567760405510256	-3.7884034816294933e-59
-2.9800298371283773	0.9759994329734585
1.4077773100081217	2.5762333496276416e-10
2.8295965120995614	-8.478492160636723e-33
3.744528331550555	-1.031743365921544e-46
-9.366096698663945	0.9999999876256295
-3.370108139467054	0.9889859469762571
3.8617657297978134	-1.182747700825666e-48
5.837658537770775	-8.160514083651737e-79
9.783544488983633	2.8925631426791323e-139
7.282769553993926	-1.1990412103073546e-100
9.677499864147741	-2.8814455843958927e-137
-5.976918690720994	0.9999696911560398
-8.906690045505329	0.9999999643606508
6.53061122060754	3.1746488132440427e-90
7.036880735200626	-1.722793141610846e-97
0.32633346995050516	0.07061254581275113
-1.4515631216405112	0.7932473614506989
-5.91104536113042	0.9999647287212196
7.024185713117163	8.084760120617136e-97
0.7168856754511097	0.0036030097125735296
-5.127270797416257	0.9997859972337566
0.6631165869782905	0.006441560432278395
8.292649186482034	2.7994892828774974e-116
-1.0715177280829025	0.7007725687486107
7.325907584866414	1.8829965006193944e-101
-0.8820115694872257	0.6427806703472622
-0.16294054044015382	0.31277158895963586
0.8243638209958668	0.0008906837721237965
-7.684578682409002	0.9999994056550191
-8.213320406945858	0.9999998240866701
9.95793642034268	8.989552261493906e-142
9.747387821295632	-9.461135698527902e-139
-3.80451211322808	0.9956795487936758
-0.3988871127975777	0.4396069249798469
-5.234861319616009	0.9998328784594619
2.8497075725988488	-2.0326724159041118e-33
-1.8322841124206768	0.8624865276958066
-0.8041260393105922	0.6154052168341083
4.609833972250499	7.910698056681583e-60
3.6075557640644274	9.511788251359073e-45
4.080425573121893	5.3198892224919346e-52
-2.1442754264434383	0.9066493807021606
8.084477592882156	-5.305156612653324e-113
2.5721646811955132	6.668897092127213e-29
9.02053916737152	9.647048793809962e-128
-0.09257585155227588	0.2726100231318307
-5.3381830966468735	0.999868215563219
-7.303638417882272	0.9999985711874064
1.5755680832812082	1.14520225892825e-13
6.844604963117899	2.0548664745675781e-94
1.766637018675624	-1.7183944028177973e-16
-7.472691342679267	0.999999031891083
-9.339875541645304	0.9999999868554865
-4.333617565317227	0.9986838656178743
3.766354193909729	3.2297810673071465e-47
-0.6690605206971512	0.5630548885215847
3.9886952537509615	6.22433992595079e-51
-9.484747051299728	0.999999990583856
9.836661618077066	-1.8502547404163835e-140
-0.5572324580831722	0.516225420851819
4.848937336686173	-2.194391583689705e-64
2.014951131315165	2.6236738919080197e-21
9.019553975200818	7.847022277230802e-128
-2.269328143145093	0.9214648172571783
6.248715206363265	1.8592643751664184e-85
-4.947536451142311	0.9996766453869014
7.712313633289341	-1.382593933911246e-107
-1.5436435643540811	0.8116245976002285
2.403567113676859	2.3469403628080335e-26
-7.210779532622973	0.9999982305734731
4.482929422747919	-5.4655822751539244e-58
4.929766626530775	-2.6819551093918153e-65
8.148262722377734	5.445239867096835e-114
-7.453811708435176	0.9999989888775281
-8.286649875090362	0.9999998514169116
1.8578318398495206	-9.197346981652414e-18
-9.710154468071295	0.999999994396417
2.1578611334183417	-2.3838026997462034e-22
5.425126475894398	2.8018195128407896e-72
-0.20229751010205632	0.33513112323375266
-2.5875841235409824	0.9518241932488519
8.649038547851777	5.703773561816458e-122
4.785933784399958	-1.225984107256115e-62
-9.409549643351887	0.9999999888038045
-6.3311283511895144	0.9999865898629593
3.511174353196317	-1.5326710362353028e-43
1.6400569771290119	-7.877012194263453e-15
-6.2529048126126385	0.9999839437082756
-9.627721675458352	0.9999999932251692
7.329445918188803	1.0675259505498352e-101
-9.57322516191677	0.999999992319403
-7.417563974736221	0.9999989008648142
7.594644823128451	-6.262911417818194e-106
1.2730361172595206	4.433624945249953e-8
-1.7719409936489328	0.8527762504724061
-7.1365517827540925	0.9999979007754526
1.3995610776463288	3.620953786169811e-10
-4.511716530988434	0.9991227998697096
-7.322969709871803	0.9999986333912493
-3.23163906171104	0.9853573251225012
1.1890731921815636	5.318073635641834e-7
5.876098581157198	2.2390005606115536e-79
-1.2545177802641625	0.7486465868159534
-0.6327869793507102	0.5487716496827145
3.489216733576015	-5.225504650802476e-44
-1.3048069015585781	0.7606155138744262
-8.47030695920093	0.9999999026553174
-8.609517646716016	0.9999999293516614
6.370966746079997	-1.0616766523217177e-86
-6.887211283997878	0.9999962727171098
8.869499269510065	-2.777912440029941e-125
-4.9616703922152805	0.9996869671593812
-4.0063970757684375	0.9972437152591824
-4.943570271686317	0.9996736884709105
-2.513519840246752	0.945668775203701
-0.3722925131532371	0.425791425768666
-1.6832265971222782	0.837537799672099
4.656947143650081	-3.896199755041245e-61
2.0446639730400626	-1.7035176702961714e-21
7.929250338096505	1.0121810924723503e-110
-5.618607690544586	0.99993086281655
3.0982246586077054	9.382999095327e-37
-7.230850493410861	0.9999983104852221
6.531440525364751	4.264804097480814e-90
-7.347246581688109	0.9999987076871473
-2.8394575501218533	0.968845350713859
1.2564100282585589	7.219259203540942e-8
5.863012647192413	-6.174109690665101e-80
-6.018626369330304	0.999972465719905
-2.995556114986697	0.9766973490228281
-7.810279630390693	0.9999995550223302
-1.335722809826997	0.7677963504894159
9.394012612137587	-5.581592560063409e-133
-4.007538519318636	0.9972507588883104
-1.2601228266003695	0.7499651138338577
-7.004816821998676	0.9999971569093201
6.847291652795057	1.7370656192177936e-94
0.9340263403337055	0.00017464620720859358
-5.2469684848298614	0.9998374656349648
-3.408181025235013	0.9898293773000042
7.69810265745576	1.57095878598255e-107
2.278232483684338	1.175372554797178e-24
-9.49439513388237	0.9999999907907342
6.7120846207271825	6.234997465662358e-92
-6.824286464237188	0.9999956916137778
6.350914108156836	2.6711191990113844e-87
5.608544792046448	-2.1133783891311644e-75
-6.407007251843702	0.9999887393441497
-3.0830450757129535	0.9803155610960588
8.148559804573864	5.274118777382346e-114
-8.55082818676384	0.9999999191292643
-2.9803167512904993	0.9760124884388506
-0.9357321937338714	0.6600296228331155
-9.348763252818602	0.999999987121751
1.0496105342777895	1.7140587873806525e-5
-1.024399601606456	0.6870164720829354
-1.9718121004886413	0.883530237253425
5.343319354987868	1.5172683765691018e-71
-4.6327464331979895	0.999334747330368
2.1053848841835787	1.0323269501007063e-21
6.240780247895419	3.427690258302064e-85
-5.838484160985344	0.9999583174258563
4.568857828227815	-3.6431131734123744e-59
7.565311137859997	-3.6645219392272616e-105
-1.9770634566648049	0.8842852123764574
9.939079769503103	3.147775254569411e-141
-2.140694524784159	0.9062069350189829
2.879964212150096	7.96783327457928e-34
2.7338316122827955	1.7548768952936198e-31
6.127832369536421	1.2952305867124619e-83
2.5440007947477383	-1.8007835219249601e-28
7.40640075071628	-3.8246198896899697e-103
9.354293240165067	1.7734684956604317e-132
8.457466186683998	2.5321214753641715e-119
6.819202422184084	-6.099138982281458e-94
-4.35764290184546	0.9987538306501257
-9.188144319714816	0.9999999813587213
4.8671621370323805	-1.0022852026396958e-63
-4.428476919240376	0.9989394160156417
0.8377843879740432	0.0007314150023148511
1.7974615388903992	2.6450972687029794e-17
-2.5070873999574284	0.9451080496418786
8.428329095743141	3.0329378932595545e-118
-6.788176414692946	0.999995318089951
0.7497923816569241	0.002435840059381806
6.409845432708359	2.514128810721109e-87
-9.61952068906939	0.9999999930960214
-9.108535022282748	0.9999999776084061
-9.609071236811872	0.9999999929278909
-6.409935728199052	0.9999888150117509
0.003434050728259308	0.22095673022588963
-4.460530165399592	0.9990141407073225
9.076135419311218	-4.5455774275760523e-128
-0.8018420611897348	0.6145698155999514
4.817499143935313	4.5474924601538837e-63
6.857253593409077	6.654883770133163e-96
9.039627513501852	1.8065882968955234e-127
8.967760382407167	-2.633179912975949e-127
-6.490125528810591	0.9999907006226356
5.062744934809134	-4.332230478973651e-67
5.510908645725795	1.4013960229535756e-73
-6.849487821348683	0.999995934496233
-2.014563535569698	0.8895893917810906
-0.7058572357770423	0.5779792539232153
-1.4576697148295779	0.7945218844343516
-1.6872017001805482	0.8382426354457806
-1.3796923784217583	0.7777264813291394
6.552671753015975	2.657405665325707e-90
2.513873415075917	3.126394890140492e-28
9.517117222460119	-3.4361996396231816e-135
1.3967829193346724	4.082084996515646e-10
3.916996482326409	2.8220826851872283e-49
9.63521312901792	1.2669483213050048e-136
8.826423471407303	3.0034597705939534e-124
6.65807568116842	-1.4510847184065824e-91
6.456078660038532	-3.565731335195036e-88
-4.601345848674296	0.9992852194825993
-4.730809039022197	0.9994684995626382
0.6745817226553275	0.005730212414977081
-8.336588359721215	0.999999867556419
2.828243329724444	-8.052046562731109e-33
6.481447467852131	1.379235996292068e-88
-3.7086292459624914	0.9946653024050396
-0.4101870138760777	0.445377931719405
-7.623942045067653	0.9999993166002163
8.524986857729147	1.2219812148225153e-119
7.312409418399074	4.0796946895055416e-101
8.435442419690489	2.978609764879556e-118
9.047193623452024	1.257247140159963e-127
0.47238010701122235	0.030125504268575666
-4.544737037011313	0.9991865069263383
0.9136150587115424	0.00025058726107412784
2.5489393407595973	-7.508728505799914e-29
5.461185813676872	-6.384524568766075e-73
-4.871571839016173	0.999615074783538
7.840360171313417	3.634860467166251e-109
-5.243988930585943	0.9998363485310896
7.964376838153019	-2.488880984087863e-111
9.163692176787631	-1.7407324953756586e-129
7.144171497207239	5.487886299100253e-99
9.28750696350523	-2.1903790577401108e-131
5.288805570375942	1.1864324911696396e-70
-6.5310036357062184	0.9999915359275275
-3.8591988974830693	0.9961722780559203
-7.8964936864438195	0.9999996351413623
-1.4442168486758789	0.7917048386289627
-1.0897459405780907	0.705948505830213
2.214639680628414	6.974064856558062e-24
-8.157611935490614	0.9999998000106447
-2.0202650333406824	0.8903822624002772
4.23178489817262	4.193942265729655e-54
-6.374689909769358	0.9999878695472255
-0.4843556729855081	0.48205105039932394
-6.295199551333792	0.9999854334406898
-1.3573147860608472	0.7727149827993659
0.1848581388793349	0.12646318175907753
-9.088634281252261	0.9999999765584905
2.4956351014626144	1.4749352225738342e-27
8.136394080324472	1.1236799375979021e-113
4.468395580582754	-7.981198119537233e-58
-9.630845835737723	0.9999999932737297
8.885222540823563	2.3481486496809947e-125
-3.7281377549307138	0.9948885253777892
7.968301676170952	-1.0386419509817835e-111
2.5746006653045796	5.509505907211878e-29
4.048665765326934	-1.9632503436575247e-51
-5.516335658074558	0.9999125209529912
-5.658610305312637	0.9999369426873943
-6.757289194731051	0.9999949730010457
0.31119077284725094	0.07607254611993963
-2.854110069799436	0.9696644154735706
-0.1353078685525233	0.29701322997304747
-1.1662698741858755	0.7268018108868645
9.10408824082198	1.436233488440342e-129
-6.152801503148373	0.9999797823594827
-7.583376918792397	0.999999249692042
-0.8288562592592896	0.6243385230393937
-8.113796399410296	0.9999997787809998
-1.9237494334578287	0.8764804147363274
2.6330165358342406	3.956615568514606e-30
-4.24066663335926	0.9983747611397189
6.223885873266536	-3.109501463753717e-85
-5.357694022382993	0.9998739977561091
-1.7825071234218157	0.8545193821155292
6.366625410707066	-1.0778811425042253e-86
-8.150530743468781	0.9999997967230309
-0.9930391435468131	0.67752734376141
-3.112955658403842	0.9814373895109516
-2.7835086516811414	0.9655512074218366
-2.5309661004794437	0.9471678530458518
-6.505937714917187	0.9999910330829203
-3.2860219202021357	0.9868941169176959
-1.4306435002611586	0.7888272075030662
-9.580263858849012	0.999999992442881
-1.7258761722368465	0.8449983052912178
8.578712758989646	6.498018534765217e-121
-7.023203926641348	0.9999972747643131
-3.582150763094565	0.9929777620629985
2.166963423127065	-1.5056666417844404e-22
1.6308418666099165	-1.3545419643838131e-14
-5.852866359409208	0.9999596746424886
-0.4074408240488516	0.4439830292791997
-4.573243513846523	0.9992377989575727
-1.4273887628603976	0.7881317451333554
1.971479804055143	9.451979729281687e-20
-5.1550999479209825	0.9997992537174791
-9.683439539826328	0.9999999940409026
-5.0799142130479025	0.9997614007029078
-1.8793490291883543	0.8697320254723252
-1.8659611797458808	0.8676735367667231
4.736921457848178	3.1842394404963396e-62
-1.5334252743530143	0.8096862558188135
-7.886361545532776	0.9999996265292386
1.9830078173561816	1.2551767321636819e-21
8.770145588023219	-1.5591255074586973e-123
-3.189203639733904	0.9840487843003889
5.84724114755204	-8.665669144175153e-79
-1.814241130160923	0.8596512939849815
1.8519218620405997	-9.899370464160791e-18
-2.5056192733922655	0.9449794455945802
5.959404818764664	-3.8678965233260833e-81
8.267793172205053	-4.018231395076758e-116
-0.7874965008438686	0.6092883644256469
-7.81522612133827	0.9999995600617477
-8.404974837464856	0.9999998868526052
-7.1774665902497725	0.9999980895095103
4.083416242711202	3.634133364940532e-52
-6.135304558974237	0.9999789513722065
-3.0816385905452615	0.9802614092031134
-5.285827368537621	0.9998513562641863
5.5138246926833645	1.2136609449378537e-73
-9.151934163676199	0.9999999797378353
6.6304022078637495	1.114339834047388e-90
6.000061033233273	-1.6187447263273387e-81
-1.5705655209557001	0.8167094550543353
8.89626295860613	1.5699737506459565e-125
5.64935619821329	1.744322103698354e-76
8.390460052072072	-1.2035974172995783e-117
-4.37493229217496	0.9988018937527608
3.0594143065621093	-3.963867493926104e-36
-8.76473025891821	0.9999999505815403
0.8692462049040515	0.00047540619233707226
4.710317274325405	-1.0595987100811212e-61
3.233355882152015	2.8530798037694054e-39
0.8329752545946825	0.000784583663441374
2.133585703944094	1.8818155151426432e-22
9.614718432182773	-6.19330396305616e-137
-5.983008697793979	0.9999701130745482
-2.8768901119960555	0.9709028748643365
-4.972171722107328	0.9996944227972564
-7.308838564331355	0.9999985881934691
2.5178931763930166	2.5965358920927434e-29
-3.6674210337141977	0.9941629283536452
2.093859087513348	1.9985746367171616e-22
-1.242490172722789	0.7458196264580542
-7.915969911836509	0.9999996511421804
4.73991590604269	2.6717700696497892e-62
