7.770924003144437	0.9425803826453723
4.721445258252572	0.9425803827917776
-7.735737983594979	0.9999996763646671
-8.584368988616937	0.9999999541405661
1.3925283403306778	0.9425804294927737
-9.710064975523123	0.9999999965665298
-8.699439224271721	0.9999999648149162
-2.84430443540173	0.984890065339017
1.1279783235971674	0.9425804482065587
5.299546156141064	0.9425803826820713
-6.740212763134119	0.9999967971046236
1.6102530863152165	0.9425804100784119
3.931651674935468	0.942580383197583
-0.19249551157237832	0.9426257323055868
-8.209925249455253	0.9999998913895467
-5.524395381367535	0.9999474344918124
6.730968162224116	0.9425803826464056
-3.2324049900840635	0.9920293472673247
-8.411781282187007	0.9999999317636148
-9.481054072804028	0.9999999941823974
-5.406234893121948	0.9999310328711918
-5.502240944174632	0.9999446880872932
1.3848259170459265	0.9425804296177082
9.35617683091263	0.9425803826452371
-7.213011772184572	0.999998921619532
5.555483983043992	0.9425803826637487
-6.46393202879421	0.9999939495808775
-5.701319304537544	0.9999650045481456
-3.7179483880294173	0.9969369810987853
8.837505062227983	0.9425803826452439
-8.104765692387431	0.9999998616335757
9.145678476941704	0.9425803826452391
-3.2958300880566016	0.9929056593353393
1.647241069103007	0.9425804100533097
7.647749724116252	0.9425803826453825
-6.233708087534611	0.9999897209516049
-8.227562340238537	0.9999998957119507
5.366705297621994	0.9425803826781268
7.723475727969181	0.9425803826453815
2.5245755553058977	0.9425804008460471
3.117000488743585	0.9425803872493528
-9.57932023465256	0.9999999953604284
-9.877678900990169	0.999999997665902
-6.209862479662811	0.9999891409750296
-7.716483643781076	0.9999996616936602
-5.995142696750104	0.9999822000856118
-2.74925502801743	0.9826999789661752
-1.4479089907656117	0.9513000468156523
-5.388654232486805	0.9999281900000316
4.517268471840037	0.9425803827778015
0.07179556758212158	0.9425830625611754
-8.999220972466748	0.9999999823568138
-3.9592446833606987	0.9981724615498752
-0.910125223433699	0.9448250286863337
8.884272302423515	0.942580382645244
4.849758317657219	0.9425803827193269
9.007007461979462	0.9425803826452404
-5.386942216422974	0.9999279069894825
1.665906385008217	0.9425804103314785
4.5766519365058755	0.942580382793665
2.85340480267131	0.9425803918297181
1.075728124162815	0.9425804475536594
3.4614529218389745	0.9425803849596677
-3.3924783177695605	0.9940918690676861
-8.873469903461423	0.9999999764317125
-9.731963939016461	0.9999999967353675
0.17121374846563953	0.942581066016415
-9.345301611508336	0.9999999920476312
-2.487868556911219	0.976029947754777
7.493326999721333	0.9425803826454313
1.2134616686769348	0.9425804288459542
-9.958946266220728	0.9999999980186968
6.904607060833875	0.9425803826458575
0.998323471901541	0.9425804476157825
8.697063300372662	0.9425803826452473
6.4803923885460115	0.9425803826475736
7.347553577289375	0.9425803826455299
2.26571785164138	0.9425804184141456
-9.243841167828366	0.9999999899548404
7.818866676293602	0.9425803826453039
-1.8974864197146157	0.9604998931680153
-3.27145144818791	0.9925782487216757
9.640350556857943	0.9425803826452355
5.431375238103232	0.9425803826623594
0.894118190226294	0.9425804429634891
7.171066863503764	0.9425803826457692
9.468818048201744	0.9425803826452369
-8.030753311048215	0.9999998359248751
-1.2056172438829407	0.9477518522366223
5.018126981367633	0.9425803827184782
6.06710206367779	0.942580382649995
5.260624519542866	0.9425803826821434
-1.3087458680512007	0.9491101391490897
2.880802853272959	0.9425803918416786
4.347779691009247	0.9425803829377829
-8.795665000663298	0.9999999718075442
4.377878713473887	0.942580382938187
7.042941396264336	0.9425803826458227
4.455666291093934	0.9425803829267096
9.41815481934389	0.9425803826452371
-1.4195946644149124	0.9508263762004334
-4.838641320806949	0.9997466221513588
-0.1098280982594737	0.9426011031616873
-0.04901057377273865	0.9425913337543501
1.0957820007252739	0.9425804473151724
-8.610610174824714	0.9999999568294573
-3.437286485245523	0.9945839060467248
-9.723908961021731	0.9999999966742527
5.625772929803778	0.9425803826637531
8.732171583540818	0.9425803826452431
-1.8958378681832464	0.9604600467688195
6.310558048831439	0.9425803826474752
-6.587810341687859	0.9999954508819404
9.173522009472435	0.9425803826452394
-9.681615245947782	0.9999999963340821
-1.0074284618820641	0.945605189070335
-3.010653684473583	0.9883239723888554
9.998060075685082	0.9425803826452355
8.799730750376948	0.9425803826452441
-3.0002036458420145	0.9881245658412325
-2.4384219638431937	0.9747075924945335
-6.555098784463733	0.9999950950565123
-5.15520554706097	0.9998772694553655
5.261753039302693	0.9425803826821443
6.7598209029156	0.9425803826464061
-7.643680806615847	0.9999995999519738
-5.746020275973134	0.9999684240641956
-0.42812068114590573	0.942832797972543
-7.323253920628345	0.9999991633704726
-7.042522065322414	0.9999984031839173
9.960605501642334	0.942580382645235
-3.2633736466854835	0.9924671846079781
3.4868715625792603	0.9425803849597947
-0.20318685724283192	0.9426302078272425
-5.646704408728733	0.9999603206985496
3.6960103779312945	0.9425803838012151
-8.219410932317576	0.9999998937360498
-6.287837628619064	0.9999909251490593
-7.047107753232269	0.9999984199550314
-3.84959078136073	0.9976835733348156
5.623165032877422	0.9425803826637007
3.3942721748896343	0.9425803849476696
5.372448436432183	0.9425803826758218
0.5168194539687754	0.9425803799887784
-9.913757571777042	0.9999999978519646
6.131974953129653	0.9425803826498923
4.1787742991609775	0.9425803830563823
-2.5244957250113664	0.9770088326066015
6.680640240422136	0.9425803826464239
-8.959002942446276	0.999999980644917
6.337488279492707	0.9425803826474229
9.89513584401912	0.9425803826452356
-7.608301817153613	0.9999995659990187
6.01859579906829	0.9425803826494664
-0.46772824144638037	0.9429011356735393
3.7938650185531397	0.9425803838048512
-6.773116094270777	0.9999970307788116
7.260552276769438	0.9425803826455333
5.994107045269729	0.9425803826508206
2.959099482970803	0.9425803907718108
-7.705276757863011	0.9999996528502415
-1.8588003753354165	0.9595850469321712
4.389624050176639	0.9425803829378672
-7.3639880029105065	0.9999992382716919
-2.985213271481024	0.9878345954096848
-6.901933706768615	0.9999977928336266
-6.471646551917671	0.9999940560879276
0.2255653761648766	0.9425807173593534
2.8738254692406215	0.9425803918452587
6.542471931283423	0.9425803826476169
8.961424464979622	0.9425803826452444
0.12170785194144607	0.9425817447037627
-5.672990335384029	0.9999626484096324
2.4960701859985868	0.9425804007477432
-0.11609554138185096	0.9426024528253367
-2.513973633077393	0.9767289007678723
-1.415283084469717	0.9507553306811914
6.607386866663202	0.9425803826464121
-9.308410044078887	0.9999999913425892
-2.763327184187201	0.9830324268568119
1.6525533902320646	0.9425804101206302
0.059181953878013616	0.9425835368879562
0.13032913434411952	0.942581590986139
4.692854688860466	0.9425803827919286
-9.061151078927093	0.9999999847015753
2.4852895270751	0.9425804007819676
1.1244123012460072	0.9425804481704665
6.032771227578859	0.9425803826495313
0.11670390920972196	0.9425818425092064
-7.844427928132198	0.9999997480194717
8.063527858765301	0.9425803826453081
-4.9694747354659	0.9998121493814423
-0.814733216577368	0.9441854021268098
4.050050090706572	0.9425803832282474
-7.18955312380626	0.9999988617701696
2.872182842825959	0.9425803918447688
9.831834003672824	0.9425803826452359
-3.144835646280386	0.9906862430919942
-6.471954245593485	0.9999940602968632
-4.972108704325486	0.9998132787366354
4.795967368084849	0.9425803827250592
-3.1326928368191043	0.9904876066122325
5.2031655558346035	0.9425803826819589
6.0054762443367125	0.9425803826499071
1.38408523977537	0.9425804296295691
2.99226126862723	0.9425803874627169
1.709820470307978	0.9425804097238749
-8.645950721795304	0.9999999602033064
3.095756580786695	0.942580387229599
6.153064814908575	0.9425803826498925
-4.460490170900906	0.9994011987057558
-9.798168188069102	0.9999999971969549
9.277545667993707	0.942580382645239
-4.2768392188113635	0.9990946808061446
-3.0003829429165974	0.988128006197461
-7.97495596604151	0.9999998134308539
2.9129999230623973	0.9425803917997356
-1.835369868914217	0.9590554618739772
-0.7654456910422489	0.9439074946810789
-0.49866840328493645	0.9429636120811885
-9.85622414383046	0.9999999975476966
7.262453388792469	0.9425803826455343
7.407995337621749	0.9425803826455287
1.1954546802205712	0.9425804298116468
4.118621401571962	0.9425803832270693
4.898642057330909	0.9425803827184792
9.205042754567625	0.9425803826452392
-0.20459292560004982	0.9426308222871921
5.493583269140881	0.9425803826637114
-0.17774464522156563	0.9426201117420584
3.1312107327547256	0.9425803872565333
3.8196814176119265	0.942580383807384
4.804728563640763	0.9425803827162977
7.7792370849068995	0.9425803826453599
5.022646548727678	0.9425803827187531
3.092943300421137	0.9425803872308641
-4.757084241434821	0.9996947673811043
-3.099125079851013	0.989922597418708
3.641593408445223	0.9425803838003537
-4.391508843390715	0.9993003096324278
-4.440132718272056	0.9993730095400695
-5.968940765756567	0.9999810937673665
8.973820799858764	0.9425803826452438
0.3275825312760272	0.9425804311584081
-2.273149549391582	0.97022041993628
2.126178758875831	0.9425804222138694
8.621126538723086	0.9425803826452536
1.1092702367604943	0.9425804474824364
-4.355843172116725	0.9992418011970624
6.5680759607470165	0.9425803826473795
0.3511879057317824	0.9425804109289934
-8.376581096662994	0.9999999260026595
2.732928113503835	0.9425803915755459
-6.443470028749392	0.9999936577466366
-6.05670739245217	0.9999845515698729
-5.181786370385324	0.9998845299949854
9.4551360553342	0.9425803826452369
3.4666175712679426	0.9425803849609621
6.218908974474328	0.9425803826498633
7.1770119584321215	0.9425803826457327
2.118183030292018	0.9425804246597178
3.2686520170592495	0.9425803862823003
-9.285826209267686	0.9999999908804836
6.455172743295648	0.942580382647571
7.06893484993639	0.9425803826458222
5.914540015144546	0.9425803826544615
-2.5256022600207872	0.9770382160104073
6.525921757300949	0.942580382647564
9.944142103521063	0.9425803826452349
-9.841208908969028	0.9999999974614285
-7.297561897482248	0.9999991123850956
6.206664649963301	0.9425803826498736
-6.973779855592479	0.9999981293471174
-0.9512513897910466	0.9451273373371282
0.6025325978918161	0.9425803895008775
-5.610605446341008	0.9999568861206826
-4.18011292726145	0.998876490706685
-6.320129574304207	0.9999915752669399
-3.935790923660929	0.9980768521653085
-8.84107806777763	0.9999999746066599
4.160807628550787	0.9425803831750998
-9.419353640108557	0.9999999932942942
-4.93816062938496	0.9997981912851035
0.4523833806459887	0.9425803822975614
-1.7778275007541655	0.9577667739483775
3.5172421082948055	0.9425803849558773
4.580315181900341	0.942580382793049
-9.991760690027792	0.9999999980186968
3.178038582949249	0.9425803872601853
1.1420364308118103	0.9425804468133374
2.2672164788920934	0.9425804184177669
2.2795918359840517	0.9425804183853332
2.7007842415894867	0.942580391294482
-7.284833409097664	0.9999990859865339
-9.1963970360261	0.9999999887952807
-5.419923074017419	0.9999331682953096
7.455391591086482	0.9425803826455341
7.0292255774875265	0.9425803826458216
3.5163184332435105	0.9425803849537008
5.450683715473383	0.942580382663817
5.34706074132885	0.9425803826827681
8.509812196124535	0.9425803826452532
3.0907054935842346	0.9425803872331128
-7.500825145120769	0.9999994441396404
-0.4540585514173898	0.9428761513391292
8.378078947366564	0.9425803826452674
-1.8528765461025465	0.9594499342014441
1.3568273078084925	0.9425804297030934
4.675614147065508	0.9425803827921571
3.239290077583883	0.9425803873346928
-4.24501097690392	0.9990278643165974
2.6899888951857154	0.9425803924323051
-8.084320742222172	0.999999854964088
-0.05848543535744355	0.9425924597119721
-0.25285903502640394	0.9426557926235489
-2.8091382603647963	0.9840969745407883
6.095050145654891	0.9425803826498843
-9.784072191786063	0.9999999971044831
-3.2728553947398042	0.9925974205353248
8.967613944171013	0.9425803826452442
-8.835134577509347	0.9999999742567537
-0.6709520990274562	0.9434710075988195
-4.8387404927847255	0.9997466795564061
-4.028378984908496	0.99842880551362
-9.51559141752008	0.9999999946271252
2.7534982411988054	0.9425803920247047
9.866352498812411	0.9425803826452362
-4.05661128050653	0.9985233267941712
-7.289977237830039	0.9999990967478773
1.889240234942351	0.9425803360629756
-0.11947020011456289	0.9426032094119866
8.032296232517329	0.9425803826453086
7.854610443461564	0.9425803826453079
-6.388136762243497	0.9999927961384245
4.37188375399459	0.9425803829380565
6.98262204251899	0.9425803826458308
-0.7505047797659792	0.9438303806336585
4.464239998878977	0.9425803829039899
3.17916919213701	0.9425803872598817
2.2628149559905886	0.942580418403637
8.374117404292974	0.942580382645269
-3.03931074254161	0.9888591339880317
8.532621569925638	0.9425803826452535
-3.5901642920552668	0.9960098379588985
-3.856705931537747	0.9977186813354452
0.2465602089395844	0.9425806340121754
3.669161395547622	0.9425803838259093
1.8952198305249546	0.9425803360451738
9.579584290736992	0.9425803826452369
2.7522993747461335	0.9425803920199847
-6.597870983190841	0.9999955550391381
-9.400970001252912	0.9999999930043489
7.750815702491913	0.9425803826453856
-5.236662134114574	0.9998981933614633
-3.772524667713082	0.9972698722341138
4.608769610515729	0.9425803827913195
-9.279120463552207	0.9999999907385809
0.5101211566398334	0.9425803802329681
-1.5179414106724654	0.952518900341417
-6.642000456289754	0.999995984457861
7.944204099316341	0.9425803826453084
-1.2182985866087304	0.9479083178343611
-1.1028302555806402	0.9465526841626617
-4.7133153090603	0.9996627355960161
7.004207849690967	0.9425803826458198
-6.235248411507728	0.9999897573324475
-4.155059974043027	0.9988121600854462
4.06347298893226	0.9425803832284337
2.0961398520380214	0.9425804209033452
-9.910861941716576	0.9999999978375957
-1.5570714480391423	0.9532120621929409
-5.067655722171511	0.9998499839363925
6.577380561366638	0.9425803826471486
-9.041953459456229	0.9999999840101442
5.356453092538654	0.9425803826813506
-5.3453621117164785	0.9999206810961332
3.719145481206647	0.9425803838060792
-3.6848354001041317	0.9967174409131772
-3.2464432950297306	0.9922302002229305
-2.260229364233761	0.9698686526919905
4.561621354885057	0.9425803827952041
7.028488572400203	0.9425803826458216
-9.44082491948774	0.9999999936177598
0.6573857980333422	0.9425803910744565
-2.4293023386583634	0.9744637610048339
-8.42467709609338	0.9999999337600182
-0.19810322959489035	0.9426280366345842
-1.0438135078848418	0.9459471968483392
-1.2178294389375122	0.9479025369097803
4.694436701065561	0.9425803827918431
-5.5072643801208665	0.9999453231212618
-0.7965220945966465	0.9440783467363684
8.421723065314872	0.9425803826452521
9.013380930656794	0.9425803826452396
-9.441527011425075	0.999999993628069
-0.7822236319410578	0.9439979088512446
-2.4322558083455093	0.974542791173749
-8.802497471370177	0.9999999722476044
-0.5405720059114358	0.9430621769804999
3.8749867452507214	0.9425803835028355
8.13407630213711	0.9425803826452681
-1.647023414117502	0.9549685347547336
7.9454343321299525	0.9425803826453085
-1.3781658848627245	0.950157910398175
-3.1774139676465385	0.9912042001756601
0.2877157663761096	0.9425804964709955
-4.996464630499937	0.9998234070532144
-8.691828848219401	0.9999999641929181
-6.284305832656902	0.9999908510703708
-9.65331310967839	0.9999999960872232
-6.716749499130472	0.9999966193231353
-2.788390145148658	0.9836185566604531
7.735921074483258	0.942580382645383
9.42408803048069	0.9425803826452371
-1.765884163897752	0.9575016010562378
-8.526545197358475	0.9999999476095198
4.133459128948802	0.9425803832393445
0.9708990113419489	0.9425804473005451
5.183217460700934	0.9425803826823876
6.794814526918987	0.9425803826464073
1.010699780185952	0.9425804475243298
6.065376432789424	0.9425803826499939
-9.448916417821845	0.9999999937355684
-3.470477123457214	0.9949258141581234
-8.62360194912763	0.9999999581017608
-2.3070101736549775	0.971144071995721
-0.16577048886073698	0.9426159889105775
-8.838641757329203	0.9999999744638082
7.730375474310488	0.9425803826453819
8.22241647558904	0.9425803826452718
0.1634175395282753	0.9425811443868082
2.835551714455189	0.942580391835874
9.744353460425614	0.9425803826452356
-3.218950005826575	0.9918331145147801
3.100075785077925	0.9425803872304654
8.623284688212923	0.9425803826452537
4.813472612895225	0.9425803827123093
-0.4958248134145471	0.9429575062051668
-1.5164730618653302	0.9524930622852662
-3.147928438903307	0.99073635183892
0.08819422697309065	0.9425825389585223
-4.834389596501314	0.9997441488973327
3.660142560172833	0.9425803838324834
8.28733512308662	0.9425803826452716
-1.6336859683774527	0.954698462977864
-9.116741744323313	0.9999999865396522
-0.05652010160527077	0.9425922152290183
-3.413782076206564	0.9943302520761242
-9.91003291530642	0.9999999978334643
6.724003926207246	0.9425803826464034
3.5291272661797777	0.9425803849967639
5.768576753657921	0.9425803826547223
-0.23254707913929806	0.9426443254525905
2.518126730471856	0.9425804008331329
-5.762041272049019	0.9999695666095962
-6.37477915316476	0.999992571181533
8.567504443762253	0.9425803826452532
3.1324955577163127	0.9425803872564583
5.921932773712344	0.9425803826544799
-9.370114619589053	0.9999999924892519
3.821585595290834	0.942580383810459
6.584804448617454	0.9425803826469432
-4.118889010664222	0.9987129845487704
6.067191100526163	0.942580382649995
0.6049101134054133	0.9425803896647008
-9.035784411422174	0.9999999837813928
8.040142304410939	0.9425803826453095
-2.514916039988977	0.976754013499352
6.336272970823352	0.9425803826474113
4.768946611156064	0.9425803827692032
5.399163724516436	0.9425803826649621
0.5871045268653852	0.9425803879049741
8.065426080024597	0.9425803826453072
0.3834318569616393	0.9425803943268642
-2.572392088625599	0.9782716673973175
-7.938963839483102	0.9999997973102842
9.451732613540269	0.942580382645237
-4.62513423349634	0.9995877641050542
-5.234641777186084	0.9998977201407911
-9.638934385594071	0.9999999959555096
7.953610371215831	0.9425803826453085
7.741483427897336	0.9425803826453842
-7.049826580047642	0.9999984298152601
-7.063793375466831	0.999998479506415
8.95075639762954	0.9425803826452441
1.0512700024513855	0.9425804475291099
-6.292564999633012	0.9999910233675399
-5.9653205361496076	0.9999809356009217
-4.660332093913029	0.9996194834034949
-8.315113032586407	0.9999999147520152
-8.794943381498204	0.9999999717606615
-2.9196641089431186	0.9865131039728533
-9.573619960840789	0.9999999952991308
-4.319211081452852	0.9991767387739989
-2.227180094807908	0.9689715253863811
-3.1336709032305343	0.9905037184179983
-7.235191356221269	0.9999989753082084
4.387818522784652	0.9425803829379892
-2.0522607494548017	0.9643716392524571
-1.4147518295294415	0.9507465983944418
-2.966666465477261	0.9874694934677573
-3.888371088472593	0.9978689942158179
6.393098387541688	0.9425803826475719
-3.5235212177610586	0.9954341070602585
-8.526388603407668	0.9999999475906259
-4.027386668817234	0.9984253805671287
2.4583952448789326	0.9425804011993593
-6.657833138783804	0.999996128197592
8.709694408768112	0.9425803826452448
0.4731291033082652	0.9425803811898542
6.910554837399616	0.9425803826458101
2.9964814322078546	0.9425803872008818
1.4660259313356008	0.9425804201753252
-1.5299245569865825	0.9527294046547062
8.573692684830093	0.9425803826452533
4.259487966772809	0.942580382944156
2.628490038954162	0.9425804011811301
1.0957160202789886	0.9425804473155693
-6.188204022780908	0.9999885858956055
0.2812615926965911	0.9425805136026726
-0.5514810788884894	0.9430905250885334
6.031774070136873	0.9425803826495154
-7.512568709613858	0.9999994589688695
2.7646931911457138	0.942580391988225
9.003864787517696	0.9425803826452406
-2.681456899964809	0.9810550686071444
-3.81127497452475	0.9974857330693808
8.33726506541197	0.9425803826452718
-3.7561572443409785	0.9971736855626167
3.825328851670214	0.9425803838173907
3.2133460562743785	0.9425803872351606
-4.0772463440686035	0.9985889520215823
-3.3897661748231167	0.9940609354844061
7.523777484399346	0.9425803826453687
7.697709427688597	0.9425803826453824
9.289902961046508	0.9425803826452381
-8.095521504119239	0.9999998586568045
-9.999210596765767	0.9999999980186968
9.279173289590844	0.9425803826452389
6.869908646522433	0.9425803826463014
4.895445546544309	0.9425803827185429
-8.12258885770289	0.9999998671971008
-4.80087007748824	0.9997237933986586
8.690410278288581	0.942580382645249
-8.701657234462882	0.9999999649941538
-2.3703963264576577	0.972872258054145
-1.9968859029636512	0.9629556969780626
1.018725380677017	0.9425804474794232
-8.089224648037092	0.9999998565925543
-3.560002888220417	0.9957576476485824
-2.8554114644061146	0.9851359601185536
1.9484735188518876	0.9425803364528897
-8.410894820836594	0.9999999316241911
0.6629974455255336	0.9425803911499607
-5.877745573276925	0.9999766793134228
-6.863467559080885	0.9999975884377688
-4.536191029485508	0.9994955129267798
2.770913439000493	0.9425803919300332
3.201276650371568	0.9425803872270004
9.74981219748394	0.9425803826452356
4.322877459941367	0.9425803829376153
6.520548795245034	0.942580382647557
-6.637417194850617	0.9999959418609714
-4.689038128876342	0.9996435566872781
9.672182265809369	0.9425803826452359
9.740955080229377	0.9425803826452359
4.016141749683992	0.9425803832271648
-8.441877289093412	0.9999999363321543
-5.53392385820719	0.9999485734228848
6.062053806793038	0.9425803826499858
4.335018620955191	0.9425803829379557
-5.995376165000659	0.9999822096467639
9.49610004180586	0.9425803826452368
1.0519510390752842	0.9425804475324443
-0.7498610226817917	0.9438271280560058
-8.795622550741697	0.9999999718047885
-8.94611903189535	0.9999999800621237
8.740577358019557	0.9425803826452435
-8.675372166698079	0.9999999628100555
0.9005032500867891	0.9425804454892629
-2.352269974643706	0.9723791016291153
-3.887869091768361	0.9978666851769216
1.5354109773704963	0.9425804100532276
8.861448744726786	0.942580382645244
-5.020918793155902	0.9998330263732563
-3.675992642300918	0.9966564610413854
-3.559522950836098	0.9957535244556298
-5.336660619577929	0.9999190798343206
8.652709169472097	0.942580382645254
-0.38659464070871863	0.9427735699512689
8.370445737447891	0.9425803826452701
4.8887769878629115	0.9425803827188243
1.0864036868010416	0.9425804474263589
6.562305529612512	0.9425803826474928
4.041775802330662	0.9425803832285318
-1.4989020591917637	0.9521834468746344
-3.928281398963991	0.9980452565757356
3.327170875487342	0.9425803848135599
5.289121463950908	0.9425803826821919
-7.962158763948475	0.9999998078515241
-8.477377518695	0.9999999413295112
-7.228574466015489	0.9999989595771311
-9.112966198334945	0.9999999864221241
9.697399844614921	0.9425803826452361
6.0980914718687345	0.9425803826498764
8.943295568101249	0.942580382645244
1.4322652708584105	0.942580430383333
8.260482496580906	0.9425803826452716
5.92702760828702	0.942580382654525
-4.227226783262941	0.9989884706297655
9.372732795886336	0.942580382645237
2.556322302135147	0.9425804008376439
-5.405059128856529	0.9999308462999771
-5.757177331334642	0.999969224174031
-4.895282081580228	0.9997773923629336
1.910797036217975	0.9425803362977591
1.2143272024149319	0.9425804288603381
3.613620210254215	0.9425803836956479
0.5055644812394533	0.9425803803833779
5.2815093760153395	0.9425803826822062
2.642359551214554	0.942580400902256
-1.7807836142786382	0.9578326837757576
3.9663804505582334	0.9425803832396735
-0.4679825375204203	0.942901614933348
-0.009248870561195943	0.9425876543933371
-6.756714384822309	0.999996916508725
-7.485570180212435	0.9999994242679812
-3.198046038728566	0.9915209811154361
-7.701220457722493	0.9999996495927249
9.365179024601808	0.9425803826452371
6.477057412053384	0.9425803826475729
4.7876460399252565	0.9425803827371911
-2.8607022050636877	0.9852522970614803
4.074744147780137	0.9425803832290939
-6.577095667733035	0.9999953372697036
1.8821947877990084	0.9425803362338268
0.2997260067443399	0.9425804703288962
-8.710351481642387	0.9999999656879806
3.8514841024887083	0.9425803837805454
-7.949178840224178	0.9999998020220559
2.620865359873479	0.942580400986398
0.4518628058929899	0.9425803823346767
-9.309813933138598	0.9999999913705299
1.7130992273081844	0.9425804102628037
7.083584576407205	0.9425803826458232
-7.34478615767014	0.9999992038378995
-2.105876486963818	0.9657618641521961
-3.1779601059176388	0.9912126974655601
6.816923731117221	0.9425803826463988
-1.6178244766512417	0.9543815269241773
-3.185030773224753	0.9913221583355585
-4.320021794442974	0.9991782359304621
-4.5354254344002465	0.9994946365033408
-0.9166960803206017	0.9448726505417698
9.474849007021021	0.9425803826452368
-5.378175456946739	0.9999264402448611
-2.5025753167877385	0.9764244625248193
4.622813290855433	0.9425803827918632
-2.8607326635121844	0.9852529653084094
-1.3231765101040125	0.9493205182662258
-6.245300847963122	0.9999899916193333
-8.18246720242431	0.9999998843010648
-6.677311500224841	0.9999962979934605
4.323723837093203	0.9425803829376669
-8.465484825470764	0.9999999397006869
-3.7848407598227762	0.9973402606304645
-3.3022278968824814	0.9929896619999836
-6.078580730238765	0.9999853100167432
-5.646205149040755	0.9999602751131917
2.588816802790763	0.942580400809274
-8.991044898816876	0.9999999820215171
8.598842540986901	0.9425803826452535
-7.664779617351702	0.9999996189222753
2.4482319339721457	0.9425804011556375
-2.337222574260145	0.971968970087628
-9.712027842053793	0.9999999965820128
9.850510921028452	0.942580382645236
0.2879167929465787	0.942580495973574
7.012503561356908	0.9425803826458193
-0.849298469823708	0.9444018883199926
5.737343870991648	0.942580382654011
-4.169669950722645	0.9988500948239443
8.745824320410133	0.9425803826452437
9.807507462641173	0.9425803826452357
-8.094410017901659	0.9999998582946055
1.0411871273182136	0.9425804474854542
8.630342546209935	0.9425803826452537
4.6902380564981705	0.9425803827920417
-2.0375085542932236	0.9639921555899853
0.7034906231054485	0.9425803913724311
-7.699764059903016	0.9999996484156823
9.250068695784211	0.9425803826452395
-4.62142193569127	0.999584270152221
9.09758916482889	0.9425803826452395
7.885546794432106	0.9425803826453099
7.483259978520202	0.9425803826454667
7.461002470963635	0.9425803826455276
3.3316995814125328	0.9425803848594188
9.33816075776084	0.9425803826452367
-1.0323028026373429	0.9458364120043247
-6.081399003981716	0.9999854049917021
-1.3075083063662163	0.949092241889111
2.1308825306591785	0.9425804205680993
-4.772374671137758	0.999705231712265
-9.63380642199902	0.9999999959074715
-6.70924506456096	0.9999965604048496
6.857964260225643	0.9425803826464048
7.033953664518265	0.9425803826458221
-7.576369893186841	0.9999995328870419
3.893054140674357	0.94258038327586
-6.807902040532086	0.9999972593116659
-4.404491862809534	0.9993204917284806
5.920555321433522	0.9425803826544727
-6.0177391464591645	0.9999831020729686
2.359374424307447	0.9425804134396278
6.424314640614472	0.9425803826475662
7.251553736640762	0.9425803826455252
8.263740624255309	0.9425803826452714
-0.14908780936975674	0.9426108380465066
-8.81255957084091	0.9999999728832039
4.149791442324048	0.9425803832243144
-0.02508009849908177	0.9425889719751822
6.497929817981873	0.942580382647571
-4.966635620425035	0.9998109244619984
-3.3404957500674426	0.9934756544542145
3.795023028410993	0.9425803838042522
-4.652483955307933	0.9996126266463314
-2.716118252614077	0.9819054222068563
3.9223087664975544	0.9425803831773331
-7.301088830778082	0.9999991195640878
-9.19014893199153	0.9999999886329153
-6.726500907966821	0.9999966943777874
-4.840721124821172	0.9997478233341304
9.658423262762973	0.9425803826452357
4.069182753416381	0.9425803832287948
0.04442924736749987	0.9425841885135874
-5.393754487471298	0.9999290265649572
-9.404513843457645	0.9999999930612009
-5.811745235815158	0.9999728549525468
-7.563156143625065	0.999999518456611
5.37509502928069	0.94258038267469
-8.055836437357321	0.9999998451326771
-1.5112941602335717	0.9524018500019924
-9.647094291679274	0.9999999960307913
-5.0139036898729605	0.9998303214969065
8.419882262833195	0.9425803826452522
-4.162520962156315	0.9988316808685004
-7.947890342820232	0.9999998014338131
0.17585035530801818	0.9425810233866574
4.232327960787234	0.942580382921874
-3.7388099267392905	0.9970683659829882
-3.8959345555717118	0.9979035021666225
-1.579568001474815	0.9536316526234483
-2.4496282784204615	0.9750066912399548
9.377482583345596	0.9425803826452371
-3.038621640062704	0.9888464655612765
-9.077543178735148	0.9999999852682434
0.29091635855959197	0.9425804888060421
-4.569929596586304	0.9995326838712787
6.422529379872614	0.9425803826475648
-0.7973980049956975	0.944083379055624
9.382656491195817	0.9425803826452369
-9.052388416704975	0.999999984389762
4.196711007245302	0.942580382949238
7.126300797669202	0.9425803826458198
7.79534615194596	0.9425803826453317
9.119163203506613	0.9425803826452392
3.299630443700142	0.9425803848797004
-2.4773214677922706	0.9757468217509377
-7.750142148448447	0.9999996869224262
3.491636838052635	0.9425803849558732
8.98216527383767	0.9425803826452431
-1.7750730521121447	0.9577054545130627
-5.952520697218082	0.9999803656998872
0.46246282981788234	0.942580381671624
-7.939483190147634	0.9999997975525237
6.005993394289632	0.9425803826498772
-3.66622744395948	0.9965879402054667
2.6408684212239475	0.9425804009987673
1.551395788014652	0.9425804104344194
5.233135812047491	0.9425803826821703
9.443609350292142	0.9425803826452371
2.475676354149922	0.9425804009133414
-5.523887011095403	0.9999473730238205
-2.9384132241730487	0.9868999332788845
0.260447841485405	0.9425805815422652
-9.822624434235575	0.9999999973504392
-4.264812869731638	0.9990699759628545
-1.108141988717751	0.9466103766075322
1.092813527044644	0.9425804473401952
-8.620876124381498	0.9999999578379615
0.2463789039132802	0.9425806347186193
-2.8923935838842807	0.9859381843034041
6.100847521518592	0.9425803826498717
3.1952903755641024	0.9425803872373972
7.108751885346209	0.9425803826458203
-3.130237642258864	0.9904470751059691
-3.521008618304955	0.9954110572300898
-8.559485841645795	0.9999999514362976
5.54125274838106	0.9425803826637624
-7.4080571634321135	0.9999993117726566
-8.815916247150547	0.9999999730919831
6.015803133677803	0.9425803826495095
9.124297143486295	0.9425803826452392
3.0658877198769083	0.9425803873330836
-1.631871929026385	0.9546619828016437
5.973530315454463	0.9425803826530321
4.3336553895993255	0.9425803829379533
-7.835749533074785	0.9999997429335974
8.208701073559503	0.9425803826452716
-7.8825309710877445	0.999999769184977
-8.183904286870254	0.9999998846832728
8.76414888054412	0.9425803826452445
2.821020348222687	0.9425803918323946
7.4891772637050735	0.9425803826454459
0.3428332456282668	0.9425804172100976
2.2852580081037708	0.9425804183227515
5.0074995724319	0.9425803827184126
7.358311489802929	0.9425803826455297
5.073285837705228	0.9425803827046314
-4.002604408167261	0.9983375055428578
-2.191433708918682	0.9680054538929257
-9.661074404287309	0.9999999961565287
5.4283426648484845	0.942580382662174
-1.0372271771918093	0.9458835078828408
3.305556761144274	0.9425803847810859
9.940748566228798	0.9425803826452348
1.0828230841079822	0.9425804474787874
2.7145393869804693	0.9425803909863021
-9.20272976080339	0.9999999889574788
-6.343586434127255	0.9999920181196096
4.242245997878943	0.942580382934521
6.947955613617069	0.9425803826458073
-4.367377809988717	0.9992612281360819
8.87549279936269	0.942580382645244
-5.039365395587372	0.9998399359674758
0.6572574002666975	0.9425803910726068
-6.919888102041547	0.9999978822152611
9.963400119796745	0.942580382645235
-8.797462068674315	0.9999999719239597
-8.501865207197298	0.9999999445460641
9.926439005042361	0.9425803826452349
-4.46252983760421	0.9994039535262684
-5.055073132280148	0.9998455948845238
3.185192594036458	0.9425803872555445
-4.831705487511435	0.9997425752245946
1.495881676283318	0.9425804096952264
-6.134992317189694	0.9999870986934163
-2.8934623792012104	0.9859609851734829
-4.213403325621026	0.9989567863689484
-1.79358249777545	0.9581189825614842
0.2004932185078303	0.9425808404205906
-8.273550018979146	0.9999999061904602
6.652883889971541	0.9425803826464034
-3.717118522623224	0.9969316456799456
-8.793811184786765	0.9999999716869474
-2.470969702623247	0.9755766455955569
-8.670205889979488	0.9999999623650083
7.16599638515661	0.9425803826457957
-9.322333341690005	0.9999999916157418
5.513313685832738	0.9425803826636742
8.799794229874365	0.9425803826452442
0.8252735715157336	0.9425803894809147
-1.0212419622829305	0.9457322844108199
9.780567104355153	0.942580382645236
-2.8593669455147985	0.9852229850789046
4.827145956245031	0.9425803827127625
7.171894448632386	0.9425803826457645
-7.383258379939517	0.9999992713311833
6.09801310192017	0.9425803826498765
7.852898155627056	0.9425803826453072
-9.783786723694776	0.9999999971025791
5.217874994792272	0.9425803826820539
8.81116801566175	0.9425803826452439
-0.4860817840171272	0.9429371555993149
0.31513309649930576	0.9425804457376316
-3.9102748348415473	0.997967496492333
0.12720127500928768	0.942581644680305
-6.142691661513675	0.9999873253082932
-0.7724125097963643	0.9439445334864313
-7.681497977148202	0.9999996333130753
-0.14152922631987508	0.9426087143499206
1.0602604082587561	0.9425804475686076
2.1123590414320326	0.9425804256306708
-0.8810675709097104	0.9446169338710085
-3.2305446385476433	0.9920024327106873
7.548759495762276	0.9425803826453777
-4.3434222356415875	0.9992203234860147
2.675608519549936	0.9425803951018338
4.328245588910885	0.9425803829378646
1.7390608425290122	0.9425804107484452
5.345208531791364	0.9425803826828676
-2.5282095899437307	0.9771074137306336
2.596787669405982	0.9425804007474602
-5.034670289832808	0.9998382047834979
-8.76451865716453	0.999999969711417
-9.293275646221758	0.9999999910355752
8.106548152678606	0.9425803826452753
0.9863016487476806	0.9425804476192027
-0.08659316939726125	0.9425966677019741
-0.34372183376047083	0.9427259326042231
0.9697230495272624	0.9425804472581375
9.641009369260914	0.9425803826452355
-6.808589834217571	0.9999972636482864
7.650168915923267	0.9425803826453826
-1.435602328140524	0.9510927124498652
2.569539159107972	0.9425804008613965
-2.856910640908832	0.9851689775656501
6.804118250401167	0.942580382646404
-2.8928147498960666	0.9859471717331103
-8.189229851183972	0.9999998860886866
4.208120980326907	0.9425803829158558
-7.727344328729937	0.9999996700489455
4.583218424071447	0.9425803827925776
8.745294514009977	0.9425803826452435
-6.605287187979507	0.99999563028932
8.051776949652737	0.9425803826453103
8.637279509661333	0.9425803826452537
4.205282080044782	0.9425803829211512
2.263597753014178	0.9425804184068928
2.2348632956942804	0.9425804182290968
-2.888978612161859	0.9858651864335322
4.427625262184666	0.9425803829404662
7.909649774242794	0.9425803826453085
2.5467793891709576	0.9425804008333244
8.56686009082673	0.9425803826452532
-0.3929223148553973	0.9427818880800519
-9.128383909555353	0.9999999868956919
8.260917834074576	0.9425803826452718
-5.926175738692279	0.9999791385758959
8.885909287580724	0.942580382645244
8.952063293321988	0.9425803826452445
-9.009618411819847	0.9999999827741948
-2.7016470161669703	0.9815526935709636
4.304163690615859	0.9425803829362881
-1.0477063642342532	0.9459852100036005
6.25923424147831	0.9425803826498006
-9.671636414542423	0.9999999962488753
-0.5917101607814601	0.9432059702056648
-2.715442368116756	0.9818890249351632
3.8056922284981844	0.9425803837998228
-1.9393850833378181	0.9615201649517477
-8.751746491898098	0.9999999688074195
-5.372895912279487	0.999925542612808
8.22024906548684	0.9425803826452717
-9.528862111199388	0.9999999947888203
-2.0872615890983237	0.9652777334550704
9.874942090933367	0.942580382645236
-8.544875106716546	0.9999999497747062
8.642354884221266	0.9425803826452537
9.068213333928107	0.9425803826452394
-5.800443399233957	0.9999721398842724
-0.5480917044079128	0.9430815893518675
1.4470753354883001	0.9425804277648229
1.3979972095490965	0.9425804294396827
-1.2323077638909208	0.9480808479005914
9.792783519193119	0.9425803826452358
-6.393440961598524	0.9999928835671266
1.6897703407200915	0.9425804096197513
6.333420106577613	0.9425803826473865
-9.38015146689468	0.9999999926608397
7.72735302133945	0.9425803826453817
2.5246412949528274	0.9425804008461097
8.75107522424075	0.9425803826452438
-7.843397457638468	0.9999997474208749
2.1471688319893367	0.9425804168747254
-8.948253270897922	0.9999999801598629
-9.268246857879042	0.9999999905037711
8.551565625990815	0.9425803826452535
-5.525339015073798	0.9999475483983216
-2.630864410638405	0.979782571036714
7.365929304015879	0.9425803826455295
-9.530272553609947	0.9999999948057171
5.97041210161021	0.9425803826533493
-0.7647972081778853	0.9439040826412124
4.4530291695715984	0.9425803829320376
-7.038493574434326	0.9999983883038256
-0.24858020043931006	0.9426532475251829
5.541111811585555	0.9425803826637628
8.580989276120864	0.9425803826452535
-1.7143099111969562	0.9563767047939952
-9.905392802439454	0.9999999978101939
-9.82178027676547	0.999999997345284
1.0235959134874975	0.9425804474660259
-4.1099036833431635	0.9986871403264334
-4.769424893598004	0.9997032410367244
-8.175001438833988	0.9999998822949765
-5.8732979837563715	0.9999764394339669
8.807563937620877	0.9425803826452438
-2.90119298147296	0.986125256282539
8.698352486217825	0.9425803826452471
8.413326986710157	0.9425803826452535
9.256022563610564	0.9425803826452395
-6.689731563684158	0.9999964023516525
-2.0085065373223543	0.9632505855071681
2.082159070784403	0.9425804035776578
-3.8344345771096933	0.9976071080521459
4.355393126849947	0.9425803829376934
4.494374348865588	0.9425803828058203
7.54984223865636	0.9425803826453784
