-9.111953329551667	0.9999999841067623
4.790409683168075	0.866011532860114
-3.7194053015113138	0.996381926291132
8.606225990767278	0.866011512752285
-6.660105287124014	0.9999955020292246
3.7156898492759183	0.8660114191846888
8.087504125640304	0.8660115127618204
-4.984485513058772	0.9997878574033684
-3.861173865588965	0.9973329120353124
3.551435258530468	0.8660113226851613
-3.983303480687903	0.9979581595140621
8.339864284611735	0.8660115127570767
5.148224748529815	0.8660115209182707
9.273948942990945	0.8660115127485882
-4.508892767828732	0.999371669671929
2.51340286710548	0.8660113352971551
1.6736312254938532	0.8660137658248065
4.94839874296928	0.8660115295907853
8.909644559536055	0.8660115127498774
0.5790114755140472	0.8687096398829155
-3.5638706035400114	0.9949853580045906
4.219742695727993	0.8660116088907693
-9.089064991604445	0.9999999832466924
8.71485650280539	0.8660115127498842
2.29808348694605	0.8660112836181141
0.7681639463305459	0.8674270961723289
7.024196378114816	0.8660115128895876
0.2433428715648489	0.8724385293186637
9.259664964553945	0.8660115127486762
-5.1803122657357425	0.999864623273126
5.24595702413675	0.8660115209285811
3.9762028199255806	0.8660112791413576
4.888859137238345	0.8660115295838965
5.33421057312205	0.8660115210446828
-3.9503829675910485	0.9978049449967031
-1.756401952903989	0.9365288005663588
2.8340481732664102	0.8660113738861037
-9.150229918397542	0.9999999854475624
8.594555755030498	0.8660115127522937
-0.9192918278896691	0.9022868274891425
8.425159301282775	0.8660115127518754
-2.7585229884833673	0.9783482439647709
0.5322522696737195	0.8690889010202086
-2.2839345547762635	0.9600424415190126
-3.6328987205708207	0.995656498736493
7.580587771315205	0.8660115127850769
2.7924191112388144	0.8660113739229374
4.981541641397943	0.8660115296142399
-9.102507495100696	0.9999999837573004
-4.650694740690304	0.9995449427479857
2.3045509016623456	0.8660112836493186
6.602028524809427	0.866011513050484
-2.469402924005686	0.9677753491554808
-6.613473373306484	0.9999949922366819
-7.55924730262973	0.9999994325695128
-9.474801257682346	0.9999999931076978
7.957314619721416	0.8660115127662705
-5.487848829569049	0.9999332162091411
9.055096929657097	0.8660115127486208
-0.7151724708206952	0.8952094741822217
-6.058741152556637	0.9999820423041647
9.314546704562048	0.8660115127480493
-9.04427624055263	0.9999999814266846
5.876366844262417	0.8660115148565711
6.5110372604827695	0.8660115132931359
-9.797059455789935	0.9999999967182455
8.359400037037648	0.8660115127571215
-0.14042143270011742	0.8794060834853306
7.548659132419104	0.8660115127832865
8.470280028934077	0.8660115127523818
5.659250808563323	0.8660115167356549
-5.229084665169812	0.9998789651670323
8.295584514978692	0.8660115127570212
5.410220396825952	0.8660115166174187
3.6468132185892443	0.866011418027134
3.1539132754000487	0.8660114822183949
-3.2330800510427826	0.9903453401486816
2.4634867887482628	0.8660113344753932
8.137236186754354	0.8660115127562037
2.8441830552378313	0.8660113739133466
-1.504310971599283	0.9255081356996435
0.24025118496727416	0.8724811179613503
-7.8884718109861796	0.9999997341165618
-6.51121154382865	0.9999936628660554
-9.79217144704057	0.9999999966811002
7.905579874239841	0.8660115127661943
-8.645415096189506	0.9999999534681613
0.4024045398788232	0.8704224319127272
7.078565973368104	0.8660115128900506
6.8714563083054045	0.8660115129981771
-2.1108256965805117	0.952432699089846
4.483157100199552	0.8660115578330227
4.3010238010329935	0.8660115821504034
5.332457642294774	0.8660115210229455
3.857017389712375	0.8660114005434866
-6.914872653467459	0.9999974981069206
-8.924534883306666	0.9999999755301826
5.356109942834344	0.8660115207662586
-6.281607556491142	0.9999892488691285
5.799955321225415	0.8660115148455722
5.007160841856209	0.8660115294895042
-0.7021901222904994	0.8947814465515733
-9.960149419779247	0.999999997686241
-0.7101637459696839	0.8950442446980792
1.917128052827536	0.8660116384080936
-9.569818195534875	0.9999999944620717
3.126110794647655	0.8660114821233025
-1.593900570063802	0.9293077084342211
6.814607190860258	0.866011513025398
6.534470341030385	0.8660115133006493
-1.3201193791560897	0.9177176867671283
4.18535049969481	0.8660115022518892
-1.8987413444853765	0.9428549139837691
5.203198253076501	0.8660115208793452
7.533464700474614	0.8660115127811832
-2.7614600684083213	0.9784435103363189
5.94277129412335	0.8660115148981004
-4.014445474028778	0.9980936519425985
-3.9453212702922036	0.9977804364384776
-6.995526203600764	0.9999979221248495
-0.3358120980871995	0.8840975269345901
-0.3029974006146894	0.8832952022085717
6.7123808968221255	0.866011513025686
-4.160941102324376	0.9986232116608444
-9.150545676542494	0.9999999854581391
-9.077016917058964	0.999999982775427
1.95024592476679	0.8660116168781765
-3.218155103556324	0.9900710555547668
-4.254381698259819	0.9988832495058404
-1.9024682966606665	0.9430243326041101
7.059988903538901	0.8660115128899336
-0.3294872615783717	0.8839451711800048
-1.7022635364384087	0.9341072740692117
-2.759967877753633	0.9783951380029128
7.755960652017798	0.8660115127849906
-0.9360943188493476	0.9028639334389972
8.327812294573818	0.8660115127569535
1.0213695720719116	0.8664802723701696
-9.007660435733076	0.9999999797928444
9.393019824337088	0.8660115127480357
-4.160455256843414	0.9986217167625527
3.96547558524912	0.8660112805917043
-5.940612237524112	0.9999764318468864
5.772090750193183	0.8660115148949151
-6.695748670964394	0.9999958564077868
-3.048536817582961	0.9865004695509794
-6.977454664143385	0.999997833843174
7.110523838062754	0.8660115128893453
-0.6148197381734164	0.8920745996515496
7.796011625018412	0.8660115127716115
-5.111294695235422	0.9998413877652407
-6.612651491823427	0.9999949827518092
1.5138764652863834	0.866024419891654
-9.703931498048002	0.9999999959333754
-6.199490895091664	0.9999870117934937
-3.569184831829282	0.9950401621244298
5.236321001969797	0.866011520930782
2.0513873428403606	0.8660115677558805
0.3339157830563	0.8712527285122899
-0.15562049163893477	0.8797465074331821
0.20755859779970187	0.8729646595095878
1.6782493294474712	0.8660136560341481
5.163300623637991	0.8660115211164348
-8.920331555349051	0.999999975292201
6.4619197074222114	0.86601151329586
7.702041496329564	0.8660115127844316
9.470443535979673	0.8660115127480279
6.909762690438534	0.8660115128883761
-4.924754692469504	0.9997567473632698
-8.25452684997142	0.9999998855442023
-3.408011804312765	0.9931198855326665
-8.161090407705466	0.99999985807016
-5.791883589636133	0.9999668135156369
-4.231871070889794	0.9988253619590814
-9.502795253029692	0.9999999935379499
-3.3606595256656924	0.9924452358261141
5.825163387438238	0.866011514852198
8.142402746131758	0.8660115127563699
-2.0181037264446378	0.9482680880668317
-2.5405031582903748	0.9705764244851685
7.6812671980385545	0.8660115127844589
-0.8999036715384889	0.9016049690901717
-5.276043311490901	0.9998913395555262
-1.3414494490649567	0.9186031851799102
-5.49249899554106	0.9999339264285279
2.959758673159808	0.8660113990369248
-7.224834825485793	0.9999987744840861
5.803185561329688	0.8660115148442877
5.088870805263319	0.8660115230641674
-5.528174730799829	0.9999391301404753
-3.1331125984320796	0.9883869622756386
-4.57464383756935	0.9994588934339399
-7.856404237096206	0.9999997137414168
7.956430388171903	0.8660115127662715
8.245680665161363	0.866011512757013
-3.9308057420878617	0.9977087000395111
-6.1647849408868005	0.9999859315999994
-9.320717745890978	0.9999999901723927
-9.246064616514973	0.9999999883291901
-2.9428929414824667	0.9838365947681916
-2.9310890724090077	0.9835170287250726
-9.739323859555897	0.9999999962516369
-8.568998684135668	0.9999999445161558
-7.0110537321808275	0.9999979951004991
0.8139947044091969	0.8671946087616585
-0.8996401049517502	0.9015955936603881
-3.759833069001095	0.9966811401839331
-2.523483049520827	0.9699164218442514
-0.8161007304797572	0.8986371060621795
5.049445642597345	0.8660115297248786
-7.377521109967495	0.9999991377439252
3.178216512630092	0.8660114828508119
9.637413553982498	0.8660115127476783
-6.980553729517003	0.9999978492445435
-6.918825455059134	0.9999975207736952
8.512751075491867	0.8660115127522621
-9.058712964488294	0.999999982033953
-6.541339445429157	0.9999940875284964
8.833470214186363	0.8660115127498762
-9.92315259539469	0.9999999975452104
4.224500142768397	0.8660116058194247
-3.3798814178597425	0.9927255692103866
8.848125075076613	0.8660115127498818
8.96983042610352	0.8660115127498101
2.156798820416528	0.8660112967685683
-8.027073475205642	0.9999998067629664
7.449950215026043	0.8660115128215635
-2.8235418541904878	0.9804032499434414
4.788793345608692	0.8660115334427632
5.321220072070663	0.8660115208965262
9.699372571291661	0.8660115127477109
-7.318441261698112	0.9999990120956459
-4.983746088724286	0.999787497607337
7.394161861863715	0.8660115128201538
9.351131181436507	0.8660115127479973
8.958984165344912	0.8660115127499232
0.012972730060955229	0.8763112979919503
-3.6353171633462056	0.9956784632033076
-8.525979899865712	0.9999999387388312
6.537874691332796	0.8660115133035757
-5.284409863532251	0.9998934079280972
-8.687794690514359	0.9999999577943437
-0.3150547198307265	0.8835947368468109
4.984834359327905	0.8660115296128973
-1.604244436917659	0.9297640900870395
-3.150167064617455	0.988741524171813
8.982537400055936	0.866011512749521
2.802461483026079	0.8660113739005112
1.9906323505849208	0.8660116033661489
2.0544715433553584	0.8660115545867016
8.276430301797362	0.8660115127570079
-2.995528319279752	0.9852077636671951
-6.520095153966787	0.9999937911596677
-3.0626760191634883	0.9868306166299112
-0.7272428842831236	0.8956091120054555
-8.144946119592205	0.9999998526947615
-6.508567574388775	0.9999936241737205
0.5909739541326875	0.8686171219323507
1.1866700246973991	0.8661952011847596
-4.1075691377838774	0.998449237753713
5.657443136304581	0.8660115167858278
-0.2246030493086124	0.8813534639916061
6.437600459737425	0.8660115132962617
-6.669246677553802	0.9999955957075468
-7.1446052059737	0.9999985258345615
0.9347704024958059	0.8667278671084304
2.7193093774743673	0.8660113752674948
7.151974673735939	0.8660115128925674
2.8734229227366157	0.8660113734391172
9.523867630998815	0.8660115127480243
-3.3876789532359908	0.9928367546929073
2.9178993589989766	0.8660113733687914
2.538661006481755	0.8660113353055273
7.01987318837741	0.8660115128894242
-3.2632829738670432	0.9908815231933857
-7.84968950867015	0.9999997092810676
6.896979172254127	0.8660115129180658
0.9233853355083674	0.8667666900610205
8.85225577275223	0.8660115127498819
-2.3988748475301858	0.964919792839447
9.294499093813812	0.8660115127483101
4.526810651171424	0.8660115438829435
0.19956356923337282	0.8730874950814457
-9.9181926096642	0.9999999975170158
-8.484885767420183	0.9999999326590572
-2.0142118166759193	0.9480917217843124
-1.4939844946772673	0.9250687764951414
0.9994557904175991	0.8665359324859643
9.218212502746574	0.8660115127486475
-9.057239268311275	0.999999981972884
-2.156780682835553	0.9544496650509775
-4.087261184813533	0.9983776098159507
1.8066494263950617	0.8660119481497824
-8.667973169121916	0.999999955823413
8.367454413737299	0.8660115127567579
-2.8537438551529837	0.9813141824396325
6.890175840904199	0.8660115129390019
2.769399213936005	0.8660113734556348
2.611487064692959	0.8660113355549038
4.487138085861977	0.866011554784872
1.8626614127708585	0.8660117252137222
0.8908512498210452	0.8668831256883247
-8.79386351915775	0.999999966940067
-0.5762409176636183	0.8908900601200835
-7.804750394183295	0.9999996775872813
-9.009912065858883	0.9999999798973396
3.470976738929119	0.8660113163652481
-3.577486421308853	0.9951246992525511
-1.3473292782869564	0.9188484727513057
-5.559918603576843	0.9999434151872483
-6.0922957321715465	0.9999833770049897
-7.292131862754632	0.9999989504002611
-6.267284984163504	0.9999888884872675
0.05801648178337615	0.8754654041312592
-6.1232712774528775	0.999984520935062
5.473517761071701	0.8660115169457565
8.18888100403214	0.8660115127571162
3.311723541839097	0.8660113035583651
3.494581039873852	0.8660113172826048
0.8997330047154115	0.8668509662849153
-1.5009919351261445	0.9253671779815591
-4.950010639784104	0.9997704200342148
-7.024489890549104	0.9999980561757496
-2.458966429129079	0.9673582267292782
5.524528127008711	0.8660115168682128
0.46642095068826883	0.8697269765528137
3.604824629927119	0.8660114249299046
-3.6408584772788766	0.9957284093489894
-5.332156660954186	0.9999044820008498
7.948960614585747	0.8660115127662779
-7.3772010641626595	0.99999913710828
2.502287825948258	0.8660113353512844
2.485595277714573	0.8660113352603932
6.038206060592675	0.8660115137652865
-8.584196348386893	0.9999999464241671
-2.4775729986546757	0.9681015963293075
-6.076451268779235	0.9999827595909642
-0.7939800998199651	0.8978689596139309
8.82624343208689	0.8660115127498713
-3.4356669989027644	0.9934894655827218
-6.749802704180037	0.9999963412930588
-0.5884072388018158	0.8912660432993542
-0.23475965727910442	0.8815981440240162
5.731979543860035	0.8660115146989548
4.478151918641302	0.8660115618506486
-7.440066621762238	0.9999992533934052
-9.789283748811805	0.9999999966589588
-4.367235549324584	0.9991339589473175
1.7257677612148203	0.8660128475850689
1.9260415462545986	0.8660116310720306
-3.168793886158361	0.9891190333722445
0.36454459121423	0.8708706272880085
0.7900792112690205	0.8673126066111889
6.893183784471137	0.8660115129294796
-3.5658212841120562	0.9950055375553268
8.089534332535603	0.8660115127613696
-8.354868722124117	0.9999999091560186
7.6512476151437205	0.8660115127844481
-0.011578229774503512	0.8767811409939436
2.2145729641414302	0.866011284544592
-5.425196627012703	0.9999228700330329
-2.692619820747968	0.9761442016125006
5.72282018547444	0.8660115146586365
-0.06215983816547066	0.8777308688604665
-7.047035154763037	0.9999981545056954
0.9025861342401456	0.8668406537808381
-0.4270628174749991	0.8865113849576096
0.7304338439520031	0.8676405279398149
-1.4650597909728837	0.923832963500647
-7.851289277857014	0.9999997103500022
-5.762693692106278	0.9999645081607169
-4.3412095043515375	0.9990815499064178
6.256658208997976	0.8660115138176886
-9.091878690001018	0.9999999833548807
-1.9302169768292288	0.9442820617680193
-7.702409805447701	0.9999995919137842
8.41351663453976	0.8660115127523136
-4.414124550737402	0.9992210758322433
-9.634852342010461	0.9999999952322534
2.8662282487426936	0.8660113735353699
-3.1039511902883943	0.987760653674294
-8.153970199188368	0.9999998557240283
8.535198820570074	0.8660115127522815
-6.5588072001663456	0.999994320585726
-8.793848826468214	0.9999999669389484
-5.805635885413292	0.9999678471902361
-5.637325888943789	0.9999526432556555
-2.567013295174836	0.9715908723897434
0.8820699058765058	0.8669148560508312
-0.8556304866821449	0.9000260984290552
-8.073284695659915	0.9999998262682173
1.20003078185265	0.8661806685021248
5.341909163276256	0.866011521097026
-4.241816030994641	0.9988512880791501
3.172794247192554	0.8660114828783337
1.0449144462324345	0.8664256385430867
8.839495998591218	0.8660115127498795
-0.4784026716160241	0.8879683594914463
2.4182955671975606	0.8660113347176865
-1.7508788720980242	0.9362819244681597
-5.688292597621363	0.9999578821851605
-0.03330320894921002	0.8771844548451955
-7.93874492740835	0.9999997631799439
3.632725894136918	0.8660114231683548
2.6031519482468326	0.8660113357355547
8.399038130404143	0.8660115127535729
-6.410822642945786	0.9999920151664251
3.1666927056649996	0.8660114827272387
-7.570040973705652	0.9999994464981421
5.013283409775466	0.8660115294770654
6.370471421572891	0.8660115133074827
2.377206532867092	0.8660113131033405
3.2170011515085495	0.8660114821461795
5.2508075255005835	0.866011520925961
6.4164770314198805	0.8660115132937982
-4.638944592269021	0.999532591601885
-0.061220764940376426	0.8777123244843631
2.8144918857152046	0.8660113738304996
-6.35022706844274	0.9999908198520077
-2.49689262353733	0.9688709970697883
3.033840459680693	0.8660114845899033
6.804144688824586	0.8660115130265191
-6.1493783390502	0.9999854237295265
1.072461709489998	0.866367857787943
8.460200199345813	0.8660115127522925
4.075455504076517	0.8660112766017526
-4.933907742579162	0.9997617936261186
1.7599441273067917	0.8660124293661277
-4.662879008402259	0.9995574089973106
0.6901748995671895	0.867891965846539
6.714992398971891	0.8660115130257928
5.298788843235318	0.8660115209099009
-9.638872965276697	0.9999999952761885
-1.208641277385949	0.9132749005547984
8.21795161092778	0.866011512756961
-0.24522041442434173	0.8818519374129349
9.236587432361322	0.8660115127486511
6.732174829225428	0.8660115130269741
-0.20525811794592563	0.8808920871959194
-6.0557398566453635	0.9999819178225414
2.7473622455105584	0.8660113732419015
-7.702772632533779	0.9999995922545696
-9.369643817978822	0.9999999912194542
-3.9920070941693098	0.9979969274737821
-9.530514747424409	0.9999999939375132
-4.120009001431328	0.9984915952988779
-4.4529583365348335	0.9992866579894132
9.810088412666637	0.8660115127477092
1.860100852876263	0.8660117318998763
-2.5512713335558512	0.9709905414900983
-7.899548873462141	0.9999997408122995
9.749962301757389	0.8660115127477092
8.434174995461596	0.8660115127518362
8.945779242403521	0.8660115127499138
1.2796446275956228	0.8661086118637408
-6.139388331351028	0.9999850846606447
5.703362846971324	0.8660115148903893
2.0426644945943195	0.866011596094703
9.580739440151898	0.8660115127479611
5.519832599370114	0.8660115168629297
1.8408493862395616	0.8660117905035855
-5.585991530782808	0.9999467083953888
4.522590644224369	0.8660115434975393
-1.8695616744295673	0.9415349941962693
2.8741316603812006	0.8660113734382257
2.593203309158426	0.8660113355323791
-5.609133368161703	0.9999494706499954
-3.0135137401848144	0.985656265435037
-1.2871649045994449	0.9163540320026524
-0.6409249832884676	0.8928471905884835
-0.07890800035897705	0.8780740097153151
9.459860812049683	0.8660115127480283
8.122945428442499	0.8660115127562443
8.190790682982993	0.8660115127570958
4.713812533513915	0.8660115463968446
8.836995166961714	0.8660115127498782
9.564540840423525	0.8660115127480342
-5.656282245551236	0.9999546638107544
9.411487593146223	0.8660115127480256
6.262611502365022	0.8660115137769338
2.9304325510920535	0.8660113696854083
4.689708177831871	0.8660115466268359
2.551691963689734	0.8660113353031251
-4.5598842017772645	0.9994404187641881
-6.5186755258809015	0.9999937708336302
0.918997376181423	0.8667820342806707
6.586965832134084	0.8660115131371433
0.9526735187206281	0.8666702340966653
-4.40082556151963	0.9991972815743696
-5.026853143280028	0.9998074913459383
6.817691023121281	0.8660115130252797
-0.12085752946126149	0.8789753560484782
0.5330541079495354	0.8690817420948864
-9.948682092764436	0.9999999976853594
-5.919186290683318	0.9999752406082761
4.200590357789613	0.8660115835394693
-2.704518430990146	0.9765520480621757
-2.0558071981844295	0.9499710642474063
-2.2744362056174827	0.959629980048263
8.303729899865658	0.8660115127570087
-8.662246372605832	0.9999999552370202
-4.215918888650876	0.9987825808922371
1.926549065793477	0.8660116306890147
6.711575380195576	0.8660115130256636
-2.513509195781518	0.9695264673076389
-5.112477179291091	0.99984181752652
-8.846777538465421	0.9999999707323401
9.420072248846544	0.8660115127480248
-8.737023223862689	0.9999999623172823
2.4463164127721893	0.8660113340527328
2.418352551837298	0.8660113347203431
-7.2597321511379365	0.9999988691048342
9.83216714217886	0.8660115127477072
1.2403900448359995	0.8661401689228418
-1.8772090851540746	0.9418778007233931
-8.239134503093567	0.9999998814149159
4.191120384352459	0.8660115385289694
-8.794921049728298	0.9999999670204706
-6.768727932377123	0.999996497292393
2.9411906494711104	0.866011371490964
-1.2238748006818234	0.9138669938447787
1.341349664432233	0.8660715843732965
9.069527140149887	0.8660115127486742
-0.873328838617077	0.9006550579838237
-5.586510522361197	0.9999467719668482
4.6230040695400945	0.8660115465817084
1.4791898764368803	0.8660294067183106
3.0820753760687847	0.8660114822154868
6.898045983048998	0.8660115129150159
1.4805186932259762	0.8660292001276639
6.374716925748171	0.8660115133063018
1.6084798535699196	0.866016162178791
9.947390107424503	0.8660115127475344
0.7195462645537134	0.8677059937048783
-2.402973349926416	0.9650889426428113
-0.9987044397311085	0.905119453076582
-5.486070997758361	0.9999329426723662
6.963376989335124	0.8660115128924779
-3.431058359761421	0.993429096549915
-4.320255941273996	0.9990371083828575
-7.470006230981414	0.999999303128576
0.11688966598093131	0.8744252189059878
7.686413112180116	0.8660115127844767
-1.6316668176940663	0.9309717029836493
-7.722501977245084	0.9999996103632071
-9.85493807975006	0.9999999971277149
-8.020822985821567	0.9999998039617338
-4.445067672962817	0.9992737876652728
-5.590699660746208	0.9999472823298735
-5.430923868276052	0.9999238787886471
6.15317111091656	0.8660115138231943
3.1305049058550694	0.8660114820472531
-1.5655623753698897	0.9280727255011708
-4.277530316440599	0.9989398722769808
-9.17556702985265	0.9999999862722732
-8.250885831976088	0.9999998845806022
-3.6496110191088693	0.9958062297994
4.932282781452098	0.8660115295970106
5.017160094557056	0.8660115294949583
-0.4167484378504849	0.8862254236124771
3.4575165462201074	0.8660113167083177
-5.14166623224102	0.9998520658398513
-2.234038821323523	0.9578635463832011
0.949968071942715	0.8666786858017909
-4.436734016291899	0.99925994676714
-4.057195980879391	0.9982656787411628
-5.489392335521477	0.9999334527894355
0.9091257973621971	0.8668171162681801
7.5097629305204805	0.8660115127849501
-5.022177242044634	0.9998054164677819
-7.9354762362373155	0.9999997613908197
-5.5323775266563135	0.9999397155678321
-3.0107436231060714	0.985587851293247
-4.803952519587922	0.9996792920739681
1.1044656598061575	0.8663086221134241
-1.1814194515035314	0.912197325141504
6.362554115255218	0.8660115133063822
8.733190897236966	0.8660115127496463
3.4924200060291533	0.8660113170830156
7.8352807411748415	0.8660115127646452
-3.500100503537915	0.9942842728754252
-9.33799170666406	0.9999999905556101
-9.966700754279017	0.999999997686241
-2.2689189561208645	0.9593898663583617
-1.5306655095114898	0.9266142173162325
0.9853223725536289	0.8665743222999716
-7.563148900338468	0.9999994376443275
-2.221148297286666	0.9572965239773175
5.599451543029041	0.866011516865824
1.3146169507349637	0.8660858723530708
9.826948378799866	0.866011512747707
9.079405568510666	0.86601151274868
0.007724126777915785	0.8764123479284162
-3.8330743993650573	0.9971653718974735
-6.801632196603933	0.9999967528520625
0.9448558800074771	0.8666948983248084
-5.683724077056493	0.9999574372155462
-8.856357670189784	0.9999999713708869
-8.905362245449497	0.999999974425726
-6.124265887189528	0.9999845563321708
-2.751331051052497	0.9781140046191352
-4.186125829130596	0.9986985843155746
-3.841229103927284	0.9972149860948442
3.21859573203362	0.8660114828174817
-0.08529163538510964	0.8782094204821745
-2.848787139773843	0.9811666128497925
5.3836306287714955	0.8660115184563548
9.672857888073075	0.8660115127477152
5.850817478488466	0.8660115148550027
8.640743171339697	0.8660115127523205
-1.6246764771746403	0.9306635483693458
3.8962353026899166	0.8660112829173263
-6.84309540744493	0.9999970485071594
0.5096412658003615	0.8692998501233811
-9.514481117840345	0.9999999937095101
-5.07681363889704	0.9998283311673211
-2.053778697359463	0.949879746582458
-3.4537446553734386	0.9937216449102688
-9.83273527090049	0.9999999969770544
-3.623761879226546	0.9955725985742966
3.6206682616671237	0.8660114275141675
-7.177733980094039	0.999998634101474
1.961047255427415	0.8660116130418655
1.6810001327853499	0.8660135934504407
-8.534409986118977	0.9999999399165065
1.8879646762272415	0.8660116730712457
-0.8543580728656952	0.8999810910701791
5.534175952758439	0.866011516874722
9.413492626908049	0.8660115127480252
2.217716166405248	0.8660112844746087
5.542119533695061	0.8660115168751502
4.920294124272871	0.8660115295597348
4.2487408151038295	0.8660115777636477
-1.5844131721486434	0.9288895841817998
2.026855552635487	0.8660116088792612
-0.7876185549624015	0.8976499422143557
-2.3449982695072746	0.9626635664903687
-8.563270667309375	0.9999999437795186
-1.9086382174046967	0.9433043976744124
8.34832875753903	0.8660115127571906
7.271686712793702	0.8660115128216065
3.5150748622560677	0.8660113174158319
4.27124954122335	0.8660115756306379
9.407940569028021	0.8660115127480265
3.586555030706112	0.8660113989349058
-4.068228586679936	0.9983075902073906
-9.60026975210921	0.999999994837075
-5.520838336906895	0.9999380945783399
4.973314932874949	0.8660115296046909
-6.701201200557443	0.9999959081003406
7.840184983318537	0.8660115127649314
6.492372520714586	0.8660115132966346
1.9341973036445115	0.8660116253646015
-7.564339215795259	0.999999439183513
4.136962334999627	0.8660112648443665
-4.071829820706143	0.9983210584714528
3.0453341685770354	0.8660114811604177
-7.258919824663104	0.9999988669876015
-4.564319915701711	0.9994460355186456
-9.814520345415891	0.9999999968475718
1.3930710812781264	0.8660502710816296
-0.38554093467689654	0.8853673581207689
-9.880895767630783	0.9999999972943635
9.076718727196965	0.8660115127486803
-3.9648618879634068	0.9978736354044794
-8.444438262273678	0.9999999260859852
-8.68867003490671	0.9999999578793253
1.1609430010614386	0.8662245718616884
-7.805717426506993	0.9999996783043913
-5.23757136909595	0.9998813012078928
3.902451557513661	0.8660112725142333
1.0627460443968282	0.8663875016431517
-0.9258397608356326	0.9025127220512128
-9.4551515971663	0.999999992788693
4.897316250294663	0.8660115295100916
-6.5157803870308495	0.9999937291750329
-1.4274945387789995	0.9222316438776323
-7.00309954833223	0.9999979580436719
9.332853315994434	0.8660115127479674
-0.5643360229304673	0.8905245907877405
-2.715211472136181	0.9769148525019576
2.0441269534412534	0.8660115924087146
5.939304944965995	0.8660115148930906
5.5315318847150365	0.8660115168737105
-5.240365326837293	0.9998820603881627
0.7849056972883517	0.8673390090768476
4.790117787050537	0.8660115329637518
-4.536174983000532	0.9994094290802988
3.6687336592877973	0.8660114173149006
-0.32666259187935864	0.8838770507818468
-7.2735113213649205	0.999998904421443
7.4061916350735935	0.8660115128199202
-2.5623333469041887	0.9714130451162377
3.637909267143664	0.8660114209373265
2.581384407231525	0.8660113352279277
-0.9252223994809583	0.9024915018805041
-5.232454055017031	0.9998798980606957
0.7979832427357856	0.8672729248834868
-4.061799550896894	0.9982832871839319
8.72374028831489	0.8660115127496961
2.6284715417511784	0.8660113339693164
3.631456992499672	0.8660114237205304
-8.189608144829755	0.9999998670904272
-6.0338329717724015	0.9999809827002832
-1.4592483240454612	0.9235849540691763
7.012583861240426	0.8660115128892399
-9.642476897232918	0.9999999953152257
-6.3239076564245655	0.9999902464284067
-7.06798968101332	0.9999982414326747
6.713199144288218	0.8660115130257142
-5.635288758318109	0.999952420835865
0.9832872231922529	0.8665800049048847
-2.3836048685416023	0.9642862000737826
7.763267329609839	0.8660115127839568
-6.6968231325088645	0.9999958666455764
2.685227183725898	0.8660113650405483
9.317586447850754	0.866011512748024
-6.526883226965423	0.9999938874374008
8.37492754323356	0.8660115127561703
-3.703895540067923	0.9962606596363888
-6.898993117690244	0.9999974049395982
-7.24367277327131	0.9999988265041561
3.4117716311569968	0.8660113163219575
-6.960899400187284	0.9999977496801419
-3.492873510155343	0.9941995842486319
0.24406094732933425	0.8724287182651402
-5.774633493985304	0.9999654698763693
5.063301933005558	0.8660115281018168
9.428345282872112	0.8660115127480256
9.614880101475642	0.8660115127477234
-1.7283066775312825	0.9352723217079931
4.176594982747837	0.866011440572543
-8.20468450673333	0.9999998716251226
3.5933671620040784	0.8660114117993518
3.887911222984064	0.866011303807854
5.0969182669361235	0.8660115216764351
0.5363402078179256	0.8690527230537692
9.202921986632994	0.8660115127486545
-2.1767382602720176	0.9553280091669727
0.9012457539730399	0.8668454961735083
-0.3062030403253502	0.8833753925173584
4.896171883940671	0.8660115295156741
-0.02946679282053921	0.8771137116942376
-2.36212812204744	0.9633870594774406
-7.720994229627518	0.999999609008153
2.199773090792645	0.8660112851169374
-7.987874547714187	0.9999997885103431
8.49029843871066	0.8660115127523397
-2.83089629835374	0.9806276578732488
5.62495875105515	0.8660115168691673
-1.576935097764176	0.9285624548478711
-7.367448837257906	0.9999991175130017
7.0093265759899595	0.8660115128892255
-9.460299927397863	0.9999999928736745
8.032892919626285	0.866011512766244
1.8028394563569616	0.8660119740058104
0.12112078413194283	0.8743533267093935
8.631803907054586	0.8660115127522664
-5.072021302761196	0.9998264337024391
9.43737788538138	0.8660115127480271
-9.760495276560937	0.9999999964299832
-3.9195451265957404	0.997651537424471
2.0282352974720297	0.8660116092162569
1.986579484019888	0.866011604953934
4.930367769497504	0.8660115295942936
-0.9810068609144693	0.9044537465187914
4.223655899352536	0.8660116065339847
1.8659461689243493	0.8660117170180814
2.568349138963315	0.8660113351885336
-0.8420682233008847	0.8995475750911107
8.26180172814523	0.8660115127570075
-7.269295621048926	0.999998893735217
7.799489311474694	0.866011512770215
-8.248009146976184	0.9999998838135521
9.327351879028186	0.8660115127479757
7.225797451977954	0.8660115128132881
-9.111805542159512	0.9999999841013532
-8.016292491046105	0.9999998019059946
-4.156387377231603	0.9986091383682727
7.6984544222883144	0.8660115127844625
-9.52999342697645	0.9999999939302313
-6.445443303742477	0.9999926268832642
-1.9842526619447263	0.9467330866104098
3.5503334544803433	0.8660113211818355
-6.857017699594188	0.9999971416174821
-3.6295453056346494	0.9956258748578831
2.2292201214286322	0.8660112841678455
2.269901483810944	0.8660112830815528
-3.400091247176489	0.9930107564344002
-2.3599601117153357	0.9632958029288536
9.375474717354901	0.8660115127480416
-5.206787365636787	0.999872606811698
-6.731425837137812	0.9999961831690736
-0.1589907183081074	0.8798225904859756
2.847851943450923	0.866011373897746
7.648515846987813	0.8660115127844517
-1.8655198723036825	0.9413552554664273
-8.44314434308826	0.99999992586544
3.2549607181079097	0.8660114610830831
6.343127141213756	0.866011513275708
-2.3789287744949927	0.9640911888183987
-3.347029986948651	0.992240985121657
6.852464740004493	0.8660115130315111
9.385352427474317	0.8660115127480403
-5.722068616788132	0.9999610309156217
4.437625300452165	0.8660115820301022
-8.512912856793257	0.9999999368675946
-2.4767809603323565	0.9680699742889775
1.1584435760338074	0.8662276235199708
1.3647663424777043	0.8660609836576963
5.4249507807817245	0.8660115164933381
-5.981810877788174	0.9999785638140929
3.24316870621756	0.8660114849647644
-0.9474156793103141	0.9032521324109761
-4.152453975653034	0.9985968699722194
1.1864231755482848	0.8661954719395395
7.24216256473666	0.8660115128160907
-4.736367896257265	0.9996257380379743
7.616249191975747	0.866011512784252
0.8012015789707227	0.8672569745935619
-0.38569189087458966	0.8853714871248335
6.299567793918381	0.8660115133554515
-5.800400824113225	0.999967457550839
-9.760437109941167	0.9999999964295049
8.646434437225793	0.8660115127523635
2.6087774126668215	0.8660113356651051
-1.9259463714835867	0.9440886019521783
-6.870826596644757	0.9999972310683076
-1.6400601302910545	0.9313424627465898
-4.531252389881253	0.9994027856011645
6.340214312978418	0.8660115132687429
1.4242299003289016	0.8660407303645967
-3.9847657181291884	0.9979647223967796
9.018748674030324	0.8660115127486154
-3.246513566152096	0.9905869174826182
7.171936841304092	0.8660115128760023
4.436557046691195	0.8660115819989186
4.2231604738933815	0.8660116069223038
1.11302500644317	0.8662940163104905
-9.70176060791772	0.9999999959129969
-4.5938435407348965	0.9994820265673887
-5.077481021660519	0.9998285937644467
0.5287507203082864	0.8691204934754522
9.634012206275848	0.8660115127476778
5.1784735678591165	0.866011521027729
-4.859980010161005	0.999717865916991
6.084227990975467	0.8660115138321599
9.302119369912468	0.8660115127481987
-2.4931200498274375	0.9687212035777325
2.273425599761577	0.8660112830616926
-2.5202109603422107	0.9697887636656123
-6.917553885097409	0.9999975135045622
5.6662738855470565	0.8660115164905564
6.6994218995852215	0.8660115130262219
1.3454563406050735	0.8660696042953008
2.5051629523731336	0.8660113353399541
4.654023206130349	0.8660115465997142
-9.747645358276396	0.9999999963227753
9.27793315393853	0.8660115127485438
-0.7515152510932985	0.8964219596064633
1.40857299433344	0.8660452625515176
0.08466158716956329	0.8749864425212571
-2.2127523261357673	0.9569261980072784
-9.190890272147975	0.999999986748184
-7.039856996704579	0.999998123750686
-8.00011712389965	0.9999997943888894
-1.8456811235259494	0.9404831591048228
6.8271336090428925	0.8660115130262693
-4.589757552223661	0.9994771867812663
3.399862912039154	0.8660113159458417
-6.610733566732896	0.9999949605481581
-3.104796604939324	0.9877791726113017
1.0532485008267791	0.8664074786622016
4.9373755509540285	0.866011529599412
-2.2206599268260296	0.9572750085295774
-4.536040250846192	0.9994092482212655
-8.198178042715991	0.9999998696873788
0.026144802056432326	0.8760586576948708
-8.948736204957427	0.9999999768564812
7.06742680047169	0.8660115128899175
9.4607247237795	0.8660115127480282
4.569599118495521	0.8660115472386797
-5.505031322641729	0.9999358031693335
5.49759466593466	0.8660115168562174
1.9946573030213202	0.8660116019112366
4.27479543698154	0.8660115767609561
4.059090288269406	0.8660112776847632
-9.374840383470291	0.9999999913238923
-6.485976445353625	0.9999932837895763
-9.188191281964588	0.999999986665572
-2.6306542607618777	0.973952942483313
-5.515743372901936	0.999937365067475
7.583628841943639	0.8660115127849729
-7.30772768670628	0.9999989874225287
7.680103794510124	0.8660115127844541
3.9605793732146886	0.8660112808433348
-9.867719935625555	0.9999999972110192
5.5846736656007465	0.8660115168786853
7.599514098978695	0.8660115127843833
7.09025838949314	0.8660115128901569
-7.854818603695164	0.9999997126943505
9.814334739666691	0.8660115127477083
-6.227474050578516	0.9999878220596264
3.8690152807455647	0.8660113651811527
2.9103790969956513	0.8660113748524662
7.649274487966551	0.8660115127844509
5.470251416264421	0.8660115169556738
-1.1449679257323488	0.9107540963110353
-0.3015336162939306	0.8832584804759099
-0.015223958814619465	0.8768496767795162
0.5772751636528728	0.8687230068765608
-2.2410380744533986	0.9581708313865123
7.4490567283098414	0.8660115128215724
0.3971510527761346	0.8704831120490901
-0.898891319232419	0.9015689474558948
3.125954407788342	0.8660114821265013
3.173030251458165	0.8660114828808773
4.609158849482782	0.8660115464570641
6.046286918972065	0.8660115138025699
-1.327718296443937	0.9180323344833825
-6.12439077960337	0.9999845607712362
6.723365875272211	0.8660115130263608
9.97146285660488	0.866011512747549
9.226770297200627	0.866011512748645
4.275002103343425	0.8660115768306867
6.350928609763962	0.8660115132930166
1.0355222562085267	0.8664468243086223
4.23100981409271	0.8660115985792173
4.238090593139994	0.8660115890949581
8.424832194607788	0.8660115127518809
-0.0601093997136104	0.8776904708470976
3.9413470983635754	0.8660112763016107
-2.759785805636046	0.9783892318274995
9.225474821308826	0.8660115127486452
5.976496871938304	0.8660115144522584
-9.807879904331305	0.9999999967990002
6.99152849031972	0.866011512890505
-7.71104887559201	0.9999995999512065
8.586169474613946	0.8660115127522913
-0.016123361585576035	0.8768665056040285
-3.1593215588283163	0.9889283239748536
3.8615489704228168	0.8660113883545593
-4.873801861836871	0.9997266501049509
7.036736850445369	0.8660115128899838
-1.6973394134259046	0.9338873571666755
-5.181274128243025	0.9998649218666962
-0.37444665943901967	0.8850669986988496
8.51342071042118	0.8660115127522618
-4.835772102161773	0.9997017996580762
5.288710651774853	0.8660115209341195
9.213236993532156	0.8660115127486505
-6.244356977689796	0.9999882862634181
-0.20585764107786986	0.8809062774612386
2.348326226836166	0.8660112861716984
3.4532537000557504	0.8660113168211885
-1.1118393697143816	0.9094515520754298
0.047979177237976955	0.8756493321145359
-6.663350405107287	0.9999955355103411
-4.5050291069529536	0.9993661332336635
8.427044444829054	0.8660115127518495
-9.390582527036164	0.9999999916327454
-0.6470563644342988	0.8930286632327713
3.684522587783201	0.8660114189666486
-8.47357197324174	0.999999930881735
8.740745974393942	0.866011512749682
-5.9926112753091365	0.9999790900865408
-6.033310381120436	0.9999809598125206
-1.9548826580496446	0.9454007175186139
0.4617390075272265	0.8697752674668358
-5.133831585364166	0.9998493818709158
0.5690452708526514	0.8687865069701968
-7.680964496638212	0.9999995712569648
6.749334823407903	0.8660115130271775
1.8464961777014732	0.8660117717905695
-4.121810995683219	0.998497637534915
8.539502310937767	0.8660115127522859
1.2850096559449717	0.8661048169426794
-7.538946987429358	0.9999994054163219
0.4433035089888513	0.8699693032493366
0.32101102248288527	0.8714206541634916
1.1667956153088035	0.866217600044097
8.153430366211847	0.8660115127568205
-8.20185704916398	0.9999998707866182
-9.573521637007506	0.9999999945090958
-7.229462090984113	0.9999987874717843
3.3475601138763054	0.8660113187896981
7.889066174511502	0.8660115127664544
8.564323157226859	0.8660115127522862
8.498367115708788	0.8660115127522974
-5.461935498499528	0.9999291166204111
-5.246586811322902	0.9998837335553753
-7.051254980584516	0.9999981723499025
-7.959700351145966	0.9999997743355304
-7.8387599094895455	0.9999997018718819
8.912250336773564	0.8660115127498746
0.4673954760586607	0.8697169775241094
0.09023091880555256	0.8748878677286385
8.279111648920619	0.8660115127570103
2.617666236892129	0.8660113350682141
-2.7395118689596476	0.9777259432042015
