1.854222540212831	0.9862866828721847
-5.832926982302258	0.9999836863316096
-2.817527093505716	0.9922278235403763
-4.707449358790319	0.9997854222569881
-4.732169416966454	0.999797116444917
4.58753497054175	0.9862866829448081
3.69565326320477	0.9862866829492114
8.571849530785958	0.9862866829441739
-6.054736447947593	0.9999902061701884
1.1559720918947	0.9862866675244455
7.4672525167204356	0.9862866829441755
-3.8656601120337664	0.9986371276185383
-7.535335891343751	0.9999996759148226
-2.1832706641986155	0.9877599871609509
-9.85979395637154	0.9999999984646335
1.1915367366291498	0.9862866660577193
1.516075211645127	0.9862866649669911
-5.327931254985798	0.9999479535006375
6.476707262898401	0.9862866829441839
5.4474908043382175	0.9862866829442531
-7.964689001083913	0.9999998794096223
-8.9498012746827	0.9999999875202958
-2.280836734895124	0.988256012519089
1.381574886915228	0.9862866660991942
5.555408106442762	0.9862866829442536
-7.931858628820732	0.9999998699403135
-2.866289561981863	0.992643866411649
3.231792798160246	0.9862866829648107
-3.8492809924459204	0.9985901253739086
-3.0983118856998493	0.9945600748552696
-0.8879740828318639	0.9862867108117076
2.8162748027336235	0.9862866829846794
5.5894769609801145	0.9862866829442538
-7.454802331654018	0.9999996098868448
7.896487274641679	0.9862866829441748
-1.9887890436331688	0.9870314406420109
-9.60912914147178	0.9999999972655041
7.2614738930620994	0.9862866829441753
6.702375541700363	0.9862866829441794
-1.533126000662243	0.9863495294991129
-6.545777306550944	0.9999968368042432
-2.3322689420412424	0.9885521345030396
-2.19991327567294	0.9878386037734416
6.4655283555345235	0.9862866829441838
-7.350747708660292	0.9999995042738754
-5.488887724111522	0.9999640287592338
8.255055239758487	0.9862866829441743
-3.5348074297160004	0.9973753628224511
-6.83524539357272	0.9999983755452719
3.689146445627083	0.9862866829492216
1.9245003829807672	0.9862866832529815
-6.933498086052303	0.9999987044159511
-4.453521865954606	0.9996197518636436
-9.490224313604298	0.9999999964043135
9.293795497063222	0.9862866829441744
-7.940026322385414	0.9999998723634388
5.521530552551308	0.9862866829442534
5.929678636321105	0.9862866829442141
5.929510428457526	0.9862866829442142
-3.8525665886573046	0.9985996678578488
8.55104095154256	0.9862866829441738
0.8636417384283099	0.9862866700288454
2.07165789823112	0.9862866831751935
2.2791034216441997	0.9862866831087802
-2.067149815136071	0.9872886995246731
-8.990669731379404	0.9999999886411101
3.677054306570424	0.9862866829492756
2.4064329964974505	0.9862866830184838
-4.618562191999254	0.9997376344440884
-0.030375996938856176	0.9862866733278877
-3.465734815664754	0.9970190758047314
8.557393777540739	0.9862866829441738
0.5405142934166207	0.9862866781059445
3.0708677853587787	0.986286682964652
8.662466696057493	0.9862866829441743
-0.777623611073821	0.9862866972894578
-3.055523470265391	0.9942206069004522
-5.580406890247938	0.999970848776624
8.624519287298167	0.9862866829441743
7.201900144290082	0.9862866829441754
7.229368235605527	0.986286682944175
-2.607831257596369	0.9904874829855584
8.39642936831659	0.9862866829441743
-8.560029260460848	0.9999999693820947
4.1721397120100345	0.9862866829461592
8.815510359624522	0.986286682944174
-6.837085585503759	0.9999983824130029
4.680846116831724	0.9862866829448087
3.2232573435897613	0.9862866829645812
6.871398238591063	0.9862866829441789
-8.217647559806256	0.9999999326471604
-3.5497586541283432	0.9974479665689354
-5.154374519024212	0.999922531662547
-5.505685741621904	0.9999653900141664
-6.990672012903016	0.9999988642131387
-7.8934369634979795	0.9999998579098341
-0.5292810879066288	0.9862866781898962
-9.368765815936783	0.9999999952440224
-6.192650546134026	0.9999928694227989
5.665129580880137	0.9862866829442474
-9.519139667660856	0.9999999966359182
1.7278402456211204	0.9862866642853649
1.042722053525651	0.986286668120847
5.468076044989395	0.9862866829442553
-2.7884995373191135	0.9919803320336388
-9.14346998536912	0.9999999920102021
8.020971481758274	0.9862866829441745
-6.28981913674159	0.9999942983272864
0.9796133634197712	0.9862866681114575
0.407978750211889	0.98628667843002
4.791280973057944	0.9862866829445461
3.6922497914727224	0.9862866829492151
-3.796710541318795	0.9984294245353205
-8.959474169075964	0.9999999877951785
-6.668542486434381	0.9999976155635981
-6.181665039970192	0.9999926868525286
4.620008487813227	0.9862866829448068
-5.814220626281745	0.9999829692079727
9.526250172490357	0.9862866829441745
9.42195169367199	0.9862866829441743
-4.084932371745067	0.9991435669251388
6.343410573851514	0.9862866829441833
5.035080927621625	0.9862866829444968
9.255717849903071	0.9862866829441743
-6.689260032737856	0.9999977266197245
-4.385077215502706	0.9995569692032168
5.746553902005026	0.9862866829442133
-0.37984423087081254	0.9862866768375556
-0.459357467339391	0.9862866774577821
-0.18131077665698214	0.9862866762263577
5.093024797647905	0.9862866829443574
0.8203434933340592	0.9862866720144486
9.246476873909192	0.9862866829441742
1.4008546384782825	0.9862866660864615
7.943245945331125	0.9862866829441744
-3.833982469838886	0.998544929235898
-5.1386081109336645	0.9999196846571337
3.000584355756647	0.9862866829633317
-8.121709642376015	0.9999999159973202
8.818426563770018	0.9862866829441741
-4.369315528591731	0.999541149937501
-1.2986378669761134	0.9862943572195546
2.0571032431336977	0.9862866832307721
0.4532234427623507	0.9862866784376474
3.1271705071776665	0.986286682964414
0.35593577165741763	0.9862866783408851
5.5997240505118775	0.9862866829442538
8.59684663185963	0.986286682944174
8.96741513249589	0.9862866829441743
-6.494768637688173	0.9999964426878534
4.80725731118504	0.9862866829444731
2.9516755347106294	0.9862866829828093
-0.5712253080277527	0.9862866792616422
-7.065016202418413	0.9999990428976508
0.28741040579714827	0.9862866782349539
-1.9943111434244276	0.9870479324871346
0.3612627959039969	0.9862866783658704
2.9624995876694307	0.9862866829785124
1.4954138500466776	0.9862866650000818
7.701922487578507	0.9862866829441744
-5.957641332976289	0.9999877547205013
4.582276376984327	0.9862866829448113
8.425009886612088	0.986286682944174
0.16847599502749588	0.9862866717871163
8.000884667700795	0.9862866829441744
-9.75314488228436	0.9999999980372658
1.9114508883465398	0.9862866832945321
5.333052855757847	0.986286682944335
-1.4575451606377534	0.9863217387844997
8.990023704436364	0.9862866829441741
-5.091688353908692	0.9999105824024017
-9.665322552116411	0.9999999975973871
7.006271683517365	0.9862866829441764
9.244018767486804	0.9862866829441741
-3.1178867757007334	0.9947125566614812
-7.127886936817758	0.9999991718828307
-9.861671149691688	0.9999999984712558
-7.26975755001285	0.9999994026506753
9.335736855865491	0.9862866829441743
7.14109333932198	0.9862866829441769
4.240722094641578	0.9862866829454191
5.629837269437603	0.9862866829442539
-2.6351257697498776	0.9907063954445711
5.485951857634376	0.9862866829442539
-6.4468153994612365	0.9999960275187437
-7.23630836770675	0.9999993548267972
-6.823064612759269	0.9999983293444211
-3.7810883743770862	0.9983786725304334
-1.647909997273306	0.9864232828274688
-8.285658387396072	0.9999999424102227
6.306441824576844	0.986286682944184
7.318818410007527	0.9862866829441754
-5.9319082911039045	0.9999870079522105
0.5288831042477593	0.9862866786724717
-4.521959381457061	0.9996738527462993
-0.5595648025629796	0.986286678920491
3.035968538119187	0.9862866829639964
3.341357691241207	0.9862866829542639
9.936205001251409	0.986286682944174
-2.7959214403654364	0.992043559945731
-3.843696009436499	0.9985737721240583
8.374086283597112	0.9862866829441745
4.621150847332839	0.9862866829448068
-4.210140887256406	0.9993477884621499
-9.233550891543455	0.999999993506858
-1.6391069101740854	0.9864158821859277
-4.738055277524413	0.9997998069849005
7.947641318920407	0.9862866829441742
-9.265317255644629	0.999999993964843
-7.562261173803213	0.9999996953969614
-6.195183865825231	0.9999929108738426
3.2052533965823002	0.9862866829642719
-0.4390873355678515	0.9862866772849561
4.7650011124943745	0.986286682944736
0.5885426964477105	0.9862866719258349
9.462476913952209	0.9862866829441739
-3.729289299720717	0.9982000879336299
0.5672315488387589	0.986286674538277
9.9298223375242	0.9862866829441742
-3.308441964145894	0.9960786351803655
3.9745930147367403	0.9862866829467368
-6.3453127748952864	0.9999949820004724
0.15848354027043854	0.9862866717889656
-1.4569361200053965	0.9863215616423228
-0.4961119794330582	0.9862866777927642
5.918615088886128	0.9862866829442138
-4.984510323577318	0.9998857660935332
1.610144717495178	0.9862866650471283
-8.78942665757533	0.9999999819457877
-0.9706040143784413	0.9862867671503733
3.7817399137611964	0.986286682949244
6.95263278518372	0.9862866829441764
-3.726113391366108	0.9981886096943655
-9.005430674817955	0.9999999890206914
1.0242993419358282	0.9862866681239059
-4.6537522526036135	0.9997576884750474
8.546828821482965	0.986286682944174
-3.890919918118141	0.998706875277815
7.640836961245576	0.9862866829441744
-5.694665051073824	0.9999775809986584
5.030585032957706	0.9862866829444947
2.0253131325900355	0.9862866832790114
8.399006728635943	0.9862866829441742
4.793250294379273	0.9862866829445339
7.2440996398380335	0.9862866829441753
-3.0298598835758694	0.9940134711924933
-9.49339241835613	0.999999996430448
9.08802998581482	0.9862866829441742
-5.091100769112158	0.9999104621456577
-9.150410773303431	0.999999992136878
-0.010390019579102017	0.9862866719723368
-0.5812281948674389	0.98628667958786
-5.907676874844885	0.9999862632174825
-7.881835604505163	0.9999998540631173
-0.8371950485401456	0.9862867011590299
0.3306378466098536	0.9862866784672139
3.77541556002679	0.9862866829492448
5.441172016580232	0.986286682944251
-5.36332108351643	0.9999520119539562
1.3904321958931867	0.9862866660913231
6.391559668602973	0.9862866829441839
-9.825342510367033	0.999999998337875
0.5583543309634198	0.9862866758893531
-9.197281655473098	0.9999999929413096
9.529127237372826	0.9862866829441743
8.739167033318672	0.9862866829441739
9.253554092343947	0.9862866829441743
7.812248716833075	0.9862866829441741
-3.1525361814452646	0.9949774226614702
-4.138933535372362	0.9992380986052939
3.1367219248660927	0.9862866829644124
-9.253067332188536	0.9999999937921891
0.8230515395927931	0.9862866720357051
-7.695485633893857	0.9999997758634778
-0.7229424089529104	0.9862866959413479
6.570818966182653	0.9862866829441824
2.701233880975291	0.9862866829820288
-3.189665295519437	0.9952536802387607
-1.0940929844609606	0.9862872625852341
1.0153472370627803	0.9862866681223431
-5.151670758873075	0.9999220506639711
8.183740288463788	0.9862866829441742
-5.156006493416325	0.9999228205604244
9.36077728244311	0.9862866829441743
7.89633569598444	0.9862866829441748
0.9894545886028148	0.9862866681035035
-9.830933677126538	0.9999999983591364
4.745163955563015	0.9862866829448184
9.683988306425164	0.9862866829441741
0.19918810346034377	0.9862866718815432
0.9850389036875349	0.9862866681049303
-5.91769219250363	0.999986576066529
-0.8240328659413123	0.9862866998939344
8.679067011797375	0.9862866829441744
-3.2348579014136325	0.9955785602214897
4.085940975833857	0.9862866829467096
-4.047752159971707	0.9990722284517869
6.778449388952865	0.9862866829441793
-7.7498743201821085	0.9999998022462021
-3.905126843824198	0.998744680614596
-5.82200510088458	0.9999832713804412
-3.3325513704404663	0.996234309251828
-3.809848007271026	0.9984710243059178
-9.597817650736484	0.9999999971933468
-2.7652360118004715	0.9917831324437375
-2.161663088899939	0.987662809828289
5.121914312448439	0.986286682944317
-4.891946125493729	0.9998589133917754
2.5691422211592663	0.9862866830262048
-4.172388690740516	0.9992916441657468
-9.70592132065252	0.9999999978118085
3.053567444857821	0.9862866829648359
7.881514187776165	0.9862866829441747
-5.299759021318398	0.9999444797645465
7.195854890507661	0.9862866829441757
5.377759046964945	0.9862866829442959
1.7999732739776686	0.9862866846307667
7.194082271031853	0.9862866829441758
5.998038533596848	0.9862866829441962
-5.030615199681532	0.9998971839026073
-9.107396902698973	0.9999999913182168
8.50951150369793	0.9862866829441739
-8.823319625702908	0.9999999833011814
0.8699488312413717	0.9862866694696458
6.7360023593114775	0.9862866829441793
5.553360572175237	0.9862866829442535
-9.186355126644399	0.9999999927614646
2.189997043520018	0.9862866831077918
5.869339738373881	0.9862866829442137
-5.281136495834784	0.9999420577468885
-0.030853197070573657	0.986286673370021
9.213115695328046	0.9862866829441742
5.282516689275965	0.9862866829443333
-4.100830791542136	0.9991724812566926
9.61678720704921	0.9862866829441741
-3.663917600972302	0.9979510017391815
-5.472403782891728	0.999962641086021
-2.5883101461164326	0.9903331446941263
7.744053509851618	0.9862866829441752
8.541551910716656	0.986286682944174
-3.7519220346050774	0.9982800981997874
-7.992845002363325	0.9999998869795849
7.550512111269025	0.9862866829441748
3.195188475303903	0.9862866829643324
-8.742830901812821	0.9999999799010068
-3.618467798548237	0.9977614124710613
-6.875289306425576	0.9999985186138272
-4.4595042796678985	0.9996248096137055
-0.9089499269792167	0.9862867184896141
5.4682079629444615	0.9862866829442555
6.485076691808992	0.9862866829441836
-7.712527433331933	0.9999997844881547
-9.810028007000033	0.9999999982782178
-2.0820367024269304	0.9873432057989172
0.5813383054849997	0.9862866726107988
5.236016028091557	0.9862866829443331
0.89316533616695	0.9862866679695678
1.6561462689364248	0.9862866650261446
8.457295321607361	0.9862866829441743
5.783831043384019	0.9862866829442143
8.056606034744163	0.9862866829441744
-8.169988324619254	0.9999999248351912
-5.294455807108478	0.99994380049421
7.266921515686008	0.9862866829441754
9.354013618259227	0.9862866829441742
-2.833537154855663	0.9923644141578378
9.1450757726432	0.9862866829441742
8.513278637321989	0.986286682944174
6.942511946979209	0.9862866829441764
3.6349081271745263	0.986286682949067
-1.2628676325330837	0.9862918247150636
-8.755848720108762	0.9999999804945323
1.2456017868038103	0.9862866661385502
7.641280113036114	0.9862866829441743
-5.768561934984375	0.9999810838674209
1.9248017156949118	0.9862866832526483
-4.532587960234236	0.9996815519600271
-1.9099266655042157	0.986822242733099
-5.096251415425579	0.9999115108477717
2.4250882450576086	0.9862866830212048
-1.6059182490072121	0.9863907273195917
-4.352208664910471	0.9995233638939449
5.488451961584847	0.9862866829442538
-8.312234343826104	0.9999999458286642
-8.692198321449416	0.9999999774156942
1.540903689721155	0.9862866650653664
6.555533934656243	0.9862866829441839
0.3341371382235714	0.9862866784115042
3.4997888343039474	0.9862866829542447
-8.13983090490941	0.9999999194302324
-8.867224265034523	0.9999999849068058
-7.544471126589114	0.9999996826605059
9.397117270492394	0.9862866829441744
-7.010855833714418	0.9999989157867956
-6.416693265334517	0.999995742302742
-3.090392360590295	0.9944978292235143
-3.4312152396724516	0.9968280342006518
4.073667182244094	0.9862866829467103
-6.705294232703398	0.9999978090091288
-0.42841264154848346	0.9862866772001857
-5.4725883597077685	0.9999626569160379
-8.36397472491405	0.999999951912815
-3.3937199386356287	0.9966106655577786
-7.216884141200297	0.999999325317454
-4.839796637840581	0.9998411249381368
7.72792768776948	0.986286682944175
-7.245799236046855	0.999999368772609
-2.762648326277284	0.9917613158197263
9.550014899106174	0.9862866829441743
-0.29146194479581666	0.9862866765900737
0.10885063794768968	0.9862866718097074
-5.50326813097024	0.9999651973107616
-8.771000954771129	0.9999999811633357
-6.174864966423561	0.9999925715074593
-6.537654075626529	0.9999967770962687
1.661296936252361	0.9862866650031975
0.5165522604978179	0.9862866785930611
1.7142694760659083	0.9862866649460256
3.6028570548816994	0.986286682948962
-7.5250595695649425	0.9999996681550914
-5.125048676234951	0.9999171531732974
8.136914524159309	0.9862866829441742
4.531151460892602	0.986286682944767
9.53461433986536	0.9862866829441743
-6.052830733052761	0.9999901631306976
6.9386336021218185	0.9862866829441764
1.2350202382424236	0.9862866660983219
4.777943266115177	0.9862866829446422
0.0629024939694478	0.986286671834908
8.398494398654623	0.9862866829441742
-2.670470876674913	0.9909942629293235
1.5174410458389165	0.9862866649717283
-0.08964377858475459	0.9862866761240835
8.774087479442429	0.9862866829441741
-2.2317876184327856	0.9879958877841452
7.45686543379589	0.9862866829441754
4.6947206027893085	0.986286682944807
0.1879641086216477	0.986286671867348
-8.42661669830921	0.9999999583718082
3.052184631233054	0.9862866829648187
3.959240602582579	0.9862866829467631
8.261367991587942	0.9862866829441742
-1.3025199659724187	0.986294688552106
1.065166395209225	0.9862866681276088
-9.204579326961127	0.9999999930589297
-6.866578443361968	0.9999984886042772
-5.1821574826600525	0.9999273063704913
-5.5123733125447405	0.9999659175427641
-5.928648879575449	0.9999869101744157
3.8825753006516006	0.9862866829474543
2.948724972454574	0.9862866829836929
-9.687986907836823	0.9999999977195554
0.36562479617384014	0.9862866783895723
-7.728299400377039	0.9999997921742342
5.597069889515595	0.9862866829442538
-8.686054862413393	0.9999999770939527
8.373831164765537	0.9862866829441747
6.143127197899048	0.9862866829441937
-6.690948669975478	0.9999977354404319
3.7886337951103357	0.9862866829492374
3.4080596551629405	0.9862866829542573
4.682219733607562	0.9862866829448086
2.0557729774434605	0.9862866832353692
2.0545774718480416	0.9862866832393755
-1.6809842809535613	0.9864540249220765
-3.5506102940134454	0.9974520542423775
-0.409314148277371	0.9862866770563026
2.7639170688360615	0.9862866829854725
-1.9280271244297165	0.9868660294221546
-6.902231879688969	0.9999986077134465
-3.978620144829512	0.9989247509963831
-6.004142733970301	0.9999889970943163
-1.1326309891761888	0.986287700160518
4.3701938053598965	0.9862866829454424
-1.6724723907896397	0.9864456549872447
4.458163748700187	0.9862866829453679
-9.751990031025919	0.9999999980320398
4.211627840780325	0.9862866829453272
-4.329743958421699	0.9994989959005384
1.1185129755171488	0.9862866681734795
-6.707976631755557	0.9999978224978179
-6.004902122946847	0.9999890163011506
-7.970721553094702	0.9999998810730832
9.65722715676019	0.9862866829441743
-4.267283285517904	0.999424789844962
-6.537019059462632	0.9999967723815097
-6.495613329789296	0.9999964495981888
-1.5598435076200303	0.986362410723463
3.2296144748462154	0.9862866829647698
1.0430102579397094	0.9862866681208331
-7.705585442805805	0.9999997810156919
7.330714748454568	0.9862866829441753
-4.498999621083097	0.999656596276746
5.468783788891676	0.9862866829442553
-5.323737724880142	0.9999474504780358
-0.13275608722530663	0.9862866761461591
-0.3828780048679157	0.9862866768589922
3.632428658491902	0.9862866829490099
-2.2074878833108436	0.987875200375643
1.7266099092427023	0.9862866643111182
-0.1388371915128861	0.9862866761567167
0.1065704025009051	0.9862866718077624
-9.513518653388392	0.9999999965920945
-8.21681942399788	0.9999999325186063
-3.26418759239377	0.9957822978475191
-7.606069617044384	0.9999997246233844
6.903725989724112	0.9862866829441768
-0.2798077442902791	0.9862866765473193
5.47301120849934	0.986286682944255
-5.945468335496562	0.9999874069620899
8.701026322992632	0.9862866829441744
-0.29324944760686833	0.9862866765962359
8.994429937718188	0.9862866829441742
1.8198447060287748	0.9862866845820524
-0.18160072351655288	0.986286676227122
-2.083439441036754	0.9873484359045197
-4.459825510843669	0.9996250793368627
2.175845672486428	0.9862866831091321
-3.97738238238043	0.9989219242513345
1.3123748942359157	0.9862866660987832
1.3439226310593746	0.9862866660993684
-0.3861609676921063	0.986286676883017
-9.547969055366119	0.999999996851982
-7.515824319481239	0.9999996610230657
-3.9719713798126755	0.998909486819613
-9.832849285435024	0.999999998366358
1.6307050249448896	0.9862866650715
-3.710789449236662	0.9981323460162381
7.9245059564737375	0.9862866829441745
9.712000114581603	0.9862866829441742
5.986495586436277	0.9862866829442014
5.987458940362824	0.9862866829442007
6.7281875255532455	0.9862866829441794
4.103721745130088	0.986286682946693
2.8578456872556846	0.9862866829847172
-8.609866466136275	0.9999999727015242
7.657154279788671	0.9862866829441745
-5.191491143038758	0.9999288438261669
-1.8926767453239712	0.9867826088635235
-2.0036928739664717	0.9870765324286637
-0.3276928417653444	0.9862866766740588
0.0813916763582192	0.986286671798637
8.834554947553901	0.9862866829441739
5.219558600122118	0.9862866829443325
8.888079745724582	0.986286682944174
-0.770870149976286	0.9862866970621907
7.686178747512567	0.9862866829441748
9.002122819017536	0.9862866829441742
-5.023521257653876	0.9998955038039752
5.655662587069031	0.9862866829442528
0.9876794446181094	0.986286668103716
4.875687237754001	0.9862866829444957
1.5973160290500399	0.9862866650414567
-6.3120215944657465	0.9999945823757251
1.0838401339676906	0.9862866681153554
-0.6162662856721468	0.9862866831177726
-3.7930092390093595	0.9984175270417485
3.020687392248824	0.9862866829626976
-3.680172584601773	0.9980154918270343
9.86597628458535	0.9862866829441743
-0.9171218592692973	0.9862867223445804
-5.988969901779204	0.9999886062237439
9.643708430974158	0.9862866829441743
6.0177564378347554	0.986286682944192
-7.626799328104963	0.9999997374586562
6.42594786703777	0.9862866829441839
4.657103115035808	0.9862866829448078
-1.164915557926797	0.9862882663770868
-2.6025202861957775	0.990445294302891
-5.5791135353546695	0.9999707620216747
-7.483318388624007	0.9999996346784591
-8.321456536975074	0.9999999469668528
-9.171295503119605	0.9999999925060589
9.978457994202703	0.986286682944174
-1.0609214229325339	0.9862870317707857
-6.25010157097321	0.9999937525580971
3.1495379271396153	0.9862866829643983
9.241388388859228	0.986286682944174
6.750912529661729	0.9862866829441791
-3.5327656231459192	0.997365323828829
-3.9865769674817297	0.998942760912055
1.4236736591395562	0.986286666138364
7.007302199585336	0.9862866829441763
-0.8572591644864822	0.9862867038666083
0.49285142867848464	0.9862866783503751
-0.23388253553521032	0.9862866763794726
-5.685593599839045	0.999977108594257
-6.65150845046004	0.9999975201991461
9.655474913374796	0.9862866829441742
-1.0214145914870354	0.9862868697866681
-7.5797272192684195	0.9999997074038105
-5.423845426093119	0.9999582352197502
9.496964879661792	0.9862866829441743
-9.860987907432293	0.999999998468849
0.104851571860344	0.9862866718062799
-5.931753259651771	0.9999870033180593
0.730942532664006	0.9862866718892479
8.433800309614256	0.986286682944174
-1.2468617527389583	0.9862909787866522
3.935388553051279	0.9862866829466157
0.08686928616236322	0.9862866717966501
9.582021562271162	0.9862866829441744
9.315655521888178	0.9862866829441741
1.8504891893065079	0.9862866828764058
-7.349835946147283	0.9999995032320872
1.2106101214805864	0.9862866659170343
-7.1743975595618315	0.9999992559813211
-3.8861236043972225	0.9986938829378913
4.0473694594599685	0.9862866829467071
2.8615306490636847	0.986286682984732
5.907042654001673	0.9862866829442137
3.3265443472387055	0.986286682953625
-3.6528252832331276	0.997906001542457
6.553977222019739	0.9862866829441838
8.704422064920813	0.9862866829441741
6.791652903155551	0.9862866829441795
6.404615317203049	0.9862866829441841
-7.833482125314011	0.9999998368758961
2.981494244646976	0.986286682969488
3.754567913035128	0.9862866829492362
2.747534842863079	0.9862866829854012
7.999707812500102	0.9862866829441743
-0.1817390883787784	0.9862866762274874
-6.643379702965189	0.9999974733553032
-2.5360653487280826	0.9899306573298803
1.8710111556220852	0.9862866831350405
6.575417459734176	0.9862866829441821
5.557425424144618	0.9862866829442535
3.509006555281907	0.986286682954231
6.351265505067751	0.9862866829441838
-4.8605913903931475	0.9998484694796296
5.675452153315042	0.9862866829442384
-0.8104525632409842	0.9862866988869703
-2.3585791755015517	0.9887122184985091
-3.682028168755842	0.9980227447013807
3.5405249900908906	0.9862866829544706
3.7599607255861613	0.9862866829492372
1.4761110824924728	0.9862866653228128
-4.430415652643314	0.9995995882051516
-5.264291466716422	0.9999397764282032
-9.228848441994938	0.9999999934361694
-8.151484527333439	0.9999999215634559
-9.187765183526167	0.9999999927849283
2.929912622701334	0.9862866829855073
3.3108817663179657	0.9862866829533332
1.103864252996015	0.9862866681004293
9.375954944163595	0.9862866829441742
-0.2783509385012408	0.9862866765417682
0.28555488258977135	0.9862866780820905
-4.0955959654720075	0.999163063074213
0.8051271590683129	0.9862866718589735
-4.67489736674652	0.9997690065917237
-7.851652317594993	0.9999998435599076
-3.038245033003757	0.994081443479754
-1.254719287053078	0.9862913746929107
-0.879012795495715	0.9862867083452456
-6.255811838159531	0.9999938341271385
-3.5216968116880265	0.9973103817318016
2.3514986833908083	0.986286683098276
5.248461395723059	0.9862866829443326
7.967441422385061	0.9862866829441742
-7.837788027899522	0.9999998384852034
-4.993533290420107	0.9998880954454857
4.391760996293254	0.9862866829454406
-9.10062527971515	0.9999999911817878
-3.259081629424334	0.9957472440581807
2.546410483206433	0.9862866830260821
2.6249689734047763	0.9862866830273233
-2.298605621864853	0.9883556499276644
9.469157495901655	0.9862866829441741
0.5914199934991018	0.9862866717335045
-0.04677617442393256	0.9862866748095794
-4.9182607528933	0.9998671264843968
-7.98337313360816	0.9999998844875709
6.534809084183152	0.9862866829441841
8.78539395530445	0.9862866829441741
-5.665935206509212	0.9999760504935521
-4.309336748537977	0.9994758244180822
9.338651843300735	0.9862866829441742
3.0204629144079895	0.9862866829626835
6.638513450346494	0.9862866829441789
9.644875916715637	0.9862866829441741
-9.859264258058115	0.9999999984627599
0.40850692826836266	0.9862866784292086
-1.3289897643140325	0.9862972765573592
2.872331061653721	0.9862866829847732
-0.44354269543921276	0.9862866773215329
-3.6337002051999656	0.9978264958344553
-9.935820958031055	0.9999999987111985
2.393752372371205	0.9862866830257313
-5.844150973528355	0.9999841020508164
5.469704200775354	0.9862866829442551
-7.448076594868183	0.9999996037984913
-6.200516265870517	0.9999929973388916
-1.7317655877282867	0.9865111396613392
5.075255439644263	0.9862866829444221
3.1560479072009784	0.9862866829643997
5.893901208270783	0.986286682944214
-9.809701397851814	0.9999999982769225
0.4428591161013671	0.9862866784213625
2.094557248774663	0.9862866831045406
-0.781839660690764	0.986286697446744
-4.34588018098673	0.9995166172044178
-2.7463197388738836	0.9916241233544976
6.382662739004541	0.9862866829441841
3.0707965734167164	0.9862866829646536
3.2724193149595884	0.9862866829592116
1.209618085990849	0.9862866659141896
8.258179077000008	0.9862866829441742
5.114349647224849	0.9862866829443183
5.412685279767233	0.9862866829442473
5.5482186031108895	0.9862866829442536
-3.0097356019459687	0.993849167441149
8.013560752994966	0.9862866829441744
-0.11349684510218339	0.9862866760711686
0.8642830861432174	0.9862866699715984
-7.438355608777649	0.9999995948304709
-3.4059099711310292	0.9966824616606389
7.293025236106011	0.9862866829441757
-0.3995892816649125	0.9862866769841301
0.2768981801275352	0.9862866771404123
6.294421622087224	0.9862866829441861
-4.246722555013558	0.9993981399563517
5.010484882329337	0.9862866829444893
-4.87384335470213	0.9998529737077355
-2.9540655709422614	0.9933872415491672
-3.646626267136055	0.9978804985951433
8.090663966579875	0.9862866829441744
1.7988950235916654	0.9862866845186857
-2.50044320032619	0.9896660110563593
8.423931079747714	0.9862866829441739
1.4426554380421397	0.986286666059884
4.415205766294012	0.9862866829454343
3.417578341200965	0.986286682954284
5.241920271364133	0.9862866829443327
6.160221271602921	0.9862866829441939
-0.846806108346323	0.9862867023169357
-0.22761364597311484	0.9862866763591233
-1.9138085133835894	0.9868314360036485
-0.4966804649878842	0.9862866777978032
-3.0220205986551063	0.9939496618869595
-7.772023120915823	0.9999998120785868
-3.64872299853523	0.997889153173919
9.764523636246018	0.986286682944174
6.76126820103212	0.9862866829441792
6.216569997693519	0.9862866829441937
5.902154755269695	0.9862866829442137
-4.838879335295014	0.9998407929742632
2.7108069797411183	0.9862866829807001
0.2549620185544619	0.9862866739587236
-4.519783273393925	0.9996722541599434
4.990030484452209	0.9862866829444913
-3.6554335443341213	0.9979166558897455
-7.912642814357929	0.9999998640565199
-5.188667452313114	0.9999283821454149
3.2597722560719955	0.9862866829621341
-2.594564868601106	0.990382374602476
-7.489239080633845	0.999999639624888
0.4194104250414643	0.9862866784165724
-1.2206082370961404	0.9862898737048351
5.462923874166794	0.9862866829442555
-9.789364599925317	0.9999999981943161
-1.158419535505324	0.9862881340484213
-7.633851516441208	0.9999997416873713
-8.20216322638296	0.9999999302024484
5.456551681491014	0.9862866829442549
7.800197477693324	0.9862866829441747
-2.966625239923699	0.9934922836616942
-2.0141235924454293	0.9871091844563317
5.826311908047806	0.9862866829442137
2.0132091298108854	0.986286683272737
-8.936404230289302	0.9999999871293263
9.854613059531097	0.9862866829441743
6.9045968798597315	0.9862866829441765
-0.55039087295388	0.9862866786673459
7.561991521848469	0.9862866829441747
6.476671044339952	0.9862866829441836
-7.689241759473631	0.9999997726178231
-4.933072332007282	0.9998715392583581
-6.664808593433631	0.9999975949785291
-3.6955153513189387	0.9980747968054887
-3.784864398787313	0.998391068927604
6.577441933310254	0.986286682944182
2.9301828399196737	0.9862866829855166
-2.547523184730327	0.9900175188535928
6.169874908634263	0.9862866829441937
0.14924494251082443	0.9862866718029221
-5.867794063066061	0.9999849434599053
8.275373730690418	0.9862866829441742
2.9212764520612033	0.9862866829850105
-8.185915782755862	0.9999999275418272
-7.647560394952406	0.9999997497137111
-0.07555989355138237	0.986286676220039
-4.171782725684801	0.9992907067303572
4.347885522355632	0.9862866829454416
-0.21785138999778297	0.9862866763290332
3.2511661781097665	0.9862866829636933
3.2094429468951624	0.9862866829642817
-0.8860031039857361	0.9862867102323577
-3.9417957414924976	0.9988376915020636
-9.66772622643755	0.9999999976106483
5.8732326458690345	0.9862866829442136
-8.559456889699044	0.9999999693417155
-4.3216693147956065	0.9994899477100192
-6.8088544768502945	0.999998273783381
4.791063570826548	0.9862866829445475
-6.536675258311608	0.999996769826037
-2.665815824110016	0.9909560950822686
-4.297113700473436	0.9994614565172265
-4.848931406467538	0.9998443936350292
4.157312868103048	0.9862866829465567
-8.808729716884645	0.9999999827306634
-0.7887221068549355	0.9862866977304557
-3.0202491876603688	0.993935208190181
4.471094193925209	0.9862866829451981
0.043724766134198845	0.9862866718638528
-6.7036524777014295	0.999997800712233
5.084314072374507	0.9862866829443879
3.4124608541919965	0.9862866829542697
5.737652419564556	0.9862866829442115
-5.910588878394347	0.9999863549231724
9.695760269460777	0.9862866829441742
6.731433811292419	0.9862866829441792
-3.2072228914245304	0.9953814268446565
-3.2488129026840173	0.9956762151500594
-2.159988988922068	0.9876555315106346
4.0680818087736625	0.9862866829467088
6.5220618932398935	0.9862866829441839
-5.280954209939561	0.9999420335263737
3.1192864521672057	0.9862866829643941
-0.714269532147739	0.9862866957182879
-8.65048261436215	0.9999999751387842
9.32738155571197	0.9862866829441743
-9.274185798303787	0.9999999940868354
-4.643517965443347	0.9997520166325253
-2.578920262899307	0.9902596410245252
-2.7664337407416673	0.9917932381543626
0.8183136445523829	0.9862866719934468
0.6125850629695417	0.9862866714070387
3.4299652094904953	0.986286682954301
3.583885412113773	0.9862866829504666
-1.2896046710998288	0.9862936292243728
9.433095239345676	0.9862866829441744
8.738967338082514	0.9862866829441738
9.29482105744544	0.9862866829441743
-0.311839124978043	0.9862866766494841
5.0405648519348745	0.9862866829444981
-6.248617313749176	0.9999937311800818
1.3194024808767892	0.9862866661007602
5.180199386277202	0.9862866829443347
-1.9858982069985398	0.987022907280564
-9.251800831823918	0.9999999937740591
7.719645297212928	0.9862866829441749
8.06439889716782	0.9862866829441743
-2.6686398513815046	0.9909792411177824
-6.874493649554041	0.9999985158976462
7.9382052755358075	0.9862866829441747
-3.5725524558522004	0.9975556028830015
9.681919540463877	0.9862866829441741
-4.124658826998515	0.9992141102992005
-4.437571213625744	0.9996059408827593
-2.469331028207673	0.9894422690719777
-7.0757788612232675	0.9999990663233373
6.56224973066767	0.9862866829441833
2.103592162704654	0.9862866830944295
7.424785717305834	0.9862866829441752
-3.466232775275797	0.9970217680969747
2.5763953520006346	0.9862866830262147
0.19204711498607807	0.9862866718832741
-8.620507976906717	0.9999999733622866
-4.964669629206218	0.9998804736388797
6.930975869068298	0.9862866829441763
-1.6904511086732512	0.9864637263887576
-6.855744509965311	0.9999984504308617
0.3518690562963087	0.9862866783283403
-9.11071595876939	0.9999999913843137
3.7341992047443817	0.9862866829492403
1.0004307358292621	0.9862866681096717
-6.077951191672986	0.9999907155883246
-5.634067833573693	0.9999742305499978
2.862598446202945	0.9862866829847369
5.9387524819570015	0.9862866829442146
-3.535230488680483	0.9973774391551259
3.415619182973293	0.9862866829542789
1.0957166572798993	0.9862866680970727
-4.630847446808182	0.9997448139180614
-4.058866311957794	0.9990941124238613
3.108103670858334	0.9862866829643331
5.328780258857989	0.9862866829443337
7.039453707534232	0.9862866829441767
9.498742643578026	0.9862866829441743
4.579420098047553	0.9862866829448134
0.3139151077436573	0.986286678809895
7.819648424629925	0.986286682944174
4.313698059960011	0.9862866829454373
1.2055934761613862	0.9862866659115618
1.653065289748593	0.9862866650400938
-2.3588626066637097	0.9887139731496045
6.031929479218956	0.9862866829441921
9.983076906490265	0.9862866829441741
0.6257079327436177	0.9862866717094987
6.087060434394868	0.9862866829441937
0.7464474105208971	0.9862866718870987
-5.413197627284982	0.9999572019000011
-6.835038731699528	0.9999983747721755
-1.6176123834911458	0.9863991178943667
-8.486321451956481	0.9999999637186913
3.288038165489887	0.9862866829556699
5.449823216989774	0.9862866829442536
8.541424184577572	0.9862866829441739
8.456652081316314	0.9862866829441741
-1.604512050888772	0.9863897505535127
9.530887723906417	0.9862866829441744
8.023424582211355	0.9862866829441744
-8.478431812885772	0.9999999630535739
6.569526429196408	0.9862866829441828
-7.437812189680995	0.9999995943231942
4.242409267500102	0.9862866829454277
-5.965422998691738	0.9999879719835658
-4.4748806698167565	0.9996375111881365
7.1667826923540545	0.9862866829441769
7.786940171124769	0.9862866829441748
-9.121993625520656	0.9999999916051643
3.651340560807501	0.9862866829493262
8.966414509756984	0.9862866829441745
-5.547603565421428	0.9999685669640348
-6.322544425180063	0.9999947120142004
5.3372098655677025	0.986286682944336
-9.68512154015273	0.9999999977044599
8.421551809495966	0.9862866829441741
-7.757431668688346	0.9999998056575842
-1.9360163065418377	0.9868861342055352
4.7183424091941895	0.9862866829448054
-5.872408524769468	0.9999851024150332
3.0059536474122908	0.9862866829626857
5.569378606377512	0.9862866829442537
1.756220921178734	0.9862866697411019
-7.295589321566149	0.9999994371430185
-5.492568415558758	0.99996433152611
-6.996514612398563	0.9999988793893168
4.332227121966103	0.9862866829454419
-0.1933204382527478	0.9862866762590708
3.401020147884136	0.9862866829542434
-4.91932620425084	0.9998674488617282
-9.137744447684248	0.9999999919041709
-9.222545145381629	0.9999999933402077
-2.858055742025547	0.9925736438075623
-8.684019579433526	0.9999999769863546
-8.1624867626826	0.9999999235255936
-5.316698512949105	0.9999465951975695
7.391929679217554	0.9862866829441752
-3.9101301977087344	0.9987577559071564
5.986794912120509	0.9862866829442012
-3.628454153342515	0.9978042584956589
9.250425840285278	0.9862866829441741
-8.912532522994354	0.9999999864020639
-2.895557980534713	0.992893036928863
0.33371697903996633	0.9862866784173553
-6.9357612992606255	0.9999987111493203
6.36508101454605	0.9862866829441842
0.9216191384145525	0.9862866679343538
-8.654582845020409	0.999999975372396
-5.869924919959075	0.9999850170713142
3.1189500395946226	0.9862866829643928
-8.134108606629784	0.9999999183616269
2.0334951789537605	0.9862866832794862
8.589760629150813	0.9862866829441741
-0.5934302665863456	0.9862866802278701
-9.69230107491002	0.9999999977420961
-1.0316222684315122	0.986286902766859
4.8990748146129	0.9862866829444895
6.257184364836355	0.986286682944194
2.3183403631285415	0.9862866831095758
-0.7418030047729154	0.9862866963635463
-1.1972799039865798	0.9862890926669099
-8.694618146761343	0.9999999775411796
-7.875127822884456	0.9999998517916489
-8.632495374753756	0.9999999740874875
0.20407742717782895	0.9862866718468966
6.571709427454238	0.9862866829441824
3.6922461425185027	0.9862866829492153
-8.537862185418348	0.9999999677787443
5.66342806746273	0.9862866829442487
5.535813628530871	0.9862866829442535
-6.079023909966557	0.9999907384765748
-9.799637844429965	0.9999999982365286
0.5793271899585015	0.9862866728475853
-3.559540845316582	0.9974946091363315
-7.221518999394867	0.9999993324791073
-7.977720852180639	0.9999998829743826
-7.728253330280954	0.9999997921521872
-4.912387943368763	0.9998653355455878
4.6412756355714535	0.9862866829448081
-3.0644584245519457	0.9942921023650286
0.3458031332613807	0.9862866783266402
-6.733368606337691	0.9999979461413296
-1.6585692846266653	0.9864326749683556
3.1875826492214543	0.9862866829643974
-5.591509787455684	0.999971583041071
-6.033054116059318	0.9999897051749007
