-1.9863799211406796	0.9177571222697107
-9.449192781603749	0.9999999911575118
3.1093158044193636	9.69161884181881e-25
8.617385608442689	-4.0263910633925153e-109
-6.114298487687808	0.9999808861225413
-2.018223724703603	0.9205601799588077
8.683292274180356	-6.117543129514416e-110
4.982444885663018	1.678889901814852e-53
-8.732195864617541	0.9999999539137753
4.2143281284109335	1.242400671332173e-41
8.117095893839519	9.86840517936193e-102
-8.380870721447295	0.9999998965106047
-4.838882723392635	0.9996413805301841
8.882825926847445	3.814139561404968e-113
7.97250372089843	4.017993537546603e-100
7.39871989920924	6.755369127138465e-91
5.7065563472540894	2.895586541494868e-65
-9.484361427665409	0.9999999918453405
-6.197821231804279	0.9999842294443131
-0.8707698776687032	0.7892646655442949
-7.816496637316428	0.999999620450737
0.5072882589551586	0.3699481325284858
-9.919907588385119	0.9999999970086954
2.72116478656233	9.945780451440936e-19
-5.0672377620918985	0.9997875796293627
9.368670727730354	-1.3097194400470314e-120
1.15591852202353	0.05598080773308835
3.9218192380670445	4.593582554292009e-37
9.443148440164045	-2.0570104983663803e-122
-7.151097318053452	0.9999982434564153
3.890777532014603	-6.163265995817614e-37
-7.07983251223268	0.999997930231517
-9.255853086639775	0.999999986198882
-4.836264618164159	0.9996392233083536
-2.5409371452574314	0.9593290143653105
-6.140049563359442	0.9999819862299375
-6.762082447093611	0.9999956981249526
5.612597584174344	-3.1852683805838695e-63
-7.160525380387535	0.9999982811773608
-9.256190337910706	0.9999999862095951
4.526590227963219	2.6756201162893514e-46
9.879497524843451	-2.1468795803036063e-128
1.3776550679504531	0.012405493408569133
5.389120876461607	-1.2792674399544322e-59
-6.27000334114153	0.9999866438899024
6.482780310920635	2.332549796041535e-76
5.628531151925307	4.9062317984593714e-64
-0.4114305587570577	0.7042472083433745
-8.573865538804979	0.9999999336407687
-2.1356269313534204	0.9304288064849203
7.267232124658843	-2.9272928804518704e-88
-0.6686377477443664	0.7554425699187868
7.510137975477875	-3.4095002771444573e-93
-5.215364990721545	0.999848834241066
3.082087208997164	-1.3493016625274227e-25
-8.58021340023031	0.99999993460365
5.616034728469543	-2.4035889475853364e-63
-4.040823167010332	0.9978061923989237
0.7188633612490847	0.25577358507646175
4.808614201569412	5.484314761825386e-51
1.0113232909907488	0.10876549766711316
7.880353044012921	-1.718095680045507e-97
5.724972157704183	1.275827726268469e-64
9.482540496235835	2.027005764499309e-122
5.294021108537947	1.5662605192692817e-59
3.944714883451418	-6.878739312181874e-39
-9.913689301056227	0.9999999969655599
0.5611517081418924	0.34210668463593114
-2.82113236585372	0.9739572043710383
7.067402331178943	-3.548779559603699e-86
-0.5418966777388867	0.7320039475455089
9.379632418138826	-2.032108862085417e-120
-9.497282718316491	0.9999999920843877
-3.214860016982657	0.987338981324766
-5.025713807467129	0.9997663386633158
-5.177789961517942	0.9998352054462059
-0.2848392968596727	0.6747997635730273
5.1114300304775195	1.6054618397758706e-55
9.926850812269443	4.1059263653167425e-129
6.386593994309905	-6.411317420604317e-75
-2.483328691152553	0.9557519282520344
-3.975576073311209	0.9974631127863662
-3.2192612349985206	0.9874475278900334
1.5477328938459003	0.002254700379566443
-8.269231409287755	0.9999998661756836
6.733902697602616	-4.98660234867885e-81
3.0634228792276055	-6.3069340071092955e-24
3.086487466876516	8.421371076563472e-25
-4.840307248238651	0.9996425488919535
-3.718161705919769	0.9955362535286623
8.065282578828889	-3.41833736479604e-101
3.5216167990927527	8.024733465038007e-32
-3.0217014254265218	0.9817346266280569
3.0743334820398402	-2.727778008891526e-24
-6.913414800298208	0.9999969637795838
-4.861900299056643	0.999659802070147
-5.186170109433359	0.999838347460297
-0.5825404841150892	0.7400250969983079
2.750155685491432	-2.509967682984096e-19
-1.7553966460456785	0.8963256024971994
3.2654245010852314	-3.451232951346547e-27
7.639484544538128	-2.2162189198488524e-94
-1.9453336967719572	0.9140793818834739
-2.02832064204709	0.921439105777679
-1.3037012812818602	0.8474271571060741
6.606448344481549	-3.869921962857428e-79
8.144406025856167	1.3463553481438586e-101
-5.065026123415994	0.9997864984581845
-5.854448060512083	0.9999652383025395
-8.54101807718135	0.9999999284270767
2.4066376523394837	7.869296595749722e-14
8.612277674111883	-3.361169130189408e-109
4.975068277351532	2.4233969385135093e-53
-5.221536705100931	0.9998509626735562
-9.942707512760943	0.9999999971616841
-4.242383688545104	0.9986048038519808
-4.852720770858552	0.9996525711824726
6.33186996328557	7.217789261436024e-74
-7.908743715717406	0.9999996930824812
-3.828439427042336	0.9964895738380594
6.624530757216892	2.1024967242880995e-78
3.124105024709319	-2.0518529117297486e-25
5.593517106027477	1.6900107150881152e-63
6.444459493780059	-1.0586594902268463e-75
-4.058294370092512	0.997890146508522
6.335618908299857	6.088989363536628e-74
-9.100189524116843	0.999999980249512
3.3210136950203903	6.920020584327721e-28
1.4281829895614564	0.007757179429502877
-6.3120722199368995	0.9999878767564518
-6.406228023243186	0.9999902393666817
-4.589252088986702	0.9993653514996824
-0.8550183324596095	0.786806705914072
7.4839445154543895	-1.4321997339687555e-91
0.1759825162451243	0.5253675792042546
6.720354566864842	7.388728998915399e-80
-5.749679569996533	0.9999557605436284
-5.994848927236576	0.9999748371189393
-0.8710927442611904	0.7893147866450795
-9.969558590251726	0.9999999972015354
-0.1592742055675842	0.640542330388459
0.9344691676844885	0.14426201744351055
-5.71113595783971	0.9999516576525431
-1.0327593443139484	0.8126370725827476
4.185760069688516	-2.9612795216157785e-41
-1.993688985448907	0.9184043567473376
-0.3544347169236559	0.691173824471293
-5.260805997488682	0.9998638221489434
9.961660384870505	6.748285450405556e-130
-1.0490210488185614	0.8149011000089889
-0.9285684096613434	0.7978946766757511
7.183848972944457	-5.561518730160498e-87
-9.143706873780735	0.9999999821326385
3.0336097286524613	9.599793086008892e-24
0.3507860918853858	0.44936462379245806
0.9085991963969384	0.15729656219147498
9.37540476494685	-1.976399411074054e-120
5.8957747717039375	1.6192947186742553e-68
-7.038624710560786	0.9999977242306245
-0.3242470483188775	0.6844269633008225
6.326410368614415	8.214425471342718e-74
-1.1098694080300398	0.8231946338394944
9.137013428250604	3.510222997376274e-117
-9.247656931424144	0.9999999859359507
-4.547095206556087	0.9993013039876862
8.465868486954147	-8.39465464308258e-107
3.4497735177569933	-3.488862890032506e-30
-7.7017076198463075	0.9999995056249816
5.358373125460382	-1.2484873065722e-59
4.116315085276817	-9.247574897588462e-41
-7.055006530364145	0.9999978084722495
5.20640602753196	1.0779751735045207e-56
-9.941299214723625	0.9999999971524645
-8.43093024536313	0.9999999077775996
6.963966601680394	-1.0565406298600927e-83
9.564937311253022	2.4377617047591714e-124
-9.243438212505094	0.9999999857986678
-7.048454181298389	0.9999977751582434
1.6589777444510112	0.0004738852115292883
-7.114121706462924	0.9999980873585567
-9.279673237908694	0.9999999869354628
-7.479755002041557	0.9999991758485602
0.6881735443466788	0.27295909579597843
8.151016360128583	6.827933007227778e-102
0.304359142193821	0.47143147439953775
8.821705654111586	6.785729409762549e-112
-8.243633237729625	0.9999998580507319
-3.2918539757998477	0.9891257313776444
-2.638717611255341	0.9649571721005656
-0.6209600694142114	0.7472060304260374
-7.749519292639042	0.9999995571616708
-6.532318210220991	0.9999926986500481
-9.233561919728839	0.9999999854720147
-4.809609231103633	0.9996165124126896
9.139841631173844	9.108615164024466e-118
-5.628080098001829	0.9999414779202592
5.77095555483182	-2.8067605331599295e-65
-2.5378577154793103	0.9591427293876074
7.058978881653761	-3.68177660559847e-85
-2.6673528638535604	0.9664980609673193
-1.6992112961593708	0.8907303318702596
-6.992501969265175	0.9999974692488595
-5.920662143490336	0.9999701518293898
4.0931732887269945	-1.683919721324683e-40
-1.0415003205819815	0.8138563458629056
-0.30731367014626443	0.6804314871770177
7.248030251267508	4.1650218749985887e-88
-1.66035323641308	0.8867763468796342
-1.2204716407266645	0.837444076701427
-2.3685935723568052	0.9481224248480264
-7.97416069292749	0.9999997359993902
-2.379954479117341	0.9489125948703162
9.650672509418218	1.2760177834910967e-124
6.909748904535469	6.090154621716795e-84
-1.7087894877652676	0.891695551771415
-5.7227814929012855	0.9999529358428999
2.1108669083177034	1.0798490956444432e-8
-1.5671686185580924	0.8770329709409923
3.1153358864391034	4.0631353102464237e-25
4.844982647326033	6.969187135130272e-52
9.368529995212697	-1.2868506717177129e-120
1.1802617590090883	0.049822304536295964
-6.420752299550334	0.9999905603543151
-6.770936262972755	0.9999957849324981
-1.720247878864182	0.892844792713421
5.875303633915916	3.9240239851151413e-67
-3.6033672837349373	0.9942886614637652
2.306706479458146	2.7996000202044215e-12
5.469548552530945	-1.1216686886341187e-60
2.942664452176963	2.7006169655919054e-23
-9.221179821800334	0.9999999850518473
1.9618378438534165	8.710505981385037e-7
4.65890335562602	-2.6507238665683734e-49
-7.706297402166626	0.9999995108221543
3.767835869253883	5.933146938759506e-35
-9.744714606900992	0.9999999955223263
2.4740151086169213	-2.0851832917972574e-15
3.224592443085923	5.2903251382223676e-27
-8.621879140038553	0.9999999405861336
0.13185544988265185	0.5430501253774636
-8.351895573936954	0.9999998893704791
-3.953360820387619	0.9973348912904163
9.716639993505837	1.1643115822891818e-125
-4.278855084676043	0.9987151419722341
5.763570812891068	-2.9395435239770065e-65
-5.745678526886211	0.9999553513510897
9.27322043319327	-2.5315579519314956e-119
-8.031006733660657	0.9999997683890639
-6.354341377610542	0.9999890009140544
1.5666807605251876	0.0017777458282575234
0.9369490956707658	0.14303833557839934
-5.637675447334907	0.9999427556734356
-7.119074923584612	0.9999981090481537
9.344064488024287	7.10654429017159e-120
9.727330183788855	9.793659503729536e-126
-3.200691838383083	0.986984097311555
6.903993637341088	-3.857025294253409e-83
2.097111598899634	1.5453461751951743e-8
2.8162492454638652	9.346837169469899e-21
-8.966796019483482	0.9999999731483372
4.192518869986678	-1.3972234199296397e-41
-9.878722897964689	0.9999999967111504
-2.8151527550918187	0.9736917413021987
9.88965101963197	-2.4691129708054075e-128
-6.33407364840906	0.9999884755215317
5.442947439384028	1.339871090405798e-60
1.23566750864509	0.035966678544907746
5.037636434554109	1.438785042908238e-54
-4.5642738573456265	0.9993281414078582
6.373772240518164	-1.7532098255199802e-74
7.793025227705698	-2.767587657420842e-96
2.372128722891894	-3.0181138369757566e-14
-5.802114380552279	0.9999607891031995
3.342928296185125	-1.7490096154306173e-29
9.218864301531863	-2.5691660452346244e-118
-1.832462076583866	0.903692098023416
3.866222640040542	-2.20621841900385e-36
-9.45724354845272	0.9999999913199196
9.232805409837297	-8.317446659168996e-119
8.02509390092251	-3.649147699241822e-100
-1.8825784068550853	0.9083140945509622
3.747119517223343	-1.4500614257159633e-34
-8.55168476462592	0.9999999301635563
-2.033454215721777	0.9218839375628999
2.605516965287343	-2.2733926660854278e-17
0.29776174345070316	0.47444432187729196
5.953015495343976	2.7781058459102045e-69
-0.8641584795056101	0.7882361166970538
-1.4818097627869786	0.8680006861584456
-6.456997693395485	0.9999913160954441
5.621954574681602	-8.265223154334904e-64
0.7735013837569795	0.22561072215743333
5.655638645200884	-1.2889260005511904e-64
-0.4513030387842232	0.7130597408947631
5.325970251846712	1.0480465436205745e-59
-7.8881723098513	0.9999996781949211
6.957047478042856	-3.8716111651639505e-84
-7.590272886025375	0.9999993610154363
-2.53782153167037	0.9591405373190364
-6.555512633226139	0.9999930783255784
-4.2044028615170825	0.9984800308275321
2.5615118596726916	1.4284051828737992e-16
0.4707861369622979	0.38913650786287096
2.993215524978927	-9.635674100879148e-24
9.37606725752515	-2.0014081990877927e-120
-0.5300989730378056	0.7296227354166838
-8.152842829472359	0.9999998250462511
-2.7332984239660885	0.9698607567851731
9.398104915147158	-5.562603816858961e-121
1.0393708137824689	0.09698282392629973
1.6358884674014895	0.000676929682546563
5.718185758276032	1.2515736681073678e-64
7.434192098001333	1.0936600876266409e-91
8.76144402610327	-2.992331187590734e-112
-8.127352043866928	0.9999998144700554
9.391434046284775	-1.2521184327790632e-120
-4.392935507870854	0.9990077796058627
-0.13604100432726085	0.6337260023269163
7.7017111355067485	5.536672603499652e-96
-4.854014848072512	0.9996535997432244
-1.5336583421898808	0.8735586677322111
-6.036641051798934	0.999977144920279
-9.199615134734746	0.9999999842908687
2.472075547933237	-3.0739225072517423e-15
-0.04160303672228949	0.6047806023714726
-1.4403951345306645	0.8633861221990086
4.5308927645106944	2.1428036449652942e-46
4.87245592705699	-1.4438840345884317e-51
4.620437194128989	4.2355082053921144e-48
1.6319366393831594	0.0007182472324574605
-4.615336927880542	0.9994020313903058
-1.3538120377603526	0.8533935543201738
1.229192702436377	0.03750866436396321
6.892458386357806	-1.490065340151208e-82
5.13946099735573	7.610856586453613e-56
7.288670715629259	-1.1968466605165718e-88
-9.170629398523396	0.9999999832066279
-0.033187136299170916	0.6022502983701067
1.3608286313238338	0.014330711281930657
1.3683052745088187	0.013449664407975646
-2.2018494223768847	0.9357037140739127
4.406881181512951	-8.482869072598606e-45
8.800911025623925	-1.5422689107396016e-112
7.30158696544094	4.1446763600481105e-89
-7.144841864384763	0.9999982179733269
-3.5832421448141005	0.9940390671923773
-4.37184897505789	0.9989591456892085
-7.110358553612635	0.9999980707140481
5.6136422371483885	-2.970768307735428e-63
-2.946423663793092	0.9790664591722968
4.780344795232443	-2.892415639363749e-50
4.3180495659231966	2.1865248751258554e-43
-6.988695764991508	0.9999974469726327
7.253393982309213	1.0712745909990849e-88
0.7643030340355104	0.23065422675221267
-2.906885843239926	0.9775461675281064
4.9665097076043185	1.724975528302314e-53
4.578574999981964	-3.1594548003977535e-47
8.85198179521316	-1.7536507469425403e-112
6.071347441551996	-7.211196583903723e-70
3.0967994106002106	1.6677699038002065e-24
7.118760563743699	-3.0705954373400438e-86
-0.2589384861173549	0.6680652366545748
7.5338911686816665	3.1448499368463035e-92
5.314564919729348	-9.947898225757855e-59
3.3203328245652166	7.072276338471432e-28
6.896006101550391	-1.1508953398232922e-82
-9.035158552651188	0.9999999770591926
-2.149885951663806	0.9315699036910294
9.656943877607702	6.243479878867395e-125
5.370128317235423	-2.2620195779673325e-59
3.9419685634719404	4.1698676066177574e-38
-1.8660145343719492	0.9067781937195407
-8.426337606979747	0.9999999067971869
-6.82983856779753	0.9999963195108651
1.983183042186468	4.635411885963073e-7
0.9675861589758625	0.12845195108828963
7.466294927458854	-8.977657327459813e-92
-8.110256012495437	0.999999807021023
-2.873014787360706	0.976176858178691
-5.340663573602016	0.9998866576444432
-8.181247183296417	0.9999998361226659
-7.665329676592507	0.9999994624310136
0.19569432569991108	0.5172383514917198
-9.913333392477913	0.9999999969630724
1.6635992231338257	0.0004401493461452414
8.668308299552535	-2.691871917754466e-110
-6.38156091150166	0.9999896690225567
-8.059053146809596	0.9999997828735243
6.594833270185909	-4.608982216189844e-78
0.5784133533592506	0.33365064702754604
-5.470433652592797	0.9999158981654171
-9.0834745441	0.9999999794745561
9.64332687261323	1.9309749792715895e-124
-3.481282138518198	0.992613330384834
-6.351928378990972	0.9999889396404905
5.677600307781008	-5.511473954939295e-64
5.469399405989531	-1.1258599056439835e-60
2.7827498252688976	1.1604532935836044e-20
-7.785140826005819	0.9999995920341184
6.830124036937665	3.6980026417360386e-83
-6.082086886471556	0.9999794149893146
-7.269913833832122	0.999998663882194
7.965828892071496	-3.4220182780459112e-99
-8.120178938624782	0.9999998113802917
0.5759847552027821	0.3348590438689736
4.214539500889947	1.245915966050037e-41
-4.585507794298569	0.9993599065242045
-7.4729823208353885	0.9999991628956316
-9.048874504185104	0.9999999777723894
9.061520155739299	3.2645342100856676e-117
0.10482673527072883	0.5535195622407352
7.570079578759149	-7.702331213101145e-93
-9.540487829001423	0.9999999928339582
0.3621631226210198	0.44387616681518216
4.141789399220146	4.779142122328133e-41
-4.640168094879056	0.9994349928321838
3.477712530837156	1.5676489962830915e-30
0.8950706934887762	0.16403470456254313
3.146922652810101	-1.8229661990255777e-25
-7.392309687199985	0.9999989920215996
6.142583564685214	-4.161895336247896e-71
1.1628803758237325	0.05416749765318457
-1.4276546393783374	0.8619430324842462
6.895625681570301	-1.1880675690058525e-82
3.1449014798391097	-2.3072573028106266e-25
0.9007150933611499	0.16124856750891167
-5.080081482123031	0.9997937512914212
1.0834177529449072	0.07985334794505053
-1.3266330705298301	0.8501747032023699
1.3098288844356745	0.021499070193903996
-0.8544777760768483	0.7867218790423919
3.6834727235239217	-2.0697484607540884e-34
9.764040237615742	-2.2208297348287553e-126
3.135037916214408	-3.904367602000532e-25
8.969471108637133	-6.972091744116598e-115
2.9767854479376368	-9.866089067897918e-23
-0.9466175448983236	0.8004093526581599
7.172288647557075	-5.496257632759869e-87
7.885844179996791	-1.2567884619465173e-97
4.814563010297434	7.653026497695914e-51
3.062366235840045	-6.538705236389877e-24
-6.758160230083328	0.9999956591001241
8.967253481979533	-3.899308481310402e-115
8.020770926216919	-5.324273939814233e-100
9.597535955252418	-7.787068140575923e-124
-9.021072459377425	0.9999999763029268
-0.5494189062935906	0.733507927988363
-1.9744692984405496	0.9166975283829125
-8.502367034505802	0.999999921765227
-2.0694139437804493	0.9249599743168597
-0.6385070641395316	0.7502566240796593
-8.169665498037396	0.9999998316936725
-7.495194894359267	0.9999992046333205
3.387878422665409	2.2831925743404886e-29
5.224169413386903	1.7342919907918999e-57
-4.041994735883496	0.9978119220365643
-2.6185816103833037	0.9638441021878982
3.6404751972308382	2.008665289537102e-33
0.5898956758078242	0.3277795714737514
8.282756817537951	6.43676691643233e-104
-9.001556789422217	0.9999999752137698
3.6072198859968374	1.6497243423325212e-32
4.558791578972903	-7.109827442837256e-47
-9.488475476581577	0.9999999919222243
-0.33540756283700546	0.6869480608938924
-9.320452083748712	0.9999999881063499
1.7691401100186397	6.962480450324681e-5
3.103001195063584	1.4668509150709482e-24
-2.3279013281828975	0.9452306807787013
3.3134761309954452	7.827445663542184e-28
5.533916506858464	-4.443443788565887e-62
-1.5536480711108034	0.8756277782995332
5.343793055525513	2.553312807094161e-59
6.290373485265857	-2.3363252578377327e-73
-1.1289647082476773	0.8257420860020616
-1.6877457752137381	0.8895701312402875
-5.987649644194506	0.9999744166727925
-1.5111829266039898	0.8711924313318282
0.025536908677885606	0.5827315163940343
3.6704953763581383	-3.099037458153059e-33
8.507750997245157	2.194757050648405e-107
-7.307427431582734	0.9999987744467701
-8.360737219550586	0.9999998915999716
6.151137790126118	-3.37997734670431e-71
-5.5964243217251886	0.999937056947815
-3.5030204026872314	0.9929411094672138
1.3216163685461346	0.019648386468469753
8.224257625612509	8.365647406114695e-103
-3.9081641864982375	0.9970544931389561
7.308167298851416	6.951838131619113e-89
-1.7729770104536549	0.8980409815103262
-9.791732230754233	0.9999999959817689
-9.782416149249972	0.9999999958946426
6.162837065213193	-5.385257866155983e-72
-2.80106122162036	0.9730579827596599
5.277949417896721	5.8620723561189015e-58
2.2496567623432995	4.718213309065087e-11
5.04625476651527	6.078041361884113e-55
9.792803889965572	6.542154201626364e-127
-8.252606354524485	0.9999998609534927
5.832280984160558	-6.472271680605113e-67
-8.140399083796513	0.9999998199607897
7.49757978930651	-7.65492040638995e-92
5.73250285880726	1.0073615212756983e-64
0.6674593806674256	0.28456171990068757
0.42202875178089627	0.4141383803412672
9.851577463091573	4.2212934356403177e-128
4.353773839398812	-4.740508721008348e-44
-7.80395332047608	0.99999960932873
7.422198207999671	-6.275412624352106e-91
-3.6015838828240954	0.9942669402403609
-2.8665326903138233	0.9759076684928739
-5.830133575307275	0.9999632376822543
-3.7780892030158997	0.9960810987192907
-0.6344745176940272	0.7495639200547913
-0.25846715763012007	0.6679414733810138
3.6866313655796965	3.0053310540809526e-34
-6.564978052226138	0.9999932275372672
3.657304754820183	-4.521797043636433e-33
5.5730955782136995	1.5141720196242369e-62
-0.8852446163936243	0.79149987652845
-6.217398438116688	0.9999849244148524
0.4051526108067094	0.4226339148629505
1.6924721019115374	0.00027249616295211084
8.930484013013363	-4.230621570552038e-114
-4.768472803736694	0.9995786430215376
-7.391315454751779	0.9999989897114125
9.540187332052	3.96914939917453e-124
5.387924212871775	-1.3893670116663419e-59
8.513444876853043	2.907441170532155e-107
-2.4088529099703404	0.9508879703893182
2.2645944978326646	2.8706505966273474e-11
0.5585505116863096	0.34336895046500904
-6.979126471530526	0.9999973900977418
3.503920025744627	-5.224648400696288e-31
8.157844711295294	6.40329347999795e-103
9.20916550611905	-5.817618856113775e-119
-8.754286363062667	0.9999999561993462
8.71416609453874	-1.5656433475710478e-111
3.237479416861145	3.4986483379659984e-27
-4.0745656095460525	0.9979655244085485
2.2823234649454918	1.1244534350607249e-11
7.034045268519552	-3.1132942541276247e-86
-8.031957722118687	0.9999997688956751
2.837342429373809	-1.417832547092526e-20
-2.1847238186167273	0.9343446141090157
2.4321022285712868	2.3492927161325816e-14
-5.2088510060204385	0.9998465548625282
-2.9061953103536364	0.9775188710120729
-0.27519311013265657	0.6723090065587004
3.316401530090495	7.697537524262319e-28
4.725035243230549	2.698009960030017e-50
6.348013511267968	1.4392459122046115e-74
-7.135590747933032	0.9999981796074947
4.137224443106721	7.737587085465152e-41
1.6293066680653734	0.0007469522677164332
3.75055602952445	-9.200433461208892e-35
-8.912620615150889	0.9999999695808858
9.557948261019796	1.1387238047814757e-123
8.161417655089288	-1.7211935051386406e-102
2.149481102290851	2.3426818069785545e-9
9.938728928403844	5.582520083792039e-129
-9.762013176288807	0.9999999956971726
-4.798307818647576	0.9996064592692033
0.49330443877519947	0.3773753025700562
0.8469680455159043	0.1864448541080219
6.377808279824627	-1.4725514925018228e-74
-9.802788612803317	0.9999999960827755
1.9639144185854551	8.205947390640505e-7
3.4863077032414047	2.5648531458278247e-31
-8.800738523661016	0.9999999606423988
2.659731128510625	-5.306897957594032e-18
-7.666017119753334	0.9999994632812501
-8.916633003816784	0.999999969860628
5.228514431825859	-3.89115808089062e-58
-7.118312044081656	0.9999981057236754
-4.852145268429031	0.9996521127843555
3.934031296290371	2.172122978584057e-37
9.333619202531498	8.841062279053908e-120
9.61205638668303	-2.0824773934387573e-124
5.791462834183015	-4.4694895320070604e-67
8.4214790254517	3.9057965197402457e-106
0.9697354025535176	0.12745736917771477
9.008695012629254	-4.061785658670809e-115
0.331439312004008	0.4586345318031251
-4.774288331882159	0.9995842142126116
0.9800960871597262	0.12269775055196006
-7.121622378537462	0.9999981201072546
8.257008112695914	-2.391064874920696e-103
9.838292178773543	-1.5461175878695687e-128
5.100887796428534	-4.956961035403035e-56
5.368036666556687	-2.204452892229803e-59
0.4409678790470384	0.4045228041052131
9.257036226494716	4.4514398092879615e-119
1.4568755939396247	0.005913892805257651
4.23250751700246	6.990948371415387e-42
7.869604845778962	-1.8865452247869394e-97
-0.8275579057034079	0.7824504188908592
4.223047219732248	1.1544972703216792e-41
8.99998912092866	-9.619312193840704e-115
6.708057206608046	1.1267459316112222e-79
6.8009180457246	-3.4748462770624976e-82
2.545924847868406	-2.254682964132129e-16
1.328675439342888	0.018599369183998352
-1.4783990528724988	0.8676247680944174
-6.422644851468342	0.9999906013951284
-0.759572212848898	0.7712742605306997
-4.516821517439471	0.9992514010822324
-9.786759567752714	0.999999995935496
-4.7050449887545875	0.9995128470170171
7.022495863408551	1.6967460474494805e-84
3.182428336078189	2.666809514323966e-26
4.2942174367414445	5.46079366801877e-43
2.2077696123648884	3.208049083741512e-10
8.28892999950757	6.086415573602913e-104
-5.767898934790776	0.9999575769630664
3.002471771318408	2.112038573275055e-23
5.879946417280525	3.752005521153211e-67
2.4286320285163843	3.3007604435285974e-14
1.2972906858892266	0.023604747922143655
-9.331640564946095	0.9999999884088452
-3.596428370128524	0.994203717073519
8.623124650415512	-3.339931964307808e-109
-7.905709028340153	0.9999996909303517
-3.0759879151596614	0.9834826058249797
3.7371787223455435	-2.4913751146145213e-34
3.6874561044315755	4.08960603205635e-34
-6.56930218935778	0.9999932946277335
-4.59677851590881	0.9993761580282011
9.140773897928057	1.5862046819384076e-118
2.603527241517277	-2.710865067289241e-17
1.601276636624739	0.001120903637275465
-5.996406222994701	0.9999749271545851
9.260817479536222	2.5627324499826867e-119
7.673345566995362	4.466366674719086e-95
8.24236369786339	-1.6553985572293684e-103
-2.9079636682445864	0.9775887223017024
4.5773563436306866	-3.623493277865814e-47
5.5535161080758755	-3.6940976225226445e-62
5.360571391689222	-1.5774379923997227e-59
3.578773698555402	-6.32497293766316e-32
3.68316835003165	-2.6350684699376508e-34
-9.43671914444559	0.9999999908998592
5.554522511624063	-3.2930593440420674e-62
1.9257793951189583	2.3308062863482588e-6
2.5962935478126568	-3.483229976145082e-17
9.410439105145766	3.4016248204209432e-121
3.3761290743223604	-6.181703935414987e-29
-9.944284849328596	0.9999999971719754
9.999495348699309	-3.994612402463609e-130
2.314728526674351	2.1980593986912905e-12
2.7706905638792065	-1.460707143978205e-19
4.919025674231015	1.662401237462437e-52
8.292169133428658	5.118221168724068e-104
-3.026116945991668	0.9818821697260822
-6.78323812118895	0.9999959026466423
-0.19469914821585022	0.6506284948406844
-8.816379802287639	0.9999999620346558
-2.1327804064003075	0.9301998680588679
4.533043478813706	1.838891617254856e-46
-3.452575214710998	0.9921593477497944
6.1204192875846175	9.517396678440959e-71
0.19585146774138806	0.5171727054745573
-6.703204117995782	0.9999950735706483
-2.6929564427919805	0.9678345125908419
8.776905875382653	-3.191799957527821e-111
-1.2734623143920878	0.8437431137415818
-2.5780798874436073	0.9615328144238208
2.632855451790416	7.12123983425424e-18
0.48527637681237934	0.3815844569796069
-8.831716430272891	0.9999999633519665
-8.178281869908597	0.9999998349999207
-1.0873538421274134	0.8201557807900312
-1.2828810931625831	0.8448895212157224
-3.7376099295577214	0.9957204535466464
1.2959154374205895	0.023844024872022737
7.012973809629635	2.790558608662241e-84
-8.955358410556272	0.999999972431774
-5.88379890432166	0.9999675089025195
6.434233492868209	-3.988244625232403e-76
-6.822476292277813	0.9999962565895539
-4.951727893590676	0.9997231136310734
1.7599702913738149	8.087564105006042e-5
8.596098393017368	1.0067782795577615e-108
-1.1967713142091476	0.8345166666054636
-9.71905943413169	0.9999999952498463
-1.395388685321187	0.8582413812327494
-3.415103002341384	0.9915289618448808
-0.09658775155796384	0.621778687582554
9.62041321441021	6.115320502036926e-125
5.985588902078529	-1.1261106951654183e-68
-8.142511544867626	0.9999998208343948
5.3717854005862	-2.2761655729178874e-59
-7.410381270527542	0.9999990331036367
4.730979679486641	5.787386922195536e-50
-6.8130716538492075	0.9999961746462303
-0.9791834794380492	0.8050016456931981
-7.437977254138617	0.9999990926303032
-1.2325155073686922	0.8388851225646035
8.925588996818412	-7.615715622590418e-114
8.428170071213184	5.341822023850779e-106
9.744060822704206	-4.6896356666871596e-127
0.4241232195829969	0.4130800198850346
1.9846675894074917	4.4304716876912543e-7
6.0679706574884875	-7.575692472682004e-70
-7.718392544003376	0.9999995242577153
9.861044398556828	2.2404038225504458e-128
6.021323072504533	3.268787028000734e-69
-7.971287264030353	0.9999997342468991
-9.742563195291742	0.9999999955000898
-1.9425341101847806	0.913825929238271
1.1987537139460223	0.04518179323952712
7.806262818489735	-7.418866534681087e-97
8.057606680063941	5.115156819970298e-101
7.594243427360382	-1.251548525972245e-93
-1.44608156918288	0.864026412767526
2.420346372446666	5.583242082978414e-14
0.01656981584093664	0.5859091013304151
-9.529477096527161	0.9999999926499528
-6.915035681959147	0.9999969750898119
2.420736179092348	5.4824637769006713e-14
3.970448064401179	-8.402330482979255e-38
-3.30030638945658	0.9893078524122866
4.83852253809513	2.9768394566278014e-51
9.455957578441236	-1.1236435848932054e-121
1.1291558352140907	0.06383987846533712
-2.1244742428616537	0.929528909202339
4.777807419396019	-3.157064626077516e-50
-1.148001283710304	0.8282472034522798
-5.223909073037145	0.9998517728480416
-2.986782811201092	0.9805331416201193
-8.889763213250315	0.9999999679370143
9.228363207531821	-1.6381476375516725e-118
9.364445434738315	-4.397502580565436e-121
6.330924261699344	7.453069032452167e-74
1.589789518605782	0.0013136270024279274
-1.3549560378232286	0.8535282277612641
-6.878344877271116	0.99999670844093
-6.607085010642799	0.9999938532779067
8.431319113781576	5.48427194344385e-106
-0.1653447142066291	0.6422951100727788
6.944472542407404	2.274672040599319e-83
9.383254265105087	-1.909778122602337e-120
-6.251566245723286	0.9999860647892334
-9.359735307270643	0.9999999891349466
9.933506731181883	5.526171789448093e-129
-7.161802754382394	0.9999982862253519
0.9609868542951396	0.13152475667216665
-8.337664885621535	0.9999998856854149
9.168580284435595	-1.7705113571034816e-117
-6.520244266886643	0.9999924928369038
7.343036216459371	-1.5065736074957232e-89
-4.0555696546018005	0.9978772617943172
-1.9779843950571951	0.9170108763443854
-8.692768753750478	0.9999999495340739
-4.97628282707014	0.9997382770519059
-2.3368349593703552	0.9458738618579409
-2.1881936779831124	0.9346208805752236
-6.473594106585003	0.9999916416473614
2.8157794912681933	1.0925196254023076e-20
-3.5724162350194666	0.9939006745066928
-9.406073171933919	0.9999999902345066
4.139246923231571	6.536659918961596e-41
4.262116349881797	-2.9010786264262255e-42
7.957295221067216	-8.820951840295371e-99
0.32767064247623523	0.4604369085883669
-7.1395287587708545	0.9999981960390076
7.4096291578171325	-9.089149436937917e-91
1.365836821683395	0.013736003371230762
5.244238408498077	-2.4690950848409453e-57
-6.676651315571753	0.9999947629962995
0.08925458621671822	0.5594505551690755
-4.624071795642015	0.9994138381531169
-1.495114706668197	0.869457909502031
-2.170979696932087	0.9332494875761446
9.527286431666134	-5.004642503216736e-123
-1.1336726380454643	0.8263649455383824
-7.7656454095934	0.9999995733034432
-6.78793772931614	0.9999959467436761
-9.460772183309874	0.9999999913901596
3.8500302880001627	-6.1781395960552546e-37
5.398248669848854	-4.2574551991975806e-60
-5.22601051642575	0.9998524868282618
-0.41623230212183415	0.7053244438717831
7.89707206738472	-1.5710993346940722e-98
8.746213664550858	8.754769077107977e-111
0.38608851710407954	0.43215004842731963
8.385750344596808	-2.360342197089307e-105
-1.149375072346853	0.8284266573162098
-2.324239933654706	0.9449657413035354
-7.400285564774798	0.9999990103640686
8.628590985967918	-1.9229522001733852e-109
5.481398735114734	-5.2646575669431425e-61
-4.474854885119628	0.9991763450917039
-6.80543761481025	0.9999961068136306
3.245627706947616	-1.219737972460613e-28
5.639303710092843	9.316840827344053e-64
-6.222749507996803	0.9999851089870824
7.82311497719007	7.681610319892193e-97
4.0421064536921705	-5.633384458107216e-39
-7.9938074092868305	0.9999997476761688
-5.145142132590963	0.999822372558114
-3.3555650065907194	0.99043395972467
9.721254040168276	1.192260506078629e-125
6.884122008872268	-2.1325315050033515e-82
7.922625052465648	3.446164825021704e-98
2.800479709690112	6.127682700452247e-20
-9.521941730013435	0.9999999925213102
-9.112743851613686	0.9999999808122737
4.520606175981911	3.137348954921446e-46
9.785631931577225	6.060482620847777e-127
-5.426430607274901	0.9999069422573266
-7.917822445627114	0.9999996994318419
0.5292119068105592	0.3581345776232434
7.464024599696412	-6.393148076793993e-92
-6.741343695459752	0.9999954877283593
8.876262405263947	1.0993030521384893e-113
5.460749067538959	-1.1125852681731248e-60
0.0810170582842229	0.5625513315735213
1.8454666024883437	1.6063394174338252e-5
7.9158384357729545	4.523424845700757e-98
-0.14076051695027125	0.635123724534495
0.3790837404894667	0.435612540929049
1.2341395264078123	0.03632571285377249
5.348559286332154	1.1479361512676264e-59
-0.807014607830645	0.7791248204493785
0.8857399622954922	0.16852224592068976
-9.321606492039379	0.9999999881379226
-9.20309922011941	0.9999999844163897
-0.6357721100325175	0.7497871829168975
4.884228861457327	-3.631038616074195e-52
-0.27040348596115926	0.6710631793915545
-9.29188499742124	0.9999999872977013
1.8440906017364433	1.6580200742034714e-5
-0.6604775174522626	0.7540203311139861
4.596696993448187	1.5154626989386066e-47
0.848647667082485	0.18564317185414161
3.4364093739022152	-9.820873723960622e-30
-2.6130729046678924	0.963535380552815
4.426621525392175	1.796977181554749e-45
-2.8029789424405704	0.9731449131053495
2.8264536679306786	-1.2716974830271921e-20
7.755405475182883	2.6177344002935262e-96
-5.243092243883716	0.9998581645639569
7.735972850775077	3.4288813050522305e-96
-9.182744850735487	0.9999999836686349
-3.8099598122493905	0.9963445936054931
1.8624834752128283	1.0926772730370866e-5
9.569122100065556	-2.3047216500324414e-124
9.570759776195445	-3.8105234135883e-124
2.6837868790858277	-2.152158591528541e-18
9.65767018199412	5.508875291619084e-125
-2.859611824510475	0.9756177002263198
-1.4884752993714798	0.8687327282802508
6.377487736143554	-1.4984646723374225e-74
7.757923612615439	1.345800616082009e-96
-2.1376268328917236	0.9305893884448339
4.690374973376237	1.075797326902402e-49
-2.405506375063875	0.9506618753293644
9.88981483121588	-2.465296643232046e-128
-2.7198226154265237	0.9691948442190298
-5.786654461233796	0.9999593689763207
-2.201442925843402	0.9356716275980448
6.739102858321573	-2.0453965951105418e-80
-2.520670468462942	0.9580931473186051
-6.614683785663025	0.9999939598816021
-8.714010220861997	0.9999999519429922
-0.8147130417461881	0.7803771848360002
-1.3088193587044508	0.848044358382362
-2.203199474215296	0.9358102009093582
-7.446552450159061	0.9999991103704003
-4.3180948403842745	0.9988242929616192
-6.348983564058743	0.9999888643997076
6.240960376773636	6.024283565862879e-73
-9.024378857224061	0.9999999764826534
5.83215648577581	-6.207207945524298e-67
1.177967644977329	0.05038949251266668
-4.310383671312157	0.9988035884342323
-7.292829605716751	0.9999987325532156
-0.33464424167983786	0.6867774396572056
8.993179081068252	-1.329423948828421e-114
-6.3379909518330235	0.999988578987295
9.891755046132676	-2.402451108923735e-128
-6.934987603110057	0.9999971109069153
-9.871409750550724	0.999999996655299
0.31816926200519546	0.4649634059669849
-1.8378154062283834	0.9041859791174848
1.081028824935931	0.08073581823998903
-7.759787542303518	0.9999995675090648
-7.309174149972328	0.9999987793659297
9.778163167430161	4.4065427239027226e-128
-1.1678997289891804	0.830830678106145
6.248041492460594	3.5997898848064905e-73
2.5212717518346484	-1.7765747943117163e-16
2.1540712093228507	1.9281895758398232e-9
-7.86337542848258	0.9999996592864304
9.612309369469397	-1.9848161490583442e-124
7.843049637156646	5.450892387466938e-97
0.7804118768874488	0.22184090302796114
-2.0199816635874024	0.9207135770607667
3.541079277269894	5.923733874867762e-32
6.8821021504521696	-2.2329952215914514e-82
-2.628003236508567	0.96436793445365
-6.199267369088801	0.9999842818585807
7.779864414308335	-3.789042170540834e-96
-7.032511936834873	0.9999976919734151
-7.688567304903335	0.9999994904383183
2.3619828618390137	9.795039169301467e-15
2.2916992320975016	6.091826593084416e-12
-1.2877770140799463	0.8454881217405865
0.7154948780151482	0.2576495515419983
-3.5557416363683636	0.9936817162195238
9.832413955749388	-8.193965909505143e-128
1.8686483827193392	9.53194006045782e-6
8.767700657776984	-2.306762580440481e-111
-5.384349367933154	0.9998974880671053
0.9839024886635315	0.12096314070637776
2.116121173952017	9.176554363456206e-9
1.8362275080706336	1.9882716548548354e-5
4.217056526422933	1.2638178042108252e-41
-6.636933314147333	0.9999942615059436
-8.492053146978824	0.9999999198850391
1.4370765053660683	0.00711152096125149
5.584567771773475	1.06648006559918e-62
8.326227296341372	-9.108521451284395e-105
3.899500783060553	6.038572330154618e-38
3.78740670322383	6.245921159592685e-36
-2.261208404014905	0.9402917499073762
-7.322102186201764	0.9999988151656394
-5.698110342957494	0.9999501868298124
-4.491208497006438	0.9992064389292848
3.3855555645103017	1.1641595549806586e-29
3.6570859268372544	-4.5105802358680696e-33
4.065977578611353	1.3476654243621174e-39
-2.158758036807691	0.9322767795546424
-2.7234587519011066	0.9693756060807532
-8.611112610972498	0.9999999390948089
4.326599863746372	-5.152704263937754e-44
3.6755080894905845	-1.9515830700221764e-33
2.4137540115838085	7.052959056287216e-14
1.5165138154708693	0.0033033069327848006
9.098137918237626	-1.7754126597257436e-116
5.178342210374286	-2.5730551277953256e-56
1.0570393133490654	0.0899069661424105
1.5718285557071923	0.0016647707804961676
-7.188516491176982	0.9999983884616341
-3.0396840677023063	0.9823294388853736
-8.776992420285787	0.9999999584305401
-4.844454676548344	0.9996459289975629
2.774532910710734	-9.005680052181432e-20
2.0869833454022455	1.914324320157018e-8
-9.715497578468089	0.9999999952107276
8.489057945727197	-7.307369610887492e-107
6.8314859127885015	1.319287286557881e-82
-7.462841989416944	0.999999143120284
3.1269788968372136	-3.078794734444761e-25
1.6691373953928803	0.0004024335649362053
-0.9699247093820507	0.8036714804332525
3.277618765981721	-2.5182603480990166e-27
-4.651897556041207	0.9994499297545266
2.469058677099447	-4.590112777097407e-15
2.848445924645784	-4.764903167487304e-21
8.729708229279058	1.3611137373231096e-110
-4.457997509710818	0.9991441438436237
1.3202812580355463	0.01985169300714569
9.339058023924373	8.400192193753479e-120
-5.748569497665361	0.9999556473921127
-0.5089350597161957	0.7252777686872821
-6.60582993833152	0.9999938354902078
4.303977044161451	6.596573892904512e-43
1.1104442243371828	0.07019316273702873
-3.725542051202897	0.9956070168728758
-9.096421665569338	0.9999999800774163
1.0992429899198264	0.07413495334877518
-9.674764431657783	0.9999999947397988
-9.621994010939403	0.9999999940601838
-7.094227270665785	0.9999979977081056
1.6098486603305453	0.0009924955710366502
-4.8678180207431065	0.9996643839283585
0.3775789066161259	0.4363533839123669
-9.390308692515198	0.9999999898735195
-2.8476556176250245	0.9751105310392654
9.690920573220922	-3.54684751439968e-125
-4.717072819367245	0.9995260632390336
6.001387902544675	-2.12505482819969e-69
9.494236716598806	2.3578922713732548e-122
-6.0461578396692905	0.9999776401477519
-8.438420818807169	0.9999999093545694
-1.8618266504596903	0.9063924456980307
6.555347002326485	1.4582308729325767e-78
2.9005901287779867	-8.586283547538389e-22
-9.03868906760755	0.9999999772449278
-9.03910870593936	0.9999999772669041
2.2888028703792784	7.354614459840836e-12
-0.4800454281634625	0.719222908888635
6.9865457176174495	-5.430964473418673e-84
9.353807000555705	3.332970350177871e-120
-0.2871473913378999	0.6753907860201736
-3.7039315153260333	0.9953967765291198
