7.488437308334763	0.9734519369804745
-1.3717403236461667	0.9739888714841626
8.032773642939823	0.9734519369804681
3.2253966333131956	0.9734519371965764
-0.8203454376454147	0.9734624028830244
3.0075186025371927	0.9734519371748661
6.731627632102093	0.9734519369805174
0.6859891925190773	0.9734519487505303
-4.751222563307271	0.9997535024209105
-8.998928240326665	0.9999999858997665
5.360081732775846	0.9734519369820667
-3.398945045582016	0.9955320185872373
-4.618921214639395	0.9996671024570744
-3.255409793254187	0.9942219803085803
-8.79935202801709	0.9999999776744457
-9.374455768465847	0.9999999940612032
6.621172480503851	0.9734519369805124
5.0961249377132045	0.9734519369823161
7.085911138489614	0.9734519369804914
-0.7190400403704835	0.9734551130129864
6.690247851514783	0.9734519369805177
6.308612710792659	0.9734519369805678
2.430286535915238	0.9734519378002859
3.827265658571605	0.9734519370346394
-9.884855128733513	0.9999999981664233
0.05903308944021468	0.9734519599045636
-8.483795086300221	0.9999999538301627
9.878983826181319	0.9734519369804652
4.493857784588261	0.973451936987879
-0.8263293724092371	0.9734630963375304
-4.9855450236689824	0.9998555841492918
-3.2220338098961188	0.9938814432198687
6.017940822249788	0.9734519369806568
8.108714640590243	0.9734519369804664
-4.844240832504374	0.9998005771768651
-9.167921030847284	0.9999999904449366
-1.580664735329659	0.9747198239150568
1.2726675538621066	0.973451905751463
-7.0899475305771675	0.9999988566392221
1.28823723460747	0.9734519056158966
8.132748999133899	0.9734519369804663
-9.419377507313307	0.9999999946447833
8.68044922640177	0.9734519369804658
-8.775113975481514	0.9999999763930474
0.4696091278920136	0.9734519102876412
6.946850411383053	0.9734519369804904
9.973793662661574	0.9734519369804648
-7.896967686787337	0.9999998216869295
6.345153389973358	0.9734519369805671
-2.217141189311529	0.9801890031291601
-7.121772894855556	0.9999989374249676
-2.0787248021616422	0.9785725563131906
1.7923001726724497	0.973451940322855
6.848308451781826	0.9734519369805186
3.1450651379904713	0.9734519371939446
-8.732587402485908	0.9999999739644547
2.047400723374743	0.9734519402236711
-8.591472673449587	0.9999999639685969
3.213805952329377	0.9734519371931669
-3.2537132034907446	0.9942049980252418
-2.3337234325765133	0.9817265684380939
0.8105802171739249	0.9734519487103502
-2.1514966573233663	0.9793901203593173
4.759500116316268	0.9734519369867739
-6.905384657227449	0.9999982512263945
-4.613614405786222	0.9996630750038737
8.133348915175556	0.9734519369804663
-0.6888482140302354	0.9734540738270749
-8.943810698013422	0.9999999839917553
1.6156180630547023	0.9734519436070688
-6.316081531535209	0.9999932090217575
8.954957800057475	0.9734519369804652
-4.777223897723393	0.9997676693170116
8.173362445670538	0.9734519369804666
2.8399429672544407	0.9734519374066286
9.707386543776877	0.973451936980465
9.158907297894018	0.9734519369804647
6.972171227864571	0.9734519369804918
0.2700566626123049	0.9734519296618548
0.17609192806357754	0.9734519597393743
4.949681298169057	0.9734519369838266
-8.691359825809425	0.9999999713717893
-2.2131943577578372	0.9801393651749384
6.5735464470255955	0.9734519369805559
-8.35924009751173	0.9999999384946094
-4.995432648896219	0.9998588131204845
8.92965152839983	0.9734519369804651
-2.991304682045488	0.9911738178258527
7.411325209785428	0.9734519369804779
2.7839133509792866	0.9734519374057318
-0.3156673231605467	0.9734519732979425
-0.1773010785956597	0.973451969315762
-4.719621760429735	0.999735131451064
9.278479545191427	0.9734519369804652
-5.739709339350769	0.9999744191113211
3.859273678608087	0.9734519370293608
2.3404026505623055	0.9734519386897574
-0.06255467574422724	0.9734519679940487
-1.5967972612342507	0.9747966335512835
-3.0397360010588192	0.9917901589490701
-7.345739230889365	0.9999993655430633
7.546985463252554	0.9734519369804708
0.6878436932634724	0.9734519487543138
-5.964635698353642	0.9999847523412296
-9.063708444893663	0.9999999878536459
-1.0802532501055317	0.9735517066725631
-7.272583790827194	0.9999992491470283
2.2900429766004358	0.9734519386734273
-7.62022315051333	0.9999996627714081
7.115197472439114	0.9734519369804914
-2.0408453221173195	0.9781667466981887
3.020511107379381	0.9734519371760113
-9.118989983337054	0.9999999893053967
-5.821620331976081	0.999978811724816
7.5275903999092435	0.9734519369804708
-2.610468471982288	0.9857332336578477
1.6181756685392692	0.973451943590299
-7.426906927110752	0.9999994736960194
-9.010012627698796	0.9999999862550907
0.7822158247320274	0.9734519485408516
-7.291278339858489	0.9999992807807568
-3.0857938234964744	0.9923536149194014
-4.697627802933453	0.999721553907144
-8.058522433097028	0.9999998770780187
4.240459537550279	0.9734519369936337
-4.551582103537575	0.9996122935745929
-3.957061685114862	0.99855294759937
1.2675155390192963	0.9734519058369452
-0.4114341539149571	0.9734519915280497
0.9768648118637735	0.9734519217812385
-3.9874328841319295	0.9986445269756908
-0.37145157161767806	0.9734519798075133
-0.1949893551611659	0.973451969584895
8.104553185701022	0.9734519369804666
4.697265142043143	0.9734519369871665
4.827511876543454	0.9734519369835518
8.592848016379811	0.9734519369804654
9.658634648205478	0.9734519369804647
-7.604035121731818	0.9999996499644213
-6.232655026921927	0.9999917713395493
7.122989473556363	0.9734519369804914
-7.369445604004072	0.9999993992462965
-5.956873076498135	0.9999844775545281
8.652763795786719	0.9734519369804658
2.099335618177447	0.9734519385702106
1.7930915562417162	0.9734519402936795
6.62635239228624	0.9734519369805124
5.543386160905781	0.9734519369813073
-3.929188651173976	0.9984638691355838
0.970075489353249	0.9734519219189004
0.7350388095015035	0.9734519485532133
6.549720260070565	0.9734519369805725
-7.471726097285338	0.9999995253007959
0.18109794858984785	0.9734519595742545
1.2706283853023201	0.9734519057843141
5.589263806954104	0.973451936981308
-1.592112299458428	0.9747739812479864
-5.877898191990525	0.9999813846571177
-2.834635940558634	0.989031629575602
9.861869502001866	0.9734519369804651
-1.3770809007746685	0.9740026219762432
0.40423680329705647	0.9734519103522168
9.468296402810093	0.9734519369804651
0.24604087364402893	0.9734519530929671
9.293088697774891	0.973451936980465
-7.208108257604771	0.9999991289799683
-3.960781209795212	0.9985644649862739
-0.2916673292562866	0.9734519720379862
5.036620662457123	0.9734519369838905
1.3643106585111475	0.9734519055656302
-3.54559746678079	0.9966202820500956
3.8807351729921358	0.9734519370162921
5.538208955289626	0.9734519369813075
5.929924321466364	0.973451936980888
7.130884567081033	0.9734519369804914
3.419596004511746	0.9734519370873207
6.458591874964323	0.9734519369805702
-1.5852495082731277	0.9747412872945577
4.364819321846557	0.9734519369938835
6.51850297826169	0.9734519369805696
-1.601245248574088	0.9748183490906683
1.0381010760134899	0.9734519218065893
-8.707585631818908	0.9999999724216411
-6.707655374546735	0.9999972429660902
0.4895384193729413	0.9734519107583679
9.958123847055798	0.9734519369804651
4.796533539804004	0.9734519369840794
-0.8625449783991002	0.9734681424762596
-0.6354751455370291	0.9734529834241591
-3.414987886771157	0.9956631149308288
-7.466862175736453	0.9999995199545767
9.251106088363361	0.973451936980465
0.22773723311376948	0.9734519613534758
8.070494418962028	0.973451936980468
-3.1720758177905184	0.9933465633686689
1.0699220699908185	0.9734519218624658
4.246743807980899	0.9734519369939352
-8.615247375469654	0.999999965888051
4.85266014312128	0.9734519369838704
0.30622575907591454	0.9734519094645508
-4.928971596728551	0.9998356484210593
-7.972669239903674	0.9999998502102246
2.6854319818392227	0.9734519374688874
9.147790964951813	0.9734519369804646
6.882170688311543	0.9734519369805057
0.3418408591984434	0.9734519110033223
-5.319168468570172	0.9999327653019905
4.651097352555382	0.9734519369871798
8.598151286345626	0.9734519369804654
0.028401342551443776	0.9734519600837451
3.2249609887023656	0.9734519371964284
4.950481008464731	0.9734519369838265
-5.34903427623568	0.9999372201839386
7.91405216738001	0.9734519369804682
7.9234139836294375	0.9734519369804682
-0.15403624343714029	0.9734519690242154
-4.040677473417875	0.9987921258727968
-5.027996390212026	0.9998689487543896
-3.953936385413832	0.9985432038345758
1.5349126117714196	0.9734519437673292
-2.116727171460897	0.978994645403695
7.52670861091698	0.9734519369804707
-5.946729623050482	0.9999841110188017
1.2526829452163	0.9734519060214011
5.9672151220767375	0.9734519369808471
-1.4376541476997673	0.9741769045747808
8.604028130639133	0.9734519369804654
0.8445516995437519	0.9734519461648247
6.168847195805501	0.9734519369806757
-2.784836493615419	0.9883132642876715
0.2732193412745154	0.97345192654113
-5.193302790111698	0.9999102586847624
-6.253154942769319	0.9999921505880379
5.265401827731342	0.9734519369821475
5.8492944121649515	0.9734519369808863
1.6767456790018862	0.973451943622337
7.575557258913811	0.9734519369804715
-1.0601783180994637	0.9735381400597163
8.537273001405765	0.9734519369804655
3.6085632598787587	0.9734519370293737
-1.3067304024185233	0.9738407773650695
1.757659354382831	0.9734519426716058
5.303912012900032	0.9734519369821406
2.5307504685908544	0.9734519378311975
-1.2583076933917603	0.9737523121557207
-4.430315940985623	0.9994904190443238
-2.3539554373410976	0.9820054252193607
5.031983036627441	0.9734519369838701
-3.23375916553843	0.9940026258740368
2.5556357557291154	0.9734519378306363
-8.71367111998548	0.9999999728053863
-2.7624284878958516	0.987986690120716
3.740572938165151	0.9734519370340166
1.1933032522276257	0.9734519052414434
2.1429964041443803	0.9734519386980232
-6.846073373923138	0.9999979953449918
-1.8690038071152415	0.9765526690791181
-9.440080776622661	0.9999999948940829
-5.622414211973159	0.9999664998496988
8.639724408656871	0.9734519369804657
-8.430155347711953	0.9999999477606137
-4.172930664961916	0.9990958163353874
-1.282150614874542	0.9737932426041965
5.272449220883537	0.9734519369821489
2.1722028757692726	0.9734519386896575
4.898574891532807	0.9734519369838097
7.86108382318573	0.9734519369804678
-6.9063410823851346	0.9999982550731021
8.27117372121193	0.9734519369804664
7.274024592293095	0.973451936980478
-1.3400712593381492	0.9739123613955268
-4.455890840414769	0.9995188988128133
-8.946725912039287	0.9999999840988507
-0.5967497469162275	0.97345255959643
2.950258965246352	0.9734519373912319
-7.228283972907148	0.999999168517174
-9.608606720693352	0.9999999965362384
-2.8718377913756976	0.9895580232509837
-3.6101188260814787	0.997024366608894
-8.055771857332115	0.9999998762970324
0.29310267338365037	0.9734519124203396
-9.482988936825603	0.9999999953744253
4.0824833865687715	0.9734519370073007
-2.1106016612611755	0.9789258643720923
6.013230247947124	0.973451936980661
9.654874651158345	0.973451936980465
9.44550909430767	0.973451936980465
-0.7278404097572544	0.973455488187877
3.745751979090457	0.9734519370339995
-4.099369988504944	0.9989372357093015
2.070595508998153	0.9734519394010529
-3.7843210290388463	0.9979141782582348
8.429188229641177	0.9734519369804656
1.2977177242011706	0.9734519056214503
7.6346554281685926	0.9734519369804713
3.960514505839603	0.9734519370078559
-1.8335339172838871	0.9762771972125748
6.83903530570193	0.9734519369805179
-7.721972138757196	0.9999997332055165
1.7625047943806305	0.9734519423121514
9.889281437865627	0.9734519369804652
-1.208312735613175	0.9736809810796339
5.962858264012505	0.9734519369808637
0.22967802149956995	0.9734519611083065
-7.1729582838310035	0.9999990555551763
0.14332471121161205	0.9734519597173462
-3.818328064448391	0.9980572468003417
-5.7362777045755875	0.999974216426734
-4.504764984670908	0.9995690621970924
-3.483156677143038	0.9961867087917251
-1.8673264890321626	0.9765390893385266
9.066812033470807	0.9734519369804651
1.3421056738126111	0.9734519057395784
-8.446962882717056	0.9999999497436876
-5.719632752345887	0.9999732103428344
-1.1130802449078345	0.9735774981431887
8.606134980511726	0.9734519369804655
1.9667013415691947	0.9734519403537713
-9.281651303912337	0.9999999926463462
6.250429451659425	0.9734519369806793
-1.593963470892362	0.9747829024933126
5.95460290907528	0.9734519369808865
0.8774306407571597	0.9734519274722271
-6.971289552947604	0.9999984974339156
-0.968190435262354	0.9734933744841738
6.128774435960015	0.9734519369806756
1.9195142487554904	0.9734519403503405
-0.38293295966919416	0.9734519822937509
7.3567543810468266	0.9734519369804777
-6.0868032240576175	0.9999884889994864
-8.65497365030162	0.9999999688699125
-0.10672492471970685	0.9734519684656064
8.749598332241636	0.9734519369804651
8.581331196829783	0.9734519369804655
1.4425940330624556	0.9734519070954288
-7.9935788268353125	0.9999998572511177
-8.537723359326709	0.9999999592215845
-5.1574344145657225	0.9999025681598862
7.632702986551678	0.9734519369804712
-7.776819539118285	0.9999997648581012
4.51149487228022	0.9734519369866039
-5.78001825378661	0.9999766840251487
-9.805363277586867	0.9999999977981315
3.8891743714050406	0.9734519370113812
-2.8904143893354917	0.9898171716162617
5.158738967867746	0.973451936982181
5.017203862704296	0.9734519369838084
-6.417120431727343	0.9999946182600437
0.7787932121796448	0.973451948610117
1.707824544053107	0.973451943582778
8.758846963664158	0.9734519369804651
-2.128510336068925	0.9791275129614386
1.1399049343238232	0.9734519215272971
6.747725118663922	0.9734519369805176
-8.56413899881234	0.9999999616279691
2.338826120509516	0.9734519386980879
6.763469862821108	0.9734519369805172
4.50701203100429	0.9734519369867629
-6.838646015460452	0.9999979607698197
-6.510257172534577	0.9999956568236574
-7.6574111610475315	0.99999969044563
4.258363215931906	0.9734519369941704
-7.377713483391166	0.9999994105746183
-2.514890946420305	0.9843079173933909
-9.243690395404203	0.9999999919746466
-8.96034503045733	0.9999999845897583
-9.776646970318911	0.9999999976476186
-4.59372360481773	0.9996475484370371
5.091087635541246	0.9734519369824817
2.778799785375794	0.9734519374075097
5.623731037437981	0.9734519369813053
-9.802986982292111	0.9999999977860508
-9.914338324865003	0.999999998286765
-1.4620120587494512	0.9742564512622582
9.354911652697986	0.9734519369804648
9.171978226693138	0.9734519369804648
-0.5486399787549026	0.9734522414779546
-3.218470647617404	0.9938442870800893
-9.54770478475746	0.999999996014802
4.2242249857053515	0.9734519369927332
-9.866619104101808	0.9999999980877903
3.385151316034607	0.9734519370872375
-9.570697610196444	0.9999999962203024
-0.6207325411348172	0.9734528015641921
3.077955062124186	0.9734519371948519
-0.09411411583346663	0.9734519684366949
7.043130063068624	0.9734519369804913
-2.0215805678698917	0.9779666085096753
-5.409934962612555	0.9999454130208014
-6.9914120487020615	0.9999985654595609
7.2802066486753745	0.9734519369804779
8.798892056650438	0.9734519369804653
-1.0439320594723398	0.9735282612416917
-6.4792443350437345	0.9999953354081424
0.6914631607768751	0.9734519487511666
8.41797492613177	0.9734519369804656
-5.600582659257807	0.9999647756797366
6.172201118646324	0.9734519369806753
-5.28794974849732	0.9999277714937733
4.118973881418526	0.9734519370072164
9.642417075359447	0.9734519369804647
-9.157563103647682	0.9999999902143083
-6.269622759857851	0.9999924425503173
-2.1339874624165445	0.9791895734054494
1.8841717871571806	0.9734519403378112
7.467191263974414	0.9734519369804773
-2.7138799404361658	0.9872747548657512
-1.6085607552832215	0.9748544802592085
-9.358504355866426	0.9999999938390164
-4.5125526496149115	0.9995765674389137
-3.19533013001585	0.9935992561633727
-9.111289371772106	0.9999999891140757
1.431538881448212	0.973451904202399
1.324818049368389	0.9734519057428037
3.449064307528488	0.9734519370873626
-0.33491155065929945	0.9734519747770692
-6.561112725498268	0.9999961366702006
7.758915162104685	0.9734519369804717
9.362175173114558	0.9734519369804651
1.3173754913252456	0.9734519057142452
0.7395055007328253	0.9734519485668045
-7.855830796187582	0.9999998039713843
6.936005438533517	0.9734519369804892
-4.516302779941799	0.9995801357287372
-2.4171895809381905	0.9828930686834952
6.6205646361165975	0.9734519369805125
-9.931865566611918	0.9999999983545281
-9.684329089937966	0.9999999970904523
-8.099796014188932	0.9999998882220331
0.9299241903121302	0.9734519214359623
2.5864571037243156	0.9734519378301529
-2.8732569766529803	0.9895779122593775
3.6590972091998175	0.973451937035179
-6.697222437885788	0.9999971759415959
9.171842285214819	0.9734519369804648
-8.963110325632968	0.9999999846875687
-6.1826206295036945	0.9999907670008086
4.2876502900046365	0.9734519369938679
9.965763346257937	0.973451936980465
7.767177361602794	0.9734519369804713
3.899562836884778	0.9734519370069268
8.823238427026752	0.9734519369804648
4.946118168221908	0.9734519369838274
-4.7571875919023565	0.9997568261468213
-8.95520495242533	0.9999999844062875
-7.57133016692487	0.9999996225875336
-1.0094488201138319	0.9735102768661938
4.542678548861918	0.9734519369870898
0.9689207083470066	0.9734519219470821
8.548858980131243	0.9734519369804654
8.82194724893192	0.9734519369804651
-3.16552649080879	0.9932742341610059
-8.606324525659144	0.999999965179955
-3.6266213727353858	0.9971208641790728
-1.159600737205345	0.973622377913949
-2.377156041880526	0.9823285318248881
1.7409653919984702	0.9734519435858325
1.5014184554575607	0.9734519466460143
5.9597958586176105	0.9734519369808738
0.7471912180929365	0.973451948606579
-4.585615760690405	0.9996410196064278
-8.125508076016406	0.9999998946476596
8.58633256580362	0.9734519369804653
-1.2263386421606448	0.9737052228314014
-5.860864868593989	0.9999806407317443
5.110715058994781	0.9734519369820254
-3.3002846682105558	0.9946584066582516
2.0580709495068383	0.9734519398894868
0.4753672762515837	0.973451910356752
9.466462362158058	0.9734519369804651
2.060611809917594	0.9734519397950475
-4.8493574636774595	0.9998028910584041
0.25073941962044266	0.9734519490971639
-7.600845174609385	0.9999996473839419
-7.34444850828031	0.9999993636547169
5.692425478842793	0.9734519369809763
4.88474964940476	0.9734519369838386
0.04478383848907086	0.97345196001112
8.094701978597975	0.9734519369804671
6.697247461694118	0.9734519369805174
6.697901511465815	0.9734519369805174
-0.5306795330233527	0.9734521704253406
-3.803324088473188	0.9979952532462052
-6.371698612902907	0.9999940250813012
6.058804958015763	0.9734519369806791
2.2033784729276995	0.973451938671424
6.849596995645484	0.9734519369805186
4.168687097918923	0.9734519370025498
-6.86306268949159	0.9999980722448697
-8.50060711108021	0.9999999555832704
-5.479009392065004	0.9999534220222722
1.9327896949829828	0.9734519403508632
-6.939223454114067	0.9999983823015093
4.832757990889718	0.9734519369836191
3.6356192094439077	0.9734519370323679
-3.6428375514779665	0.9972130568465669
-9.906849101496302	0.9999999982569666
3.52858517352168	0.9734519370890427
-0.8940083204716345	0.9734739442936428
-0.413483794146682	0.9734519924123374
3.8149493262342595	0.9734519370337645
9.624727374320457	0.9734519369804646
6.725107230921093	0.9734519369805175
4.658880503446547	0.9734519369871786
-2.010069332499289	0.9778491257661548
2.3674908535480697	0.9734519382804655
-0.3479362246754736	0.9734519761629207
7.377839437138199	0.9734519369804779
3.872165959803331	0.9734519370217475
-6.2889181994225	0.999992770858711
-9.56280128794598	0.9999999961509514
8.675387026607233	0.9734519369804658
5.334623205623634	0.9734519369821734
8.825748998661712	0.9734519369804651
4.174539773614256	0.9734519370007013
7.957889940126421	0.9734519369804678
-9.42346562379068	0.9999999946949568
-1.7595490740941102	0.9757444344171662
9.224242027964817	0.9734519369804653
2.040103881211417	0.973451940364121
5.756034735434405	0.9734519369808918
4.258329773873456	0.9734519369941701
1.001313884783567	0.9734519217409507
5.798989257627301	0.9734519369808846
7.356414521116221	0.9734519369804778
-2.3353808210567983	0.9817493085201798
-3.2363993171127214	0.9940296812738459
-9.68118553882607	0.9999999970693159
7.319992184889262	0.9734519369804777
-4.492738741181883	0.9995572154011094
-6.745690524616421	0.9999974741257913
6.583708564205942	0.9734519369805432
5.454443872737764	0.9734519369813175
5.787588227749097	0.9734519369808879
2.5919640759192486	0.9734519378281599
-2.875691739523849	0.9896119993284644
-0.7215826849443232	0.9734552176689221
2.082498407383696	0.973451938954751
8.191363357686107	0.9734519369804666
2.7159271437006183	0.9734519373670905
-1.5006032453539717	0.9743939617593183
2.054014605163829	0.9734519400303859
5.509818743248701	0.973451936981303
-5.403354484781282	0.9999445818108722
-1.9845200894394885	0.9775945557747422
-8.041461364395147	0.9999998721530204
-8.811844681551136	0.9999999783074994
2.65901612130528	0.973451937723926
5.498048160049134	0.9734519369813036
-0.26088702308428324	0.9734519709743021
8.261707823481792	0.9734519369804665
6.185182951570141	0.973451936980676
-2.998339584933145	0.991264854310135
-3.8708279259509126	0.9982607167592878
5.2383754902105295	0.9734519369821486
5.377187301460879	0.9734519369817649
0.7683786182183425	0.9734519487061729
-6.073700456258826	0.9999881366229881
-5.72776073943829	0.9999737064330467
4.023612247395594	0.9734519370072598
3.779269874735167	0.9734519370340751
-2.6993806114177055	0.9870602090589373
-8.211312303010509	0.9999999135349736
7.564843582718694	0.9734519369804712
6.364066605211669	0.9734519369805724
-7.860806911625682	0.999999806204658
-7.789560866971068	0.9999997716563684
-8.612764898198826	0.9999999656925062
8.989996491795992	0.9734519369804652
1.5461021993931254	0.97345194289877
3.1823051784626735	0.9734519371941672
-1.9224824654431494	0.9770128391071872
-9.231880963796119	0.9999999917534251
7.130586632625935	0.9734519369804913
2.2334401378731386	0.9734519386785397
-5.2475041017341395	0.9999207482853537
4.613588309611734	0.9734519369871584
3.343027840398314	0.9734519370876226
-0.5835006936215557	0.973452450229403
2.3879122922791964	0.973451937900809
-4.069958874985038	0.9988667141375053
4.348548305075068	0.9734519369938806
1.899956194104293	0.9734519403354666
8.895889108015705	0.973451936980465
4.911477022934463	0.9734519369838125
4.609283498162142	0.973451936987151
5.800901184501441	0.9734519369808844
5.298162293205557	0.9734519369821452
-3.6321291819040846	0.9971524673221039
-7.234898041047577	0.9999991810836832
9.148165876835797	0.9734519369804646
-2.2822913559218216	0.9810320080151884
-8.938956482166214	0.999999983811824
-7.4183844960780165	0.9999994632662443
7.284180336200755	0.9734519369804784
-3.2551972784939265	0.9942198550346314
-4.006968197077669	0.9987005417760136
-3.142578441009065	0.9930168128346072
-3.4777972321911133	0.9961474735609754
6.52121657661089	0.9734519369805696
-3.542522319870458	0.9965999275802617
-2.582832670588382	0.9853195151833477
-1.177622556592862	0.9736426716216593
0.9619835472251701	0.9734519221196629
5.774731590129502	0.9734519369808939
5.14226807863559	0.9734519369821074
-4.950442500619809	0.9998435172051205
-0.27964109034404494	0.9734519715698033
-8.198274621042469	0.9999999108999166
4.645234951133386	0.9734519369871821
-5.13501405471831	0.9998974312812761
-2.781878995991449	0.9882702017074982
4.423748727931631	0.9734519369939211
-6.811149579481386	0.9999978274990529
0.6818236250290575	0.9734519487261486
6.60540934138734	0.9734519369805192
-6.044673197798858	0.9999873170953252
4.119641659310712	0.9734519370072359
-0.5705110922422243	0.9734523595604309
-8.89157408535354	0.9999999819457147
9.4626174386635	0.9734519369804647
7.401223941633241	0.9734519369804777
9.303450817137346	0.9734519369804652
8.428887424816015	0.9734519369804654
9.308105439792044	0.9734519369804651
-8.325967134687602	0.9999999335972564
-1.8779334202417175	0.9766261417241094
2.652633073484786	0.9734519377767867
-7.703685097737782	0.9999997217317722
-0.5436153839348279	0.973452219571674
-8.487389141863284	0.9999999542106625
5.650460037785567	0.9734519369813168
9.157923235387742	0.9734519369804646
-2.2645698266487235	0.9807983959118842
-8.778262509540355	0.9999999765635716
-4.134012923239769	0.9990149622040405
5.8480473142463865	0.9734519369808862
5.677234389420036	0.9734519369811253
4.439178825405374	0.9734519369941647
-4.266833730462958	0.99926556353638
8.583573731187126	0.9734519369804655
-4.640354607435353	0.9996828920294115
1.4607095278723605	0.9734519200349763
-1.96796458456296	0.9774342835195391
5.5813179602215115	0.9734519369813082
-1.9239971578049762	0.9770264174326497
-2.569255910893551	0.9851165770844761
9.06930739420001	0.973451936980465
-9.39251537583035	0.9999999943030934
3.8972990792358395	0.9734519370076934
-7.664272398682792	0.999999695297661
7.4960196463952045	0.9734519369804735
7.097300463990813	0.9734519369804915
-0.4701412325699259	0.9734520368243049
3.2705483199162177	0.9734519371439978
-3.5824288136367644	0.9968562550821429
-4.12922781517183	0.9990045575422686
8.867922871368386	0.9734519369804651
8.997682195075338	0.9734519369804648
-7.463855039554854	0.9999995166191739
-0.3226615338085015	0.9734519737731353
4.431284564420736	0.9734519369940816
4.403735693535808	0.9734519369938094
6.8709329815128655	0.9734519369805125
-7.655091483281002	0.9999996887878174
-0.7164881756378172	0.9734550109229996
-0.16546101653025502	0.9734519691563318
-6.357551076476584	0.9999938272965172
0.7352992488604126	0.9734519485538069
-7.867384262906856	0.999999809117551
8.993712512331996	0.9734519369804651
7.819324515524805	0.9734519369804677
-6.340622835492948	0.999993582013046
-1.6072598794489146	0.9748480160963691
7.073048613519912	0.9734519369804913
9.596358224565016	0.9734519369804653
9.532895885962365	0.9734519369804652
-7.611364123266275	0.9999996558218508
-1.5812257367096905	0.9747224323572251
2.450943560884383	0.9734519378483708
-0.10932366196929522	0.9734519684932992
9.496088042838096	0.9734519369804651
-5.680123042117238	0.999970662429718
8.59788367910237	0.9734519369804657
3.9916833290611073	0.9734519370071633
0.2713877415803765	0.9734519283327281
5.00089632323704	0.9734519369838154
6.3904136260027755	0.9734519369805708
9.085146317461692	0.9734519369804651
-9.48106943714253	0.9999999953539361
-6.602684812554025	0.9999964892735883
0.5806568179772889	0.9734519425261605
-7.20204401401892	0.9999991167326439
-3.6331572180415916	0.9971583329057917
1.855530241599661	0.9734519404180708
4.57860730937953	0.9734519369872426
2.5619333763718988	0.9734519378311667
-0.5294688571476414	0.9734521662990402
0.20249409001005247	0.9734519593511682
-0.40465663134103025	0.973451988845007
-1.8495683130121332	0.9763990589240059
-9.571628875921206	0.9999999962283987
-9.2278622656936	0.9999999916767617
2.0354129223025055	0.9734519404071441
3.889444112390592	0.973451937011239
-2.6248105905687646	0.9859480608791737
-6.127731997346246	0.9999895237543519
-8.723732167742595	0.9999999734281468
-4.218323929747898	0.9991821077415172
2.8161271139106603	0.9734519374061562
-1.7345713605100777	0.9755779387781172
-5.009023778283974	0.9998631347995259
6.557884893201582	0.9734519369805699
-1.4602608085413227	0.9742505450499337
9.596285448885933	0.9734519369804651
-5.964587439101758	0.9999847506480242
9.150562918146665	0.9734519369804645
1.0974559771020687	0.9734519216107489
6.722553555794583	0.9734519369805172
-1.8172038448235295	0.9761557678976237
-5.298393719675185	0.999929481974717
1.1184136188118288	0.9734519222148188
-4.159162611466178	0.9990679651331471
0.23378092847855747	0.9734519601346129
-4.976417985902253	0.9998525385037295
-0.0012559074552989102	0.9734519605633117
2.034314212897952	0.9734519404125862
-1.1588216199910484	0.9736215397229732
3.8809710964457533	0.9734519370161454
4.714564689107945	0.9734519369871404
-9.343855090745148	0.9999999936276522
0.2623206175319446	0.9734519376318153
9.81086100281523	0.9734519369804651
-2.4005763821965553	0.9826579986611959
0.8006985132217359	0.9734519482970327
6.022768512372359	0.9734519369806554
-0.9879777031564263	0.9735008711336979
-2.5690479586545845	0.9851134707753908
9.963763393770687	0.9734519369804651
-0.2177775262190984	0.9734519699788127
-5.107722262548964	0.9998908134194137
2.393521481310392	0.9734519378298521
0.19098051485192258	0.9734519592317175
-9.36061337406652	0.9999999938688632
7.212838649982615	0.9734519369804773
2.6060459867874073	0.9734519378253331
-0.36191029271510544	0.9734519781244795
-0.936694923958239	0.9734838792990345
2.177554371551796	0.9734519386802608
-4.457497688674361	0.9995206353224414
2.646204642491554	0.9734519378173837
-7.397813794098225	0.9999994372324733
9.639288340430209	0.9734519369804647
-9.808157397650245	0.9999999978122522
7.589347903927674	0.9734519369804715
-7.7072264956453695	0.9999997239916101
8.681536812718878	0.9734519369804658
5.63725728135514	0.9734519369813219
-0.753713787736805	0.9734568236727985
6.427740370921178	0.9734519369805703
0.44873106536920915	0.9734519103887501
-8.503832346922934	0.9999999559119029
-9.9128620127785	0.9999999982809318
-5.361124027786146	0.9999389387290708
1.4352994373984806	0.9734519046955391
-7.07331476154843	0.9999988120035103
-4.862840095464147	0.9998088616107327
8.322874572372779	0.9734519369804667
-5.231624708538485	0.9999178084702294
-4.889061441121489	0.9998199646056932
1.1703626085187224	0.9734519117483763
-1.995188937989468	0.9776997875806739
-4.845675265360896	0.9998012285682513
-2.905395819781771	0.9900242361719568
-8.366482031520398	0.9999999395117221
-8.065660877126323	0.9999998790819589
6.227362799191056	0.9734519369806758
4.562770772245614	0.9734519369873286
-7.091495617963219	0.9999988607073869
-9.322622243202257	0.9999999933083658
-6.016049811270934	0.9999864535890524
-6.848627897902491	0.9999980071006193
9.811240950886408	0.9734519369804652
5.365835202524117	0.9734519369819788
-5.313779639183607	0.9999319285556955
-0.9950866362148592	0.973503848523445
-4.511054065495657	0.9995751332239228
-1.8163041856061533	0.9761491260856006
6.683235148354125	0.9734519369805182
1.0489776433167606	0.9734519218103246
3.7620524857892423	0.9734519370340048
-9.09807513295306	0.9999999887777606
-8.72599214586705	0.9999999735660615
7.525951495276839	0.9734519369804707
5.693457304210096	0.9734519369809671
1.3583754681956695	0.9734519056105119
-0.7811047212311664	0.9734586869989473
0.25600178998080736	0.9734519440829926
-8.908446818524505	0.9999999826336892
2.8447291955962974	0.973451937406506
2.8597339013425795	0.9734519374066336
4.060210782184029	0.9734519370072623
-3.3691193421025245	0.9952802006799055
2.690290931619405	0.9734519374318931
-6.375812718339877	0.9999940813982071
-5.497602611714512	0.9999553698977943
0.7684484396365185	0.9734519487060206
8.240920042449812	0.9734519369804662
4.497028312708441	0.9734519369875183
-3.346512437517193	0.9950823049363002
-6.158210684390477	0.9999902334384969
-4.787061637795502	0.9997728168540507
0.09833347269907833	0.9734519597740517
-8.174653803329225	0.9999999059197421
3.6663833248836077	0.9734519370350021
2.2422944409018353	0.9734519386776622
-9.899171780463568	0.9999999982258813
-8.281396895439874	0.9999999264206183
5.044442892033935	0.9734519369838909
0.23406742561321892	0.9734519600407642
-0.9771253262424082	0.9734966070835531
-7.478640908699856	0.999999532798903
-5.565753118074919	0.9999618397371645
6.181514298410086	0.9734519369806759
-0.3361860533678751	0.9734519748966918
-2.09252367891267	0.9787243884089297
8.161134144607441	0.9734519369804666
-3.3323865736670477	0.994955533434249
-6.771642235914763	0.9999976206242737
0.8067774541216153	0.9734519484779928
-4.779493330593252	0.9997688669218313
7.84154397452161	0.9734519369804675
-0.0947739965637151	0.9734519684325025
7.093932544284549	0.9734519369804914
-5.9326548399207235	0.9999835880588392
-9.416619059619414	0.9999999946106609
-6.743802384621818	0.9999974631217436
6.192329202053028	0.9734519369806761
4.5333037844219035	0.9734519369868121
9.670452096388829	0.9734519369804647
-8.79183411855378	0.9999999772846171
5.502455650326947	0.973451936981303
-7.218128171664793	0.9999991488450775
2.453262340790028	0.9734519378491643
-7.296307514718103	0.999999289061024
3.2314638058298506	0.9734519371982
1.5881585615054803	0.9734519437896177
-2.0862342010895496	0.9786549444021637
-5.040984837591096	0.9998727867130075
1.6279740966154996	0.9734519435627599
4.889063496577645	0.9734519369838249
-1.4595899819890512	0.9742482904809342
1.873467851769469	0.9734519403642052
7.219312140004067	0.9734519369804768
7.47021149098131	0.9734519369804768
-9.181655701531351	0.9999999907423893
-1.4310974893465414	0.9741564231885711
0.518516085206425	0.9734519092807972
-5.929493761074158	0.999983468260771
-9.64465592749837	0.9999999968121425
-8.46557643211919	0.999999951852156
-8.407876297505133	0.9999999450108418
8.898941567070715	0.973451936980465
-9.008994681015636	0.9999999862228357
8.075556321716139	0.9734519369804678
6.132696752129391	0.9734519369806757
-2.988686868186168	0.9911398152893771
-6.4341840192190025	0.9999948255596961
-7.075719192779681	0.9999988185621822
-4.950393569001279	0.9998434997043982
-1.8984036615944433	0.9768006942540679
-3.571746556573694	0.9967892867861095
-2.5516390020250412	0.9848536886538585
-1.076862864025312	0.9735493042426497
0.4841867992122282	0.9734519105964266
-3.541733838310077	0.9965946921965061
0.7643008625678682	0.9734519487063229
-8.556228163053676	0.9999999609226031
-1.4754386722097834	0.9743027313987015
-9.207750061593408	0.999999991282248
7.610218045066468	0.9734519369804714
-2.624821010685703	0.9859482169283532
-8.65145151628325	0.999999968616422
-8.11467625392047	0.9999998919870211
5.568391946959682	0.9734519369813072
8.302952357938192	0.9734519369804665
-4.898003407990554	0.9998236028332267
-0.20723500051932575	0.9734519697886622
-1.8220969927618302	0.9761919699694099
-9.543199262203807	0.9999999959732435
-2.5685669509284725	0.9851062859244407
8.631095085360624	0.9734519369804655
-1.3042187326453725	0.9738357262118486
1.7375749722186207	0.9734519436740569
-1.3812249200993953	0.9740134669245581
-7.293419765711944	0.9999992843182166
-6.025457980933209	0.9999867437053648
9.558037249218149	0.9734519369804653
4.40524530118369	0.973451936993803
8.90173192288114	0.9734519369804648
-7.7931932100437695	0.9999997735581887
5.182732015858003	0.9734519369821591
-6.899413063642137	0.999998227016353
6.186256562312838	0.973451936980676
5.748631447624444	0.9734519369808835
0.9932114391687143	0.9734519217016255
-6.700518094093129	0.9999971972881038
4.458551852969027	0.9734519369930592
9.77358148802637	0.9734519369804646
-1.4683442624724474	0.9742780560759362
-3.4502947200329537	0.99594099036791
9.151181594584713	0.9734519369804646
5.45998407457963	0.973451936981324
6.468631258506974	0.9734519369805702
6.544297647988273	0.9734519369805726
1.2456030244932883	0.9734519059923001
2.8948220809444294	0.973451937404928
8.842477177170199	0.9734519369804648
-6.087586255101618	0.9999885097235206
-4.109877289663135	0.9989614057156769
9.825934734671215	0.9734519369804647
4.116813267275372	0.9734519370071643
4.349026176652636	0.9734519369938802
-5.637152804220142	0.9999676159401975
-9.690928962874734	0.999999997134333
3.2488085132692834	0.9734519371898981
-1.3076711853715963	0.9738426806241175
8.580491989606742	0.9734519369804655
9.493771551670921	0.9734519369804652
8.590949976708416	0.9734519369804654
-6.75713552695743	0.9999975398133604
1.3831391443595074	0.9734519057554432
3.3594200165997723	0.9734519370897228
8.023622640635601	0.9734519369804681
5.291158112293068	0.9734519369821488
-9.7297657175544	0.9999999973794709
-6.305315954631561	0.999993038634927
-7.144851431821948	0.9999989924138053
-0.49943873911992753	0.9734520851164769
-5.500051481359254	0.9999556203170319
-0.4212210078498799	0.973451996086185
0.24388028930443895	0.9734519547295077
3.7520950744946404	0.9734519370339839
-0.8770971405599823	0.9734706510271738
0.06771074715226533	0.9734519598451677
1.0162423497895734	0.9734519218174397
6.975190163842445	0.9734519369804918
4.027034023832133	0.973451937007273
9.039679749229244	0.9734519369804648
7.193700803855041	0.9734519369804819
4.153277049422201	0.9734519370065121
9.337823617741549	0.973451936980465
-0.2317775585455486	0.9734519702581823
-3.5447907950933555	0.9966149525163805
-1.23560671329642	0.9737181955941789
4.018769133741781	0.9734519370072304
-5.318259980671005	0.9999326249592433
7.49657869274742	0.9734519369804733
-7.203216994831023	0.9999991191149507
-6.885005106954156	0.9999981672153285
2.842911842269986	0.9734519374065498
-8.112543836244148	0.9999998914553654
6.306846686521435	0.97345193698057
-7.547950788723012	0.9999996017136649
-2.882929205336442	0.9897130641770885
-2.2376640903533396	0.9804497054238765
7.4673710870052545	0.9734519369804773
-3.713495060645289	0.9975855433047685
7.159557182728783	0.9734519369804913
-5.758547712861253	0.9999755037581375
4.783289436982866	0.973451936985001
-8.85860171985517	0.9999999805216295
-6.310113097297725	0.9999931150811261
5.1557530602141135	0.9734519369821754
8.866314231970115	0.9734519369804648
-8.703291600298666	0.9999999721476097
5.633462813381907	0.9734519369813173
-4.039286782128135	0.9987884707373622
-6.015111736172907	0.9999864243162597
-8.742990055340329	0.9999999745806697
7.558711314869303	0.9734519369804713
-9.6962120192316	0.9999999971689812
-8.35578569325456	0.9999999380034416
-8.464088753963189	0.9999999516869416
4.119007861489678	0.9734519370072173
6.081557867186067	0.9734519369806782
8.101133593700784	0.9734519369804668
6.318650840892573	0.9734519369805607
-2.7139222693933984	0.9872753799382467
4.213504606138043	0.9734519369926172
9.5665059619237	0.9734519369804654
-6.43085981415771	0.999994785811135
-5.537883837503892	0.9999593155588282
1.3846152875054898	0.9734519058023738
-7.188722960155762	0.9999990892216678
-7.366548777738866	0.9999993952258833
-5.4120752151436236	0.9999456806757319
-5.284588296925752	0.9999272122162651
0.8406699136263676	0.973451947603463
-2.5236134434723345	0.9844370958651398
