4.37870589292141	7.469637344101466e-55
-4.8519803130344785	0.9996069022142868
-4.469076566058794	0.9990562385457072
-4.758632818009869	0.9995131278834231
2.46817188358413	-1.650654603187013e-25
-3.7284625402545446	0.9950220917262821
2.864428489075914	9.106372805731482e-32
6.035192147118529	5.8031284605506286e-80
9.43268279478021	5.75330033826724e-132
-1.51542148975075	0.8187217408943916
5.228482297765886	-9.378083347113378e-69
-0.4436755806644044	0.5084337956099882
-4.993267367713283	0.9997157391925247
-9.054173207070164	0.9999999752185464
-3.655226762562469	0.9941603030277488
7.778810224515112	-9.414359523545068e-107
8.64919704449251	2.5004298177945706e-120
6.623807639949256	5.222858191883968e-89
2.370249163748049	-4.6285634290983856e-24
6.066679378044796	-1.891036364009662e-80
7.050214931468432	-1.6132180278686508e-95
-1.3853705814827286	0.7939832291682712
-6.7276794284282415	0.9999947447177142
2.768733356111932	-4.335159417492796e-30
3.594030829773093	-2.4794808258650562e-43
4.221325031418491	3.0037555742932755e-52
2.0083409859282284	-4.2418144197171373e-19
6.312216857540733	1.1741607513746269e-84
7.12544302330415	-3.253121815424505e-97
-8.53224019148576	0.9999999175749273
1.2830097117328787	7.477217789202598e-7
9.742157569434209	1.1120382080703444e-137
6.027735252537049	7.790085774665242e-80
-6.843037748023995	0.999995970571837
-3.478879107013162	0.9914746873723821
-8.083736851552498	0.9999997684941887
-9.783241141645757	0.9999999953755587
-2.9503066624841034	0.9754313802729875
-0.4529291738151997	0.5126195775707194
4.286469247422101	-6.530858603855833e-55
-8.888524797924902	0.9999999637109893
2.1290649139131634	1.8056151892969564e-20
-8.588165029984168	0.9999999275339498
-8.734558295225474	0.9999999482701234
7.825202272236762	2.0460610821899587e-107
0.40196125090859347	0.0794566963407708
-5.595603402268936	0.9999288185474685
-1.2898279257321974	0.7741340856846461
2.930161586788639	5.4964904142850326e-33
-5.393601373188903	0.9998867145829887
-1.6231253631667677	0.8373461753738433
5.966820010363589	-3.2100331408780966e-79
7.182459033471147	-1.4239931344762105e-97
9.067012944085157	-1.1881526047942841e-126
1.8255672609263804	9.524846256110574e-16
-1.154297268280109	0.7440126031186566
-4.891373885175718	0.9996408595596997
5.469175274898493	-2.821765018856868e-71
2.3745965439755103	-3.875449101363899e-24
6.366863655927478	-4.756126846723285e-85
9.767093554700999	-4.351147135611861e-137
5.7440599961784	8.320812535178361e-76
0.5900722675707026	0.027876427877010727
-7.823806114402423	0.9999995787967535
8.428700185883695	1.342957525407269e-116
8.594130082701163	3.0083771078819793e-119
-7.858205503474296	0.999999610872129
-0.5723943899164539	0.5638060715158103
3.729299721571092	-5.01645826260701e-45
8.885473159706795	1.0382448764959567e-123
-1.5612960621721292	0.8266802291522544
-0.28243624950889945	0.4323363739847518
0.09450978272959176	0.2257054015507496
-2.290843642578131	0.9272787447775221
-8.726952364146822	0.9999999473561905
-3.673534103075493	0.9943880872360961
4.220850458608005	3.0322562307515195e-52
-5.928406524834897	0.9999669067033011
7.080726685895833	4.027382512890999e-96
-0.009027886756690862	0.28443730120461613
4.777544925312451	-7.930809549389679e-61
-6.355082182137131	0.9999876074686965
4.81970626609181	2.0095287126081842e-61
4.13638287575591	2.0354018184792883e-51
4.010618921638191	4.540489817992143e-49
0.7230027857027732	0.009544115529492076
0.4496662135262053	0.06279163868430236
1.4812410457906857	8.187401230087518e-10
-2.5298883673160866	0.9491740371002529
8.460405332957535	-2.914497582165667e-118
7.138322170405289	2.308084058285042e-97
6.283591212916004	-7.958611489757744e-84
-3.7806926159227983	0.9955612617090756
2.745052292083834	-3.95466021576489e-30
5.443372681998287	3.0945116263975498e-71
2.9040975222362384	-1.794864441833993e-32
-9.781897438702	0.9999999953612285
2.7206478769373845	2.5343793460087416e-29
4.944564780009255	-2.3271078996959864e-63
0.6199657457918928	0.022589662910012284
8.170864419993109	-1.1957400754032012e-112
1.653629551880158	7.158331351044958e-13
-5.010434684858689	0.9997267246180371
3.740044303062602	-5.789111658908856e-45
-1.5685317389646691	0.82792798861982
4.821662311750172	1.9759991332137946e-61
-2.669997100178847	0.959586242673218
5.333109180163952	9.23850995158323e-70
-1.0079479903672617	0.7066695036575368
-5.634178551144995	0.999934864211245
-3.87734152739192	0.9964149823980926
-2.4674301971232238	0.9439550227160143
-8.591271506369349	0.9999999280504462
5.769100236944876	-7.293768826958657e-76
3.367222986052534	-3.5060726169990484e-39
-4.5666261113258555	0.9992445922210743
9.087279225897756	-1.527259479464663e-126
-6.321091470813922	0.9999865987212813
3.714327393958241	1.1028398441451469e-44
7.621886590405154	3.334722386893737e-104
-1.0899646062531723	0.7281534113652808
-1.2648702267706735	0.7687458567911535
-3.596482601673099	0.9933690918441017
-6.630934040834338	0.9999934334782258
6.4083682583397135	1.1173708126496626e-85
2.4446108181200454	-1.7050621105173722e-25
-3.729421004470379	0.9950325255630585
-0.024413000499352577	0.2926590150125039
-9.71075857484669	0.9999999945356067
-0.16019554534197766	0.3669813843225474
8.006212652782025	-6.429732600747847e-111
-1.5350683730477286	0.8221656834539002
1.3687374024319112	5.210592283627615e-8
-3.7401401144601776	0.9951478040334797
3.569563683587077	-2.1140931941578227e-42
-1.9278997711050216	0.883730465409197
-6.16034467162907	0.9999805971597819
-3.2313080643299896	0.985769425730125
-8.925838282616683	0.9999999666986631
-9.834480938236956	0.9999999958902125
-6.973210559670333	0.9999970141003922
-4.37003193651492	0.9988174849695312
-6.07559797351465	0.9999764173558262
8.919938729212902	-2.497828178610821e-124
8.913365129191021	-2.1278985452888777e-124
5.135008440527034	2.9501278565366836e-66
-5.395576389245829	0.9998872279817914
-9.515080683040926	0.9999999914252863
-9.040419759887444	0.9999999744211922
3.010750047519185	7.641769040143607e-34
-1.4059923982244182	0.7980876308363779
-0.9501708043518917	0.6907940460932271
-7.404254129015815	0.9999988932728346
5.932737050361059	5.1075591834627565e-79
0.6041863000602667	0.02534759857743225
2.0668307489353523	-1.9573127903653987e-19
-6.56704006819377	0.9999923928064238
-3.836033162565622	0.9960714168512541
5.649651390124495	7.11354273396949e-75
-0.018177547541856853	0.2893776559703787
-4.218442989068794	0.9983321292972303
-2.64760299943827	0.9580411430232885
1.0236498556103655	0.0002114636195705593
0.8290898596028917	0.003115431388079974
-7.7745751554222675	0.9999995282385634
8.525800050328918	5.080798020708682e-118
-9.680841767430234	0.9999999941459228
1.294023795831972	5.503002073917541e-7
-4.097241666040725	0.9978074212933804
-0.007178028803544123	0.28341966118810114
6.004281122642862	-1.6357333696733463e-80
-9.261807898742024	0.9999999846364258
5.582743513032389	3.064974554587569e-73
-6.511313078054162	0.9999913513818156
-7.408461043984409	0.999998903941533
-9.317184902319703	0.9999999864756877
4.182066538796514	-9.432555949043774e-52
3.514411829067278	-3.454062682358966e-42
-8.024078707934699	0.9999997344049784
7.994182849307325	3.869168757144065e-110
9.910551451601563	-1.9481002783949454e-139
6.219924824726263	-3.0624340016079737e-83
2.739048184834733	1.1804921770727117e-30
7.327209995566083	6.956211189810297e-100
1.391673425006248	2.296943122839515e-8
-6.177025979594277	0.9999813281473154
0.8908740871921914	0.0015707631554337674
-7.778243651886547	0.9999995322067364
6.988566406997556	-1.0346493108293768e-94
-8.650441606084662	0.9999999372146866
-1.187590103004755	0.7518482965611852
0.482927079202069	0.05250819762763589
-2.2048755044261537	0.9180583997293852
-4.156343022484785	0.9980808535372953
5.920601647370415	-9.20261636570592e-79
1.7453749630460536	-9.28763716646935e-16
-0.07130111095595915	0.31726885195211235
5.942284064268968	5.38971713549998e-79
-8.768086323060054	0.9999999521134896
6.968355030395994	-3.0198709615175746e-94
8.186277176257196	-8.276431651540558e-113
2.6404093677006344	4.797002335642486e-29
0.9783264552665685	0.0004514391461782157
5.401502214780404	-3.909467665853316e-71
-1.8621033783805743	0.8744773231220959
-5.135064207749016	0.9997947488364727
6.361022246212645	-3.9109729463469195e-85
-0.34509477559447	0.4624940215604666
-6.927200795756212	0.9999966804162341
-9.411252447319796	0.9999999891095
7.840017020632793	1.629090908878641e-107
0.04529198278701685	0.25351333071105364
-7.802709602700775	0.9999995578311008
-6.2966697673369865	0.9999858236504104
1.2769861281131334	8.762488625484048e-7
-0.8230063236205165	0.6530155997216445
2.8190738093368584	1.8586416454358134e-32
-8.54130860757856	0.9999999192781824
-5.493017349000553	0.9999098708503796
-2.0689686230577964	0.9021879984845815
2.383035448323909	-2.0623087017571837e-24
9.42869831198054	8.318120378368635e-132
-7.186198584825325	0.9999981715092425
4.036040727088629	-1.583952466651753e-49
4.98050731425268	4.855226907403599e-64
-9.933532679434038	0.9999999967283344
-9.775765685086558	0.9999999952952702
5.112498290833756	4.2710895923872063e-66
-9.099003193157888	0.999999977649001
-2.2232501838740104	0.9200884062751217
0.1027751520883804	0.22107373464979913
-8.695837450727417	0.9999999434461364
-2.226673427903867	0.920462814390365
-8.8430235841161	0.9999999597026704
1.4202045936791698	8.024364887772097e-9
-2.4406353068749587	0.9416222335416298
0.8230433261624484	0.0033459319961533646
0.6012688092569185	0.025868359366640264
2.3719827242462053	-4.351839236985902e-24
8.76215167170227	-1.4828992074349663e-122
0.8833297048689523	0.0017110233321437137
7.7806233542062415	-9.441221864506965e-107
5.866852766229433	3.856144719395018e-78
3.089264110739096	3.1061112295477355e-35
-9.028063445443353	0.9999999736829921
4.4684838857149956	-3.514214602930925e-56
6.76132808318798	-2.2457453908379318e-91
-3.0447061439315926	0.9794493392252159
5.365376944876674	-5.138213734090264e-70
3.3480654660737983	-2.8851977209256582e-39
4.055983196616172	-1.7358642505963939e-50
-2.9133165216958146	0.9736872858785086
4.470323153858576	-3.4977216605641767e-56
-2.7275515863765554	0.9633548308707771
-6.65762191656325	0.9999938248279415
-3.99073637363899	0.9972154790761314
5.111120567158082	3.916342460238568e-66
-7.674142907143873	0.9999994054968027
4.796274216823239	-1.6322843169709265e-61
-9.632780315768844	0.9999999934608687
-3.3032990355582204	0.98770680593986
3.9587373891058633	-2.8595051476679087e-48
-9.094767123517524	0.999999977429927
3.1641947017172978	2.2178070095891716e-36
4.905284723780326	1.0648024830866433e-62
-8.837763787909463	0.999999959211658
-0.08181128454749143	0.3231998355101819
9.331303511897097	2.151463189431422e-130
1.7472628433948465	-2.3645957573781847e-15
9.17954604191657	1.4902607389278757e-128
8.221167089120826	2.489213238629721e-113
-1.5738351342915191	0.828846911259869
6.8748590153977	-5.794788028251573e-93
4.647274338095762	-7.518003409814042e-59
8.21984309989363	2.629352813918111e-113
8.639795370064288	1.6119779151811004e-120
4.817216780841349	1.9973734023760537e-61
-0.8252177164363559	0.6537264884767799
7.588039446603911	-9.220073802040375e-104
-0.8227029732603484	0.6529179523460344
-5.4871907439772105	0.9999086546942724
3.7669544580009138	1.449883030930661e-45
-6.768520594118077	0.9999952163754596
-3.44208352514058	0.9907860091578402
9.900051150414633	-4.58590007398816e-139
-0.7490422524591303	0.6284129983298815
-8.180780166481675	0.9999998148521555
-3.715074879885405	0.9948741557909214
5.323837224994925	-1.339591736504313e-70
-9.906429007808107	0.9999999965176586
-8.809214064730213	0.9999999564402052
2.355933922935254	-4.9611118138126325e-24
1.6707926128996675	3.893374031866202e-13
-1.1056844818131406	0.732112805915137
6.919382785599005	1.1534424348542397e-93
-4.749131044810735	0.9995024150497858
7.420998088667844	-1.7563795505555898e-101
-2.809689656105445	0.9682561470294548
-2.719045839916081	0.9628161691449162
-2.644423159059812	0.9578181076131154
-3.6896575186213454	0.9945817177655536
8.832787139791446	6.723504506249348e-123
0.8500939662088314	0.002448344008446092
5.151458608371602	-4.4737168105501997e-67
-3.7876097533252295	0.9956283365826295
-9.3387143082678	0.999999987129783
0.6312869804441856	0.020714563628673084
-4.6369698656245895	0.9993567855258673
3.5571673821826444	-1.8117216554950324e-42
7.790022947352547	-7.852092992992053e-107
1.5606160258915978	3.1920749658798e-11
8.829638748439667	1.0035347656250935e-122
-4.367889490645376	0.9988117098031211
3.958151232060141	-2.843080596050895e-48
-0.9595961448166968	0.6933404974158135
-7.452184998911515	0.9999990089164371
-4.8107461418980435	0.9995679293250412
4.442856793554855	2.9939472389553476e-56
-7.770122343727595	0.9999995233767356
5.677713804085759	-1.3711430646451588e-74
-3.452416539159402	0.99098439863324
8.909560304627085	-1.130842558445063e-124
1.9245021823064477	-2.118981890066273e-17
-3.842839710801167	0.9961301295469971
-7.719743334084481	0.999999464753233
9.902006167193452	-4.1324857895681466e-139
8.310951799849668	-3.229564603680201e-115
9.384033823769208	-4.653402301378643e-131
7.553437814538789	1.0045192810300147e-103
3.838343232362295	6.366700131109887e-47
6.0150086192144805	6.668241415979197e-80
-6.84195609163726	0.9999959605240967
-5.764598827054681	0.9999517522206454
-6.492345668184374	0.9999909653298454
8.722158871964531	2.3827483949171225e-121
-1.8336220381280555	0.8704348570552283
-6.766183361186036	0.9999951905635112
6.177278720329966	2.493028038439682e-82
6.783613981825631	1.4805176849373183e-91
-8.728452386171885	0.9999999475377036
-3.805760974286856	0.9957997638444898
1.6607546792424301	6.230813100409938e-13
6.236504841505411	1.5063525871642922e-83
9.822091062403633	-4.083582488474835e-138
-3.478979813341727	0.9914765053351311
-8.437377434967889	0.9999998974532258
0.027261554139833777	0.2638258104202037
1.1562395829244387	1.4434249939708137e-5
-0.10060551269347329	0.3338866657017484
-6.313931235703847	0.9999863759756203
2.971089722223974	-3.0666752495347087e-33
-2.785112275923005	0.9668442390852464
-0.6995252673565222	0.6110150402709664
-6.1180943597488335	0.9999786151377654
0.9689252761250202	0.0005217827921591115
-5.291896144373136	0.999856866569024
5.9446422626055195	4.5665758782944686e-79
8.471107938131432	-2.9550976913927462e-117
7.312382232898159	1.7965096119879939e-99
-0.17605778231573943	0.3756675960308802
-1.9777938688075114	0.8904816931373816
4.00840414216451	5.264770360553342e-49
-9.235822620415215	0.9999999836891167
-4.719445760110204	0.9994674127250938
0.17151459588188978	0.18359437854778834
-9.210693845377268	0.9999999827175117
6.253128965064846	2.827570338661856e-84
9.717586984682498	2.9583492974627143e-136
-2.6354668215390697	0.9571849899094415
-2.215493625165874	0.9192357936240321
-7.730681029992321	0.9999994780650613
9.363909372792897	-7.497712058384242e-132
8.576619377605958	1.8969579908051304e-119
-1.6653834885247178	0.8444022244038186
-1.059261568168953	0.7202805206143377
-8.705094305731574	0.9999999446388101
-4.161421123686697	0.9981027244488372
0.47735511673284137	0.05415080890414915
3.4208277731221237	2.5340975396437385e-41
1.993604747540516	-1.3813376697752531e-18
5.5670801787966475	2.1464516743237952e-73
2.7276625760971527	1.647166997147779e-29
1.7644510075222328	-6.958146868358989e-15
-7.134459906104067	0.999997940174888
-4.561143403073018	0.9992350726739628
8.177738080720765	-1.2054283923749737e-112
3.6259635330437554	3.683561539157652e-43
9.700030308637146	-2.9326555905953903e-136
3.2868855313357024	-3.055994505788048e-38
5.119749763334504	5.086261203341874e-66
5.697134557934955	-3.9012182800508246e-75
2.904689139555474	-1.718848873152292e-32
4.911767104353384	8.363775692591725e-63
-7.665417703403499	0.9999993934322325
-5.289406998422854	0.9998560451084946
-9.06880067634646	0.9999999760393211
8.268647119005102	-1.4242014288639544e-114
9.698724109710163	-3.771132530266358e-136
4.0485634394839565	-8.741524570373463e-50
7.460441162335847	-2.965110980687234e-103
-2.9201678234905337	0.9740178312104517
-1.8204859661371984	0.8685429441574407
5.436589623378225	7.133162005772322e-71
0.9184033830394256	0.0011004934209571148
2.321262648794736	8.046833706609524e-24
-6.966427718369275	0.9999969671021867
1.3621081244616473	6.531659920899116e-8
5.6657633139104835	-1.2688004191712408e-74
1.6771567948567068	2.3233458701447093e-13
-8.227530736329477	0.9999998337474271
7.539131053212277	6.398175443543956e-103
-8.324392004517943	0.999999866982961
2.1929434458915864	2.568165765159098e-21
-3.8456536564024946	0.9961541551024815
0.20403898294632405	0.16656151933095906
0.9777098381661133	0.0004558097578634334
-3.32998515985258	0.9883626506822197
-5.196341590845401	0.9998217075200905
-6.80723671536462	0.9999956243471572
-8.070595509645052	0.9999997613820037
-7.066091208933143	0.9999975889986513
1.7455277458932272	-1.0533215116185858e-15
-6.189077767807745	0.9999818390756565
-8.292341375357344	0.9999998567951108
-5.726215548330216	0.999947296403149
-7.569112706110079	0.9999992428475323
-5.304548557196385	0.9998609702637122
7.1909575882754595	-1.080502479298359e-97
8.017116283646857	-1.5389885160974882e-110
6.821727462854454	-2.0263761258410588e-92
-6.317980364761717	0.9999865023898347
5.948965027898026	2.6295579527418432e-79
7.422337850373758	-1.5412743862696444e-101
2.997782016056565	2.1341445698929063e-34
7.4630105826290425	-1.262528939937503e-102
8.263185596133752	-3.708759256439815e-114
5.516475925802631	4.4259860315646327e-72
3.565147839954985	-2.1759010033324644e-42
-0.9755591303151547	0.6977165468796658
6.953577598285335	4.6033124009927445e-95
-2.298533990348046	0.9280692827727179
6.6516805529359715	3.4888799836452325e-90
-0.07882193755191835	0.32150058466664505
2.6744744976252335	-1.0345169476168848e-28
2.3312180712449972	7.310982109856835e-24
-0.294823326041854	0.4386819209574945
0.11466752733219288	0.21445655829886234
-7.487071780110339	0.9999990854155525
-1.4743977743949408	0.8112278742278891
-3.321979502281227	0.9881692911450557
3.4884530485252174	-2.6667666557465665e-43
4.141299372008769	1.2795357156626845e-51
-1.3421043020847492	0.7851732047083718
4.11197129381199	-5.1285651724614487e-51
-4.170931035743544	0.998143027093313
4.194282085128226	-2.5191249467309894e-52
4.792576407752659	-2.9517887301579148e-61
-2.717951351381074	0.9627463954705054
-9.211422637865766	0.9999999827464894
-5.63846633141821	0.9999355036887736
0.7168669894923028	0.010103187595031855
-3.651682191225092	0.9941152032194738
7.9062678376224405	9.020352251979428e-109
1.7878319030781107	-7.453289744104831e-16
-2.2045074832345612	0.9180173679208053
-5.791640785352352	0.9999546633749872
-1.690905056581835	0.8485686109689473
-0.6371884282255458	0.5885780940086915
-6.065023297640035	0.9999758362485731
3.518022582085255	-2.2653673700723358e-43
4.473204282812716	-3.3834420412137222e-56
2.487445923186705	4.9723910977863196e-26
-4.3857916447428025	0.9988591232703756
-1.5036112635692653	0.8166026074037337
9.990745180851608	-2.412435810893848e-140
-2.408918330820913	0.9387747926393811
-3.41990473358444	0.9903465974898099
5.213063782394869	2.0797082480003567e-67
2.003699190856473	-8.797406950618218e-19
-5.119897407926848	0.9997874707470789
2.4884440160872288	5.381215227835183e-26
5.693914790901054	-5.813503668765445e-75
3.8572606979709168	-4.349069477132043e-47
5.105272037541383	1.5564874349019237e-66
-0.4353804393980596	0.5046557114086836
9.511807308268313	-7.640153301424974e-134
5.6107873881544545	-8.706927130441713e-74
-2.9380859545063887	0.9748661244302688
-5.8737781805634715	0.9999624726489494
-5.1794515668053975	0.9998146509729138
-4.149091136726191	0.9980491911939785
-3.1680729379283346	0.9838496003223337
-1.729687602890282	0.8547652780414173
-9.187186488115625	0.9999999817562689
-4.272525881823341	0.9985244169363202
0.5006255864347242	0.047487482882034665
7.204483633087829	-2.7348391164043416e-98
-8.301831167960515	0.9999998598903505
5.197730440621488	2.2668126609412448e-67
7.725392892000805	-3.017305602320432e-106
0.3976250274600588	0.08108780556235216
8.919847993635038	-2.50191343228485e-124
-2.313833154323688	0.9296252625329474
9.375239420726238	-4.908830310309044e-131
3.4674967301482837	5.905516805391407e-41
6.539677645379204	3.924237443215643e-88
5.950264165761805	2.0001215399317343e-79
0.3549911550740461	0.09798759914563945
4.891467255343439	4.0197962039419507e-63
-8.262227545520915	0.9999998465129885
1.8808216413563663	3.4112229048976305e-17
-4.6331025232116385	0.9993510716367153
-6.313312185823494	0.9999863565447267
0.9453109664577077	0.0007428323326990212
-4.717840934543895	0.9994654521826777
-9.26870278809611	0.9999999848784143
9.353164747316608	8.972367167733856e-131
-5.523050197631658	0.9999158875662726
1.4074083545217277	1.2943076760637717e-8
6.605909866129412	-1.3722650082473102e-89
3.7649915812074184	1.3327691230695614e-45
-5.664779735537406	0.9999392929747011
2.535466074029223	-1.4410385737219692e-26
0.715459509586033	0.010235013298533917
-5.980530219755935	0.99997064827175
-9.146928396023984	0.9999999799842574
1.0454540128459797	0.00014295522030723643
-5.442891713136815	0.9998988560822929
8.941427679816712	4.503807137239005e-125
4.998421702825642	-1.0494818272976186e-64
9.033829014820384	8.727713742442214e-126
1.170795556536408	1.0856214956469651e-5
-0.46847849974747646	0.5195761506631894
-5.161110252407148	0.9998066721310265
6.714570021194028	2.561208936681992e-90
-1.9318240535651618	0.8842697638358377
-5.121851633409098	0.9997884227780273
4.717502789071236	-1.8296903918762257e-60
-2.89479610944984	0.9727764626203689
-8.3631842579118	0.9999998783491731
7.145026806051767	2.3464590783551747e-97
-8.422448665949336	0.9999998938669482
1.7615813117754975	-7.054243614430026e-15
-0.27956886660095215	0.43085222497907705
3.5065497956862437	-1.1145972319126321e-41
-7.308019225941456	0.9999986187437335
0.105099981084944	0.21977533341980715
-8.837059202417397	0.9999999591454306
5.74415313204598	8.18457999113211e-76
6.1549960008880475	-6.243949539391352e-82
8.926525382790107	-1.7504245341265741e-124
-7.424974555268284	0.9999989448349824
-5.2244162062295585	0.9998328486507814
2.5339563510320353	-1.499327129255991e-26
-0.45369117889712207	0.5129627911120253
-8.461547453807468	0.9999999030044578
7.103750978467858	-4.828329821028494e-97
-3.023612861693814	0.9786035469834171
3.5611885586619287	-2.081410073445246e-42
-4.467248906430528	0.9990522981676803
3.661528998126652	-1.1138098623250436e-43
-8.948615133450915	0.999999968400165
6.7652555617166925	-7.295398897326343e-92
-3.061630731723648	0.9801073617756815
7.132623226019227	8.739025320276695e-98
-0.5988536292245215	0.5743730498596916
-4.207483984795619	0.9982902644927686
6.309635334601438	6.872937882163693e-85
-2.3992650405527627	0.9378872073085698
0.23779617701668698	0.14948661545550138
-9.287807077902759	0.9999999855291836
7.763131016256239	-2.38005859788945e-107
-8.316412572174325	0.9999998645164053
-3.2343808247090022	0.9858573599982648
8.91146301605481	-1.7137351547390102e-124
-0.826816690400932	0.6542394503751909
-1.0129546673069676	0.7080243891832293
7.065104634051352	-2.9340611823532375e-96
7.336285167962178	-9.976466493510819e-101
2.7289814298271295	1.4601101912250093e-29
9.429284765198673	7.961137876013055e-132
-2.343589223699931	0.9325856826425855
4.52950914728822	5.801391134342386e-57
-8.511395749496433	0.9999999135223621
4.233842148260788	1.5482321724921226e-52
-5.469647126932835	0.9999048930671921
-4.8620337025975635	0.9996158608213028
-8.892315792236442	0.9999999640263815
-1.029914908403299	0.7125639540782204
-0.9956108154882148	0.7032913077380176
0.23381077171336528	0.151388234429064
3.3116916485715375	1.9294832418829283e-38
2.177012302262762	-1.108578378483145e-21
-2.984809913824713	0.9769703426521976
-2.7090872135055566	0.962177435691835
-5.685050576927768	0.9999420596650986
0.7692677910723091	0.006058429236145094
5.415225432553354	1.1660223753113086e-70
-1.5727994971955859	0.8286671346141283
3.6206132060858707	4.552794872686531e-43
-0.4859703658333725	0.5272943662639881
-9.254399693456016	0.9999999843721059
8.437895896180969	1.2329977783093896e-116
-1.467470764288512	0.8099317656194365
-4.714940534794705	0.9994618906711593
2.518863066765702	-1.3797678021603848e-27
-1.3969204494791843	0.7962890379430966
5.267861263641569	1.130858503803077e-68
-9.127923132076852	0.9999999790888952
-6.304482074014639	0.9999860763461834
-5.287568323661516	0.9998554352924606
8.996728009570354	-2.8726942375514825e-125
9.262197275569683	4.5904034259632565e-130
6.929312783946457	1.2935132929102958e-93
3.0760712720630536	-5.214119772847464e-35
8.135471929678324	5.069172599909407e-112
2.2369362614279744	-5.133824777039675e-22
-2.4616685237912383	0.9434580862726574
4.906458033206139	1.0407473754654877e-62
-0.5126042887492197	0.5388626042007802
-0.7298576824472747	0.6217644495990897
6.8940786967844545	-3.3345212345358117e-93
6.719611310127746	1.9506862843617222e-90
-2.8004684724097872	0.9677321338940839
-1.7029660167310912	0.8505135310572245
8.212740747221751	2.881425300865922e-113
3.825135431984048	7.472323498341168e-47
-5.6997886134993125	0.9999439917694743
-5.634331204358958	0.9999348870862917
-8.079189219443368	0.9999997660573002
-8.562518229796229	0.999999923125669
-7.752728333525325	0.9999995038999838
-0.06665647688730125	0.31470271987278686
-9.377804400993707	0.9999999882376114
-3.656578258679528	0.9941774128520301
6.8954290157548	-3.0094952336101878e-93
8.359915994249324	2.196645316963685e-116
-4.767578271744175	0.9995230036351906
-8.110296108611585	0.9999997822276716
-6.060060591870946	0.9999755586169167
6.859726446086746	-1.292209827963426e-93
3.7107847333332558	1.628693419842062e-44
-7.942082070379981	0.9999996792133402
5.498057299510588	5.431474335591284e-72
-7.506456538214601	0.9999991253401236
-2.992508597560808	0.9773024803193487
-0.9467254787471688	0.6898650180969633
9.217657618389516	-6.30455122906214e-129
-0.3768855681033898	0.47719916068680024
6.120232031499615	2.4187033044552884e-81
2.5699051824698813	3.3164201169399264e-27
-7.149288096530491	0.9999980093150346
7.807461372800162	-1.4181762198496467e-107
-1.3018137293856835	0.7767164147697521
-2.2419231291198027	0.9221176365228692
-8.53667074668592	0.9999999184115314
7.504608437142583	-8.231022320533407e-103
-4.102835913328131	0.9978348562293816
7.518275047915299	5.969721039478476e-103
-7.932710408266095	0.999999672215876
0.7132115181048917	0.010448390734709942
-8.318989702895445	0.9999998653179909
-0.6911180732058675	0.6079534329390572
1.9601196282958533	5.4470192458907325e-18
-4.31166929766583	0.9986498026278439
8.977077681330105	-3.4081019870563087e-125
3.6517403142407012	-9.287569862342382e-44
-1.2569921902691306	0.7670701423733375
-8.636845921737383	0.9999999352180978
-5.035060392639101	0.9997417476666162
-5.756325501543378	0.9999508247731634
9.087082531112625	-1.544213580113651e-126
4.646021650436975	-8.15441176139679e-59
-8.566044763571675	0.9999999237473725
-4.109530521207239	0.9978672466039826
1.3892831585362497	2.5064481519040948e-8
-6.571634223831251	0.9999924728481744
5.84431156250055	-4.0951588657397654e-77
-4.576825465042926	0.9992619894830498
4.824169907327436	1.884779694738006e-61
5.460279691148116	-2.728510369832549e-71
1.7471208073512567	-2.264270140569535e-15
-3.4586803924688825	0.9911027429029033
-8.689164432700567	0.9999999425704718
-6.0121467104344894	0.9999727085472282
3.9070546503121797	9.635777813606018e-48
6.327774810149901	2.007792141931057e-84
9.487170991657372	6.5893324110620706e-133
-4.402085721455835	0.9989006499471207
-8.430452472482436	0.9999998958049947
-2.9270029573566614	0.9743441780592049
7.711065307329395	-5.837912233417151e-106
6.1894187455165195	1.2543034793538375e-82
-4.965274793239081	0.9996968745851573
4.26528056148733	-6.878445371286291e-53
-3.4269046345118914	0.9904873113503782
-3.4398434752723572	0.9907424760502517
-3.647151268755624	0.994057074524322
1.5843031703280719	1.930368878157611e-11
1.8474677732667288	-3.892750013673538e-16
-7.7763712336739	0.9999995301855515
-0.09741331204291548	0.33208486684398264
2.880950075041625	2.9023388106540235e-32
-9.793099777924947	0.999999995479353
-8.104267333067504	0.9999997791835094
-5.594772984015068	0.9999286824143389
0.9659730593687357	0.0005456559836817611
-8.108691913437585	0.9999997814217734
-7.626631837199036	0.9999993367688251
3.7575617468584035	9.673756966792899e-47
-1.453148164555774	0.8072284158014911
-1.31401951963786	0.7793090183996967
-2.0142637613255365	0.8952657676892269
9.02331098020425	6.091896793468965e-126
1.6936885527832182	1.6827866379353994e-14
-0.1714306558274803	0.37313954360383056
3.5122396445457795	-5.6530975834954365e-42
-5.236845985985559	0.999837556656285
3.0878534154962978	2.642136141009006e-35
-9.333606596267852	0.999999986977525
-6.1548439896328855	0.9999803498960341
-9.526710530371002	0.9999999916518583
-5.0158537347042165	0.9997301036174567
-0.5921115864546991	0.5717232267521267
4.1674404584035365	-1.3904345112417714e-51
-1.6305974627666977	0.8386071844649899
6.619615408281035	4.804321408275025e-89
3.7316945476934027	-5.816476853929006e-45
-2.35172763120568	0.9333798374745931
9.06482423439272	-7.627618208570614e-127
1.6448281807950682	6.865518260684866e-13
-8.559314703969854	0.9999999225565159
-7.0020751278884275	0.9999972060937908
-7.653312975743778	0.9999993762881401
4.980151477185268	4.967467007837917e-64
2.0465299101259546	-1.0769800332537307e-19
-4.769888681399741	0.9995255217573934
6.511508727145788	-1.5053505005742428e-87
5.370787027117579	-5.6609306862887315e-70
0.05459447388448524	0.2482341029122722
1.209620948996113	5.066605438779266e-6
8.75304075287545	1.0929340656464462e-121
3.086083176340333	1.920276002581178e-35
-1.7393480017503968	0.8562808670865448
-4.146124380938647	0.9980360910333166
9.993338030675176	-2.018762775733174e-140
-4.705806887719404	0.999450520271636
9.383325025448354	-4.751652168906936e-131
4.3182939857413984	5.218932273252895e-54
0.02843643140035823	0.2631499876638089
-3.004893149005774	0.9778283138776592
5.226077174393474	1.7852883890795176e-68
5.216271616945981	1.629516218739085e-67
1.0519744657805	0.00012669247182040485
6.768071242236164	1.6112834511362265e-92
-6.657100828593556	0.9999938174146287
-4.163366720464974	0.9981110390227627
2.509934909336483	2.8036442493116194e-26
-3.6166166210776174	0.9936509886353393
-5.638962763248139	0.999935577319931
-3.1887903550304486	0.9845021904093102
-1.8424771709663634	0.8716972979011732
0.7321085025722951	0.008759610047444051
-8.529661864584007	0.9999999170841282
-1.186710086364581	0.7516445402472219
1.5802309567277906	2.108390484108446e-11
1.177131529820258	9.663245661725351e-6
-3.4674322051657924	0.9912656995508088
5.979775685079879	-3.394447226764945e-79
5.83742496232977	-3.539570558665113e-77
4.248984109194115	-3.2387218927530615e-53
9.632638149715618	5.464764860101267e-135
8.532028138559294	2.547675385943481e-118
8.39455097235641	-4.52227331779045e-116
9.53194278667118	-7.435503351826576e-134
-5.386677201617465	0.9998848961664767
4.9522115707691725	-1.3244543835214575e-63
-5.940279533463424	0.9999677988641553
6.648371925832471	1.0588354935922245e-89
-3.5671561024244403	0.9929374274197516
2.741355693980129	-1.13483396654349e-30
8.186436812157822	-8.181415449669465e-113
-1.7225736458568797	0.8536416117239105
-6.381803928525063	0.9999883468892691
4.072160738500358	3.7311588733372956e-50
5.779105699236119	-4.583452776022261e-76
-3.2510395610328624	0.9863257529109851
-0.4930745215893584	0.5304014003530233
3.595837355175423	-1.1270692283256253e-43
5.691927017259157	-7.007139215813019e-75
5.469533633128801	-2.7972471297345063e-71
9.06792445198083	-1.3361217741908355e-126
6.68648680700937	-4.748420917807451e-90
-7.55978193178799	0.9999992264042346
-3.8412092785418395	0.9961161428940676
-6.8953775198519685	0.9999964280465825
-5.660662041088589	0.999938715028444
2.6517146129529934	-9.665276228679249e-29
0.5537657257963637	0.034555673986235706
1.4025989924827975	1.5416882776513253e-8
7.739440983704981	1.389080414747971e-106
-5.4208311909327245	0.9998935915831789
6.549101195346903	2.2593576777524947e-88
-4.974951665091774	0.9997035330544441
7.84617588856435	1.0543028400045072e-107
-0.8232539352601442	0.6530952818298678
9.027824562824371	7.989676506454515e-126
-4.162295667986817	0.9981064662756041
7.0775234167378365	3.798560629134365e-96
-4.898301496505848	0.9996465216113147
5.918406975184883	-1.2939308940300404e-78
-2.16321789429077	0.9133465396667926
3.3599376649436863	-4.441012330132701e-39
8.197901588852325	-1.0969122446876942e-113
4.8395753313889145	6.4362183992060385e-62
-2.2362316618882616	0.9215024941959816
6.911475914362136	4.0897656345591596e-94
2.033636710500213	2.0641802015963394e-19
-6.874093835527608	0.9999962486416597
-1.4469834732559441	0.8060547110414609
4.122313988831717	8.183285069039237e-52
-0.473936054449716	0.5219955390276518
-6.905264898125667	0.9999965084464342
1.023669837315433	0.00021138924397469134
-9.044743982917346	0.9999999746746128
-4.102144997474366	0.9978314861363262
6.957656304027836	-1.1718283179241154e-94
8.623555937152588	-8.093152606533562e-120
-4.99615627223307	0.9997176181506053
1.3261363579389283	2.0455012096602453e-7
-5.69156901841628	0.9999429222880609
-5.7187141415184195	0.9999463786982152
2.714514289982862	2.997312667834296e-29
6.286436511053012	-7.151738985949309e-84
7.6070362866819785	4.0258647814823966e-104
-7.092418820126567	0.9999977308119634
-7.278353801468858	0.9999985210993441
8.225033382460111	1.9709574804077696e-113
5.180021029666477	-5.4038736818853684e-67
-4.963145190849723	0.9996953893530959
7.255784418702099	-1.8050781919826977e-100
-7.258931529372363	0.999998453460927
-7.794027827801822	0.9999995489029828
0.37855924847314704	0.08846337886377321
-7.715954697600456	0.9999994600635171
-0.43202466681469076	0.5031210443259323
-2.3376240137418502	0.931999346941943
8.973000025638402	-2.686660191409791e-125
-6.794353835124891	0.9999954926104034
8.081149091462922	-2.3875211796594463e-111
4.613239059292535	2.7748976795193272e-58
6.541326766739708	3.856810911790162e-88
8.86645420120324	-2.0438208278518605e-123
2.957740042001454	-3.1458807903154205e-33
4.8297290410030325	1.5309824704048349e-61
9.915676438719828	-7.051750506032918e-140
-6.400228991971151	0.9999888308744107
6.785612969305991	1.350592283189675e-91
1.5621032216609265	3.0221278579189016e-11
0.140681282351526	0.20018821710866105
-2.5889991099305165	0.9537837330467125
-8.758824551441954	0.999999951081283
-2.8097622648412024	0.9682602454564835
-8.68885692291586	0.9999999425297936
7.596894311010818	-8.609592398724313e-105
4.152473444691163	-5.669639464926229e-52
-9.762884770468116	0.9999999951536405
7.085989291334258	3.531974652301125e-96
-3.846014384483012	0.9961572246159056
7.053848649212853	-1.3901540050326256e-95
5.510106650092968	6.352899368586119e-72
-2.7381222052848564	0.9640155424281919
4.985908956829551	2.826467096374457e-64
-8.014264776986932	0.999999728334901
9.388388288774777	-3.8426014149262695e-131
4.7410696206376635	1.0650565769044896e-60
0.23535085810058476	0.15064780210511516
-3.292524213058896	0.9874327236834972
4.082734896169068	1.7719690412189902e-50
-7.31575701385021	0.999998643135219
1.2192330196023313	4.017044274703733e-6
0.8135554252705735	0.003738957925648545
-2.44659660257311	0.9421463131910127
4.472081119645219	-3.440007024521615e-56
8.216611944466074	2.861987787838646e-113
-2.1373434626711685	0.9103788904160258
-9.129135700087536	0.9999999791471986
9.588801295801442	-2.4312530875056206e-134
-3.526179220582688	0.9922901758062084
-8.89484541887616	0.9999999642353079
-0.15365207795925429	0.36337963237926657
-6.55285971712904	0.9999921403404749
-8.947909054893323	0.9999999683487484
-6.363897693797682	0.9999878564514539
-4.672939329654793	0.9994075919402508
-1.9888510735878473	0.8919454733987224
-3.7717136643058558	0.9954727241010769
-6.979273079290764	0.9999970554904568
-3.959152525322218	0.9970118434764204
-7.6900261602244235	0.9999994268463928
1.9054765229170698	5.774721568311308e-17
6.746999663701722	-6.640506238002329e-91
-6.4559083681806095	0.9999901746966958
-2.073077066025948	0.9026951309360846
-9.41030746781184	0.9999999890857776
9.64433322674601	4.627913093982321e-135
4.7674050981686165	-8.776011744866677e-61
6.832917638656578	5.339417165317194e-93
-1.0895224602323328	0.7280413862278573
-7.830356072108815	0.9999995851015334
2.5112567103807457	2.315793033840682e-26
-5.907674636786537	0.9999652892105846
-5.27440896267751	0.9998509948984
9.576297773489493	-1.881789041975158e-134
8.516009521776127	7.351814217919756e-118
-8.36205922853797	0.9999998780336293
-6.044269034290561	0.9999746537713756
-9.610076808627571	0.9999999931099307
-1.1781549655250458	0.7496528780054964
6.533906158475325	2.9773003255530334e-88
9.319947377452312	7.336166116109964e-131
5.868150173487056	5.470384138347289e-78
2.213904682693677	4.0191664343498376e-22
5.245043367449384	-6.00159969310845e-68
9.59786883919297	-1.9136322307294083e-134
-2.187656640182527	0.9161232753722279
2.8858689636284574	1.937515795350664e-33
-5.0843694537004325	0.999769397972239
-8.001707445802593	0.9999997203652763
-7.273068880680582	0.9999985029932233
5.300861552268934	-3.0946264834158784e-69
-3.877237944537586	0.9964141582419738
5.9226273461093015	-5.790541988354328e-79
-5.780819761088765	0.9999535201398128
3.5934466832894394	-2.9415516111573674e-43
-2.6840752390441613	0.9605348709311193
-8.69657961564073	0.999999943542698
-5.778767660443371	0.9999533001099127
-5.758742363835481	0.9999510975341944
9.697279911682944	-4.721794453180662e-136
0.45310326468298356	0.06167751160684972
-3.461955360558391	0.9911640469791196
-9.50146630886183	0.9999999911522273
-3.0325049936690185	0.9789636379004923
-7.642804294940717	0.9999993610121597
-0.8591721836962218	0.6644292123950162
8.777510610529209	-7.933917883439834e-122
8.44665066548922	7.734917033181231e-117
-2.669010381013366	0.9595191014484207
7.203285620183884	-3.4282411297472595e-98
0.3516968950947952	0.09935761993538633
0.8378587554066854	0.002811495342677079
0.7929697739384203	0.004710758637362524
-7.087639106076504	0.999997705700555
-8.66910348410864	0.9999999398554661
8.889091463089848	1.025335581750441e-123
-0.5251280793917843	0.5442133382035814
-2.5529611766785054	0.9510112897097652
2.9220789427431946	4.6440630876309124e-33
5.287990263795557	6.06023115249704e-69
7.271103434624919	-7.720619565091288e-99
6.2136467530949915	-5.363106806414707e-83
-2.8691193888926625	0.9714713359610274
-1.3692271031364456	0.7907291942314304
8.990497529244927	-3.575416147456282e-125
3.825100108460582	7.445671314369824e-47
-8.348321661553339	0.9999998741139395
-1.2192304873604662	0.7589935128973687
3.72584978747339	-3.043200318856093e-45
-1.6987681119470501	0.8498382933269903
-1.841072067406465	0.8714974954820559
-3.456067157609901	0.991053545311706
4.826306493455101	1.7703688383327587e-61
-1.3109866500143994	0.7786680192794203
-7.224064102576913	0.9999983241779239
-9.240141337813315	0.999999983850512
-8.160506463296988	0.9999998060042181
-9.421046450398961	0.9999999893523493
0.5484961369442765	0.03562305149773305
-2.862192832625854	0.9711106961061637
2.6039965247241383	-6.622311742129967e-28
7.954376044338417	-2.5197576757471696e-109
-2.2830736830071086	0.9264743270190604
6.307270124530959	1.3119517214013198e-85
-5.731391461551021	0.999947920445537
-4.8578639815751545	0.9996121701322649
-6.899217885676876	0.9999964594923018
-6.385161802898489	0.9999884366287062
1.7067237504823431	1.4206124953741288e-14
-7.871393001612157	0.9999996225105474
-9.030279452625955	0.9999999738169328
6.982796976360209	-1.9343108145981222e-94
5.091753790715089	-9.196195659799231e-66
-1.2123523111071322	0.757474551837003
6.734865141867445	-2.161366882251166e-91
4.29712128340709	1.5926277511745112e-53
7.308697266854665	1.7554680760882323e-99
2.2897019905076696	-2.670960584732713e-23
7.707520309307618	-4.311521571038676e-106
4.0295887518415	-1.182430860234275e-49
