-2.235470197461793	0.929803027487415
2.5094286660778664	6.615995144786436e-22
2.1038294072886323	1.0232701320007036e-15
5.915676810317896	-3.8242158797270146e-74
2.2973184744159525	-7.641328789304864e-19
-2.4660239410442353	0.9491578148941441
3.665243204421964	-2.241195866784519e-39
-8.97083834636263	0.9999999716235797
6.507972956317371	-3.2817286873012838e-83
-0.07598667061294506	0.4620626951710627
-9.39365173932008	0.9999999892812484
4.595979409207853	8.013972890066845e-54
-8.883053454626442	0.9999999652669814
6.875573832555332	-1.2889590881267457e-88
5.272711938897103	3.356835061823673e-64
2.699395573182848	3.5690951016705553e-25
0.946303894268631	0.015517849154285748
-7.378022405464892	0.9999988888627365
7.5551268136244545	9.97271949186536e-100
-5.840213523864759	0.999961684248159
-2.8129492924692734	0.9709551495327484
6.794825049342098	9.905889421129874e-88
0.435021001073741	0.19051871163355175
6.955387155729529	-7.448159831109352e-91
-2.6199837949256466	0.9599224849347819
6.562161853156134	-2.68351451813934e-84
-7.941602736784885	0.9999996964769375
-0.25132921579038126	0.5404547993767442
-2.3082365360117008	0.9363524031515704
-1.3574755219680945	0.8216328191066891
-7.038386522129394	0.999997571173403
-9.415857264805151	0.9999999898155226
-5.923491376109049	0.9999683673743212
9.312208437766497	-3.561693939196689e-126
1.8693075814726399	1.0985167102641145e-11
2.101775480886996	9.40889621005355e-16
3.6809846195366056	-3.86667896033053e-40
-5.79896584630506	0.9999578687214828
-5.858159792824926	0.9999632345941811
3.5770941178119777	-3.7718557237162033e-38
1.781390671090687	3.8382587141921075e-10
-6.290959648202903	0.9999864242536073
5.032889118568837	8.274779412685574e-61
7.224329017076787	7.253701677067718e-94
7.675507086207499	3.857892554877528e-101
-1.7116366380369072	0.8720977206297302
6.936357457430088	2.296224631743026e-89
-2.711618534107081	0.965493079994162
-9.640114520465882	0.9999999939231112
-2.0180507235387823	0.9081330747541071
-6.075396254294296	0.9999777012657497
6.846332169671186	1.8154121784147022e-88
-2.7901423040851947	0.969784827748877
-7.912185647856362	0.9999996752054612
-8.80648186524246	0.9999999585700792
-9.508654730136165	0.9999999917749003
-4.490637127033716	0.9991515593641063
0.1515560049240161	0.3458986738132566
-3.4748777039491463	0.9919396137291288
-6.201779250858781	0.9999833303103385
-1.4364723440752805	0.8339337360393144
-3.7470762980445382	0.995504005477087
-0.02694867503952736	0.43964512812744977
-9.046917275709138	0.9999999761834542
-3.6714393610029816	0.9947005188349588
-3.259615238170075	0.9874549252414561
-1.2401449836336695	0.8023840029777638
-1.3035518981122287	0.8128840723399784
1.8586493570962226	1.5197608260332827e-11
9.12499660770587	8.576759043382807e-123
-7.386986400438009	0.9999989115616785
-2.6292331207100217	0.9605131547211624
-2.396851162294924	0.9437880917217429
6.643172409055321	5.11031925675408e-85
-9.613262921424885	0.9999999935355308
3.7995606244445757	-7.941061508362764e-42
6.492468504274424	5.137480173202504e-83
-5.671070822808146	0.9999434513372508
3.782277567848835	1.4244783230976513e-41
1.4114828883996609	2.4770900820650406e-5
-7.132212248361456	0.9999980430790689
-7.3345691437173866	0.9999987719379558
8.233267271335087	1.4230927183842884e-109
7.703982214798955	-3.0334586485101184e-102
1.375256512840366	5.390590113135794e-5
1.740860532121097	1.7245618047834064e-9
4.442166270452512	7.316293277434921e-52
5.304068158010811	-8.087322993333339e-65
8.173986441952422	-2.756355562275816e-108
9.532665078081823	-1.4591453217639205e-129
6.975777831620459	-6.18652749211504e-90
-9.879178016129604	0.9999999964955673
-0.7317838120024867	0.6962164326060729
-0.6624771264046103	0.6777294710964691
-3.2344795997653275	0.9868081563034962
-9.896576674956151	0.9999999966331856
0.8301283329173348	0.03463296304249747
-5.471046594485611	0.9999104079405239
-4.288180104406867	0.9986558933422124
2.9153829929307875	-2.3810929089055502e-29
7.444740441357631	1.3675751078453945e-97
-4.015860838985712	0.9975185746783671
3.842298644561893	7.948452199658035e-43
-8.067597207638348	0.9999997729102117
-9.778514857193713	0.9999999955814373
-1.9558797010749416	0.9012956286653362
-9.326755591928588	0.9999999874962489
4.028541965372078	-2.3052195604876382e-45
3.9060929113059153	1.975216373583449e-43
-5.889415667341638	0.9999657865288177
4.272914875967722	-1.0643494237607131e-48
3.5652191257315824	-4.814230278337713e-38
-4.7409237978981755	0.9995210290404222
-9.641603924002808	0.999999993943916
-3.309984246283051	0.9886675337474997
-8.502014645411622	0.9999999164818071
2.614634359721947	-6.308495127296223e-25
-1.8417177094122295	0.8881328778933841
8.835295906159018	9.159442786912654e-119
-6.584118627163926	0.9999930874165697
-5.062885011535472	0.9997710790927341
-0.1816084349867495	0.510686593992422
-2.1260944964363704	0.9193165668221762
1.0391471787890083	0.006644915011539587
-0.9771929441651306	0.7526990446258374
0.47800797058297206	0.16798263497538182
2.9942826169735106	-2.6735280859985205e-30
2.0556756083146954	-3.554924006190454e-15
1.7706112098069795	5.106974927788309e-10
0.028521466140416507	0.41200525036174107
4.019826478350964	2.514143800207085e-45
5.899018353152595	-2.1712903950495504e-74
-4.6358227542547725	0.9993908638295462
-0.0016647102235634037	0.42756070567512444
7.904815277318246	1.7237844315964075e-104
-0.8887181921008533	0.7341808846877614
-9.926423242412525	0.999999996856784
3.884711492034363	-6.470874357781263e-43
-3.147839880719352	0.9843513288732764
5.75113196785416	-1.524709017353511e-72
-8.691138365480576	0.9999999459672023
-8.35245615884558	0.9999998821473568
1.680278311729971	1.8097141621690984e-8
-7.530144643611325	0.9999992172065354
4.032581544298379	-3.231989502483245e-45
-7.756201994290417	0.9999995348515384
-7.994670692923913	0.9999997313889218
9.913816296977522	-2.5124461666084272e-135
0.3940464928053302	0.21275120201001613
8.061535003028922	1.634365239265976e-108
-2.152734614057983	0.9219182706198585
3.8404688348882132	1.0887060185912421e-42
3.0246680442658267	1.2229998780737269e-29
7.787096431939496	-1.9043716596987798e-102
4.496541029377973	-1.0492990286270123e-52
-8.380684136416878	0.9999998895638365
-7.633783381318748	0.9999993833917247
5.9966775363684235	-2.6706341867285873e-75
1.2907003594763378	0.00026307283712955425
-5.7681038989158395	0.9999547675956747
-5.713789914011835	0.9999487455503173
-7.472122591689665	0.9999991053182187
0.49810936164650244	0.15777335908408194
-1.4027662600403534	0.8287589830066963
-7.05628852964562	0.9999976692534975
7.338311983101384	-4.6838189767598e-96
-8.371630590005608	0.9999998872374597
-1.562843968005403	0.8520574742830921
3.097298925209815	9.192020877937811e-31
5.9153506485294205	-3.929733854576571e-74
-2.5396999212657967	0.9545283271789016
6.18058558752265	5.2907092903626805e-78
-1.0816648959249253	0.7737518251769725
1.2640612366698498	0.00040528878629512234
-0.9557056824048651	0.7482818820677486
-7.592434464495774	0.9999993217996901
6.1864917437045435	3.8019803973338714e-78
5.000773675454031	-2.90645957935781e-60
-1.4891195487694109	0.8417573808997225
1.93985518940789	2.387402484782192e-13
2.1234244603469996	6.961700130040696e-16
1.599385830262996	2.653091345547985e-7
0.6578943522782446	0.08785759653032083
9.679054588946947	-2.8418163881108064e-131
9.014102339123994	-5.188574078916897e-122
2.9795297891899395	-4.6487474305926725e-29
-5.399840471728372	0.9998944664753049
-0.6877905826412309	0.6845684308459553
6.81052684795505	-8.505509943277572e-88
-0.5610577840262607	0.649261985140065
2.096534054079978	5.808766093820062e-16
-2.38664293183513	0.9429628544531605
-4.4296281411926985	0.9990251107413488
-0.9180543909153052	0.7405844772813029
-1.128790710811698	0.7827237531655103
-4.5459750603825455	0.9992521394761569
5.216993246017516	3.364390509211351e-63
1.1991984530227953	0.0010677936203603022
-4.912792151842815	0.9996769462866248
0.3560891126171839	0.23380904525572718
-1.394273095776036	0.8274369744879922
-8.962645448827221	0.9999999710831781
-7.634945973640814	0.9999993850401446
-4.15796380208477	0.9981961494513242
8.284651033282906	3.634537239295848e-110
4.385276003553425	7.774676530157992e-51
-3.1685560599949625	0.9849720322054095
2.526776200866191	-3.0348053676061264e-22
2.269894948912281	2.7661423898001004e-18
-1.301292480795503	0.8125094737854213
-8.432906736247393	0.9999999020760713
-2.6906110941919392	0.9642707800982349
-9.374537966507157	0.9999999887989758
3.9974163917924734	1.4464266277352602e-44
6.682354453895908	-1.6159587031947684e-85
4.242947961971666	5.948419436532886e-49
0.045219443115493974	0.40325213568592405
-1.404107601004787	0.8289671785528921
3.019264577786366	1.5449669114225537e-29
-7.467924167289506	0.9999990966272503
9.081917581152041	-4.200903154537854e-122
-6.578601108238069	0.9999929990432627
-7.114956010827349	0.9999979637591148
9.906342002183472	-6.72888047875613e-135
-0.9524167571652988	0.7476161394785916
3.211777805106033	-4.437927273040538e-33
6.192446211805279	1.6655259251376971e-78
-3.0377618197165512	0.980676827699872
-1.5101849151910294	0.8447885265028124
-8.164607720382628	0.9999998183701947
-9.704265610357062	0.9999999947575986
-0.6176529348382296	0.6658773059658294
-1.6490774335673386	0.8638679360559902
-2.0967040428096873	0.916371670933053
7.887410273719592	-6.08218980965172e-104
-2.759393412943414	0.9681531240166477
-9.875417719529018	0.9999999964650923
-0.8317241636099659	0.7210157472702774
5.056213322169437	-2.292902165425379e-61
-5.726466242025148	0.9999502190449838
-1.8797350061905185	0.8925573010029961
8.292363093723296	2.784214739536301e-110
-8.828383383070486	0.9999999606075906
-3.8468255191512535	0.9963880306615488
8.733701363810987	7.607152844642515e-117
1.5000339614241032	3.8003006295313598e-6
-6.510810017896458	0.9999918164409208
-4.708264240360256	0.9994838570503553
4.1592332200722915	-2.560863194008054e-47
-1.8422099490312718	0.888190201873522
-5.181024343484886	0.9998254831562235
-2.0975614087828065	0.9164587532588425
-6.2787402153562555	0.9999860369269569
-0.42616711946103614	0.6052966431580237
-7.034909494362913	0.9999975516504399
-2.1348598159987864	0.9201782795712312
-2.829541544470251	0.9717839210946192
-5.259451997859577	0.9998542650360154
3.156349314655248	1.0753199661876498e-32
-4.5106658679707845	0.9991894218953027
-8.324234533894082	0.9999998742346806
-2.0090382327767164	0.9071583352761164
2.6583230588507067	-2.865345375023192e-24
5.6500938381938415	1.3866212547053635e-70
7.111973179320941	-2.1532521781448765e-92
5.824705537441165	9.218952272719604e-73
8.102358855574163	-2.0959040563199574e-107
-0.5068950495790006	0.6322824726485909
1.7310741459138956	2.591338666190039e-9
9.141672075776572	-2.7902370838450486e-124
5.319800037093273	-2.4471416599600432e-65
-4.128800169349587	0.9980737491853785
9.432132732852327	1.3542277062346531e-127
-0.7077535276427263	0.689936631256757
-7.076188011716522	0.9999977736362069
0.011476262550367267	0.4208805029302627
0.13305126346013907	0.356049445532355
1.6956910272171974	1.0132160312426171e-8
-6.017652600249885	0.9999745312883837
8.121549127684581	9.29831096109613e-108
-6.137302146009378	0.9999806629444885
-5.701066312429068	0.9999472227133892
7.956564219501324	-5.066364732184551e-105
-7.130704835207116	0.9999980362750541
9.539547651964327	1.1263512907915527e-130
-3.92596386805522	0.9969683532113792
-6.779032393746425	0.9999955869378833
-5.236618851691364	0.9998464128477269
1.3155428435249803	0.0001699524803173672
0.6958433050445869	0.0736661223986865
-7.501904389271141	0.9999991646140338
-2.363657493193685	0.9410747861997557
-1.596402029715037	0.8567086617427428
-9.165736682214952	0.9999999818841238
8.599352272813796	3.583624860189598e-115
-8.76933278378338	0.9999999548702618
-9.502168746165975	0.9999999916511403
-1.55388056949052	0.8508315857057339
-2.93348383678663	0.9765626670458742
-0.4611943569057111	0.6172557893959655
1.4326159048083298	1.5223394063095882e-5
0.6779310169765083	0.08021890033751224
7.61117508539629	1.0034073278153774e-99
-5.662465811238411	0.999942320524276
-9.596681508019813	0.9999999932839434
-2.013966173123154	0.9076920435872151
-4.564853368322752	0.9992836739463019
4.59786214908576	8.811148873188597e-54
-9.843788376264264	0.9999999961980394
-3.845428229552841	0.996376882722721
2.202023397134468	4.5414812243023837e-17
1.0306742346575248	0.0072329969866627795
-5.6243039368576175	0.9999370269307107
6.0988973790442955	6.8193090122049585e-77
-1.5052423820211835	0.8440843114148608
-7.864122159403899	0.9999996371963215
0.5461083479023809	0.13454269779192107
6.368542218075266	-1.0576296442240455e-80
-2.2396316647282077	0.9301878426329611
-1.5143557138026509	0.8453790208977379
3.9684966020560033	-5.157692317442938e-44
2.469623435743685	-3.1991575407949717e-21
9.780437414563316	1.5636067594156403e-133
-9.507980343810974	0.999999991762118
-2.1970077373327124	0.9261860254455898
-8.84507364311451	0.9999999620927496
9.47966478036085	6.689451245329991e-129
9.349886518550147	2.7299204341876694e-126
-8.100028096301743	0.9999997892503484
5.596336756905988	-3.017407011584369e-70
8.905539431392164	1.6088997349714586e-120
8.327512275568498	-4.226460364798583e-111
-4.652948757023974	0.9994142485701585
1.5381042980164459	1.43186578668218e-6
-3.8419340456562434	0.9963488607308326
1.420509100233783	2.0171128724295082e-5
-0.3180213801564502	0.5669084369233304
4.101930839417648	-2.024801445052163e-46
-4.057742168781311	0.9977405683815423
-6.512524996820752	0.999991848689864
5.18549432921195	-4.7687158178045577e-63
-3.097308924840898	0.982744868141573
2.924882316606414	1.228170257715162e-28
-6.900378994727223	0.9999966626699208
-4.889078651960452	0.9996588921620353
-0.8364719021753473	0.7221401339029102
1.507673231697213	3.209723792189973e-6
5.475399501505741	-4.836297353923795e-67
-8.29481642811276	0.999999865420493
3.5557471289248213	-3.6930607293921583e-38
-2.797498732715007	0.9701662503322664
2.867357211148347	2.0419389806370335e-27
0.6550216073496795	0.08898246234735042
3.4804105133785725	6.3671955371702165e-37
1.3218882424712177	0.0001514008275390465
-6.090866743852019	0.9999784813948637
-8.30991611129759	0.999999870019176
-2.654804163808051	0.9621126604230189
-2.873528052499399	0.9738920451939367
-2.9530201966483416	0.9773836607772496
1.681937005648928	1.701513404970917e-8
-2.5144643467358208	0.9527340267168627
-5.508937007265673	0.9999178855907896
6.87890580315457	-1.2851806955220422e-88
-8.038064347178375	0.9999997569305473
7.004493230615466	1.3569879140001179e-90
5.90170073784979	-3.842564423729201e-74
-1.362751661690794	0.8224733433559983
0.3239204483831415	0.2519657154082119
7.017140422476839	1.3437869041289774e-90
-5.1632044729425	0.9998181899338181
7.552079734109178	3.281528075318452e-99
9.692540645907222	-1.7344529645737655e-131
3.148642346551025	-7.74770911786759e-32
3.379539752909487	-1.7232808196733644e-35
4.40729264533176	-4.5909840149791427e-51
7.1568677704216235	7.36208722282405e-94
5.1146760760742005	1.0380679421325058e-61
2.7211866263111606	5.478515660032982e-25
-6.0115355324818776	0.9999741701375736
-1.600060113216406	0.8572149976935479
-3.3310606962704847	0.9891432851624502
1.041182915353179	0.006509379383125079
2.6914515803587236	-2.8568799941719737e-25
-8.824709237153524	0.9999999602729145
4.422985312193447	3.811084314202622e-52
-9.842988175427859	0.9999999961910276
0.23772670457631406	0.2979386798673806
5.978583688597245	-7.688193308071497e-75
6.14760865499678	-2.1802443841254665e-77
-5.9915529655897215	0.9999729542976973
6.233092489809991	2.671199799112909e-79
7.571772943722593	-4.313223412112885e-99
-7.099205620526328	0.9999978885582994
-0.3914898608989468	0.5930285363688189
2.0164838263892815	1.2358949291032703e-14
5.890980031028326	7.215981239774524e-74
-9.72067138580325	0.9999999949519403
5.031814598846012	8.006952695872733e-61
-1.994911296764478	0.905619002537029
9.50160094909268	6.617775628129457e-129
-3.678588489871668	0.9947819016601894
-4.094500628438933	0.9979193868424261
-1.5712082558918539	0.8532080704178233
3.9407797322392177	3.6061716305815757e-44
-1.9339424217263321	0.8988202231267943
8.729810250434241	7.517047604858768e-117
-2.7481413020392065	0.9675409964348894
-2.8197867598190562	0.9712989546929715
4.4117439584598515	-3.307092418539885e-51
-4.042797430098033	0.9976636639774836
-7.658912943777714	0.9999994180576048
6.6941667390525765	-7.954336918365924e-87
-4.513035147559767	0.9991937886218063
-8.165247142029216	0.9999998186374169
4.885412034620664	-1.4321970506605948e-58
-1.3350923204996157	0.8180360339797283
9.269521523771303	-7.92011528230787e-126
-7.447552119434664	0.9999990532422558
-9.353750416048715	0.9999999882497929
8.031182075317918	-5.306985459088599e-107
-8.68852288013866	0.9999999456408173
-0.9691352445937085	0.751024633245369
4.797503386202964	-2.7009005618950896e-57
-4.287151217583145	0.9986527571179593
-2.292132536215461	0.9349361754310476
-2.4856808808232422	0.9506271290620522
8.780856378248568	-1.6634727856365597e-117
5.950012247134989	4.695190931906468e-75
6.812269667740907	-8.450598432267794e-88
8.928050370213263	-3.300644402955781e-120
-3.7465006982479343	0.9954983516129402
0.4022714962392193	0.20822558981012337
8.56863055571975	-1.0333035514797804e-114
4.045035444967047	-2.6364005892917424e-45
-1.517829776460653	0.8458680912827407
5.85429195416841	-5.288078149513778e-73
-5.624291864564048	0.9999370251815469
0.9456316756077889	0.015604148552105929
-7.438006101011059	0.9999990322019802
7.150999848505698	3.259073196850291e-93
-2.7945182554955394	0.9700121554737341
2.7239730604506995	4.745327704766175e-25
6.606050862850694	-2.7969284247601496e-85
6.952188858412661	2.5359411662949284e-90
-4.8529392835395635	0.9996294275378012
-7.267899079975129	0.9999985681780695
-8.64990181194134	0.999999940585289
0.6189220023127096	0.10393011293315686
1.4897103485010845	4.672343785104507e-6
-8.451086036056822	0.9999999060905024
2.1960349330148397	5.628385181004089e-17
0.0002641747633838065	0.42659360985180994
5.459553633507088	-5.859046026605018e-67
6.005287651097365	-1.0872014447312214e-76
4.8854939791452665	-1.3937592312703683e-58
8.17504566534771	-2.7536768041513185e-108
2.7636590543497697	-1.307004218683493e-25
-2.4408320681117157	0.9472442316588137
0.1387995633444028	0.35290548746997363
5.0135371574737455	-2.1701592288044716e-60
-8.153639242182514	0.9999998137245074
2.5614523858722738	7.456428595392373e-23
-7.027650238761796	0.9999975103834626
-1.135152971744322	0.7839094218017423
-7.124831648061316	0.9999980095387755
-5.066405113512515	0.9997729219194135
0.17245338839605218	0.33435284931420156
-0.8433556567262634	0.723760504841027
-4.8203486898507775	0.999600689939297
6.449604674009429	-5.331283694995547e-82
2.7759620941189844	-3.844414338006675e-26
0.4595430571363135	0.17755783454045193
2.8525798871239196	-6.226933665593521e-28
-0.6569056893108325	0.6762621819262861
-1.46284689676364	0.8378911583564459
-4.38357392803836	0.9989174820865084
8.035748262284564	3.17035488574893e-107
-6.384351525978116	0.9999890507125185
7.073769396845204	6.306442983498359e-92
5.468322347294441	-6.355310957773779e-67
5.64483330570984	3.554918983853663e-70
8.3626634878194	2.5855721393152385e-113
8.178707069025414	-2.6100299706827263e-108
-7.51700330109248	0.9999991931583059
-3.7859021258365644	0.9958701769183854
0.49575649905717256	0.15896100571932445
7.327050218710308	1.5750268721126767e-95
-2.7704240200326735	0.9687452347612562
-1.317239133040772	0.8151347520819897
-7.2058920406075755	0.9999983484371336
4.469092093240267	-7.773661422761239e-52
7.552246516380507	3.148357361504162e-99
-8.943437458450209	0.9999999697755436
2.3413391874777503	1.2532162000011728e-20
8.405928378139365	-3.8902785098614504e-112
5.097074108705799	-9.567172834608887e-62
8.715214027088521	1.9807358812508672e-118
2.225172592978314	-1.1559805483261951e-17
-5.040163693134501	0.9997588200207359
-2.644406831971131	0.9614682216175012
6.435120166988604	-2.8329417431946405e-82
9.172333201820354	-4.249765211034725e-124
-6.203808117206195	0.999983407987254
3.631821184821966	5.3420592095247973e-39
-5.998855669923651	0.9999734051266992
-8.11233915392057	0.9999997951406683
0.6803297882988435	0.07932581050403678
-7.23759303175842	0.9999984646944523
-4.665427515337961	0.9994307242553878
-4.124899926106931	0.9980567764179539
-8.985002385686439	0.9999999725341171
-0.21257181597836627	0.5241467862514626
-6.2180977855014286	0.999983944927148
-4.833467127107527	0.9996125148217573
1.4849987912430471	5.099030908085109e-6
2.6048486550947736	-1.360711856948063e-23
-6.022079883660725	0.9999747895205015
-9.00784922991412	0.9999999739416585
-6.097992815582791	0.999978831507796
2.67159483647713	-2.5611771953565147e-24
-9.215760482140274	0.9999999838550929
2.178333721117127	-1.0008446196659186e-17
-5.456329503767177	0.9999073234153091
-1.3257144650981711	0.8165157393677317
4.020769498450921	1.8069628201024686e-45
-9.928925786055828	0.9999999968748435
-6.707306491068548	0.9999947945087408
-9.436727416525956	0.9999999902933692
8.666708907888697	-1.0079014071590042e-116
3.589281547087232	-1.436529144774565e-38
-9.445106678391536	0.9999999904788532
-5.04493494549104	0.9997614474451372
5.239256259396141	-1.4173764836553834e-63
-1.731496677533313	0.8746486500827758
2.5384666930565825	-2.7936507426168007e-22
-7.526405966999428	0.9999992104387965
2.059710405035471	-3.9635977204666155e-15
8.238441384990708	-1.3863517938862136e-110
0.4220766572341752	0.19745539485063493
-7.576175815765294	0.9999992959293627
6.7242215211813985	2.7384809081552252e-86
-5.183676335863079	0.9998265433056515
7.944223010364585	-5.011448305314576e-105
-2.6721089716348834	0.9631674090161286
-7.966799891289047	0.9999997135857416
0.024922900446906482	0.41388905971297163
-7.451551093208644	0.9999990619198348
-4.7773532279819975	0.9995593592232381
3.60819817606461	9.557469156060812e-39
-9.53965962424892	0.9999999923416316
-5.934146301298608	0.999969133711017
1.5751788501611372	5.235401209479778e-7
5.304281007620833	-8.126043974310407e-65
-8.537866667649471	0.9999999230995252
9.586736894735026	-5.444239356557024e-130
-1.9415745476621602	0.899684915828352
-0.5877890811928097	0.6573132421017894
-8.51952044561758	0.999999919781363
-8.550652555709757	0.9999999253305104
5.686919477581679	-2.187556206768587e-70
-9.066445983537577	0.9999999772306941
8.435709598580114	2.8853855685454565e-112
4.849849330810034	-3.2552025135615466e-58
-3.0881012073278358	0.9824375628469015
5.073592451122369	-4.8923513514890776e-61
1.819566330534549	1.4073099248277114e-10
-6.663197041146449	0.9999942380716039
-7.167585546318342	0.9999981961485132
-1.4474287157009833	0.8355874017159549
-8.46258235803293	0.9999999085438258
-0.549763578689868	0.6458016627240252
-3.2603394009011177	0.9874731387510349
4.173830145969394	-2.8661312503461736e-47
-6.221951491368478	0.9999840867342747
-3.774585057781059	0.99576648315303
-8.522144730998114	0.9999999202646348
8.414054504316411	2.820064816375607e-114
7.038674442494223	-2.393408900000058e-91
5.284902421547519	2.036540000798557e-64
-8.742402665916202	0.9999999519831986
2.1839872078956866	3.282499437789736e-17
-2.6760361880313788	0.9634037033890982
0.4241002459655707	0.1963660399407964
1.3314023026375885	0.00012701604229771284
4.286842816264315	7.609353724399695e-51
-2.203241712634827	0.9267805160381833
-2.1781753994540365	0.924375363110861
5.162708403541284	-2.5778740137769744e-62
2.6221430664720167	4.4539718625564886e-24
1.8972599118942348	6.298652683765597e-12
0.42042120702965313	0.1983480213223967
9.961470360232699	3.962434786657621e-136
9.942720336687358	2.840345295253299e-135
-9.122607235576773	0.9999999799926843
8.434074909375884	2.9672859133671377e-112
8.439281340219814	2.602719478252105e-112
9.155878324166629	-2.427056858131993e-123
1.21787656948689	0.0008253702869120326
9.818251272311972	-8.498090945845157e-134
9.756088383078357	-1.5702391285161237e-132
1.5420582726180996	1.278560197719445e-6
9.60449042840791	-2.8483520861988445e-130
-4.821025737785698	0.9996013089187801
9.083512420742522	-4.005641128380369e-122
-5.377050118334279	0.9998887883157878
-9.870039866193583	0.9999999964210466
4.474194940268795	-7.348392401295591e-52
9.151711842079436	-2.3908969181840684e-123
8.209656908802465	5.846445774290252e-109
7.902025045036613	1.0230287391703449e-104
-6.785466976962273	0.9999956518373089
4.73669290664095	3.129272879541581e-56
-7.888398856245877	0.9999996569200594
2.91898331568245	5.94122935330334e-29
3.7958733071669126	-6.730081335780225e-42
-2.8577439144437866	0.9731502867159758
-9.718007985129763	0.999999994920887
-4.525802047633776	0.9992169208360115
-8.818049495337018	0.9999999596590189
-7.573282948569875	0.9999992912239363
-5.866596396898256	0.9999639415914553
-9.19792565947143	0.999999983178282
-2.7906904249014985	0.9698133720963432
1.404791770628723	2.8740489639939535e-5
-9.19165259959577	0.9999999829335404
-7.760500230531386	0.9999995394324295
2.085629278177148	-9.478403329113367e-16
5.855759663809742	-4.473659319639596e-73
-5.826676864387186	0.9999604717593816
7.8122382058349125	1.9127241735894257e-104
-3.9301763807672074	0.9969965822276288
-3.9247333268947937	0.9969600589010081
7.279646190418699	-1.3983254229547856e-94
-7.248868005547839	0.9999985040401502
-1.291195507945444	0.8108236647745052
0.2944208633711689	0.26861433402257884
-7.844722009731608	0.9999996206221102
-9.91685111626257	0.9999999967867406
-7.9078310251176465	0.9999996719324069
4.019899521011595	2.458229660751349e-45
-6.417771598675395	0.9999898615826363
9.2941481973958	-1.856684752238498e-125
-8.594680084471431	0.9999999325292303
1.7267396819136849	3.0904568838748894e-9
7.110683926375195	-2.1270701869389332e-92
9.638317604840342	1.2086856605456086e-130
-0.32330326717240787	0.5688209440484999
9.07806493858168	-4.4467909901624936e-122
0.9234994171341881	0.018689084968241676
-2.944015140759828	0.9770081954065213
-3.4970989278911446	0.9923077995134613
-2.7129245076828257	0.9655679921573782
1.4148730445944722	2.294611976014001e-5
-8.44973330660984	0.9999999057975353
-6.040314951852279	0.9999758258277833
6.423703897682628	1.0115817801622721e-81
2.7253021370005204	4.361681848282195e-25
-6.607119185314141	0.9999934439587845
-1.043578953712526	0.766279002524206
6.110085595694194	9.495158994815466e-77
-6.037657318448799	0.9999756774849208
-0.49055925324447713	0.6269759928569894
3.8263010855498347	1.822070564377537e-42
-0.5373419189964359	0.6419507711702798
9.237513234372084	-2.850498289642187e-126
1.4697561801174253	6.768276824786023e-6
4.1045711784467045	-1.940355925095035e-46
6.782950760409907	3.349360700597747e-87
-5.182693351649976	0.9998261511030585
-1.805177781057857	0.8838073679685838
-6.1649035263842356	0.9999818533970957
0.4176426184391868	0.19984926348711268
-6.094374647266525	0.9999786544599486
8.523879130972194	1.275374097749265e-113
-7.93061318192235	0.9999996886985094
-0.04537772879896984	0.4479445495061045
2.6897091564143327	-4.749653365573856e-25
-5.60486338712582	0.9999341463221286
3.9466830314962653	-1.9606806232345528e-44
-6.962167030146169	0.9999971052355466
0.11414276225711362	0.3663492001312399
-9.495649455372966	0.9999999915248678
7.683497557928007	5.676411488911072e-101
2.597808655010464	-1.948642112105648e-23
5.383629335394758	-9.67913490672597e-66
-5.294629286056267	0.9998655852122207
2.873571239022251	1.6007080630924287e-27
8.595971558835803	5.626170818642512e-115
-6.143308767950377	0.9999809284862977
2.1082185867981984	1.1044309648094332e-15
-6.723946361687938	0.9999949901716338
-3.9675819641894217	0.99723635659185
-3.369590558162403	0.9899671541300661
6.852367257044371	8.85269712840786e-89
-9.569632910767062	0.9999999928523556
4.061917167084639	4.591971381582526e-46
9.859239869153683	1.5446812291308908e-134
9.489461524331475	1.4813918611486567e-128
7.151174478905649	3.1871648946797184e-93
3.0696101240837805	-2.453433629275937e-30
-3.326217810223504	0.9890355724656809
2.3831150430549144	-4.522956809050667e-20
2.5305214596260974	-3.389111916662795e-22
-0.8239136888855114	0.7191535479053169
5.494856350126586	7.935423827511235e-68
-8.619727785029632	0.9999999363104738
3.206903183833738	-8.696156088260155e-33
3.4099004241758557	1.4072727911731642e-35
-1.2587235267800079	0.8054178505457796
2.831322038064661	-8.546219378397208e-27
-2.769921909284103	0.9687184482274491
-4.496310524715228	0.9991624586969925
-0.35835148499040237	0.5810695838483471
7.333090251099396	2.9634452634007717e-96
0.5645552442412125	0.1268324336506943
0.23453361863794342	0.2996548323953629
3.1461817833080588	-1.1042397759689888e-31
-2.2873948461156024	0.9345159472908035
-9.534695049948407	0.9999999922535835
9.607078490615024	-2.2595847997798293e-130
-2.3740921477467047	0.9419369738932488
1.9251128663794823	7.195481724045614e-13
5.5137515363988285	1.187214780628552e-67
-7.645407273541007	0.9999993996761807
-1.4670264207200248	0.8385111828366291
9.088393976096746	-3.1581049726735714e-122
-5.699197862625409	0.9999469953092243
8.718373418531037	2.9121346134293904e-117
-7.316837635637463	0.9999987207612997
-7.70242531521788	0.9999994735369478
-2.3914514780747353	0.9433526212831947
-0.9167598972429367	0.740310991787915
-3.1519064352366666	0.9844748739978662
9.459007347970005	-5.847480482698332e-128
6.831261660026314	6.476695082695133e-89
-5.057250619536768	0.9997680983043705
3.7881899424697174	2.0101293391167645e-42
0.21894988362194923	0.3083302190034681
1.7674901689440503	5.678147762439073e-10
-9.265670622296769	0.9999999856078597
7.005601504504959	1.4370089501886324e-90
3.634107376254727	4.1740033879632857e-39
-7.304703388490226	0.9999986845157024
8.196133031700754	-4.628963668781178e-109
-3.6120837039601517	0.9939773185141757
-6.6631627992125875	0.9999942376173183
0.2526796077644189	0.29017452432584323
2.940805411079083	3.3139901539563317e-29
9.82019549618579	-8.98509248728699e-134
-4.588622655412435	0.9993215093054937
3.4172666236199145	4.542227160579257e-36
-2.733279055823594	0.9667192505193367
-9.895322614363966	0.9999999966234498
2.6394394628260045	1.4447351388355209e-24
4.65909880769647	-1.2452385800717923e-55
-6.528768557105646	0.9999921479076488
-9.649221722263569	0.9999999940492175
-0.5748330727116802	0.6534374923441878
5.3753335343132935	-1.2259683874297466e-65
-8.442971886713146	0.9999999043194325
8.830808015922432	1.9493946327367015e-118
6.1949765241809445	7.884307238868267e-79
-2.801036961137302	0.970348389125649
4.435355032029612	1.2520427460384673e-51
9.877904181214845	-1.090861160088502e-134
-4.17532316434174	0.9982653587082887
5.710771329272223	4.4074087041096596e-71
1.0771125856873773	0.004450059399230622
-2.5256498513444248	0.9535352174460339
8.74456352982935	5.369429201679088e-117
5.455896035403796	-4.513295627092638e-67
-0.41867431333933425	0.6026920853729119
5.032543372356084	8.204330410776297e-61
1.3043992124648476	0.00020748917267870696
-3.7313867757526564	0.9953474581087407
-9.893339393423016	0.9999999966079958
-5.3124610426320995	0.9998709838059033
-3.9048357322016836	0.9968228654739235
0.4972679955978254	0.15819793336697946
-4.223222482258837	0.9984431127893759
-6.393384288775357	0.9999892760598089
7.9027152061297485	1.2193249866906407e-104
7.200360458693243	-1.1490709501040272e-93
-7.681006270377222	0.9999994469214148
-5.440671691827448	0.9999039251190268
0.33516532004405875	0.24555932491178156
-5.848818083123328	0.999962435568873
1.4835925916122772	5.231825020057636e-6
7.159179796637694	-1.7531795350496798e-94
-6.63831237976539	0.9999938982978119
6.045729330289543	4.132773070151346e-76
9.157311706922759	-2.357791157735908e-123
-2.144508314959346	0.9211198476182828
-9.681499225243325	0.9999999944754572
6.218460855975174	-8.136631253309565e-79
6.4666420304775905	4.285426650854154e-84
-8.567595107036796	0.9999999281874049
-5.854956522352972	0.9999629625410954
9.822007610711783	-9.039606738903547e-134
-2.0772877801876133	0.9143828686997986
-9.59862833166845	0.9999999933139823
4.241942272558138	8.736594452153017e-49
0.48619094717539113	0.1638054550147275
2.9336278676558756	1.0067490389196355e-28
4.231467064297462	4.1844701944777986e-48
-6.763475647876764	0.9999954260027837
-8.510139338490475	0.9999999180297243
-1.5044444251209264	0.8439701850882586
-6.134014582286582	0.9999805160453695
7.52845850117226	1.873073683377008e-98
8.014866715765233	-3.4744009504794992e-106
-4.267197522264161	0.9985904923297722
-6.500347732094083	0.9999916169240387
-6.889953257864825	0.9999965815872667
-5.60999979975489	0.999934919965622
-8.170723931117214	0.9999998209101791
-1.1199780641125479	0.781070088908308
0.1132059905566507	0.36685830422984106
-0.8046782155992904	0.7145065745790633
-7.605807374991684	0.9999993423645608
-9.144843203294485	0.9999999809912828
-3.3789346692064015	0.9901583420056894
-6.010624538763736	0.9999741159162097
-6.8657918187144285	0.9999963860277361
0.44258256956587694	0.18649841204130158
7.171807783315867	-2.9870714281834396e-93
0.43148647254621864	0.19240561790204266
9.856868094944481	1.8995374481183188e-134
-5.692110771272105	0.9999461238216427
-8.985223301232512	0.9999999725480848
-2.373570872075259	0.9418941022018937
-9.0022448110375	0.9999999736032038
0.904770791241031	0.02159216912954053
-1.8988118251472574	0.8947874560017011
9.357273136132555	1.0645721515948569e-126
0.9969759724861618	0.00999464009217724
7.1062029136451486	-1.6415812507844494e-92
5.0285481355315795	6.226408539881203e-61
-2.5613231022051997	0.9560283739678436
5.395055266436568	-3.953753139446483e-66
-7.055917554329882	0.9999976672617698
1.9003005437816523	5.4961015274375805e-12
-6.904178250002153	0.9999966917369645
4.03184303640796	-3.115330334441771e-45
4.2445258462645	1.8827081446852575e-49
1.1148122965785454	0.002881600246154876
-7.065742139657898	0.9999977194390264
-7.792643392185559	0.9999995722890304
-9.06687195852002	0.9999999772530163
4.285574107353272	-7.023509142541922e-50
8.944960151002785	1.3606517055150096e-120
-7.7393644186528565	0.9999995164637792
4.773120200048794	-1.9231155344818869e-56
-5.060891539072374	0.9997700288710465
-9.916500794958178	0.9999999967841474
-1.0384096588304956	0.7652482566405622
-3.101154394337282	0.9828718659049667
2.9436246532701293	5.9361962637305365e-30
-7.883152258661026	0.9999996527503586
7.858074794263761	-6.060245228841122e-105
-2.2060076848363286	0.9270431844834768
0.20853262532537187	0.31424641661283803
-4.059401673481986	0.9977489545306055
-0.9760403830320108	0.7524584170482185
5.2254637523585235	5.68556878962402e-64
6.756438548856508	-9.357143448782124e-87
5.810232204602176	3.652375130199815e-72
6.09660380159977	4.749943925941467e-77
0.5547692232846622	0.13086163823786662
-7.786881058079502	0.9999995665763
7.716204966187064	-1.343562017919877e-101
-4.003780042996832	0.9974506959448136
8.063402436626177	-9.277764434566252e-108
-4.517878585070738	0.9992026429989289
-9.627420234673867	0.9999999937428655
0.8886132995738514	0.02417301281464891
8.437875620971944	2.729336839974539e-112
5.6591608534378715	-1.6833897765072065e-70
2.142230077366648	-1.1172553568649492e-16
8.325557199904793	-5.4275953901726365e-111
4.574824906096037	-2.5171530070596024e-53
-5.436717612291111	0.9999030474379667
5.22788082987069	-6.955217573550767e-65
2.753213767342114	-1.522857762471932e-25
-9.491159709014664	0.9999999914367967
4.737410519643408	3.036060178745669e-56
2.396818745746252	1.038475485039141e-20
5.602132348798058	-1.7653887860137063e-69
1.165279932580976	0.0015803459423252163
9.461839264154168	-5.190034065970783e-128
-3.5773720455786906	0.9935126540942324
6.128078491686253	1.1426530306206531e-77
-5.276590260971661	0.9998598943498402
-4.144395111048826	0.9981401779217803
-1.884491440318513	0.8931142392531378
4.078882226698486	5.970161597913468e-46
-4.486024045559369	0.9991425936747509
3.606689209956757	8.817302435372172e-39
-2.573827400489992	0.9568799119386556
-6.653843131893291	0.99999411263209
-7.0904995902249235	0.9999978458055296
7.22980282402364	7.286829391091096e-94
2.2235568776081482	-1.0135135371044425e-17
-3.9765598864328044	0.997291089595465
-3.853422392187582	0.9964402196308275
6.128914698018512	7.515496513630412e-78
4.849170682997288	-2.4324720079701473e-58
-9.159827850418099	0.9999999816359618
-9.824980964361028	0.9999999960297761
-7.060257024777203	0.9999976904538209
-8.385169911174053	0.9999998906986404
9.170987004513446	-6.166451254339652e-124
1.997741898638976	-2.509797935514699e-15
-1.188687821102139	0.7936304633802269
2.421034858209916	2.0810095514523377e-20
-0.051598806694057586	0.4507371341232806
-3.0095220643727494	0.9796267287115343
0.4367511703308935	0.1895968992745894
-6.816305487355989	0.9999959498707233
-0.9281173729502967	0.7426801485537959
6.733819114123097	-2.5631623574319787e-87
8.770999383680813	-1.5828290576000727e-117
7.786284114743111	-1.9427265042076583e-102
-2.4350324829950143	0.9467976578538828
-3.286749155686648	0.9881216728595229
-2.055733872336556	0.9121406924606595
0.9581528639133765	0.014061549631373571
0.06753763788034917	0.39147517063942083
5.358942820463671	-7.393511701651526e-66
-0.3529177745979375	0.5791750364447713
5.901548361874083	-3.7667024918418816e-74
8.865192738079358	-5.271929601645565e-119
-7.98844309184942	0.9999997275094008
8.792027168542305	-8.442645587850233e-118
-2.2975846005580047	0.935417753762852
-0.05695580957858937	0.45316106038321846
-7.178101331065396	0.9999982393005716
-8.004197350214216	0.9999997372169853
9.615540991869867	-4.4598717976082125e-131
9.956683933397489	1.0553545187696227e-135
0.683013103788003	0.07833219621986844
6.5868843961398085	-4.0977269919762426e-84
-1.8936527311801008	0.894185977413673
-0.19539398917417294	0.5167156807237047
5.335078413936554	2.124938855177398e-65
2.5659690948309546	8.104472650993387e-23
-5.577195666379229	0.9999298181863617
8.572653902819454	-1.8282324144113323e-115
-2.5655300391828995	0.9563161735628108
0.7060116196676347	0.07007766172951065
-1.3630782179080505	0.822525268464063
8.393300170789185	-1.0576294509979406e-111
-4.181769050748527	0.9982903897851455
-9.363544754427382	0.9999999885118256
-8.797175179139884	0.9999999576726813
-2.518382324342938	0.9530157598199234
2.9028845227478506	-4.284017541500301e-28
5.255529812625447	-5.387551575003371e-64
-6.067483580464175	0.9999772913882244
-8.197141341770052	0.9999998314790535
1.2101688483782844	0.0009215889413981247
-3.0185796126773345	0.9799685984541027
4.754338038708026	-7.681302516824929e-57
-2.770198934322723	0.9687332288508227
6.23988928967886	3.400586070394556e-79
-0.3449325670910053	0.5764068611757386
-4.416427482594596	0.9989953904244873
2.178151183609099	-1.1802548202887888e-17
-8.770727054611648	0.9999999550149156
9.693450556188118	-1.60527109024868e-131
0.708949653837653	0.06906048331703876
-3.3921573632435242	0.9904233210968665
-5.705886834270202	0.99994780491317
-4.111297619470742	0.9979964319270453
-7.279504247658699	0.9999986059313222
-7.393871715088185	0.9999989286815708
8.902665880056361	5.5821003742197384e-120
7.971690918036472	1.783972929281879e-107
-5.148950484954229	0.9998121377219676
-3.1345559824546987	0.9839418905545971
4.988113441422893	4.270728937951555e-60
8.994225419915512	-7.065849149449388e-121
-8.497531084120116	0.9999999156151214
4.669501163792496	5.088833670975135e-55
4.717741471902968	-3.82974633893665e-56
1.1793313316622722	0.0013528227898054058
-1.1613979549306297	0.7887293539440678
-7.158082458705004	0.9999981562428686
2.7323880003081733	2.1544537661671677e-25
-6.655616824395856	0.9999941366261174
2.1845991047887026	3.604091306670155e-17
-4.426015230546718	0.9990170640128692
-5.999876731774738	0.9999734675600597
-2.581243695323794	0.9573794343705125
-0.700024818683648	0.687878435363249
-9.311339129149436	0.9999999870444207
-4.9320904847488345	0.9996909340079023
-1.4903442489572605	0.8419355693736066
7.689268797731831	4.6675149143154746e-101
