-4.7603285403867	0.999684239365857
8.25312227283721	0.9315832419480312
-3.678112726228786	0.9965174619362999
5.90533946237306	0.9315832419684561
1.8239996633149005	0.9315832599386366
5.308648421324037	0.9315832420291721
6.488649092944986	0.9315832419531432
6.645459989743124	0.931583241950468
-7.527953949600299	0.999999455983786
1.5148499326477083	0.9315832715030408
-9.847965661671969	0.9999999973962042
4.777814478632173	0.9315832421882527
-9.324708276774558	0.9999999913131081
5.554537957533409	0.9315832419889566
0.5150586672783497	0.9315834680159403
7.561377238405662	0.9315832419482815
3.8199843422589463	0.9315832445162617
-2.9703391064866436	0.9868156770662089
0.6000594721176569	0.9315833845717141
2.7152568630281806	0.931583274555803
-9.940367429362581	0.9999999978952223
9.76617085103285	0.9315832419479504
-7.855891608290131	0.999999744331276
3.6946422370756906	0.9315832445018667
5.125333268586928	0.9315832420222835
4.5643097944994615	0.9315832422791146
-0.27989798696295587	0.9319906480471365
-7.0315911383666	0.9999982940731895
7.030732215079034	0.9315832419492542
0.9656099425682854	0.9315831759316661
6.897682278387691	0.9315832419495021
3.624734399805929	0.9315832443139126
-7.550369711464451	0.9999994833500876
-3.1336657782178046	0.989987492025721
8.891171214292939	0.9315832419479689
2.2843806534195323	0.9315831762546202
-0.9700946543183555	0.9367953844101731
7.165953251240772	0.931583241949196
4.366649377000996	0.9315832425938034
3.8057851846292365	0.9315832444984824
-6.654795274012897	0.9999959381198192
-2.8114232648396076	0.9831511502559009
-0.7919101305463627	0.9348163542946047
3.2510707841742317	0.9315832519218236
6.678895638020165	0.9315832419505956
-4.505142213245419	0.9994357429328004
-3.464224055179481	0.9946133383990745
-4.292004953101447	0.999087357355995
6.933045364881266	0.9315832419491425
-7.877212970644147	0.9999997565799555
-3.9376254158468527	0.9979996253522376
2.110618582708973	0.9315831690398869
1.6075816026332834	0.9315832715788785
2.8091376930196397	0.9315832628032021
8.799924617359626	0.9315832419479693
-2.77773304125263	0.9823051806100599
-1.7519371794488237	0.9524923935559448
-1.9624732706300385	0.9583419495385527
3.955706292510662	0.9315832432599827
1.4857019689130588	0.931583271643734
2.1855233648594954	0.9315831759813995
-3.6913835326273237	0.996612819327939
-7.325796612506772	0.9999991335066151
2.9498833541198657	0.9315832617683625
0.2835473381250164	0.9315864171700997
5.2041552594296725	0.9315832420292186
2.8318582034638276	0.9315832622714008
2.660893271375677	0.9315831687560481
-9.045513386876562	0.9999999834781313
0.6556144789007909	0.9315833705392415
9.906958781226614	0.9315832419479495
7.976068326778972	0.9315832419481131
-7.600712484276482	0.9999995398976573
9.543066068683657	0.9315832419479534
8.016735379476202	0.9315832419481125
-9.775222974598599	0.9999999969214263
-1.4706865851763382	0.9456324786413448
1.2752327353477	0.9315832723427506
2.5702690108147674	0.9315831298544394
-4.340241535463489	0.9991811082246698
-5.478223899725236	0.9999391024095894
0.1646810416314679	0.9315956977984543
4.838878549209822	0.9315832421051417
6.420774531496512	0.9315832419531201
3.116628430433078	0.9315832522656986
5.7810896251239985	0.9315832419687649
3.9751162776427975	0.9315832432474153
3.5775838076919086	0.9315832455249059
-4.133059893563442	0.9986985918558865
-8.952244260543903	0.9999999795200848
2.9328048370820916	0.9315832628747298
-4.549632831143593	0.9994898998656494
-9.225286994747094	0.9999999890784139
-4.375360615282555	0.9992433782251663
-6.212343053747551	0.9999887515865927
-8.15787470606776	0.999999872445415
-3.58268240330895	0.9957575889740707
8.366741454524789	0.9315832419480296
-6.0147718278037665	0.999982275140482
-3.6521342439620286	0.9963237523064333
-3.09296510876929	0.9892535207933582
-9.187533201827215	0.9999999880864967
5.810089391221091	0.9315832419684336
-7.352399134138263	0.9999991849891545
-7.666156624340221	0.999999604259015
-5.4753489247374	0.9999386986458079
-5.248452079790535	0.9998967592061412
-0.07462100449040499	0.9316896150649366
-4.143638947098021	0.9987288092315727
-2.9730841018559584	0.9868740248107976
1.280106956750311	0.9315832725613591
8.704666179631904	0.9315832419479725
-0.9121704540231121	0.9361119617372555
9.475680344880367	0.9315832419479531
-7.318322938029489	0.9999991184666015
-5.8376505908375	0.9999733563001311
2.552626014938898	0.9315831303591088
4.284192146657224	0.931583242594856
7.37002596075914	0.9315832419486041
4.0530760119204245	0.9315832432330631
7.871315819941003	0.9315832419481167
-9.190044168911529	0.9999999881551787
4.803409319525187	0.9315832421072823
-4.382540307371503	0.999255525969956
2.4425739235025077	0.9315831307599703
0.4262411196624871	0.9315837495364978
3.619040282476181	0.9315832442726617
6.263334147036318	0.9315832419577728
7.28769599969219	0.9315832419486106
-7.1773524311796155	0.9999987804347739
4.695838289049927	0.9315832422716325
7.301486524045288	0.9315832419486024
-1.3718535957912703	0.9435094750624539
3.5928488969864816	0.9315832446931512
-1.6452971427515983	0.9497208181865731
9.278361880707031	0.9315832419479577
-6.628234402293374	0.9999956819761142
8.595151692829525	0.9315832419479897
-8.307207808968267	0.9999999095593626
-7.005154857152562	0.9999981870099063
1.8637531491461843	0.931583260585386
2.8132313816639964	0.9315832626462004
7.706535305691471	0.9315832419482771
-3.7869975087368335	0.997232543441855
-2.1969273128822486	0.9653676454811414
0.22747465557814905	0.9315892696120069
-3.8320335876894784	0.997486655183492
7.528691872349231	0.9315832419482459
-0.3186783283015693	0.9320839660151132
-9.177717708398902	0.9999999878141748
7.274474269024722	0.9315832419486184
3.30047708812247	0.9315832469015795
8.792372688174268	0.9315832419479693
2.4246699676178807	0.9315831276616567
0.34928561738737685	0.9315846074503241
-3.470513870065779	0.9946801901489035
7.2836050417245985	0.9315832419486137
2.586018178449523	0.9315831304174846
5.785151495462234	0.9315832419686693
3.3735608414993834	0.9315832471723601
-0.5140515171087134	0.9328159668969365
-7.299375480161681	0.9999990791565943
4.03046087763081	0.931583243234097
0.245308657001031	0.9315881232772164
-8.80438586559765	0.999999971213662
9.187596802090138	0.9315832419479585
1.9476493154907182	0.9315832604019689
5.764631115346388	0.9315832419689849
-8.62177851470776	0.9999999561677739
-7.566423302270495	0.999999502099216
-1.4254529422359	0.9446414470828551
0.8187510351285088	0.9315833695341256
-6.4336191647545915	0.9999932411892453
7.494085919656463	0.9315832419483804
-2.4789965808119385	0.9739747706053022
5.099546441102403	0.9315832420331568
5.024605495039829	0.9315832421109024
9.017268897020337	0.9315832419479585
0.1395286309032695	0.9315995734020681
1.509456062736593	0.9315832714944553
-5.365321912639107	0.9999210630568858
0.6029502421865107	0.9315833832048741
4.608583496194484	0.9315832422706515
0.8225514861944916	0.9315833708460702
-7.101487095363539	0.9999985476624904
-6.630614476965486	0.9999957055725105
-2.0745651921423924	0.9616769506209147
-9.186532164572396	0.9999999880590049
-1.8135776169563034	0.9541518186312601
-8.051055861360034	0.9999998368771944
0.9568356878462794	0.9315831774754186
7.3873535687847465	0.9315832419486051
5.531067396364371	0.931583241988968
-4.18620049087961	0.9988436788115823
8.740903616507879	0.9315832419479673
8.868650401841084	0.931583241947969
8.441658987865999	0.9315832419479863
-1.7097740763923177	0.9513773450081104
-2.160622320159362	0.9642570130363854
-6.395375625012241	0.9999926191520561
-5.299730730883319	0.9999082272572808
7.1096359076676805	0.9315832419492501
-6.679860779598088	0.9999961658905941
-5.715196325586471	0.99996468638685
0.7809655360148895	0.9315833651591664
-7.852895212251467	0.9999997425611851
-6.660928990969097	0.9999959950782865
-6.267087232747839	0.999990083387055
-7.612369186600212	0.9999995520826629
6.865036534562211	0.9315832419504311
-3.9115029933856382	0.9978827752712709
-1.779084510006994	0.9532200682530251
9.082310748596978	0.9315832419479586
-4.467362832436783	0.9993853423033098
7.773045372754925	0.9315832419482482
-3.0550713243014904	0.9885366075581452
-5.738784088760123	0.9999665514433465
9.805865838147195	0.9315832419479506
1.6258259243873177	0.9315832715711584
-9.195587990807198	0.9999999883054186
3.9512905654531707	0.9315832432539095
-9.827918029081953	0.9999999972731922
-3.5880556644578876	0.9958040074415575
-3.793931664075152	0.99727315870442
1.527523599362377	0.931583271547305
3.196592125425312	0.9315832522339091
-7.7171126077775165	0.9999996480705463
-6.67272047968702	0.9999961023404185
8.37123455904905	0.9315832419480267
9.1185157149458	0.9315832419479587
9.065459452463308	0.9315832419479587
3.312814953736641	0.9315832466220311
6.224735807935069	0.9315832419582503
4.067776085957732	0.9315832432342005
-5.539220163998069	0.999947070001501
-8.79942682792497	0.9999999708830796
-7.332509267149461	0.999999146796268
-7.985615992470256	0.9999998103493963
9.498122978683522	0.9315832419479531
1.3912824900695462	0.9315832724693279
-5.421580544397777	0.9999306351575847
-2.4932597332222395	0.9744003109255986
-7.281841281725985	0.9999990412191941
-9.673738231054273	0.9999999961110351
0.24889006530660396	0.931587926065475
8.927098124876611	0.9315832419479687
8.993564267229132	0.9315832419479635
9.55447880316978	0.9315832419479534
-3.1072721791983593	0.9895158845382291
-5.258832288912276	0.9998991906036337
-8.965009367037107	0.9999999801132846
-5.987297728369665	0.9999811182260983
-2.6888910006756594	0.9799809377135058
8.52766429815864	0.9315832419479895
-0.5472480467224106	0.932993110223496
8.952354474301675	0.9315832419479694
-6.309259250682433	0.9999910008270443
-4.90516279995068	0.9997732119920881
-4.653688311630004	0.9995973509242319
7.893311187115838	0.931583241948114
1.2525888633596516	0.9315832709001985
-1.6256550004287895	0.9492295523898027
4.579847038249074	0.931583242274649
0.36952615172245906	0.9315842886741932
8.6240871590317	0.9315832419479894
-0.03472913305409975	0.9316625599733397
6.942921470665077	0.9315832419491921
3.4454725444842804	0.9315832471190434
-1.3624434513449568	0.943316396950455
-8.267971435760572	0.9999999010080478
2.216077495713801	0.9315831762409786
2.5213079633258992	0.9315831303939528
8.33594376818127	0.9315832419480311
-2.244923785230837	0.9668483586164346
-5.551802037344835	0.9999485792329965
-8.472226465390623	0.9999999381492396
-7.905547996008684	0.9999997719543512
6.896307625556581	0.9315832419495398
-0.10738342155007885	0.9317190685154667
-2.749154144894148	0.9815731174238257
-3.046079991186663	0.988361849095197
-7.527941570594234	0.9999994559682798
-7.217308699410956	0.9999988876279863
9.862981582218193	0.9315832419479508
-7.034138581442635	0.9999983040498761
7.432818977933003	0.9315832419486052
9.952764482967975	0.9315832419479491
-3.9724270834871334	0.9981458576959238
-5.252107964605002	0.9998976221382951
4.19498435656282	0.9315832426363391
7.888564108886769	0.9315832419481151
-9.347426694512313	0.9999999917558458
9.617682808412667	0.9315832419479505
0.31577079187386303	0.931585377107753
-3.472184360548325	0.9946978252715234
-3.429977791089076	0.9942366567781702
4.728099866858916	0.931583242274804
8.245070511162254	0.9315832419480313
-8.573780902718887	0.9999999510456765
-5.662115924729569	0.9999601006134465
4.7954847696447125	0.9315832421257899
1.461364436273147	0.9315832721244072
-6.037845405799858	0.9999831918241123
2.37923109204495	0.9315831423746752
9.937331150370134	0.9315832419479491
-3.489242419767571	0.9948750532757673
5.446534595161587	0.9315832419885328
-4.572880631340159	0.9995161266754666
-0.729388048313595	0.934246276487345
-9.024185860848991	0.9999999826465213
-7.625724698995349	0.9999995656473406
4.915988060507917	0.93158324211022
-7.243313553264756	0.9999989522779594
1.4749328114898308	0.9315832718367323
8.142228451987275	0.9315832419480254
-2.280710620241768	0.9679537351450083
7.6489516697981585	0.9315832419482776
5.7070382056456115	0.9315832419679863
-7.5580164792955795	0.9999994923673112
-5.208530068935433	0.9998868507990304
-0.9096991766824623	0.9360834942511091
4.8916793374602285	0.9315832421103311
2.4545889047198557	0.9315831313393765
9.11436374796773	0.9315832419479587
4.745783591446555	0.9315832422770047
1.3051051311514872	0.9315832726071831
5.092468421685137	0.9315832420434684
-6.575146415640281	0.9999951206038835
9.978346190019035	0.9315832419479494
-4.721190791817755	0.9996547511765244
-8.037261333014524	0.9999998316127935
2.5452866033307373	0.9315831304980968
-4.926868222000542	0.9997842007457373
7.380396981616336	0.9315832419486049
-4.232402095350651	0.9989569976269876
-8.009566472305547	0.9999998205250441
-4.877193036711387	0.9997582284366953
1.8918069505648027	0.9315832604155458
3.834229185457442	0.9315832445670402
4.482176976181606	0.9315832423853032
-0.5409518494209422	0.932958321016102
9.653378237314207	0.9315832419479504
-0.3694308738311669	0.9322219160529952
9.34748369790876	0.9315832419479528
-9.506039594521702	0.9999999942781946
-4.5595178367458455	0.9995012186416863
-7.685047361272863	0.9999996211035613
0.9107235659454815	0.9315831833834392
2.2313232903126092	0.931583176312674
1.3344217824107663	0.9315832724210671
-9.469913446188638	0.9999999937818773
-3.1105322544316394	0.9895750048834361
-6.292033782184743	0.9999906368128463
8.086761527899512	0.9315832419480752
4.066136688414609	0.9315832432339667
-9.694815952691505	0.9999999962952701
-3.408381629184598	0.993987846128992
1.1193587537071092	0.9315831708540779
9.891550500523017	0.9315832419479502
-7.815807892340176	0.9999997196109188
-7.7825790176735055	0.9999996973158088
7.636675655323071	0.9315832419482776
-0.882486813229173	0.9357709510174559
-4.079097511650742	0.9985333828923374
-5.930408998873569	0.9999784771880843
5.211467187785047	0.9315832420292935
-4.907438693697257	0.999774389819304
-6.7891992524585065	0.9999970191740251
-0.4349111723942265	0.9324569348283035
-6.1141624448228304	0.9999858994246318
7.706548561211406	0.9315832419482772
1.21422530303815	0.9315832740848071
-8.08211148790388	0.9999998481345005
3.0963127317109986	0.9315832522228321
4.249869409650575	0.93158324260101
4.471134353272532	0.9315832424697518
-3.875095955802621	0.9977091750242288
-1.045382585222967	0.9378296895421043
0.7927303914753416	0.9315833637249386
9.951845913190013	0.9315832419479491
-4.468541686069489	0.9993869798871425
8.137290673718628	0.9315832419480239
6.560232627784977	0.9315832419530344
-4.133495641097009	0.9986998500536178
2.4568624629684077	0.9315831313286009
-4.664840200932501	0.9996074460231434
-0.4684145392640904	0.9325982173396653
1.5724391768353776	0.9315832715811755
-2.0655826545227773	0.9614071633847346
-9.915119282988192	0.9999999977692344
-5.090141760410085	0.999851541397556
-8.367583891472776	0.9999999212976578
-1.8983184461430547	0.956484626380114
-5.346971027751448	0.9999176640529671
0.8205228051347504	0.9315833702190653
-6.1112767676961655	0.9999858054586418
7.120436317820488	0.9315832419492469
0.9797728076226608	0.9315831740510458
6.462030018881471	0.9315832419531344
0.5553631623948796	0.9315834232537843
-5.793425537864132	0.9999705025435552
-7.772150432970379	0.9999996899596536
-6.26590627790673	0.9999900563921323
4.001771368705596	0.9315832432266772
4.261297294786646	0.9315832426076925
-0.27869046552271826	0.9319878902894505
3.656834636997864	0.9315832445714227
-7.840965771385671	0.9999997353916583
8.242661619441183	0.9315832419480311
-3.075741901594302	0.9889315636429381
8.485061261446539	0.9315832419479904
-3.039451484869482	0.9882318430187172
-7.978784167518058	0.9999998073424571
-0.6707104555543388	0.933774036328035
-8.057804565486549	0.9999998393924293
-5.117397038246536	0.9998605364538418
1.0446184524851798	0.931583173377289
9.834553289701049	0.9315832419479506
-4.89244892818435	0.9997665189978979
-2.703238261529166	0.9803664529685379
7.759641628976233	0.9315832419482794
-3.6181876528507173	0.9960560577405041
5.228723865224643	0.931583242029647
-3.430171373990998	0.9942388471494825
7.322343076540889	0.9315832419486021
0.1521542882935769	0.9315975173931584
8.505214502514345	0.9315832419479897
-5.226396620881797	0.9998913972519734
-7.669225587102688	0.9999996070456467
-7.826351734784183	0.9999997263361902
0.3951008612082987	0.9315839916195019
7.781575881331385	0.9315832419482177
8.926803898891684	0.9315832419479686
3.8638290660072627	0.9315832441730564
2.859361854093354	0.9315832624786179
-7.711280618262415	0.9999996433127925
4.396115849477296	0.9315832425922141
-1.1829207477663815	0.9400027023480678
9.942979911409154	0.9315832419479492
-9.684823039789322	0.9999999962090392
-1.868948979364987	0.9556511706530739
-6.37812643595951	0.9999923201704763
5.05539519628031	0.9315832421071909
9.397030319625038	0.9315832419479533
6.74771172704358	0.9315832419505533
9.590787886229709	0.9315832419479521
1.9317070264880787	0.9315832603749309
-3.1676960699276258	0.9905721767733651
-5.944102063651533	0.9999791448074641
3.9374362268117835	0.9315832431987764
-0.5671677394614569	0.9331072657277694
4.6564238216806775	0.9315832422720292
6.161943377824755	0.9315832419582801
-2.5623666784666277	0.9764315165606056
-3.5497426307579882	0.9954629959432729
-2.822981814858334	0.9834359874419546
6.467716553440596	0.9315832419531349
-7.587802827653505	0.9999995260158321
-7.5135874111342815	0.9999994376870198
-2.521155665647905	0.9752270939854192
-8.53788704145484	0.9999999468277736
8.721836399185555	0.9315832419479673
-4.933245229581482	0.9997873274439457
9.53310478147705	0.9315832419479533
9.606442386347211	0.9315832419479512
4.96374073712615	0.9315832421106844
-7.834292381506716	0.9999997312943196
-8.363103848740433	0.9999999204815841
6.678323655686992	0.9315832419505972
-3.392940070674495	0.993804460322341
-6.134129023857944	0.9999865327785038
-8.60952322506527	0.9999999549132664
0.9499685600551508	0.931583178635444
0.7830960805943867	0.9315833648920644
3.375092053790393	0.9315832471632749
6.19142635067616	0.931583241958295
5.74898339309982	0.9315832419684288
-7.763333537593624	0.9999996836010178
3.8200290634817424	0.9315832445164136
3.5062738672991323	0.9315832470853388
-7.827079043049303	0.9999997267941014
9.418126008021254	0.9315832419479532
2.1218323980971032	0.9315831710046159
-4.49805517599474	0.9994266086086807
-5.418537103561829	0.9999301483232935
-1.2788347712521375	0.9416710972065779
7.5972587877926365	0.9315832419482777
-5.865637366694436	0.9999750179442585
-3.548481755941175	0.9954513706723462
7.42221601832863	0.9315832419486001
-8.259650353761057	0.9999998990930773
-4.166498353414267	0.9987918096254744
7.160465445690175	0.931583241949244
5.520608512377919	0.9315832419888712
-5.017497255496868	0.9998246447271603
4.9703554451048415	0.9315832421107904
5.555216626419014	0.9315832419889554
-6.538513917777236	0.9999946912369433
1.8554067281696085	0.9315832606446665
-2.1689678511088317	0.9645092924101326
-7.866104439165804	0.9999997502734391
-7.393628562827974	0.9999992588009949
-3.3914953796680214	0.9937870668895731
-3.417084897976186	0.9940891838882768
-9.167410908119656	0.9999999875215185
0.4188351768322853	0.9315837970704296
4.50188380260354	0.9315832422671028
-2.36857772210862	0.9706566082551163
-2.5689527468898232	0.9766221122159094
-4.269010230470793	0.9990390604781114
-8.335618768561698	0.9999999152864848
6.75287113948265	0.9315832419505525
-3.092731763510135	0.9892492028788034
-4.91898182873777	0.9997802707145547
-8.808797931555667	0.9999999715046262
6.265045847107324	0.9315832419576238
-7.861061358395833	0.9999997473566803
9.897151354348534	0.9315832419479498
-7.786777342765081	0.9999997002277153
3.1452064938268265	0.9315832522755555
3.766563287045038	0.93158324451631
0.7674950116786228	0.9315833659679075
-6.772105823664067	0.999996899522362
-5.556241979520267	0.999949101495832
-3.6833632307314357	0.9965554758164582
6.735905270670411	0.9315832419505529
-9.583833294984846	0.9999999952165712
-5.182785807190786	0.9998799641360091
8.28952787630719	0.9315832419480312
2.5416399675109425	0.9315831305297689
4.905608855453597	0.9315832421098607
6.865294830324835	0.9315832419504259
8.849475394224608	0.9315832419479687
7.471782741102121	0.9315832419485468
-4.444100989315372	0.9993521349762666
5.493683274053902	0.9315832419888704
2.3847508888708155	0.9315831371251792
7.318613253401974	0.9315832419486014
2.6223775382243275	0.9315831274561432
-8.33526669553294	0.9999999152177816
1.0962212736825236	0.9315831743125478
-3.73130276778332	0.9968855428065159
-8.44343073887956	0.9999999339091968
-7.954801194864798	0.999999796404181
7.851825657573723	0.9315832419481095
9.861854632765386	0.9315832419479507
-3.413887088307672	0.9940521181344194
2.776880570077944	0.9315832618545371
7.137222630841194	0.931583241949268
-6.151511496994497	0.9999870609604053
-3.209842188192127	0.9912601895795388
-2.8535117218325246	0.9841749206806266
0.014281948668211086	0.9316372675325714
-0.6165268939731572	0.9334130186114128
-1.9971221894304705	0.9593627587557935
-1.5803863327094767	0.9481180476820071
-9.608112956057834	0.9999999954766555
1.6779104766208732	0.9315832716022231
1.2129022162613126	0.9315832740448817
-3.0422254954826666	0.9882863721003732
-1.454139138256405	0.9452665345038885
-4.42158874179817	0.9993183233408285
6.214810979660651	0.9315832419582166
-6.446834081090147	0.9999934437139133
0.38345486585151356	0.9315841144235459
-0.9357036328328618	0.936382066807884
-3.1835780559791482	0.9908361042934707
-9.817580237103169	0.9999999972075054
-8.93333402906563	0.9999999786086431
-7.628777266249909	0.9999995686895858
4.409183133167026	0.9315832425893775
-5.768209598626544	0.9999687407505745
-8.96292344148533	0.9999999800175381
1.0036352817994487	0.9315831733799909
3.197181801209874	0.9315832522313533
-0.28407161895494326	0.9320002739758971
-4.097066702761176	0.9985905162305321
-0.14254786402117858	0.9317571789719229
-0.4212665701966287	0.9324036743832606
-1.625695692226742	0.9492305628509783
7.887895580897236	0.931583241948115
1.3716954362480784	0.9315832724935345
-7.360969219694113	0.9999992009140837
6.343971195074328	0.9315832419529572
5.209857283257065	0.9315832420292671
0.6641887475534602	0.9315833694301743
-8.040387752141172	0.9999998328206265
2.1493214833160543	0.9315831778636477
8.457327311305676	0.9315832419479891
5.488787378497548	0.931583241989026
5.639752403993089	0.9315832419897766
2.678026546727498	0.9315832216689586
-6.0159571511183385	0.9999823234268038
-7.301429551540011	0.9999990835014901
-0.5478257809212028	0.9329963322497177
6.293008363019283	0.9315832419544032
3.575582764587381	0.9315832456489946
-9.761752950617781	0.9999999968244454
1.5648728730300263	0.9315832715881274
8.573732642514766	0.9315832419479896
3.2563026487396876	0.9315832514716194
-9.426725369058047	0.9999999931317288
-5.4022346183689685	0.9999274818818219
6.493818355188022	0.9315832419531408
4.376092393087578	0.9315832425944021
-5.442102076090447	0.9999338306128037
3.1187347571399204	0.9315832522707034
2.286510332392343	0.9315831761824923
9.769096773473443	0.9315832419479508
-1.5237559825996705	0.9468223115784298
7.083240041469303	0.931583241949257
-6.559566531735355	0.9999949424077621
-6.069890618839335	0.9999843868761004
7.547612402906104	0.9315832419482658
5.309447641083391	0.9315832420291559
-2.664566712124077	0.9793188525360489
2.1090196139829906	0.9315831690840274
-0.29179040558054226	0.9320184218027748
-7.927569055266792	0.9999997832291859
7.611417343958493	0.9315832419482759
-8.34050681553621	0.9999999162345993
-8.391343487602377	0.9999999254876698
-8.783754353995175	0.9999999698131591
4.957490130527082	0.9315832421106518
5.764828247099132	0.9315832419689858
-6.786472044144571	0.9999970003981666
-6.726313094222589	0.9999965547791071
3.175688851189115	0.9315832522914591
2.341658391652505	0.9315831764832504
2.3866913834666725	0.9315831354634153
6.725180464357834	0.9315832419505468
-3.417577790663797	0.9940948796576435
6.022630678985436	0.9315832419572851
-1.5773688569989552	0.9480454934784649
-6.675054657097346	0.999996123230166
9.35236543719357	0.9315832419479531
2.7973236804363886	0.9315832631126003
5.845320466032522	0.9315832419685458
1.0270614044150772	0.9315831735531289
-3.2993107414029232	0.9925912883745196
4.831314995433825	0.9315832420997412
-9.508277329032527	0.9999999943076008
-9.563680720893558	0.9999999949893742
6.086359597811427	0.9315832419583482
-1.8817352925903421	0.9560105397349169
4.22705481307975	0.9315832425447034
-2.4343098952112685	0.9726441688134647
8.312693181575362	0.9315832419480308
7.702742993600037	0.9315832419482775
2.2228988295646737	0.9315831763100711
-3.0387043536129887	0.9882171264471703
7.95906872878378	0.9315832419481133
-9.93380110056254	0.9999999978631557
8.183251950391224	0.9315832419480329
-8.015665202626202	0.9999998230277481
-6.764244126365622	0.9999968428909117
7.264045907706244	0.9315832419486161
3.987830384993938	0.9315832432310981
-0.33595882434912383	0.9321275117749577
5.6541517080406045	0.9315832419888407
6.839675488578074	0.9315832419505917
-9.860837502955505	0.9999999974722447
-5.27439440707878	0.9999027292099059
2.0759620197015636	0.9315832030666523
-2.147996474605134	0.96387819399001
-8.231093005765867	0.9999998922348836
-7.378812912610209	0.9999992330797544
5.845509141013849	0.9315832419685456
1.6182320620579382	0.9315832715761991
-2.7848559318931043	0.9824857691557883
-6.866445479679921	0.9999975048519837
-3.601270099759497	0.9959162550411302
-8.756997943404157	0.9999999678948954
0.35235648691916666	0.9315845531024015
-3.499050222093998	0.9949746268791057
-6.958694877413749	0.9999979823186087
1.0943125517758077	0.9315831742444987
5.119973205708813	0.9315832420217589
-4.006354281444091	0.998278616632677
-8.922083761951907	0.9999999780472649
4.65794109587967	0.9315832422720293
-3.172414852283527	0.9906511859502524
1.1705790270591176	0.9315832280921773
3.414063592519007	0.9315832471087673
0.7202654507331765	0.9315833660269429
-9.844686419078696	0.9999999973764694
-9.696674566205656	0.9999999963110908
4.730339379957442	0.9315832422759834
6.2950109468382145	0.9315832419541815
6.309151131745182	0.9315832419529945
0.5189307626533548	0.931583463352904
-1.3671049166034344	0.9434118404722652
0.7702535558544099	0.9315833659169429
-3.9984254152664622	0.9982484247387298
-1.8163369741347601	0.9542262133000147
7.868652224514907	0.9315832419481168
0.264551532742864	0.9315871679798287
6.424764314817303	0.9315832419531257
0.9972535669289062	0.9315831733614842
-3.3465227868464353	0.9932251717972393
8.827122803609019	0.9315832419479689
-7.603292522639613	0.9999995426228779
3.5580456455365894	0.9315832466775116
6.41549025684408	0.931583241953113
-6.933081414640934	0.9999978597484752
0.2111825724655816	0.9315905712207632
7.563272763537803	0.9315832419482827
0.40139620708833945	0.931583933148919
-4.973186577183406	0.9998059118845166
4.363947437209269	0.931583242593624
-9.550813188215024	0.9999999948386954
3.0536853750732806	0.9315832524911021
5.979784069324857	0.9315832419637374
-1.450092659726053	0.9451776679492705
-2.1825292583636813	0.9649236487714089
1.1988528536288534	0.9315832696611577
-2.5399329725737463	0.9757782436230783
2.3513167290245818	0.9315831707266538
9.955054292927596	0.9315832419479491
4.326921512987623	0.931583242593649
-7.264673430739843	0.9999990025605499
-2.9257516537154293	0.9858437925025699
-1.3313205191710722	0.9426894549154512
7.333381958521844	0.9315832419486039
2.7536325269595316	0.9315832595935208
-3.3937131366318285	0.9938137510637695
7.059453807208982	0.9315832419492551
2.936370405416721	0.9315832628515373
-7.135367455380037	0.9999986566520582
5.261431330236395	0.931583242029629
-3.2414756014429624	0.9917507058631314
1.3341200637551651	0.9315832724200794
-9.69780011429771	0.9999999963206389
-2.9918213496354795	0.9872676971936077
1.1521210589326039	0.9315831914398651
9.145467432033925	0.9315832419479586
-0.03107938600949467	0.9316604922222967
-3.8697299388141904	0.9976824872312433
-7.702952696460454	0.9999996364071455
-7.181446015248274	0.9999987918757267
7.08315755962402	0.9315832419492569
-0.2906448970830091	0.9320157028706879
-7.779044347918362	0.9999996948422799
6.369744463640398	0.9315832419532489
-1.2171696135139687	0.9405893446398106
7.545486852270319	0.9315832419482625
0.07305312192413815	0.9316150226721204
-9.996696598650034	0.9999999979359273
1.2501551767534202	0.9315832708287602
-5.782629286949446	0.9999697607075457
-6.166941757366047	0.9999875124477022
-5.160203876399545	0.9998735804816627
5.362623584845938	0.9315832420239546
-3.441099627762636	0.9943613634227294
-9.037048651805675	0.9999999831529501
-9.262716074513833	0.9999999899802554
1.2343315003630284	0.9315832715846287
6.482516927041658	0.9315832419531423
-4.753019740239619	0.9996789287948542
5.542559648439518	0.9315832419889841
5.188350865877931	0.9315832420297334
7.3074505688082425	0.9315832419486011
5.888421497118914	0.9315832419685635
1.2689659703020375	0.9315832719376799
-5.319404485928398	0.99991228178196
-4.576960579025462	0.9995205901929487
-7.256022124143655	0.9999989824923574
6.642843729434741	0.9315832419504373
1.587280839264169	0.9315832715754503
4.266675621372569	0.93158324260641
4.070107679160646	0.9315832432345279
-9.729821355163448	0.9999999965821645
5.670552010157648	0.9315832419832724
0.2879808895194369	0.9315862590127727
-5.9250208792346015	0.9999782086650658
7.204836694828408	0.9315832419486523
7.366643765123083	0.931583241948604
8.541967729537156	0.9315832419479897
-5.304780322265681	0.9999092854078887
4.572404042332124	0.9315832422773099
-1.0807520464088594	0.938353523473041
-7.797108957458319	0.9999997072748792
0.531598321133405	0.9315834495072642
4.651973278926622	0.9315832422720723
-9.627891242317489	0.9999999956780348
5.396061680917278	0.9315832419938643
1.7263463396576562	0.9315832720092079
0.29399767465903537	0.9315860516126466
-5.041874315967445	0.9998341715438229
-4.674756480720661	0.9996162121255903
0.6073697795472821	0.931583381346577
-9.830231061497265	0.9999999972876763
8.224928095123811	0.9315832419480309
-2.062868150178332	0.9613257015508504
5.2574968090883125	0.9315832420296281
4.112889637585958	0.9315832432258525
-6.618417805849748	0.9999955832750709
-0.28432541536865585	0.9320008638261056
4.128739471648085	0.9315832432496353
-6.194727748513422	0.999988286118987
-7.720020449040641	0.9999996504190196
4.401396821187502	0.9315832425907127
-1.1181697073335926	0.9389355033370396
-1.9126333062845902	0.9568958017813342
-5.211630125575866	0.9998876530479806
-3.8220611325414255	0.9974323281910407
4.735752867454153	0.9315832422783089
4.226550135851603	0.9315832425435445
-8.52075500871948	0.9999999446883133
9.61352679656931	0.9315832419479506
4.246874098336271	0.9315832425963801
-9.896466329374434	0.9999999976713408
2.5420594124613594	0.9315831305272557
1.4392079953401051	0.9315832724806249
-2.730988750572454	0.9811007013327853
8.069108630388197	0.9315832419481058
-5.47931478460955	0.9999392549186451
-8.214584579281956	0.9999998880596583
-0.6675920162037876	0.9337511344202335
-4.053435306284077	0.9984479260334651
-9.946640224771105	0.9999999979254082
1.932024020934474	0.9315832603736574
8.656946527395853	0.9315832419479906
-1.8724557270577158	0.9557489414410892
-9.145663621908202	0.9999999868807502
0.196908381772527	0.9315919059048952
5.094664115541558	0.931583242039977
8.150464687575361	0.9315832419480288
5.642651956492939	0.9315832419898277
4.441899790130135	0.9315832426061769
5.966065095821413	0.9315832419668394
-1.3427127408691852	0.9429167620410748
-0.011304033450993956	0.931649901226812
-6.410237224124895	0.9999928674030161
-1.454734648445367	0.9452796328394009
-0.9927006900881974	0.9370943170989375
2.2522419964830362	0.9315831762598793
-9.6834581124441	0.9999999961971062
-8.11909553148773	0.9999998605317998
-9.418611341395145	0.9999999930022004
4.507840713426727	0.9315832422503244
4.484804557101869	0.9315832423658128
-9.420999210982561	0.9999999930405707
-9.864295359739383	0.9999999974922906
-2.5811951693195345	0.9769748713514937
-7.265448756763866	0.9999990043395981
5.424551742119782	0.9315832419851203
1.2001501590228614	0.9315832704422665
7.3090973376945065	0.9315832419486011
-1.5699058255248701	0.9478681246636596
7.925576758538323	0.9315832419481126
-5.690733262097671	0.9999626422941614
9.874195414762156	0.9315832419479507
2.4165389879183596	0.9315831264370574
8.1328504867701	0.9315832419480231
9.479509706400698	0.931583241947953
-2.984120175365912	0.9871068685022679
3.8914699505835237	0.9315832433748317
-1.9895210976041877	0.9591377962566882
-1.6682719099368235	0.9503036189176655
-6.311033687336165	0.9999910375115656
-6.200117400908636	0.9999884305439288
2.8720017259498043	0.9315832625099445
-6.99408410909609	0.9999981402027289
0.02562379612851018	0.931632170702239
9.8869586328288	0.9315832419479503
-6.9413492023892465	0.9999979001053337
2.9608383495670143	0.9315832597156355
-6.119613875851373	0.9999860752456664
6.292783538106065	0.9315832419544287
-7.447406490082766	0.9999993451256393
-7.7016204243093656	0.9999996352900639
6.2868932186138835	0.9315832419551257
8.27038088138957	0.9315832419480312
8.083653910415975	0.9315832419480814
1.5521137115251538	0.9315832715958464
-4.6007533904531694	0.9995458223978377
-7.880896451677364	0.9999997586357539
-3.766881749766582	0.9971115399369268
-8.646561103503227	0.9999999585989906
1.712826315972551	0.9315832715965046
3.0411306405623186	0.9315832522714036
1.8169763141530169	0.9315832596993419
-3.730923706217344	0.9968830501622862
5.049756604752904	0.9315832421117943
-7.46507018757065	0.9999993712260176
-8.557642401084893	0.9999999491922983
5.997321059400544	0.931583241959674
3.3041106417558375	0.9315832467615585
-9.373919556828767	0.9999999922437294
1.5516415592587016	0.9315832715958705
-6.239703883481154	0.9999894381780449
9.060697088806606	0.9315832419479585
0.7779183330704864	0.9315833654810226
-3.226323663197279	0.9915185052331137
-5.964758987907155	0.9999801130081033
7.2825443016780085	0.9315832419486144
3.6260578302630577	0.9315832443267275
-9.7141889146903	0.9999999964568981
-3.7572073304027853	0.9970516269341879
5.172828664098873	0.9315832420310848
6.332706874669011	0.9315832419527147
7.251742816251408	0.931583241948595
3.1762170798894154	0.9315832522914526
-6.783075651006154	0.999996976849779
2.8216778478690063	0.9315832623817178
4.026074929263821	0.9315832432336228
-5.609173371563201	0.9999549343797771
3.683294635662481	0.9315832445172227
5.70741323245533	0.931583241967908
-3.0785766436565964	0.9889850013545907
3.5243920636638784	0.931583247166
6.487759147439078	0.9315832419531435
-1.03424800282653	0.9376698673173116
0.7701878377435776	0.9315833659187137
0.6214649358784108	0.9315833769120372
2.9047149219452493	0.9315832623038713
-0.4317319657188925	0.9324443016898997
-9.436880671128502	0.9999999932904702
-9.78176192098318	0.9999999969674315
-5.201780698212577	0.9998850843581353
-6.676283221159696	0.9999961341801885
-7.535542429037707	0.9999994654066663
4.101542820717047	0.9315832432271453
-8.770310430763764	0.9999999688640968
9.236503245223432	0.9315832419479584
-6.928773105122308	0.9999978384124488
-3.872249355585229	0.9976950535452908
-6.040615707674379	0.9999832986505908
-5.790815195534202	0.9999703248636477
-1.1806481127449953	0.939963993054938
1.0625123624709545	0.9315831729862726
2.8042978539549814	0.9315832629722819
4.23907061269273	0.9315832425779511
-1.3854527310463673	0.9437914271350594
0.8548234842789881	0.9315833228199778
8.319072586893657	0.9315832419480304
-1.0072468177739289	0.9372927867075471
4.432310302125142	0.931583242604094
-4.002458744460635	0.9982638454473132
-0.3970298938524852	0.9323147529301029
-8.484992882341626	0.9999999399409032
4.844085537049882	0.9315832421087497
6.702420600350539	0.9315832419505408
5.519499367793813	0.9315832419888583
-7.997249427803377	0.9999998153621157
-9.339732239109635	0.9999999916084813
4.7871189085875265	0.9315832421530847
9.791917419941377	0.9315832419479506
-5.575696849358001	0.9999513281844847
-4.7658295597467815	0.9996881788846891
-5.712304931924286	0.9999644507335108
8.969003499785781	0.9315832419479687
2.503367813249792	0.9315831301224047
-4.387186885714587	0.9992632857840011
-2.6409586474769364	0.9786664594588093
0.9564392804497288	0.9315831775453952
0.6523659599234897	0.9315833710103226
6.022351176003056	0.9315832419572858
-7.387119291386974	0.9999992476083182
4.664452107553302	0.9315832422721404
-3.342097423277206	0.9931677037613172
3.218082901906673	0.931583252284667
1.025281040750201	0.931583173554421
-0.48607283344526664	0.9326788248832002
-4.06599893377821	0.9984903429472396
9.96731407689154	0.9315832419479493
1.7397828852802277	0.9315832716138236
6.241378735230391	0.9315832419584849
6.224837855974354	0.9315832419582513
3.77657382960869	0.9315832445184298
-3.153702591541898	0.9903349211493284
3.6005978774474166	0.9315832444257158
-5.210135261200564	0.999887266909358
8.785076768691098	0.9315832419479695
-8.881342749494255	0.9999999758882023
5.747916585790417	0.9315832419683486
6.136437663145461	0.9315832419582879
-9.400664720458728	0.9999999927069679
5.043552716104163	0.9315832421139444
-9.469536538468638	0.9999999937764783
4.384944822436916	0.9315832425943147
-2.1801953162940357	0.9648519716746986
0.42677517125252606	0.9315837463206862
-9.475308286752337	0.9999999938586415
-8.174549496553025	0.9999998772500669
9.538301222712366	0.9315832419479534
3.094995681490076	0.9315832522233815
-4.169793780765452	0.9988006393144928
8.404870992325826	0.9315832419479959
-7.758051996610926	0.9999996797297451
2.159078168823916	0.9315831778447755
-3.239303856786999	0.9917177335812708
6.151269705280594	0.931583241958285
-7.647779798780876	0.9999995871543905
8.841531330142068	0.9315832419479689
7.6769060285922635	0.9315832419482776
5.846343454712422	0.9315832419685448
4.500073170901446	0.9315832422742084
8.656329112049438	0.9315832419479906
