-9.789523103601386	0.9999999976781934
-0.5682336964921539	0.9720880173821711
-0.05074721292787743	0.9720872760634033
-6.535687374070518	0.9999958353545757
8.870810967246886	0.9720872127387709
8.457070274950024	0.9720872127387712
8.529944551600668	0.9720872127387713
-8.616947743139193	0.9999999654537779
6.4140289863251425	0.9720872127389311
1.6380190073511258	0.9720872227336168
-4.378278975091456	0.9994175032963093
0.6471156865378234	0.9720872348735582
-6.703287971463112	0.9999971685802791
-6.886154589269866	0.999998141523459
6.317035540781674	0.9720872127389183
6.187007979258393	0.9720872127390927
0.2703331622152696	0.9720872538396126
-8.462543917217666	0.9999999507048942
8.504598566340093	0.9720872127387716
7.605150498648516	0.9720872127387803
-6.755549414685094	0.9999974895637487
0.13617964598122256	0.9720872612016026
2.0128281258447025	0.9720872178201075
1.9625811616419941	0.9720872178276667
-5.458900161936202	0.9999504032245115
9.704939046406903	0.9720872127387703
-6.7430835134702205	0.9999974164692079
-1.5727956714135605	0.973543114457482
-5.594781265651196	0.9999637056000737
-7.600283673640154	0.9999996410300248
2.8727376258221238	0.9720872133873308
-9.540575398840625	0.9999999958811719
8.235060104232879	0.972087212738773
9.59834472278758	0.9720872127387703
-1.4165083645308272	0.9728918139236669
8.69816660419843	0.9720872127387712
8.736568611213492	0.9720872127387707
-7.017447391434897	0.999998626356516
2.3862595312701274	0.9720872141727137
-5.824682601096014	0.9999786086928228
9.762334652523087	0.9720872127387702
-6.761720882777649	0.9999975249816209
-8.966185060296459	0.9999999845416301
5.040620428601002	0.9720872127440029
-4.507558684675872	0.9995644843036692
2.2492346472623215	0.9720872153048143
7.3210238458946435	0.9720872127387903
-6.156050037071883	0.9999900207293178
5.518115753048608	0.9720872127400518
-1.7525692219392077	0.9746695537063389
0.017131863622363852	0.9720872620633771
1.8044276526204541	0.972087217384902
-4.166528583300062	0.9990670410809949
-1.1678801604874103	0.9723220243030414
4.749378497265013	0.9720872127490471
0.289582407017118	0.9720872501102947
-1.9706915387775492	0.9765883277407827
-6.376119248958889	0.9999939867542332
-2.732091296438899	0.9872122711073101
-5.862560037864162	0.9999803936971025
3.646390676433949	0.9720872128209329
1.2828384601307885	0.972087232003572
-9.879086938966545	0.9999999981108708
4.261028731778712	0.9720872127596545
-4.278072564951136	0.9992713582321984
-5.9084247274844515	0.9999823570815395
8.88781981993169	0.9720872127387707
-0.6088917495428703	0.9720886046147149
6.020681975420878	0.9720872127390613
0.41883577911550063	0.9720872491665542
1.437030166575628	0.9720872322129817
-5.361713614957742	0.999938000077749
-0.20954635701089686	0.9720872814178997
-9.448846017045325	0.9999999949125178
9.956519913165202	0.9720872127387702
-1.8857515571902717	0.9757566603283392
4.521452633876709	0.9720872127480397
8.952977643772748	0.9720872127387709
2.660252399960612	0.9720872138504335
8.96423620996282	0.9720872127387711
3.9940902128115763	0.9720872127793857
-6.649968932401902	0.9999967987788483
0.9246820195834751	0.9720872493737164
0.9374125651903675	0.9720872488176989
-6.8211336895559604	0.99999784140102
4.595007395776989	0.9720872127489593
-6.486849186941601	0.99999533978119
8.199243131236095	0.9720872127387731
2.9934866511349068	0.9720872130719533
-7.44848912402142	0.9999994908454661
-7.832578948082536	0.9999997897355966
3.310981205288863	0.9720872128859951
7.795292459033103	0.9720872127387773
5.6780541279808325	0.972087212739766
6.566244994610081	0.9720872127389213
8.176536789241766	0.9720872127387729
-3.2056952687596763	0.9935752746001694
-1.2068196410953504	0.9723802742928892
-5.803245135326525	0.9999775274083184
-1.1203316355968607	0.9722628200972123
-7.9949862866717325	0.9999998553362467
5.075843957523066	0.9720872127427491
-6.407409159725557	0.99999440464515
9.974561502066042	0.9720872127387702
-7.717542581215593	0.9999997259682528
0.3707058689614975	0.9720872491779429
-4.192244604799575	0.9991185328390219
4.110207053244821	0.97208721277931
5.418351047902901	0.9720872127399328
-9.800049621126995	0.9999999977337933
4.701093684364771	0.9720872127489637
-1.786511730675361	0.9749280864091772
8.422154095219845	0.9720872127387712
-1.4112194230955346	0.9728738300340711
-2.171517086135286	0.9789064212004206
6.49288720746323	0.9720872127389315
2.7228073927939853	0.9720872133395926
-7.524039889277581	0.9999995721412704
5.741084694823035	0.9720872127393888
0.9006005912950332	0.97208724980626
9.312342562684407	0.9720872127387703
-2.4129613584857035	0.9822961081896311
5.282202649422633	0.97208721274134
-5.65018129199554	0.9999680458895204
-1.6021432464324281	0.9736992181594621
-3.689812301798896	0.9974188533501471
-5.299708870096009	0.9999285165588075
-1.1030626387983489	0.9722443302274036
-5.7974193694335785	0.9999772242411519
-6.954962029670444	0.9999984138111295
-1.690777670903456	0.9742354276557067
-7.903727645135814	0.9999998215084069
-3.466818683789721	0.9959890236287025
-5.740581756002783	0.9999740434746126
0.17250413619180094	0.9720872612087103
2.2254575858428502	0.9720872153069895
6.67159758978897	0.972087212738853
-8.15196639827693	0.9999998992185919
3.4694406526109525	0.9720872129015931
-5.0941000349290055	0.9998854622137296
-3.1811575014814464	0.9933044951623364
-8.417964176514392	0.9999999453759892
-0.339732521340256	0.9720872970335683
-3.1762213435238307	0.9932491181468897
2.069013209180831	0.9720872164903384
-8.742232674893732	0.9999999741109669
-1.4772818609940508	0.9731182746663279
-6.648006518454586	0.9999967842829038
-5.111256393564956	0.9998898762135661
-9.098891615631658	0.9999999886117418
-1.5399309633084037	0.9733866037965884
5.295560680043279	0.9720872127413352
1.0191047497036045	0.9720872488958536
-3.6825683230771755	0.9973804512890639
-6.604607766670223	0.9999964463891546
-8.579957482299378	0.9999999623824293
-5.36925513028677	0.9999390644132832
-3.50699454562319	0.9962867500934683
-9.342038950032716	0.9999999934940617
-2.757092455698187	0.9875919239412242
-2.3866684304144936	0.9819059187565423
-7.128076032603805	0.9999989352404915
-1.7182849113998664	0.9744227566494753
-9.641064239651232	0.9999999967319774
-2.788941008370296	0.9880730889892312
-4.307930601123635	0.9993182647493042
0.7636341852774322	0.9720872346088081
-2.2378183340297975	0.979783675765374
-8.691398837048183	0.9999999708962094
-0.5130376243414823	0.9720875899503802
-4.141632183335426	0.9990144576514263
-0.15552565537955232	0.9720872802476224
4.882736239577401	0.972087212743924
5.349192790705391	0.9720872127413666
-8.439632169189464	0.9999999480344223
4.5251508844194746	0.9720872127481255
2.8398290353906788	0.9720872133865448
-2.0114804982053203	0.9770223026450456
1.3854619957361258	0.9720872320291204
-0.7725577404691677	0.9720971150329328
1.737327531811328	0.9720872228350627
-6.059856629734286	0.9999875479076131
-7.725346366377197	0.9999997308482794
-0.23810910358874615	0.9720872825057556
-0.4771495281517346	0.9720874495434694
3.872654357276236	0.9720872128011309
-9.390181558722688	0.9999999941767264
-9.560979701433387	0.9999999960702091
-0.4814928532667029	0.9720874625646788
7.7388068053694	0.972087212738781
2.011178682264374	0.9720872178112123
-3.3339583091047054	0.9948670502093234
9.112591725727519	0.9720872127387704
-1.216271061993277	0.9723955117434263
-7.110695520850077	0.9999988917666545
-9.721558463709083	0.9999999972848687
-3.106113186576551	0.9924303286856672
9.591320132998419	0.9720872127387703
-8.794557472213107	0.9999999770495565
2.842532560787081	0.9720872133864356
-7.369922415025845	0.9999993898813667
-4.404053756168085	0.9994502243881632
1.6854540491430967	0.9720872227193669
-9.099786326410818	0.9999999886351788
9.285444154897782	0.9720872127387706
0.5237934637807662	0.9720872497287036
-2.5915396886934294	0.9850347075281104
4.465176713827002	0.9720872127566386
7.5776652909046724	0.9720872127387805
-0.7666594286652639	0.9720964964468285
0.12898567499790659	0.9720872612106881
0.3855212470013658	0.9720872491350153
-8.674418925441163	0.999999969735787
6.804015937068254	0.9720872127388509
-2.621461877611866	0.9855017955842705
-0.4484040281446191	0.9720873836154427
-6.03083902693577	0.9999866880096642
-2.0693678203603527	0.9776739523227724
-7.79204562472557	0.999999769166578
3.1531530629312456	0.9720872130633307
6.987995221893534	0.972087212738811
-6.0876404657193905	0.9999883191544222
0.1856440811899862	0.9720872611048536
3.000071136533368	0.9720872130478081
0.9973370860691677	0.9720872489680142
4.426171900109409	0.9720872127593436
-7.6635038758708385	0.9999996896592313
-7.224595590306335	0.999999147417934
-1.1359821305261342	0.9722809249687685
-4.239366921858307	0.9992058948322721
-3.950470184267836	0.9985062510085531
-1.3728084801521803	0.9727516905519743
-7.130020123340652	0.9999989399959464
3.342119853965407	0.972087212901331
-5.182504930984746	0.9999064666940571
-2.1613544044191535	0.9787781821796865
-4.4493850750830655	0.9995034786399914
-2.6121419961569536	0.9853563367786627
-6.873912265102935	0.9999980883944832
1.750421088617271	0.9720872220363864
1.5390167191457884	0.9720872228015017
6.784732063166619	0.9720872127388511
1.8649831590952548	0.97208721789118
-3.6628627213532283	0.9972734517062316
4.248785826023372	0.972087212759393
1.6549846837572026	0.9720872227353796
4.059623091390275	0.9720872127795671
-1.802256205391295	0.9750524795426853
6.012559769496942	0.9720872127390712
7.808298533776711	0.9720872127387759
3.76274117582847	0.9720872128202583
-0.40894301487841034	0.9720873327845864
-3.3056487697918424	0.9945998425700953
-7.849037852568359	0.9999997975550451
-0.3974482757649902	0.9720873236887309
-4.287929884977935	0.9992871787787977
0.19598998137770351	0.9720872610476381
-9.144678732960937	0.9999999897512677
-6.537024889295773	0.999995848158384
-6.414754262912021	0.9999944984584769
-4.218773267249376	0.9991687910324346
-9.988703117370342	0.9999999983912027
4.1115541082027605	0.9720872127793181
-3.845009836207667	0.9981300879480213
2.106975327052547	0.9720872150691637
-0.027302538258261677	0.9720872686445154
-8.171327237859035	0.999999903612776
5.510073497067545	0.9720872127400491
-8.5183279837732	0.9999999566469018
-8.16838458647823	0.9999999029574701
0.49557991462391726	0.9720872489997449
-3.5343854904173	0.9964791470824884
2.9782678231835327	0.9720872131678839
8.265461636517259	0.9720872127387726
-2.165629640684914	0.9788318504514969
5.366548443089506	0.9720872127410601
-6.1898816091116915	0.9999907682889483
-7.652768731175832	0.9999996818925457
-3.871405081466426	0.9982316368711183
-9.114467996098288	0.999999989012954
-5.513236424211301	0.9999562241750672
7.822271651659754	0.972087212738775
-3.77803924390141	0.997848194061216
3.1130001679719754	0.9720872130627618
-9.340506595675704	0.9999999934710658
2.1187305401540435	0.9720872151056351
9.232879069592542	0.9720872127387704
-1.5794802233554606	0.9735774603617116
9.209643435837734	0.9720872127387704
-4.319610529729143	0.9993358068809052
6.162034929330609	0.9720872127390923
4.085320261480199	0.9720872127796139
-9.322339113034982	0.999999993192155
-1.6166159964206273	0.973780027038473
-4.40406757102517	0.9994502414366218
-7.328136233869915	0.9999993282630751
4.5439521913890335	0.9720872127489151
-9.823582916001893	0.9999999978533253
-7.8517813889763355	0.9999997988299142
8.929016876640347	0.9720872127387709
7.33854139423633	0.9720872127387903
8.570323392984257	0.9720872127387716
5.1167019909067015	0.9720872127410941
3.5639947712925313	0.9720872128776498
-6.44813453664578	0.999994905374362
5.534786710444429	0.9720872127400562
-8.486246602501542	0.9999999533231763
0.2841387771438839	0.972087250908178
-9.969983804324617	0.9999999983912027
2.841860955265547	0.9720872133864623
9.283218730140437	0.9720872127387707
8.883930821761929	0.9720872127387707
0.9649943993904877	0.972087248786188
2.4932827309405923	0.9720872140227259
0.9939328568336947	0.9720872489750384
7.193321802681343	0.9720872127387967
-1.8438925371579948	0.9753905343652577
-5.505210153412361	0.9999554093018986
-8.409456457808622	0.9999999442953658
9.039592859176139	0.9720872127387703
9.997274170678114	0.9720872127387704
-8.608327210694853	0.9999999647612055
2.054429860464367	0.9720872173219701
8.32946225851293	0.9720872127387729
-0.8337122029494246	0.9721058798999013
-7.484446958182325	0.9999995313025952
4.4560278946836895	0.9720872127583738
3.109092591253532	0.972087213062401
8.496027323182691	0.9720872127387717
-1.311735617191312	0.9725864610580127
-3.5154583832203112	0.9963471057004565
2.2949622369558043	0.9720872152934913
-7.127640338096253	0.9999989341718124
-0.10463627578687351	0.9720872794411715
-1.8556710131937812	0.9754896581738068
4.90776294485881	0.9720872127438692
-9.903011864609068	0.9999999982121255
-3.1637275673012555	0.9931076047703583
-2.772719894820077	0.9878282619829875
7.582145703701993	0.9720872127387806
-4.377876485476957	0.9994169775941886
-8.459541366282464	0.9999999503629015
4.989793737479328	0.9720872127438983
0.19673181981541887	0.9720872610483571
-8.827923149275021	0.9999999787467446
9.32483732541753	0.9720872127387703
0.7744118143473102	0.9720872346263559
0.3188489154416061	0.9720872489898972
5.9587867521584315	0.9720872127393987
-7.827379235843552	0.9999997872030625
1.0813582147147969	0.9720872488974811
-5.74460153409174	0.999974282336729
7.186432664684297	0.9720872127387998
8.077477280537902	0.9720872127387745
0.799533385671678	0.9720872348301133
2.6671199776265553	0.9720872137491158
-8.71177051745693	0.9999999722298731
-9.726820139732698	0.9999999973175655
0.6974344075666306	0.9720872346151865
0.12295970714098381	0.9720872612210948
6.3007439054472805	0.9720872127389464
9.548906108020429	0.9720872127387705
-7.238815179089411	0.9999991748797606
8.655243532146493	0.9720872127387716
-2.727929718344364	0.987148810443769
2.0342684565261493	0.9720872179184532
-1.4166577243553036	0.9728923258158844
-9.92021375979149	0.9999999982815531
-0.17814884927237173	0.9720872806386406
8.605220272431232	0.9720872127387713
2.9575199164409973	0.9720872133219439
-8.914527623566553	0.9999999825891047
-8.890388832462438	0.999999981593981
-8.24438806100007	0.9999999185372167
1.6330618662697116	0.9720872227363719
3.7076180111526256	0.9720872128199096
4.712915221454139	0.9720872127489378
-1.0504562985267505	0.9721971853538071
9.973038419020025	0.9720872127387705
9.865874923757922	0.9720872127387705
2.1320446920261737	0.9720872152464467
4.860440246703931	0.9720872127440052
7.489859924697662	0.9720872127387845
-8.90143229757927	0.9999999820561188
6.813994753606249	0.9720872127388505
4.552379330539722	0.9720872127491504
3.962354141782267	0.9720872127804572
-0.7336850060382094	0.972093609217502
-6.153078149240212	0.999989952238346
7.333669092277262	0.9720872127387903
-6.844837299146342	0.9999979560481351
1.4180427130114595	0.9720872322568088
9.773881131359154	0.9720872127387702
0.08222258601421473	0.9720872612820863
-3.997058329167116	0.9986489522421533
5.8698451261949245	0.9720872127394138
-3.8635672642102348	0.9982020226881425
3.544138158079919	0.9720872129027855
8.049912436326878	0.9720872127387757
1.1005489872925587	0.9720872487075605
0.3166133296461382	0.9720872489600144
8.220973497494693	0.972087212738773
-1.4028168501863156	0.9728458344130603
-4.970995026310057	0.9998481888431419
-9.903630132842988	0.9999999982146688
-3.606920045367654	0.9969487803243042
4.497354865162592	0.9720872127494653
-8.671927777416894	0.9999999695616895
-2.904206189184997	0.9897642453276181
-9.399851330680086	0.9999999943049496
-3.6694976306699134	0.9973098961375423
-5.4215065704911725	0.999945954696457
6.965098460774215	0.9720872127388114
7.166236242717137	0.9720872127388086
3.825853616880309	0.9720872128210316
-8.950117070541793	0.999999983958991
1.1586911769019004	0.9720872429920456
-9.790048343553522	0.9999999976809996
-7.307164641200865	0.9999992950306902
9.992601309193144	0.9720872127387705
-8.7824638913489	0.9999999764014976
8.267123178492216	0.9720872127387726
-8.516000619185515	0.9999999564139509
7.351318262940481	0.9720872127387902
8.661070110490709	0.9720872127387717
-3.586730790252588	0.9968237281763366
-1.0372151787551775	0.9721872827961188
8.816516906465274	0.9720872127387706
8.02234311502541	0.9720872127387755
9.369498222892915	0.9720872127387707
1.588601728052188	0.9720872226882118
-9.087825665069552	0.9999999883178418
0.5608048614966421	0.9720872430556681
1.8246379170484595	0.9720872175712254
-8.729110138792135	0.9999999733167787
-3.45635034134268	0.9959083537125409
2.3228779424818846	0.9720872153391618
-4.5863931946784	0.9996355724984098
-3.0096599021191395	0.9912108573610972
1.647829492395596	0.9720872227309743
-7.01666024076224	0.9999986238647056
-0.8797835213192684	0.9721160405931043
-8.00704515716362	0.9999998592977818
-9.535560123458522	0.9999999958333315
-0.06919380278892717	0.9720872795852823
-6.1748212926603685	0.9999904426821102
6.0620699728001135	0.9720872127390986
-5.4463997402814135	0.9999489583173711
-5.012779500447486	0.9998620258364068
-6.52064045475778	0.9999956885630975
-7.732138448887591	0.9999997350248572
7.868538115369297	0.9720872127387755
0.9372032036847457	0.9720872488235786
-9.207566035635963	0.9999999911328751
7.587647495880049	0.9720872127387806
-7.721646212680868	0.9999997285453494
-3.851765689425779	0.9981565747938231
-7.057702859791015	0.9999987479520003
-9.645210715700419	0.9999999967630308
-0.7239698050895171	0.9720929224379623
5.84193395000673	0.9720872127394141
-7.7475544746089	0.9999997442654931
-6.908365331412822	0.9999982341730997
-2.1841495426390445	0.9790691577805963
-2.8182124375375484	0.988511606882449
-0.8594963714853687	0.9721111107606798
-4.883594873763073	0.9998146349413418
0.7153291630057055	0.9720872346688424
5.266551905860858	0.9720872127413364
-8.415293483542792	0.9999999450390439
-6.195825491622653	0.9999908937235236
-0.08296648259998207	0.9720872798306487
-5.000464692411666	0.9998580833937343
1.2676537307103697	0.9720872321972502
5.7618261447218835	0.972087212739427
-2.0624077244028483	0.9775935717596245
7.965657924424004	0.9720872127387752
1.0665366725537062	0.972087248977328
-6.890994958705119	0.9999981621199977
5.218001480329487	0.9720872127413294
-5.633038615041479	0.9999667613339478
8.788072607792117	0.9720872127387706
-2.738385197524895	0.9873080859788115
-5.1033171502305485	0.9998878550460276
-9.5779997613648	0.9999999962212397
1.3913092158669613	0.9720872319814563
-1.9988624356133666	0.9768856243099793
4.435211709402971	0.9720872127596042
-8.190127829086737	0.9999999076962762
-2.5499164523142426	0.9843857513279498
4.637025804925141	0.972087212749009
-8.123362561928055	0.9999998923574129
-3.6204016861363675	0.9970299221659001
5.963457559696007	0.9720872127393759
-4.381531936092067	0.9994217351786651
-7.667631690229686	0.9999996925948951
7.514124175873427	0.9720872127387798
-5.970888878836602	0.9999847189372946
-9.776823062517881	0.9999999976092943
-6.212627541868794	0.9999912391598871
9.369930523170062	0.9720872127387704
-9.804590601699754	0.9999999977573654
-9.758678423764469	0.9999999975072955
2.472738733171944	0.9720872140392504
-8.612939688389517	0.9999999651334809
-8.21948867848366	0.9999999137302465
6.271233154304937	0.9720872127390526
-9.219779114161861	0.9999999913787587
9.348894705457731	0.9720872127387703
-8.216668247957983	0.9999999131681643
-3.4533523498067753	0.9958850124327265
5.671714891217716	0.9720872127398602
-5.975362057049991	0.999984875412673
5.498847820171587	0.9720872127400495
-1.8614411159923385	0.9755391868920527
2.086802825452075	0.9720872155202451
9.216673913085817	0.9720872127387705
5.69412586743875	0.9720872127395285
-7.284251226140044	0.9999992568393047
-1.2480139180306473	0.97244971181453
3.581785987157806	0.9720872128437752
-6.435651390370385	0.9999947568484091
5.271898343734666	0.972087212741338
2.435091412925704	0.9720872140101854
8.826893374973341	0.9720872127387707
-7.269573544778574	0.9999992312950159
8.465629269102397	0.9720872127387712
-3.104128349929316	0.9924062782351503
4.363891793549586	0.9720872127592063
-4.465865185355544	0.9995215622542234
1.3873621936353064	0.9720872320133874
-6.36073729147379	0.9999937700229021
-9.571206800849165	0.9999999961616699
-3.8016769408573525	0.9979518004083627
-0.9994630245712521	0.9721628568801488
-5.405125872549004	0.9999438826695617
7.130822524135972	0.9720872127388107
-6.073398193692348	0.9999879299652359
0.18879834156186348	0.9720872610777725
-9.387191637862742	0.9999999941364981
-8.555470433805542	0.9999999602004874
-1.0858505831584164	0.9722274356365356
-2.4388778672675793	0.9826822839286077
7.015437080976987	0.9720872127388106
-7.354442695581449	0.9999993677430972
2.666249566605714	0.9720872137623662
-0.11898398436602342	0.9720872797037212
2.829903918433864	0.9720872133868134
8.568370782253044	0.9720872127387714
8.866626130321194	0.9720872127387706
5.8920738072540715	0.9720872127394143
-2.693026142857051	0.9866130468139384
6.316974221404564	0.9720872127389184
-2.1082865746522828	0.9781328915635166
5.402141537303166	0.9720872127400811
4.331131424872998	0.9720872127592147
-0.8444922933171704	0.9721079379912898
6.6435506995313816	0.9720872127388477
4.66934908878005	0.9720872127490087
4.225006650814551	0.9720872127575059
7.67555837422233	0.9720872127387804
1.8035147048371556	0.9720872173969475
-9.06188583635993	0.9999999875988251
1.3229564961853058	0.9720872320722693
-0.4111048535850905	0.9720873347336783
-8.472382646817671	0.9999999518090986
4.31954250028857	0.9720872127591758
-3.222054457124033	0.9937516172351768
0.5352546182359763	0.9720872492574094
-5.854747994940448	0.9999800381575861
-2.056397183083134	0.9775246053930416
4.608144877373629	0.9720872127489554
-0.4989730230852949	0.9720875253583205
-3.949841146363342	0.998504231501335
-4.693125155205413	0.9997139348558068
5.607145774967787	0.9720872127400488
5.336438618703344	0.9720872127413815
-9.925093096190674	0.9999999983007509
2.5547241540815957	0.9720872140292559
-1.787262598818554	0.9749339632386453
3.1312297722288207	0.97208721306362
2.709855570240798	0.9720872133246253
3.8145536013322356	0.9720872128198667
-1.1043407008651762	0.972245645541621
6.692867031720695	0.9720872127388515
5.314099603889225	0.9720872127413195
2.157573217611368	0.9720872153580906
0.42311199955362255	0.9720872491639488
9.18735184184412	0.9720872127387703
-3.439273258296174	0.9957739693424568
7.771718708921156	0.97208721273878
-4.262256710077068	0.9992452636145068
-9.306044531355289	0.999999992931873
2.271434278494482	0.9720872153092243
7.815773161847947	0.9720872127387752
0.01425393245770934	0.9720872621313994
1.6273958153180867	0.972087222738598
-7.506309265741287	0.9999995543122602
4.612178245909885	0.9720872127489648
7.623302687154691	0.9720872127387805
-2.3091042507656256	0.980777515300552
-2.9910780948876337	0.9909641549043648
4.707394103095336	0.9720872127489408
-1.8144262785188268	0.9751500423902911
2.7590386940188836	0.9720872134001554
2.949653039957747	0.9720872133659945
-0.7758447747149866	0.972097474837503
9.520146881891929	0.9720872127387704
6.333303470417757	0.9720872127389191
-2.064841297312565	0.9776216130681158
7.217498365005053	0.9720872127387893
-3.791523800670613	0.9979078619649071
-5.045199262759903	0.9998718919035422
-2.019498259987067	0.9771102242414255
9.948714667512576	0.9720872127387702
-3.5223350130483366	0.9963955452863783
8.35610822090899	0.972087212738773
-6.148248201133084	0.9999898399222159
3.5768884145419335	0.9720872128530448
-7.7406604175445715	0.9999997401736007
-4.594437502858115	0.9996421507600765
8.56255642669457	0.9720872127387715
1.583507714465707	0.972087222699674
-8.657642519462193	0.9999999685438293
2.4775760945252365	0.9720872140325584
3.748229786294978	0.972087212820233
0.817471608940119	0.972087234305526
3.5699675491150806	0.9720872128664816
-6.166592163522515	0.9999902599435143
8.98512250259316	0.9720872127387707
1.5924796053766332	0.9720872226868278
-6.427553008263294	0.9999946581854207
2.367952698753788	0.9720872146929578
0.05888357632823116	0.9720872615358933
7.037485872173569	0.9720872127388107
-7.363731972677665	0.9999993811227043
-0.7818427000811035	0.9720981603764994
1.6447096423921828	0.9720872227309966
8.834267167875694	0.9720872127387706
7.501882602754147	0.9720872127387817
-7.626174112818749	0.9999996618043339
4.496408926243717	0.9720872127496183
-2.664486089942586	0.9861714165139672
7.39709017271808	0.9720872127387904
4.6186296737572405	0.9720872127489834
-5.3864296208699125	0.9999414207350363
1.686152348134712	0.9720872227164327
-1.2984021302430158	0.9725547012853724
2.883321762471507	0.9720872133868024
-4.570963560530865	0.9996226206247445
1.0607703530487953	0.9720872489655549
-0.04870017803794724	0.9720872754768937
-2.579579455759853	0.9848480687520951
-5.631885958549674	0.9999666731344505
1.4122150165237102	0.972087232087342
-1.5285841030973746	0.9733360261261481
5.8178910792625835	0.9720872127394115
-8.595954827197719	0.9999999637428717
-6.732393914048411	0.9999973520979373
1.5001054691866855	0.972087222041202
-2.8500161577432337	0.9889813618488533
-8.804429395879074	0.9999999775653533
-5.8367554802029264	0.9999791945929173
-4.433829144671595	0.9994857974698099
-4.5161186348041715	0.9995728178933789
-8.407415835435366	0.9999999440330086
-8.697621911129128	0.9999999713102656
3.9180910306248293	0.9720872127756637
-0.9309122157097036	0.9721315859546519
0.09703096776764397	0.9720872612463884
-6.580847522963875	0.9999962465889669
5.198670917197354	0.9720872127413241
-2.401917565094731	0.9821319312562964
9.589601655827643	0.9720872127387705
1.1319399973755395	0.9720872495096218
2.7264786734621715	0.9720872133493208
-1.968387888978027	0.9765644931960584
-6.4773461596859105	0.9999952367069787
2.656778764565807	0.972087213897397
3.973220013195249	0.9720872127801061
-6.100590866264675	0.9999886621480346
8.880494197748735	0.9720872127387706
0.10466551194761031	0.9720872612430382
-9.435755189143338	0.9999999947568331
-5.75725434931782	0.9999750199489469
-0.9101708202403724	0.9721247939466083
-1.3926204019201194	0.9728128252151144
0.4726687728525327	0.9720872492027562
-0.6441852543331539	0.9720893497523364
-4.944872139931951	0.9998388469844331
5.9638895936969725	0.9720872127393735
-8.902347273439254	0.9999999820938835
0.579102844263053	0.9720872374231426
4.182812365085763	0.9720872127655883
-2.684788782614591	0.9864858385092022
2.6883487466335474	0.9720872134460126
6.7896809961909135	0.9720872127388511
6.318619669724509	0.9720872127389174
6.122925774270961	0.9720872127390916
-1.5353958428456913	0.9733662414156828
6.47598860990081	0.9720872127389315
7.963912864248755	0.9720872127387752
-0.9851552177428466	0.9721548933238372
-9.338548227412161	0.9999999934415588
-6.747379485284695	0.9999974418960489
7.667899001927747	0.9720872127387805
6.83055215949631	0.9720872127388511
9.864059692003512	0.9720872127387703
7.599036278551878	0.9720872127387807
-4.320958437609446	0.9993378029333118
7.386735025805532	0.9720872127387906
5.378287633459099	0.9720872127407194
1.6512374185074243	0.9720872227323131
9.70206147878487	0.9720872127387701
3.3579267160119386	0.9720872129050067
-1.4157671463286512	0.9728892768524923
-7.54447966487664	0.9999995918112071
-6.21691087924189	0.9999913251070126
8.036438066609222	0.9720872127387755
-6.753748543572802	0.9999974791333969
-7.127184621987412	0.999998933052876
1.8070273699617445	0.9720872173637823
9.558667933026747	0.9720872127387709
-4.3796392764047365	0.9994192766098796
-8.59478029827426	0.9999999636446829
8.84943695883824	0.9720872127387707
4.470426442859154	0.972087212755443
9.912049238215918	0.9720872127387703
-9.462628827062623	0.999999995071439
8.858551368689792	0.9720872127387705
-1.5066597493583878	0.9732407812265308
-5.24896734652573	0.9999196899971929
-6.637108278689112	0.9999967025776838
8.941137986635333	0.9720872127387707
-9.990214388393944	0.9999999983912027
3.6591913180377347	0.9720872128220372
-4.248669907276685	0.9992221284502972
-4.407111090773319	0.9994539848159125
-0.9436012837741927	0.9721361580670564
-8.901204714488195	0.9999999820467134
-0.9586115380772675	0.9721421666596265
-6.313084717678068	0.9999930477604109
-7.233227408308607	0.9999991641953546
3.5802707793625324	0.9720872128465932
6.707294050322552	0.9720872127388507
6.187565976591763	0.9720872127390925
3.687239697018555	0.9720872128200738
6.988303519742075	0.9720872127388109
6.978302778243247	0.9720872127388115
-3.382414762341388	0.9953011848035348
7.9058065260524835	0.9720872127387755
0.5970221847129196	0.9720872343007431
7.306381074148774	0.9720872127387904
-1.5165693957206994	0.9732835148026949
-6.062738702418078	0.9999876302219365
-8.748297234180725	0.9999999744699745
-0.748301507357203	0.9720947767474164
-9.023894437510492	0.9999999864651234
2.5460035366923286	0.9720872140291645
-7.257395948368979	0.9999992094362257
-4.814829793718367	0.9997831507201023
-9.5148383860966	0.999999995629706
1.7541657046365735	0.972087221683142
7.375805383141159	0.9720872127387904
-2.0123674380686474	0.9770319886787262
3.7229621566787117	0.9720872128202316
1.059086830500453	0.9720872489596699
-0.31847113368154467	0.9720872912279653
-2.5181575951610125	0.9838926716213263
-7.941608819858672	0.9999998364175057
-6.672171979429553	0.9999969583045162
-5.785974772896765	0.9999766167305777
4.4695593029742575	0.9720872127556469
-9.63060366418151	0.9999999966523079
-0.50260794419588	0.9720875407458867
7.539464861342509	0.9720872127387794
2.428517814855349	0.97208721397343
1.0259969921205538	0.9720872488843221
7.8247680661719485	0.9720872127387747
-9.310652284987757	0.9999999930064682
-8.999275170321646	0.9999999856756918
1.2832858909557565	0.9720872320011354
3.987506261224647	0.9720872127795088
-5.244434291403075	0.9999188505020947
4.2851357526905165	0.9720872127592276
-0.7127912267025938	0.9720922123063437
2.6496478122508904	0.9720872139790921
-5.310667974358219	0.9999302920938444
-1.4390275041962255	0.9729714462116869
8.567553714567854	0.9720872127387715
6.55907384794007	0.97208721273893
-8.589256195643028	0.9999999631792992
5.69634076696488	0.9720872127395
2.5209944798733055	0.9720872140296608
-5.880021917348821	0.999981165706623
7.721334626466401	0.9720872127387807
-6.477121952811444	0.9999952342478091
2.458305636971655	0.9720872140564322
5.063576760780798	0.9720872127434417
7.677922857426349	0.9720872127387805
8.83512575882942	0.9720872127387706
8.668233290124384	0.9720872127387719
4.948057270166718	0.9720872127438953
0.5335733266698384	0.972087249418914
1.7478082826407118	0.9720872222555474
-4.4463795198181	0.9995001093848346
6.763559958853666	0.9720872127388509
-5.080807721106542	0.9998819217535881
2.113399655768923	0.9720872150717319
6.965091385255377	0.9720872127388115
1.0166582234232546	0.9720872489020204
8.400896276035986	0.972087212738772
-5.9276388784144185	0.9999831200358269
-5.77472919653919	0.9999760040285784
5.067576226103849	0.9720872127432327
3.1933781889543944	0.972087213062546
1.9672306799901982	0.9720872178298103
-7.3751384623207805	0.9999993971650799
-0.9455139219786304	0.9721368839991439
-3.219274230465885	0.9937218853421759
7.499897263985758	0.9720872127387822
2.22322061362123	0.97208721530674
9.790556183744702	0.9720872127387704
-4.496992946132705	0.9995539780223971
-4.193809948939777	0.9991215776146758
8.590125751340032	0.9720872127387715
-2.208354010177671	0.9793880173920845
4.157400287358994	0.9720872127771178
-6.958874144442957	0.9999984280344629
2.7888861774549376	0.9720872133836636
-6.956833811572336	0.999998420632387
-3.28219096920781	0.994370753474036
-7.120715669641564	0.9999989170421358
-7.574929045239767	0.9999996194497482
-3.2347526473377375	0.9938861713417944
0.26932432722662547	0.9720872540857504
-3.219193881912159	0.9937210246425183
-3.5730256887231437	0.9967363805969219
-2.156627367089934	0.9787192712875791
5.380265389865443	0.9720872127406587
-6.585492262250003	0.99999628651033
5.381919600010882	0.972087212740608
9.360798836405447	0.9720872127387703
0.6722833437173712	0.9720872346750151
-6.192839419343152	0.9999908309224902
-9.645776330669102	0.9999999967672438
8.961402065662938	0.972087212738771
-8.672515710119013	0.9999999696028682
-7.503457734835219	0.999999551376331
3.1139402748575016	0.9720872130628477
-4.661438322234779	0.9996925884607684
4.691065269487421	0.9720872127490048
9.585555333867791	0.9720872127387704
0.9128641571401133	0.9720872498917694
-0.5228066378145471	0.9720876434508858
-5.736069203713785	0.9999737726912481
2.9672686375712374	0.9720872132523047
2.079522622213762	0.9720872158790184
2.669606417368211	0.9720872137109465
-5.339740541459812	0.9999347921545348
-6.990261702425307	0.9999985376277231
4.582831359078167	0.9720872127490487
-5.221384794634756	0.9999144447314263
4.100044619399089	0.9720872127793987
3.605487874637042	0.9720872128143758
-6.158444163012291	0.9999900755654358
-8.9358253382182	0.9999999834223345
9.339780958648593	0.9720872127387702
-7.382868228558972	0.9999994077993845
-3.708680634472561	0.9975165681627981
-8.914380263301744	0.999999982583196
8.654341755044456	0.9720872127387717
-9.007312137985203	0.9999999859383375
-4.071900690251491	0.9988517330844259
-7.29225968730133	0.9999992704170793
-1.6506396011823057	0.9739801141910012
5.3972143635111625	0.9720872127401825
-8.461799848351173	0.9999999506203644
9.60591581011855	0.9720872127387701
-6.314519483834555	0.9999930706830694
-8.762948422603314	0.9999999753168917
-0.0025601338380774052	0.9720872632378752
-3.6720778769655205	0.9973239540222137
-3.7329025373728486	0.9976372119019191
6.535102057546101	0.9720872127389335
5.896236334731583	0.9720872127394138
-9.652613740132626	0.9999999968177411
-9.94009112123543	0.9999999983584318
9.845487058367489	0.9720872127387702
-1.534005414035331	0.9733600403494518
-3.48385533277062	0.9961175595204377
-3.8509057406792335	0.9981532224309464
8.295121041612902	0.9720872127387729
-3.1630281218157164	0.993099625256441
2.250480110391093	0.9720872153048533
2.7415931760515377	0.972087213388998
-7.196352869077343	0.9999990901331486
-0.9669187124402931	0.9721458390516403
-3.240940753807986	0.9939510022241218
8.35402328723957	0.9720872127387731
3.1788872515056354	0.9720872130638618
-5.137914165105721	0.9998964012208835
-0.6611769591094951	0.9720898438658389
6.18174420964332	0.9720872127390927
-6.373532684703038	0.9999939508443817
3.9577091933469397	0.9720872127804584
2.86764666446366	0.9720872133870997
-0.42638294020557055	0.9720873509672581
3.9998261021159607	0.9720872127793564
8.626557791806654	0.9720872127387715
-6.248097251541771	0.9999919259800404
3.2362508846023097	0.9720872130701587
-7.728332463559129	0.9999997326925356
-6.874395069306218	0.9999980905182386
-4.0062722188683475	0.9986756204278717
-3.1333171335106558	0.9927551384463748
8.318688037065904	0.9720872127387727
9.856334561601848	0.9720872127387702
1.6085475235678501	0.972087222717446
-1.4432039130977046	0.9729867545322489
8.359834745712593	0.9720872127387729
-1.8333785082432676	0.975303814689721
-0.24417748801882766	0.9720872828131323
-5.71880096207507	0.9999727101859405
-2.673342314291154	0.9863087121058065
-1.2063187691994095	0.9723794767024198
9.585777862268344	0.9720872127387705
7.400050645627047	0.9720872127387906
-1.1118822576637655	0.9722535794314265
-0.8379177037953269	0.9721066620562904
9.25752449155921	0.9720872127387709
4.927671540509543	0.9720872127438941
-8.342630200858228	0.9999999350293206
8.59370724994395	0.9720872127387716
-5.55472191676428	0.9999602049797394
-6.185367962374828	0.9999906718841467
1.8330732808740926	0.972087217750285
-6.485495547601641	0.9999953252363147
-8.697016394714577	0.9999999712702371
7.779366749476377	0.9720872127387793
-6.248240142840706	0.9999919286351201
-3.4371347464229363	0.9957568958621325
-5.229564080106095	0.9999160347801622
5.172269666078524	0.9720872127413828
1.2200304360123617	0.972087231083408
-7.358844440704297	0.9999993741187373
-2.275540610897022	0.9803035070422258
-7.9194823076082566	0.9999998278673716
9.525816914992419	0.9720872127387703
-9.251210688687298	0.9999999919806687
-2.7807433014901584	0.9879494391282373
-5.089656009341343	0.9998842904331742
9.888358009313581	0.9720872127387703
-1.8513154084413799	0.975452717234499
-0.807237368622232	0.9721015155011901
-5.056438418712599	0.9998751458909253
9.721773538181154	0.9720872127387702
-8.269329606993775	0.9999999230838061
6.399377263855062	0.9720872127389311
-3.413801817079518	0.9955670346950021
-1.247933552928778	0.9724495659768485
-9.144679547383813	0.999999989751287
-5.514363525965047	0.99995633740879
7.920442953774206	0.9720872127387755
9.458045474402326	0.9720872127387703
-2.919282002323844	0.9899776755320948
3.7905167701072617	0.972087212820192
5.491376253270088	0.9720872127400544
2.2101075104120085	0.9720872153006124
8.85844644154244	0.9720872127387707
7.846896064338761	0.9720872127387752
7.143177152339717	0.9720872127388116
0.4412012118538122	0.9720872491597005
-6.330526898278714	0.9999933213583345
-0.7407853385993199	0.9720941553750579
-1.1710681159002831	0.9723264653639045
-9.899319537380293	0.9999999981968608
-2.565956471848141	0.9846356184344691
-8.00399432521585	0.9999998583059067
0.9282613369670933	0.972087249188569
3.7340876898286357	0.9720872128202921
4.326585219766979	0.9720872127592062
2.0219857522261684	0.9720872178906091
0.005892043113737699	0.9720872624989529
9.640664731996665	0.9720872127387701
1.190289174681638	0.9720872321323352
-0.12689518012557244	0.9720872798708777
-8.763809641568368	0.9999999753657908
2.1630772035635193	0.9720872153482258
-0.33422910775257364	0.9720872953409619
8.738791506619066	0.9720872127387707
-2.9197338237241377	0.9899840405234743
0.10048988455470642	0.972087261244516
8.11000318717712	0.9720872127387727
5.908132913787899	0.9720872127394102
9.794803276883908	0.9720872127387703
2.273325188511489	0.9720872153092606
7.245455419189078	0.9720872127387897
2.55275614425182	0.9720872140291251
-2.6467909778885	0.9858964973191809
