0.6855347736295148	0.003689895628620735
7.037860499330829	-6.897718474584438e-98
-5.577714976784081	0.9999234843508669
-3.2218327485094633	0.9849286139990835
-9.420428421857485	0.9999999890007498
6.154816078250175	-4.638962001481349e-84
-1.0136203953848408	0.6759989315222404
-4.402789095788253	0.9988671092915482
-3.245202210729934	0.9856271733750122
-7.948682615490421	0.9999996740827974
-6.866247545201203	0.9999960597221509
4.074819752748544	2.521441688238542e-52
3.187647608817059	-2.5536274291487795e-40
4.3630661444896734	3.9250448532771575e-57
0.3343880911248309	0.05816169316531743
-7.3012991306194275	0.9999985529417592
0.7734333924847903	0.001216952541615629
-0.24265988174006736	0.3415585504461896
-9.903597123526175	0.9999999963842835
7.383968509105721	7.253996465085119e-103
8.22847308825052	1.0400899892771015e-115
0.21138748926544437	0.10147726634711449
4.862701986313272	-3.3844505569023264e-64
-5.300650344608049	0.9998552813866837
-5.223100351123922	0.9998270366460792
0.7819171325978189	0.001080401367834603
8.964375035790766	1.706220511160574e-128
-7.072085469242926	0.9999975470125267
-3.521656014583119	0.9919373840384499
-9.140783529368646	0.9999999790584992
-4.9162234618934475	0.9996499923721925
9.37127337911075	-3.026204272712646e-133
-2.2786358771554793	0.9213943609095249
1.419766913638508	4.286661723857769e-11
-8.116963826884817	0.9999997787789661
4.029494445311315	-8.546248578905039e-52
-4.951718628764268	0.9996773743924586
5.113768355741769	3.311847011572107e-68
7.136978890549756	1.5374572300174955e-99
4.38390918566688	3.2020849233743664e-57
9.907202202054219	-2.0570425605837837e-141
8.61136790645427	-5.595537991920598e-122
-0.16481715109531336	0.29714487569752457
4.842643752527906	2.6780906441678204e-64
-1.9495900653372757	0.8782688043134131
-5.986373808480265	0.999970126222113
0.040337029340182795	0.184526136509593
0.6592849997915362	0.004923765044943171
-7.280328189307381	0.9999984813543975
-3.1135120394583904	0.981283055865601
-0.4248878450699465	0.4381406779616722
-1.8569748992750732	0.8639208151699043
-5.973217871641943	0.9999692077027442
9.454488767004761	-2.0459951339434384e-134
4.765910515307702	-6.272860481399561e-63
-0.9897138081693058	0.6684644622752747
2.4322686737786725	2.4443446869766755e-27
8.804511606926376	4.466799977712804e-125
2.952974664106968	-1.8148677696680997e-35
0.30646884653750206	0.06734973171685704
-1.3374098844698157	0.7630618075023061
-2.294120190231994	0.9231367826638591
-6.890565489087481	0.9999962742827166
4.3675487110000155	6.386174610185589e-57
5.104728391749628	9.202097325272751e-69
2.7151134098203187	2.1686522321592015e-31
-4.073234881393675	0.9976098133500881
-7.908055653470241	0.9999996421227095
-2.1144302196600817	0.9013975484340285
-9.765216670442133	0.9999999950274978
0.32229949667086366	0.0620603990254818
1.770012250462356	-4.958209263124104e-17
-9.070199833673826	0.9999999753628078
0.9779426778574685	4.312511597138217e-5
-8.54670611207764	0.9999999177596693
-4.059409730783172	0.9975343061577311
2.715019802048868	2.171896860246213e-31
-0.7598313567099435	0.5883889081478089
-7.376486864945595	0.9999987829757947
4.883370267976744	-8.024207142284402e-65
-3.9331349994720943	0.9967278973182282
1.7961449931460969	7.073048419249692e-18
-7.844854632472562	0.9999995860624107
4.293853464362529	9.649444379777808e-56
1.901006575356119	5.896750688775431e-19
-6.642738222940561	0.9999934078831128
8.715951965242589	2.958581744737086e-124
5.066130601609684	-1.559759660281786e-67
8.445433707153235	6.193251714290199e-119
6.485326126522448	3.733652717534587e-89
-5.051903928622736	0.9997436722365382
8.824409332937165	1.0939593419085061e-124
2.131014759768753	1.0027939816348872e-22
-2.1977294483336918	0.9118608013861712
5.625378291660477	-5.528372111826103e-78
5.773527898795372	-4.672535882268789e-78
2.563291551029554	2.6241098146346184e-29
-9.52728313261681	0.9999999913998016
-1.953337760666475	0.878830197874453
-0.45239504499300054	0.4521555323048554
-2.079369326130891	0.8967561302615777
7.655968571848732	-6.46046037299337e-107
-7.818766201444789	0.9999995604350103
0.7977198677353581	0.000860381072607038
6.845354364528227	6.358640144832222e-95
0.8043139491147286	0.0007803005985476671
0.9594565773538921	6.197400880467017e-5
7.455418569693613	1.5040381715437882e-104
9.911386310728467	-1.2667305851818927e-141
-9.569820433151651	0.9999999922022162
-1.6743677575944957	0.8327961909583311
2.8591551418795227	4.675003680345254e-34
6.106257896801889	3.216870579043281e-83
-4.712048048773978	0.9994410607853278
-3.9107868451992323	0.9965606662065404
-9.454399464573097	0.9999999898283346
5.264353152905294	3.705433515447336e-71
-6.642737335310263	0.99999340786964
4.58050780804288	-4.412090210184315e-60
-7.78812591015015	0.9999995283027663
5.853667204888669	-1.8565455922127513e-79
-1.9607749919658382	0.8799395334520449
5.789203324759434	-5.903539571903338e-79
-7.973070837966629	0.9999996918805446
8.910005375835336	-9.367091676339391e-127
6.053537032541875	-3.685489711203035e-83
1.6736066162764587	9.498622873776035e-16
7.283234544873295	-3.7296339011003004e-101
6.895877177645147	-2.1173118518918146e-95
-2.5871073414005163	0.9512019815991396
8.527803388267042	3.1378235637833865e-120
-7.184603696875533	0.9999981068742684
-3.6060476374042993	0.9932767648490954
-8.766402917892053	0.9999999504107023
2.637671338305662	7.094470142233695e-31
0.36987581864936203	0.04771198608792924
-5.916638712551587	0.9999649245647468
3.2560327871002936	-5.205074265506756e-40
1.2546493987642329	2.796505338630045e-8
4.318115376835205	3.933338226405038e-56
-1.0485187545434869	0.6866637460174764
-7.236768851801112	0.9999983211369684
2.395081156302986	1.8165069744383228e-27
-6.213590355970524	0.9999822937964575
-9.509941264908758	0.9999999910494382
-0.08353231987141996	0.2506600992650887
-1.8546123733348416	0.8635490941500332
-2.93769079937249	0.973741974542686
-8.087485010531964	0.9999997632416886
-0.4790067898078121	0.4654687309548584
3.3926861636568404	6.797659550782038e-42
7.294339026922422	-6.123495722155242e-102
-8.885147828528094	0.9999999622737687
-3.497408377284441	0.9915087021505575
-5.953320022414936	0.9999677645409061
-4.606735071908186	0.9992887365027184
-4.897290834525623	0.999634452278076
-0.6248644032072459	0.5334360998783408
8.66478812692311	-1.1597993013354232e-123
1.9096451721984096	2.4583375379962844e-19
3.012632094160983	5.6369961583722564e-36
-7.4201966844761635	0.9999988995004034
9.601343218608417	-1.1680317304019799e-136
-1.8545462896325624	0.8635386939559163
8.116498547578487	1.5752669534018582e-114
1.6458806413232097	-1.0325995786360525e-15
-9.172130930666786	0.9999999805167936
3.351446537630114	-2.8056855076054255e-41
-4.120349903198166	0.9978505331457754
8.284905502480242	1.1995337058711746e-116
5.368771164891712	-4.0579796799841077e-72
-5.301309762076563	0.9998555006440257
-0.42091575302060313	0.43610099510095474
3.117902915282148	3.361207044707332e-38
-3.0024506097401105	0.9767747522916586
1.2232082107925066	8.540562483518108e-8
-3.8320130686797516	0.9959027006978484
-2.1003100019279275	0.8995482033283525
-9.159303819439351	0.9999999799327637
8.328641343877102	-1.160034391588637e-117
-6.300338542549464	0.9999854992363657
1.2640870751267528	2.0661890734518816e-8
1.7088276316824356	-7.34929851131939e-17
6.554127344043621	5.286335082482215e-91
-3.1589414436369756	0.9828967914760047
-3.992624149479309	0.9971355035455949
6.51184248262922	-1.092212835250277e-89
-8.194417059344822	0.9999998149140443
1.7592334853548852	-6.08699247842397e-17
-3.2053683566026336	0.9844184797149098
-1.4358019996320515	0.7854552514965435
9.176757581476728	3.4114748592604117e-131
-1.6361508814302397	0.8256850164281635
2.477692698895119	-2.3597842893463063e-28
4.338780178878224	-2.911147841233349e-56
2.0582768582499575	-1.5247346310057315e-21
-5.63671492817071	0.9999331976621578
-0.14795963421238234	0.2875009080887205
-8.699356512784915	0.9999999421325158
7.504007765227911	-6.659947567271839e-105
-4.035686328664538	0.9973992744543647
9.314223731354765	-6.530676613185802e-133
4.853484006963402	-2.2425555506798558e-64
-1.6966039869531535	0.836844317844381
-3.762574482672001	0.9952235242658442
3.9059007167517237	6.406911109512712e-50
-2.50634894805295	0.9443478008209433
5.5713512013549185	2.5620858358843476e-75
-5.320006113616964	0.9998615810890893
6.364490434048747	-3.3322990604055295e-87
2.213985405435807	2.856625298132003e-24
3.163939946333251	1.6025190224193675e-38
-8.434544367049224	0.999999893525291
-6.2392415731839534	0.9999833091471663
-5.210601369735364	0.9998219952234028
8.002995180901586	1.9154169092375295e-113
9.904095758800423	-2.640763713177401e-141
2.164986082439423	-5.603623690172837e-23
-1.993772292594267	0.8847843651891556
-5.39319794240785	0.9998830244905486
-9.251238572304171	0.9999999837612422
5.450945740687661	-4.365441873764571e-74
-5.1794199526223705	0.9998087697010162
-9.840819663200007	0.9999999958219669
6.705847504535811	1.9660234274314657e-92
-3.5600622318025454	0.9925752662127397
-9.492418807306432	0.9999999906809262
-2.275954273778531	0.9210899345929213
6.771539938695497	6.83852841955785e-94
0.5079413096149565	0.01871075549714236
-9.024189470178158	0.9999999726093871
-6.26449920917711	0.9999842520196948
1.7680125188261009	-5.3203118141073146e-17
-4.654952739867015	0.999363016340176
6.564446061558215	-1.1466236884256545e-90
0.771211816064481	0.001255029483511113
0.35366583495094694	0.05231406324535413
-4.131250653841629	0.9979027503192848
5.786895298443536	-1.1787910498537411e-78
3.381991086043552	-2.09735029388976e-42
-4.567037862620005	0.9992211736054564
-0.962450519981557	0.6597833165406447
-2.0573849219891027	0.8937670142098094
8.566073770699326	-5.394128304895381e-121
-4.450529740067695	0.9989838863523649
0.9264002695083065	0.00011763325199522357
1.39775321970507	1.0907971257176225e-10
3.780175784824941	6.218613884895228e-48
-0.3052583088170824	0.3764738067275989
-1.6315725439174233	0.824820482611222
-1.346079498652383	0.7651039793832225
1.0548813766144285	7.6200317537672486e-6
0.8020733075635214	0.0008068012749286831
0.4098525674155127	0.03741697436019069
9.301411388189589	-4.3130127311183367e-132
1.2750676150812623	1.5039153379926417e-8
-7.6667893467501536	0.9999993762662448
-4.737034211548057	0.9994721499858792
7.384338915143218	7.192507264610629e-103
-6.397086868004953	0.9999883947372028
4.114661408563531	-2.4627689609789264e-53
2.54620812760853	-4.260931117228066e-29
-9.268645799487363	0.9999999843992464
-7.893910413642051	0.9999996302745796
-5.86439819767663	0.999960442896481
-8.162124229438081	0.9999998006271777
-1.0739899462671598	0.6942551740893164
-8.924366830109305	0.9999999655313373
7.189794239242595	-8.329941298307943e-100
7.245742372140622	1.0186725165337615e-100
-9.4600015981585	0.9999999899587001
1.1958549019718756	1.8629491929182735e-7
-6.585237699458131	0.9999924747406883
-7.538302213284127	0.9999991615339279
-1.5934010275410682	0.8174903615696069
2.555545989773943	1.0558676395703943e-29
-3.5756752019360505	0.9928208059908616
6.099960439296876	2.4993290926853232e-83
7.455767898946153	1.3765329337534566e-104
4.326617903356897	-9.448289789170626e-57
7.74721724989962	1.0884597198723293e-108
8.996118447256869	-2.157085233350905e-127
-3.5099225324019256	0.9917325247548221
7.81454038832603	4.778146821212566e-110
2.9322082050751153	3.6531274878129806e-35
-0.03490451813411788	0.2246912819338871
-8.110937321939286	0.9999997756877783
2.3150605658389942	1.0892409006035141e-26
-3.590910675344552	0.9930530425020168
8.540935403450543	-3.922461775931631e-121
-1.3916923102010426	0.7756256873367297
5.920422188688006	-6.941921503830644e-81
9.45305527387491	-2.007868573820006e-134
-2.7295781483407744	0.9617019924450261
1.643638328521405	-1.9031377749970252e-15
-5.675465550519054	0.999938896612945
6.248523478639015	6.140529585016868e-86
7.638937369408833	-3.5335331659954305e-107
-8.997356080266545	0.9999999708636442
6.8078380767610795	-2.623493393176839e-94
-1.2133619639551974	0.7327995818741914
0.513761028209121	0.01785825481218313
-2.7683743246525916	0.9642248279195303
-8.722705081253253	0.9999999451614532
-6.0178872654381355	0.9999722165926521
-1.6612122361005621	0.8303704950089948
-0.35772149907200657	0.4030741656741791
-4.4291191571334565	0.9989330663285096
-1.5973126520294514	0.8182540678507013
7.358099888909614	-2.043614411020075e-102
0.8408692667960871	0.0004429017427901589
-7.410151001939398	0.9999988737483011
-8.996550677069411	0.9999999708095606
4.576657658330742	-7.074189381893686e-60
0.3743343287755607	0.04649004016330279
5.5691666520881355	2.1523317588151855e-75
-2.753586429899939	0.9632787957321528
8.559771304075365	-9.998351300896342e-121
-0.8346566549570476	0.6167395363715227
0.9044576881368869	0.00017452263766548658
-0.7780150999068081	0.5954430060048815
-3.7830753569106523	0.9954345406024179
3.660581266659783	-8.228442427754725e-46
7.936867794755429	-2.295668442545086e-114
-4.698642898922434	0.9994236375371525
4.51512406640691	5.694454509706043e-59
9.71443836351964	1.9549861031365008e-138
0.8328212594902986	0.0005017882215825012
0.866887883441807	0.0003031023708957137
-6.220672379313812	0.9999825801417042
-6.105687059073057	0.9999773009595749
-5.135342809343477	0.9997883846843165
0.6690212686545394	0.004434287885910539
7.331815694526487	1.7882076932333996e-102
9.425413342821045	7.370874248340048e-134
-8.379727111805867	0.999999879200929
5.060844806855309	-1.2523744582294403e-67
1.9758180730208519	1.8817491580669494e-20
1.188612296565271	2.1989188950830856e-7
-9.764659010921385	0.9999999950211088
3.3599512112639207	-3.2413415244393355e-41
9.756885965902477	-5.171240877234806e-139
-9.775075563052633	0.9999999951391071
-8.942823504247448	0.9999999669655014
-5.903314444141863	0.9999638321508959
2.6254369569558413	1.661368974374513e-30
9.862044297641852	3.482698130638669e-141
1.4323851437704427	2.315082566693663e-11
6.625664308811736	3.826138330121025e-91
-9.653563774288454	0.9999999935697491
0.01882225573736207	0.19624546479339383
3.905076872343148	5.9013441773858945e-50
-2.3998342582835264	0.9343177799460535
3.2196591431250443	4.409653988980163e-40
-2.3131668569593655	0.9252442325878577
-0.890949032177577	0.6367459513781061
-4.8303211539131485	0.9995737586346345
-8.751962889753093	0.9999999487341471
-4.72720842147861	0.9994601349331946
7.303376053254812	9.543168170947476e-102
0.10798894649174073	0.14934421661309152
-0.31759205282412495	0.3829783080893545
-3.181140872959465	0.9836400085133882
-6.100367231445234	0.9999770212635021
-4.156065287892989	0.998017024192971
-8.950097156432989	0.9999999675141598
7.800347120320588	-3.0202590999825715e-109
-0.10383793775187833	0.26232169783373954
5.057590911925844	-9.282452213367861e-68
9.635546191797953	4.071895530940705e-137
4.62978264031662	-4.268440222347959e-61
7.053937850560512	-1.0097312749698447e-97
-0.9948172270626721	0.6700938782949164
-1.0089727651242253	0.6745533461466506
8.356776931153227	3.445581211051527e-118
-3.9194447472784066	0.9966264133334445
1.153999136317644	5.058835216098976e-7
-1.3461947353967183	0.7651310374609581
4.835776300656995	7.30537292435373e-64
5.924955590100701	-1.582307463823417e-81
-5.316939137516021	0.9998606014531445
-7.1466447756297	0.9999979339650039
1.1911439754589104	2.0785233318255285e-7
2.6994654563226916	1.1907259007721643e-31
7.289733021952461	-1.8693727496539853e-101
0.862562055324684	0.00032204324318959075
-5.448433806028432	0.9998969807606263
6.349049376838124	1.962664334063563e-87
6.400180662517201	5.84666485011074e-88
0.046256712464698424	0.18135512888225824
-1.4404956320829356	0.7864789396595472
5.474785760352239	-1.6536460208827616e-73
-3.2432443795876775	0.9855697799132725
3.6558820654402258	-8.046037112848047e-46
7.598936059107935	4.465497097491856e-107
-1.2357315884373712	0.7383606992814196
4.550531382882038	-6.658354777747353e-60
0.4418741861679987	0.030329758957309976
-7.9908653711689315	0.9999997042500788
7.138529274512333	1.7027342730094622e-99
9.645806164072127	3.160642947444333e-137
-8.969064854400504	0.9999999689024348
1.2177056266600594	1.0210213476258792e-7
8.618828919422391	-7.224908018749654e-122
7.859412371488933	-8.27921953942582e-111
-3.673191322513727	0.9941896306728999
9.543772322678137	2.1873125136041533e-136
7.905587519562612	6.1897216350017154e-111
0.7681030038672034	0.001309990490823714
4.6577186822508345	-9.376936334626445e-62
-4.714558491514453	0.9994442650088387
9.980469244053467	-2.3715882076933124e-142
-8.832278264017454	0.9999999573898641
-7.280599860835295	0.9999984823040531
-5.75516285822673	0.9999491358969693
-6.967399300040773	0.9999968783920797
-8.838427342569277	0.9999999579889209
-6.211448300379625	0.9999822062641948
0.12438892759672271	0.14123003084958208
-2.815490032429122	0.9671167855891366
3.490537974612792	-3.9345793862324174e-44
-3.484695613833395	0.991275571756235
0.5413574485852735	0.014275313824952379
4.042076231402714	-1.0265003888016359e-51
-7.025579417865773	0.999997269764033
5.872519961300892	6.524751371970523e-80
-2.2417711283168273	0.9171397747925969
3.3867002681612313	3.188916526966575e-42
-7.761821316879902	0.9999994988499281
-5.138806815887951	0.9997900624195104
-6.3376215461848995	0.9999866919936068
9.119984967580198	3.357122750628847e-129
5.212868295438696	1.5364682904537542e-69
3.6035385696255418	2.2017464726985246e-45
-5.5015475178643625	0.9999088292914675
-4.22258396811233	0.9982940418747269
7.093584319981126	1.26790478655973e-98
8.05303413436576	1.9610332748346084e-113
3.9835018598226757	-1.827157354484196e-51
-7.827427993250717	0.9999995691149949
-2.6470973441261814	0.9558667457265618
-8.489808614494425	0.9999999062476355
0.9215965686525251	0.00012880942004131322
4.313862678617163	6.904594157131068e-56
-8.868505261131535	0.9999999608000105
-8.694190050431093	0.9999999414400031
9.557498021682274	2.1653873993412744e-136
-2.1916562789791083	0.9111145600425234
-1.3650445677975966	0.7695246347257148
0.9526929114737914	7.065804831863016e-5
7.870330228681368	-3.4932823828266584e-110
8.871068126853089	-5.976055263508735e-126
1.707738279953812	-1.0294373657485287e-16
0.9771751375445312	4.379580009201118e-5
-5.911490855197261	0.9999645064725293
-2.8913529727969456	0.9713732969022915
-6.7284594649268925	0.9999945886116853
4.162904900214617	-9.631667923554819e-54
-4.074937472793696	0.9976189544516493
-0.6027822800746474	0.5240011382959788
-4.763600100954717	0.9995033195493357
-9.224754794442447	0.9999999827401668
6.894849444746654	-2.299249968782294e-95
5.578817820685845	2.7098169488320014e-75
1.1762031903736858	2.879622730048618e-7
-4.114107273428669	0.9978200578991019
-8.30572515847956	0.9999998567596079
-7.2614960133601025	0.9999984140547
-5.550210724239295	0.9999184858097121
-0.374692577198811	0.41182355230821655
-2.906712973893648	0.9721773629620476
9.75034695769859	-4.2920357667453665e-139
-2.5701095992019507	0.9498146612503168
7.303186423975628	9.354370132920421e-102
-2.788768074169532	0.965499885310767
8.4262298376145	9.273422522414405e-119
-4.155039337987527	0.9980124230174284
8.01533926174903	-1.147044780199807e-112
-0.24261077677430798	0.3415308225751657
-9.693843546574241	0.9999999941393182
-5.804540046352935	0.9999545997980278
-3.762200365629025	0.9952195880081104
8.872386041732526	-3.64331009040903e-126
9.213234807303419	-3.4950202409511327e-131
-6.437059589252132	0.9999894151053116
4.570607234707204	-1.0844551662517317e-59
-2.3117648309305228	0.9250904613710873
-2.3433554020878233	0.9285014220910595
9.163308982073346	-5.765092191313264e-130
-0.39283630153191496	0.42146957899649184
1.8548625133659726	-3.1425372806766412e-18
-9.1492435593902	0.9999999794624893
1.7240760698126323	1.0504925603068125e-16
8.92009276139996	-1.817962003580695e-126
-5.3936097060722865	0.9998831352187852
-0.7327863142083935	0.5776815070623543
4.042710886465599	-9.968874273275663e-52
9.178177599719199	7.552048106275937e-131
-5.855856653575908	0.9999596575117979
3.419469353953385	6.523938683857088e-43
-6.574168102343028	0.9999922804821831
-6.688044400939672	0.9999940608875564
1.099290265098137	2.41286305804313e-6
0.7809582727840478	0.0010951506312161315
-0.7901006660568388	0.6000719489475473
7.64554416682649	-7.421790030930722e-107
-3.6723669149665383	0.9941791707193492
6.6978570819788	8.158501263091606e-93
-6.234343706769949	0.9999831198785135
-2.8802472924340883	0.970780065708552
4.301176392150317	1.2382435934901302e-55
7.378626247341451	7.027859835475723e-103
-0.20084320426518865	0.31774714021381806
6.419602312351124	5.200223223936244e-88
9.677005567675046	-9.190831453776348e-138
-8.707124881621443	0.9999999431584126
3.4505876988180653	-5.448951308227182e-43
2.8737846037036707	5.203681620178598e-34
-6.696598499200506	0.9999941767157665
-4.625664729598595	0.9993188719089153
-1.4380675116130384	0.7859499273532318
-2.9642250481425725	0.975022741368289
4.558669074211558	-1.2901558473941909e-59
-6.507946468770003	0.9999910090315893
5.453217773090962	-9.894154127467738e-74
0.6332468809779357	0.006465108727280593
7.393939872034739	3.5383168694316237e-103
9.367422470355237	-1.9884849477639904e-133
-0.1204186640826812	0.2717645136837753
4.359212080640113	-6.5703804125837565e-59
0.21108045432498912	0.1016087808599595
2.711950755147985	2.2301013544228627e-31
-1.6312553248302564	0.8247604891905183
3.9566669283375333	-2.0225034096739125e-50
-1.849642238023538	0.8627663543288315
-6.339994566187297	0.9999867645025857
6.315559207466144	1.1928084221075166e-86
-1.2348682739304895	0.7381497007711469
1.0395035711671738	1.1010748341780253e-5
2.1539597596239943	-8.045436416850383e-23
3.9364165793173953	2.939187182678437e-50
-4.112251653860195	0.9978109178092259
-7.1556141584762045	0.999997976195876
-7.6080694886421485	0.9999992859661924
8.294083527436904	7.986859704747358e-117
-0.4742743750947973	0.4631192068728667
1.254725066871183	2.7893698988789808e-8
-7.241064531102981	0.9999983376608017
-1.5096301768819096	0.8010506736703583
-2.5300906613284546	0.9464322464581519
0.09230791067044386	0.15728988338047634
-9.204839452228498	0.9999999819302603
-9.709094902670916	0.9999999943415581
-7.133681625316424	0.9999978713683795
1.0493898968235715	8.707346743672286e-6
-6.35347025326678	0.9999871688349146
4.937239481362866	-1.8159611979373081e-65
-4.668119821504226	0.9993819244609464
8.685204018092666	-1.1042924050749454e-122
2.1936450025139322	1.879807985833869e-23
7.241039051835401	1.5475756904983553e-100
2.7269204461149332	1.2781744373375052e-31
-9.300198682149299	0.9999999854924944
-8.518862362286853	0.9999999123143352
1.9112893323413704	1.7822598476821962e-19
-3.2780062507044594	0.9865588921746627
9.33539051702089	1.606993926762835e-132
9.767828681993386	-2.950267079611232e-139
1.2339121930696137	5.867838012178512e-8
0.45647592958423466	0.027423565436978613
2.11005869660989	3.490298739541533e-22
3.2495332347881565	-2.6435148122742652e-40
5.800443475234385	1.1020116174782652e-78
-0.5076876141490914	0.4795717098712615
5.663795183386512	-8.44624001995837e-77
8.026731311489073	-5.313950429739243e-113
3.8148831437884	-7.397982661965283e-49
-2.685458441985844	0.9586623820052177
-0.5181386099681227	0.4846458486845688
-4.442308239750998	0.9989646616212429
4.184141221981648	-6.059420473165626e-54
8.225304587186525	1.4088445198920303e-115
-8.306359121686814	0.9999998569685504
-4.492308862711867	0.9990762491578489
8.891918733539633	6.801029525758039e-126
-7.313875227014881	0.9999985942436094
1.6359059358913353	-4.711426532459473e-15
-2.5533945461232177	0.9484217175925491
-6.04562983701733	0.9999739354501559
-5.473521412104918	0.9999027576676589
7.315923219917334	1.2230875836798868e-101
-5.661850004574354	0.9999369518225252
-8.485036162072364	0.9999999052117315
-3.4119973550716898	0.9898246447110837
6.920379809356053	8.77904390603277e-96
-8.404157023490772	0.9999998858085001
-9.733926108289555	0.999999994656011
-3.1858197727355586	0.9837929716583999
-2.2871279019544577	0.9223531978847016
-3.607927594685796	0.9933040716097723
-1.8418714171457005	0.8615392253681696
1.1353061247676486	8.690080662869673e-7
-1.8636660396046256	0.8649731246446427
1.9732263475433598	2.5926979589844614e-20
3.9127974119212805	8.876149803558277e-50
-8.591024798809507	0.9999999257380747
-4.268734096661988	0.9984634934296627
4.30996713633804	9.407700943334525e-56
6.756860420577585	-2.9676960284366806e-93
5.708889912472257	1.086001240105253e-77
-2.3220177441031	0.9262099167497315
9.710556852229814	1.401562299495841e-138
2.2601910930706346	9.621244583165671e-25
-5.963796937806145	0.9999685326513899
9.814477030404795	-1.9961384116231645e-140
2.83504366572053	-2.7629227575448937e-33
-6.3970665653361225	0.9999883941947215
-9.936280184024806	0.9999999966463893
-9.804612855666775	0.9999999954587158
2.7384248558055333	1.371112100326558e-32
-7.151010050512774	0.9999979546270816
-5.981581918433472	0.9999697948778782
7.738884422063691	9.689322693061458e-109
9.421082310933024	8.47464249705537e-134
7.438427256424713	4.0169318517194524e-104
2.1766540212009957	-9.368070495216781e-24
-6.077701921344274	0.9999757904881061
-2.3794175372397497	0.9322564680705921
4.9652983474354215	2.593495463372323e-66
1.161654866851677	4.106260605309846e-7
7.763653142323168	-2.0823091444031471e-109
8.268006684087826	-1.2277907118319134e-116
6.194772717568476	2.823156407552881e-85
4.592420357596868	1.8232520382211564e-60
-4.965694614671237	0.9996875603102569
8.480928290361838	-2.105155044492911e-119
-6.270823554113791	0.9999844796512586
0.39084469522052245	0.0421208630702108
-7.060247676203755	0.9999974792323076
1.9684513599596265	3.6857038646875003e-20
-0.4161457906484891	0.4336453407698664
-6.294443986627125	0.999985301107005
-4.793146214938679	0.9995358383518776
-7.162613263436928	0.9999980085497369
4.583725041206357	-2.2789438246737633e-60
-2.7562487585450013	0.9634504876877176
3.4662099145309213	4.2193743929288465e-43
-2.1906225430331894	0.9109871633066499
-7.881812350669697	0.999999619830619
-2.5002366446954793	0.9438012064992335
6.38891499865678	-7.598314996974953e-88
6.150606842364425	-6.338591396922527e-84
2.712317048255164	2.2283526955062357e-31
0.5344802087093026	0.015081711163843896
-4.534371425542929	0.9991608277012285
9.88110019049692	-4.1503465859476057e-141
9.557493631744613	2.166281157789347e-136
-4.60582201725658	0.9992872499356328
0.3813923330273603	0.04459165492766129
-5.795712310964443	0.9999536679447122
-3.7108843756709264	0.9946492620497793
6.435414518372703	-9.991770283622882e-89
8.279176713497144	9.733548026658296e-117
-1.5629714508001236	0.8115360779539734
8.36173645481837	5.771171689649725e-119
-5.686233355882795	0.9999403920867895
-6.4141776975411835	0.9999888425223723
-7.051723440563653	0.9999974292676175
4.652448237589862	-3.249567232016186e-61
-2.0758493966661407	0.8962814282683451
-6.34540129377323	0.9999869282372226
-2.4320631454191055	0.9374730600543589
5.188291043362433	-5.041165887387692e-70
3.949275078016621	-1.196881755815259e-50
-0.13105372961067374	0.2778296064569768
-8.534240474246136	0.9999999153649118
-5.4056612148334615	0.999886330050801
3.90239921557011	3.906827767364408e-50
3.7053487796785856	1.684424955733694e-46
2.132427145989052	7.807643896680211e-23
-7.785795327715648	0.9999995257646931
3.2027829716703273	-3.779746154828614e-39
6.016117087471109	5.1720701260184953e-82
4.3970197127273245	-1.2999209791884318e-57
3.1455949625058324	-3.8999616293758784e-38
-3.094893117541271	0.980584210390468
-4.722328643872213	0.9994540671621979
7.874275304679237	-3.5906723307888395e-110
1.638934861853567	-3.721689141435998e-15
-4.638049660378143	0.9993378982985642
4.7102685829552104	-3.4169673517968236e-62
-3.0165868558865183	0.9773956078409295
-1.6645669642640435	0.8309913106558559
3.8684575775340058	-3.992145459694003e-49
2.991652538425086	-3.119735851654837e-36
7.915192296706369	8.312267840680632e-111
-7.949100964103293	0.9999996743965951
3.774015639307331	9.88203421406117e-48
-3.733422408970868	0.9949073235625671
9.901911329576901	-3.033231461669143e-141
8.439679878579796	8.459361901924139e-119
6.134701969945443	-4.21713250627297e-84
3.0216910610096583	4.673246763822698e-36
-8.294780275857313	0.9999998531038636
-3.7351054203844125	0.9949261098634846
3.0421977158890314	-1.7761853420277582e-37
3.115810318177221	6.617623074376455e-38
-7.7095195014664375	0.9999994347125388
-3.3852507192554038	0.9892371673589703
7.3025114252706125	8.638127374485766e-102
0.4676917787742383	0.02532389682683233
9.77877738294898	2.0974905401338458e-140
-4.430014178107045	0.9989352402700391
4.034667020947875	-1.137499683415104e-51
9.270717427261822	-3.331138066110663e-132
9.205294046853805	2.7465249586112397e-131
-0.11605600765794222	0.2692814450219821
9.398637588485315	-9.13516982489341e-134
0.6583410962642855	0.004973469852765499
0.5102856318350177	0.018364365285701317
-2.091440076892166	0.8983724548269689
4.253443050635468	-4.2250727571597856e-55
-8.656993300908837	0.9999999362033642
5.446418204550341	1.0412883060257727e-73
-5.52501411476539	0.9999136208199678
-1.0584192679879934	0.6896350983632995
7.844437789982919	8.948295138955755e-110
-9.448392489762014	0.9999999896866679
8.323414243630246	-2.1895893629430566e-117
-1.9450414593229368	0.8775853302659646
8.63165605656246	-1.9007968757714374e-122
-9.087135649421025	0.9999999763050635
-3.5881934761744505	0.9930121480922878
5.2679087969740745	8.301088620883648e-71
-0.6728439340247725	0.5529735478071222
9.989936470088164	-1.843520465185176e-142
2.6547528442378763	-8.457584420379947e-31
-6.745774491069447	0.9999948001045205
-2.3022977074760043	0.9240464519342926
4.598191619280957	2.942426843620825e-60
-0.7978186169845802	0.603005901562864
-7.495852140385999	0.9999990754397996
3.6175307365053566	3.5357664531300884e-45
6.808097979340275	-2.653575091751372e-94
9.911121228065582	-1.3158433673594988e-141
6.203336978592276	-3.438464008683155e-85
7.990664015076877	3.8044917886800637e-112
-8.514511817901784	0.9999999114315288
-2.431537271571993	0.937422556769214
7.676640472464726	1.457346766688076e-107
-4.345985985994805	0.9987107742600131
9.078610996269255	-1.4630743852881096e-128
-3.7093231233645074	0.9946309312479639
-3.365342030405447	0.9887799823701289
-4.673049955374946	0.9993888597503154
6.099221506867774	2.330549274522935e-83
-7.144976134690322	0.9999979260118422
-9.370650502164239	0.9999999876649573
6.3709469690564156	-3.4131466675024904e-87
7.811943671656781	4.324632209283031e-112
-2.5145971602302186	0.9450788136513966
-2.5502835948032576	0.9481593198099696
7.6279558105182055	1.3370557471650894e-106
3.4703872141813186	4.241811084232397e-43
0.7627738678532872	0.0014088836082017985
-1.5510704508303341	0.8092270751368634
5.604538964949391	-6.639554516851305e-76
-5.884024936483643	0.9999621901297568
-7.901308898941322	0.9999996365196983
2.381320411789609	-1.785399275245743e-26
2.863256968800796	6.427893387811927e-34
6.950360218427889	1.5552150874443484e-96
4.891600844309284	3.059625888488875e-65
8.504222467365796	2.241362971885942e-120
9.356911844254455	3.7709076450753115e-133
-4.382780442504717	0.9988143051617352
8.295896908289112	6.608148883465536e-117
-6.870482015176873	0.9999960979527222
1.039833507542184	1.092573040262919e-5
0.31780898443439654	0.06354586300059889
7.812899677083934	1.9033416046076974e-110
3.4198218375657596	5.265423294671033e-43
9.621041343449257	1.3800281541464012e-137
-6.5870032536573975	0.9999925052688764
5.900381891734611	-1.026775531061452e-80
6.600254090879574	-4.5773038345336266e-91
3.593667638519559	-2.018756766172628e-45
-7.067005800948749	0.999997518153804
7.032829075568763	2.0624730621380518e-98
-4.386540463079283	0.9988244104691674
-7.058458806776882	0.9999974688280284
1.8244550359418366	7.512732583268085e-18
-6.229550701723019	0.9999829325841922
-3.191035094695911	0.9839619825926904
-8.263330075257343	0.99999984207149
-9.686609924710847	0.9999999940408871
0.7863222076857657	0.0010147871694806691
-5.14000937377487	0.9997906417508733
-5.858298018590533	0.9999598835701955
-7.0348221261700905	0.9999973272538513
-5.3242968894069875	0.9998629400952043
4.9428546381585114	-1.7947961485763355e-65
9.539265430447927	2.0778725326170278e-137
-1.4805052878076275	0.7950313616124522
9.91326868812067	-9.253843576048559e-142
-4.125076210074696	0.9978733279255522
0.278086542296494	0.07683886614364029
0.10929730185432973	0.14868921056501516
-0.9560161585337923	0.6577742750820159
4.702692871771159	-4.233035149567682e-62
8.909359112577203	-7.728047090467931e-127
9.850862460866665	7.698728455597523e-141
-9.72777086260734	0.999999994579731
6.108376328564418	3.211126361482955e-83
-3.1680147201640496	0.983204071689542
-7.923884235630698	0.9999996549312962
9.27314551620658	-4.572958594658474e-132
7.997942331058049	1.646207405008719e-112
-9.790515879595265	0.9999999953088887
5.325063009494496	7.711481528767326e-73
-7.835900996361804	0.9999995774399056
7.29017845608848	-1.741076695441121e-101
5.701323806088613	-1.1611284278465502e-77
1.117839078139049	1.4418141883689302e-6
5.288690885471468	3.89859458204474e-71
2.249284402788586	-6.100853182914013e-25
4.682403430394334	1.1012606502194425e-61
-2.4296662584983197	0.9372426171437845
-1.0089145844487	0.6745351979394646
9.313716794804865	-7.80338781877509e-133
9.131811465326173	1.6309294879003336e-129
-6.36597075164961	0.9999875328530836
5.260854420002744	-3.338674051370881e-71
-8.549348968126683	0.9999999182586129
-4.2360715068211885	0.9983453820143724
-5.670270400536328	0.9999381617369199
-5.146869330587469	0.9997939161550327
-6.372584757160049	0.9999877212562582
-3.48737574578339	0.9913252096169599
-4.947645634520388	0.9996743441027167
-3.4834051202533134	0.9912515770474333
6.286984936069565	-5.095001689166856e-86
3.784874701631317	2.826559941688689e-48
5.064507837413377	-1.4920212300463263e-67
-2.0566644827276637	0.893668071068233
-4.388060906858904	0.9988284725375394
-9.070804207995806	0.9999999753970699
3.5407347285650346	1.1509580763718952e-44
-3.0116537338681093	0.9771805821866099
-3.8564552781283457	0.9961188720968999
-2.7489276282650277	0.9629768669896438
1.2844292015116832	1.135438301252191e-8
-8.407053532668725	0.9999998865675667
-6.171470455991406	0.9999804908806764
-1.5676303980946837	0.8124423905040107
-7.558806866930707	0.9999992002012033
-7.188408466729417	0.9999981233867191
-5.5479897776799625	0.9999180682195162
-7.047173229706667	0.9999974021924964
-7.319372255519809	0.9999986119244694
3.176154410039995	1.1835804659122702e-38
5.519590717506123	2.3611271753802655e-74
-5.134275716781462	0.9997878651664338
5.7938146340573216	3.558492801564921e-79
6.171211375313625	1.372556627131063e-84
-1.6989988644655227	0.8372765814836363
4.024589251045562	-2.0805988572159544e-52
-9.76043636168258	0.9999999949724626
1.8684263570204074	-1.5119577483278344e-18
-9.791335394246268	0.9999999953177325
2.046251546240626	-7.529634736966648e-22
7.418529497066878	-1.5331452537547387e-103
-6.384184361764373	0.9999880448258059
3.711147943848175	1.1507221082069837e-46
7.94589006370526	-1.8242948587723535e-111
-6.636848089046521	0.9999933178733529
6.976535080094543	-1.9903924453182635e-96
6.614926070609762	2.6347891075474964e-91
-4.282518982431256	0.9985108109554218
-5.275328734448785	0.9998466057506874
-1.6559128079038885	0.8293866266361998
1.6417488139517147	-2.65147024968673e-15
0.35782174512137743	0.05110886438590549
-3.6032145986292674	0.9932354160274346
-1.341853714772384	0.7641101637280957
0.34472847648689076	0.05497030128377394
5.885560844553277	4.921053417236213e-80
9.83542845638749	-8.480613021823876e-141
9.350865402292904	8.281524827884579e-133
9.56087542428768	1.4109718152112885e-136
-0.3653977431862856	0.40697787329526575
2.7056603373449484	1.9999939490337367e-31
9.988675800672535	-1.963512755668935e-142
-6.435633339083919	0.9999893802904621
0.8399729963586609	0.0004490310110666419
4.268653129454773	-4.478124876957613e-55
-9.69788718533637	0.9999999941936321
-4.581827353279118	0.9992470584253256
5.080959996225003	-1.351765617702337e-67
4.976952626444472	4.2162986564551483e-66
9.414437327627962	8.08742997998083e-134
1.6898881456121195	-3.395942337609931e-16
6.425455159217783	2.53174807418946e-88
-5.04622019323866	0.9997403041099994
-1.5364816518369082	0.8063891236877221
4.189322132394491	-3.8783599926362986e-54
-5.861541410975004	0.9999601819346906
1.7830750198949161	-1.8307140460554307e-17
-8.997598034006202	0.999999970879872
-2.9254392741216373	0.9731322151246246
-8.805007782743655	0.9999999546284671
-9.994128082292196	0.9999999967420539
-8.871648479523548	0.9999999610826971
6.427200530930737	1.752340592596787e-88
-5.720052600279648	0.9999448553206912
6.568985791814804	-1.5028191120602785e-90
-7.733678727726465	0.9999994652999616
6.694497127165427	-1.499713709046732e-93
-2.7292453840191655	0.9616797652642415
2.1002872647367266	2.58081491685088e-22
0.4260627760929161	0.03370118384735639
-0.011705710237780664	0.21281127655012608
6.2628485182229525	-4.301456114565569e-86
-5.281843389106129	0.9998488862053521
-4.125908721498157	0.9978773184751334
1.363325728746636	5.481961281910665e-10
-9.515039050741123	0.999999991153886
9.327017600429318	1.3600838924981872e-132
-5.231911646171623	0.9998305047314702
-7.982756215774449	0.9999996986759515
2.9438020374137075	1.4286519506276227e-36
7.77331971601248	-6.180157700781617e-109
-9.841215798761338	0.9999999958257763
0.3612210714557875	0.050136452605241986
-3.4046575029792736	0.9896664269353493
9.66108888586676	4.111523977061038e-138
5.556786368370933	-4.326671294598979e-75
8.076488116287969	-1.6608208782603034e-113
-6.596866557815373	0.9999926735520959
4.899131461584583	7.413293798368085e-65
3.141120517075141	-5.686339948825089e-38
-6.175579704924794	0.9999806745681925
2.3271824635077607	6.449558226692076e-26
-9.439827374526363	0.9999999894812514
6.643388946726134	1.6474357319358555e-91
-5.065655460556027	0.9997516421034021
4.920819777570564	2.228886892921787e-65
9.568228640077926	-2.548036250977505e-137
0.2473734782191208	0.0871822500143239
-4.345773471968455	0.9987101510812352
-5.361864520132094	0.9998742838479348
4.955874694427887	-5.464265416577794e-66
1.0648325510436774	5.9510540960757036e-6
-4.96627925334765	0.999687979345318
-7.448804085291365	0.999998969654714
7.8787994639048335	-3.3027335016363226e-110
-0.5930209308610213	0.5196540714875136
-3.279665239724272	0.986604537965991
1.337038049864315	1.44532710977152e-9
7.709083782498034	-3.755084547653243e-108
0.7771239233038543	0.0011558542213091635
-4.745703438119566	0.9994825296802288
4.983744969486681	2.695257109754636e-66
-9.44986479713621	0.999999989721572
-6.030601197812411	0.9999730179412659
-5.792350873501819	0.9999533081082679
-9.126375813839221	0.999999978352111
7.523757974240386	5.848261386752521e-105
-1.7358019312412676	0.8438221884201502
5.457769567028379	-1.7491408058368973e-73
4.169978014689502	-1.0051013792084815e-53
1.1544076853157428	5.001321627138234e-7
-1.493994360507429	0.7978451161905618
-8.698869847322221	0.9999999420676338
7.570720201069882	-1.413076303726786e-105
7.390091532773511	5.347165461606519e-103
9.829101034291796	-2.1601096665515826e-140
2.3580642643902205	-3.793001988200401e-26
1.0739647948145183	4.717253901975812e-6
-5.878027415902598	0.9999616645566057
4.72611553139933	6.477993416577547e-63
-2.455782298564162	0.939720879409499
-0.6960160346471955	0.5627094123048557
-3.516047764804493	0.9918400649869243
1.5365326359390465	1.7133480925887353e-13
0.7583949100964382	0.0014947125266529199
-4.562951021971462	0.9992138662567979
-1.858324578630338	0.864133111375877
-6.340803277395515	0.9999867891229303
2.570200887392282	2.3892198776404814e-29
-2.0674006716803772	0.895136007377785
8.776900011026637	-5.808437735839281e-124
-6.388780373047789	0.9999881706605948
-8.393213579673851	0.9999998828945195
-1.6347653655178753	0.8254236528794134
-1.7813898962350283	0.8516570762105483
6.739826327703099	-3.967608755688047e-93
4.175622316335442	-9.027339639349319e-54
-5.619817813298642	0.9999305491616663
5.926083976506948	-4.444005286717575e-82
