-3.3371761941648392	0.9904285339487813
-5.835789655051711	0.9999648113657474
9.536773660784867	-5.4233086131395685e-120
3.3959207589582583	2.7825471215749238e-25
5.950204335914208	5.458214246634552e-65
-8.052573773158716	0.9999997862753822
-4.477919774380936	0.999207211832644
2.591938101190973	5.185701459387467e-13
3.208119769864428	-9.346179003092994e-23
-4.055437875720824	0.9979435639443114
-2.293020959292349	0.9460038768840361
-8.594513224432575	0.9999999386356546
2.99505345756598	-1.0570286484694255e-20
3.6206133220728596	1.2246484542300495e-28
1.027449562299605	0.22227596369848138
3.471732193448922	1.5100062153271756e-26
-6.835701308356712	0.9999964786872424
5.880273882400239	2.488886624491829e-63
-4.948527079566878	0.9997295566590919
5.4487224688676505	8.413922800315951e-58
3.3382327851031413	7.923421308698897e-25
8.436231612610957	3.468415255146312e-102
8.944310921556742	1.6012007988476938e-110
5.181726685875407	-1.1750057895124117e-52
-4.88212928573414	0.9996850991002062
5.591978422984688	2.1002014786636816e-59
-5.552382403450822	0.9999324553203661
0.5191546615747367	0.48246343750827203
4.040456487521983	-4.017429478377176e-35
7.057456384867457	-2.8787630270084397e-81
8.32508206171941	-6.940470213231191e-101
-1.8826980914604707	0.914880690577905
8.42781210346281	3.5580013029364942e-102
0.5093678371334001	0.4868495644160697
-1.4932407996583699	0.8804592174960066
-3.6756754383622114	0.9952697547811727
3.9478302324283767	-3.3493383756430475e-34
8.419523392371065	2.108638219900042e-102
1.9294761788968664	0.0003420276674125304
-4.855145104203529	0.9996650174361592
6.5522762233463965	3.476601751926467e-74
-5.953562875106195	0.9999731659874022
6.911803722394346	1.2202644384329369e-79
6.682774901473898	-1.8968483942655606e-75
8.83005906234548	2.5817025278839986e-108
-4.2821994716437395	0.9987643679664586
-4.536689617012244	0.9993064825994736
-9.360405101940493	0.9999999894797862
-6.6832722351788165	0.999994998230762
-7.8270398068163605	0.9999996407577145
1.0008845971022637	0.23685529895213156
-7.60386861291138	0.9999993994390012
1.625027809992968	0.012660392336493827
-7.220992298947633	0.9999985498011562
9.38065154574739	-1.3490225683790496e-116
0.23778196087360648	0.5903815177167115
-1.2785370374486682	0.8590550697347457
-5.18763524080438	0.9998437789703734
-1.0439157137661113	0.833679399317743
4.65769444337373	-3.4909391198197873e-45
-4.928714356842279	0.9997169884707434
3.6032279598623074	7.799337843898853e-29
2.8998655035955334	-5.848582018258194e-18
-4.883910744246616	0.9996863818985099
-7.95608094098911	0.9999997331009569
7.1034787471069905	-1.2027706915319857e-82
8.46985415919983	-7.576291854856673e-103
8.253356378694214	-1.8106452937324142e-99
-1.955934108524179	0.920897083325351
3.85562171108203	-1.0429293350551647e-32
9.942312000393049	3.4937335550792477e-125
2.9073601912722644	-3.5714621504244354e-18
0.2528046915870661	0.5856824042705564
3.034765361776298	5.3427906200793705e-20
-9.770842059871034	0.9999999959112793
-5.9733646542957874	0.9999743615451716
8.536266201705999	2.3638838317354853e-104
2.03893577913043	4.384087345173728e-5
-6.036946921859605	0.9999778520653637
1.892620866920737	0.0006155813676322035
-7.778729745591111	0.9999995984892164
0.32760245014282674	0.5602756600079563
-3.6132759292716443	0.9945955320738635
9.70913288596077	4.067066306664488e-122
-7.402840516059026	0.9999990459244763
2.050397398136493	3.472893719209331e-5
-4.953916618854115	0.9997328782993632
-0.39025396344819185	0.742109455841716
8.805571752936615	2.266628231853403e-108
0.8458016830993564	0.32052163602853817
-3.079479625688104	0.9842370244708931
-4.489528566246306	0.9992278745960887
5.962046938678821	-6.41192915617606e-65
6.6515629253020805	1.0012224809080666e-75
-7.09128640221413	0.9999980450749659
-0.8188665398709638	0.8064867500022825
-5.03434492770078	0.999777881497201
5.0157790268219316	-2.0261965899901003e-50
-6.595991049121266	0.9999938849869917
3.3372347203794774	1.0156827503560427e-24
-6.118927578725226	0.9999816608884556
-0.8823352410680663	0.8146215508728989
-4.293644393031477	0.9987959151390972
-4.463796341921729	0.9991813356421745
-9.551260296146872	0.9999999932209418
1.7598513909252045	0.0033038627970202613
-5.724493141354117	0.9999545399888521
4.52436274166384	1.9402642866137627e-42
6.905922209137145	-1.479330245528916e-79
7.065985725558765	-5.686146247383754e-82
-5.74751220144238	0.999956885219488
6.21725958462514	-1.118590880370588e-68
-8.552066129956867	0.99999993233514
2.3116320181743344	3.907347654829494e-8
-0.10469366009361636	0.6849724582418701
-5.67571030619435	0.999949140056433
-6.099774055810596	0.9999808342295444
8.260259436355422	-1.311799476365908e-99
2.0084452331038136	8.202967125969846e-5
4.400069000873863	-5.922846392070639e-41
-7.304726231179575	0.9999988040983149
-8.62802778735622	0.9999999431930368
-3.5707082484216057	0.9940857479416827
-4.735557780089561	0.999559548930441
5.21804753778515	3.6561877821796864e-53
0.8171143785407367	0.3357824742037208
7.8860763794432955	-8.277228634317928e-94
5.8167133125322845	3.2039409889383114e-62
-9.404033962982838	0.9999999904852821
1.0085151532248702	0.23264002295981004
-6.52547318118708	0.9999928070351902
0.5920983591597526	0.45115471767687026
2.6270568533634133	1.508300749918312e-13
6.511494060733746	-4.0502019928743155e-73
4.328583937335541	-6.0331808794500494e-40
-7.901551366331101	0.9999996973947948
-8.43476289522668	0.9999999113525496
2.9277242902396736	1.5547396969636292e-18
-9.685161484928905	0.9999999950195589
-0.5504555721983895	0.7687702279705141
3.9476534042747815	-3.207773631874239e-34
8.893702676916341	2.270718929090635e-109
-5.081563943782492	0.9998006942659593
-0.8522384582382614	0.8108053248870748
-5.435404193755016	0.999911604827528
-5.312748483169343	0.9998828102036452
3.843786414165095	6.719956478376679e-33
-0.8649798417820698	0.8124285576240721
7.564160816974216	-3.991048952713174e-89
9.052686791890387	8.942036620696815e-112
5.210019694874157	6.529909136996781e-53
9.544847395274981	9.120142403374198e-120
0.4668794723643366	0.5051660448798921
2.474183408971422	1.2995610231700184e-10
6.3564210754130315	-6.03094998201528e-71
-2.09406832021775	0.9317256444428451
-7.4266928829089585	0.9999990969106314
-2.6094131913760643	0.9651314148108564
-7.125139977879149	0.999998191670697
-6.152290379936356	0.9999830165995104
-1.7467575940974012	0.903450149802453
-3.024677994651257	0.9825665572388071
4.606224128055128	1.084999650580121e-43
8.580481412293103	9.275901853831269e-105
6.395289482913988	6.032365662914293e-72
9.377840489035187	-1.366328075139439e-116
1.4850669178872788	0.03581335126881533
-8.595023282943366	0.9999999387076823
8.487283757605844	-5.636077986979498e-103
-3.972096564549217	0.9975246682918778
-6.393836488334705	0.9999902607050588
-6.367241403224817	0.9999896457627229
-2.650459925293367	0.9672504923243883
-4.758830356477968	0.9995823820052938
3.273046033936321	-2.028753830669212e-23
5.1540914794404316	-1.9839995431797874e-52
-4.539728781329795	0.9993112676902838
1.9335314501766732	0.00031976762186265153
-2.226955111955804	0.9414114507937282
0.5299945057836997	0.47762174044627015
-3.619198413011846	0.9946631554581752
0.40726913002012566	0.5296324763714614
6.78460008357149	3.823690687023777e-77
-2.8903147909982874	0.9778730219483084
2.522828882496002	1.7126265772719066e-11
-5.807578310466779	0.9999624510450967
9.707607845894081	2.6634914288223255e-122
5.685986765965811	-2.7933419012270514e-60
1.9023102222519306	0.0005301372724880566
4.068483812393193	9.980734950029592e-36
-4.808043171264558	0.9996268643930296
7.622466531944966	8.616943435577519e-90
5.844997166749163	-1.0900034175611406e-62
-3.445079442632384	0.9923145131179824
7.725879492869101	-7.534152209814317e-92
9.994344708689702	-4.993053588446432e-126
-3.512529999688412	0.99331761879965
-0.6686185653949117	0.7859296834034769
4.1568210867251345	-2.6718993836340916e-37
5.903246586034324	-5.4616095793364136e-64
9.694118358386163	-1.83470014455989e-121
6.956849809087107	-2.4083801972438174e-80
0.8048159969533373	0.34252208177141436
-3.5497949452729705	0.9938194424078628
7.32941439045522	1.2726021486340277e-85
-5.861100844909233	0.9999668025546187
1.9536757510574922	0.00022706934985740557
-4.192581867997092	0.9984876925021007
-0.9825905385870382	0.8264743921543631
-2.793694313033699	0.9739438010569499
-8.634734403488618	0.9999999440635456
-4.998738333354957	0.9997589741235339
5.075729150927346	-5.76601606817041e-51
-3.9241139411081694	0.9972473725301074
5.167975509304119	-3.014904201054644e-52
-0.5298079624119545	0.765518576533233
-0.02991915865433903	0.6676062858182139
2.9032588906321077	-5.076908274168649e-18
-6.694817058098064	0.999995129429524
-6.70377361601981	0.9999952288404595
1.8118237404496362	0.0019006450958598826
-5.218129293575631	0.9998543478963328
6.117220853232752	8.41322552558282e-67
8.883145723933001	2.5993459585505075e-109
-5.683078495356413	0.9999499949911248
-9.891460152705616	0.9999999969028012
-1.8657842699378868	0.9134793879973022
-9.561902211721062	0.9999999933850364
-6.174341696860242	0.9999838571941561
-9.181555744910717	0.9999999841191405
-7.428247945933464	0.9999991001384777
4.405706274143997	-5.943726104717524e-41
-2.6531629889699904	0.9673868571378997
5.570089872259057	8.657749676581915e-59
2.638467758832416	7.066821005865461e-14
5.843066496654297	-1.1118665343243118e-62
-7.906406206722236	0.9999997007586738
2.5588983112445707	4.200126769865924e-12
-0.2599558242495803	0.7183175425690183
7.764617619041061	-9.887440148711701e-93
-1.7238913938909697	0.9014434549073999
-6.985263971306952	0.9999975045500666
6.109603586419034	1.1648914076062633e-66
3.1397032291378046	-2.2662108952885126e-21
2.689201091067762	-1.2052200875302042e-15
6.858609035013629	-1.641257459134992e-79
-6.891176509199393	0.9999969009234191
7.548871643867017	7.256843674147186e-89
2.8384479517220473	-8.896499115078076e-17
5.840551188964165	-1.0858660435192313e-62
4.11734163792968	-4.4862167945568144e-37
-4.537328759139196	0.9993074916362689
7.079651182231203	1.0767592190059574e-81
9.612182649412073	-1.3636816469404307e-120
6.119798946987579	6.791232442955499e-67
9.287919831387171	-2.583707894550201e-115
-5.407917025654938	0.9999058377847349
5.116135545170026	1.3141531045549385e-51
9.679531420506272	-3.457752141254036e-121
5.349365092227373	6.061524046033197e-56
-6.815822251100343	0.9999963137685617
-5.2908023257508585	0.9998767477150554
1.272125161947816	0.10378986745040572
0.8327882595021983	0.32724887303157973
6.509954629705355	-4.099065281672843e-73
1.3322817295229594	0.0798995158457934
-9.175131408728983	0.9999999838824762
-0.8698276665499662	0.8130432063599349
-3.6229925046121636	0.9947060645830392
3.2642066610797684	-2.3162167648807364e-23
-1.610742055709263	0.891256464562126
-6.331529494484207	0.9999887584984504
3.475726026218844	1.235110166706187e-26
9.913011609622856	-3.578428493188541e-125
2.6322531520466885	1.1535031221740573e-13
3.748306613200864	-8.509613359183645e-31
-6.300579124719472	0.9999879282832672
-3.40690419692375	0.9916887532204111
0.37168981025344294	0.5436346491280108
9.665678155397348	-8.313728818552071e-122
-9.754623908510753	0.9999999957557046
-7.173466276185012	0.9999983820971029
8.731687464660233	9.2853277598692e-107
7.104035876355077	-1.3951106440417646e-82
-7.625196049054934	0.9999994282188597
5.580176152235477	9.49852673575511e-59
0.8852058915159731	0.30106089927091256
-7.44264592656493	0.9999991294816919
-0.17230142529535897	0.7000803533088383
5.224213205341988	1.1464680463286767e-53
8.668778682218196	-1.9613046900558238e-106
-9.659317193333239	0.9999999947141822
9.48413940013672	1.5617176677723194e-118
-2.3853188375398915	0.9520869252985807
5.617587242403976	-1.3395202220296861e-59
7.129573102726091	-1.6035109585349107e-83
-1.450946342498959	0.8764023863329669
-8.518630408608704	0.9999999269199412
-9.153331478339144	0.999999983052788
0.3259468504285543	0.5608920143109719
-8.154504398263791	0.9999998309854579
7.66998659450012	-7.951228361902843e-92
-9.279495759057589	0.9999999873254093
1.9486446247138733	0.00024770436258531823
-7.388586442684764	0.9999990140914574
-7.311767531059603	0.9999988233310502
6.822476859720169	-4.898682599428588e-78
9.290500038726336	-2.4851824904100015e-115
-3.5867487388480113	0.9942828266517933
5.64961724085261	1.9310624302587806e-60
1.8519639394513732	0.0011029810922708967
7.86471875803673	-9.678715195251552e-94
3.995701133462454	1.6707114409521735e-34
8.765228960839181	-1.1207164425947435e-107
4.667803958020311	5.688844939392663e-45
-2.504012159500646	0.9592885550516229
2.565981121074792	3.3302329329454346e-12
-7.658781143488804	0.9999994707693052
7.16677024036645	-2.7612566463046942e-83
-4.9330992962207665	0.9997198192350215
1.7892650872603575	0.002464565926553005
-3.7875648334884593	0.9962861347775767
-1.9493723677370056	0.9203653652049676
-1.3387417048266492	0.8652485718649762
-7.53769177570363	0.9999993005877078
3.035576294882084	4.590583346779365e-20
-6.567998522056424	0.9999934779055379
-0.6938031135033675	0.7895129844699901
-9.40456617307683	0.9999999904969348
-4.555911226850191	0.9993362016547883
-3.5926035192282857	0.9943532435389907
-1.3730055441914182	0.8687048248915092
0.576488828039917	0.4580311069399004
-1.1669605983365514	0.8474994607286002
-7.0088514167606375	0.9999976364630706
5.42156067949251	3.455228822648574e-56
5.892367947989037	6.379174081818717e-64
1.0878753188319514	0.18992377512337993
-1.4682643711171561	0.8780739971300519
8.10436286388585	-2.0128554606059508e-97
7.832138262415281	5.638885645577144e-93
-9.20132350596312	0.9999999848257854
-3.83684436113223	0.9966650017778861
-7.772664439709502	0.9999995928424631
4.047025616673796	-2.739289199132051e-35
-0.4528887585814658	0.7529314056983649
8.65631345479937	4.002096512208882e-106
5.587078991972483	5.475895403445219e-59
4.939755082467524	-6.889092510552606e-49
-7.07583891671264	0.9999979742905739
-2.7852982815434446	0.9735796950446921
-7.100057843481666	0.9999980841613787
3.7371716149416976	-1.670769232053739e-30
0.7266594043981378	0.3838982142180589
5.173728527929429	-2.414638300387965e-52
-5.038349641543487	0.9997799133178659
-0.670331759010331	0.7861699786245014
2.7179761113474186	8.860503007982008e-15
-7.220725344597763	0.9999985489094908
4.757632996413545	-1.5269944249944673e-46
6.27435377101073	-2.4623418760544403e-69
7.716943237077736	-1.6020749870492212e-91
6.28423203794069	-2.0956089227615468e-69
-2.9542499273490197	0.9802155026084205
5.891808973549999	7.333535121679468e-64
-4.693178286649471	0.9995147398482163
2.479857686801786	1.1635851559151617e-10
8.981282468647727	-1.0178011422975294e-110
-5.1417271827514766	0.9998264078417944
-6.628223840715597	0.9999943223642588
-7.308075752443313	0.999998813286148
-1.8055556424144505	0.9085052538732507
3.7729411889202993	3.794175388480648e-31
5.467740168794224	-7.804824465785885e-57
-2.498681212391962	0.9589776142145413
4.301464454283446	4.559755393378015e-39
2.7064327727310946	1.0010833774935577e-14
-9.890136556469376	0.9999999968933472
-0.7773143236322291	0.8009819447113476
5.844215161085202	-1.102852887843337e-62
-1.735441170346025	0.9024599766370718
6.701681034387956	5.706103223051985e-76
-6.536228944757756	0.9999929829696108
-9.172211024896647	0.9999999837737299
-4.567315193983967	0.9993532339001805
8.666260158945356	-1.0492328112598036e-106
1.9054565304458126	0.0005045651873114389
2.5897215765957924	6.392358240158153e-13
-6.968241585876083	0.9999974048030019
-0.8026150626860549	0.8043470975110784
-9.821637845431312	0.9999999963625945
3.1869438664964367	1.1764079538418417e-23
-6.9567305173089	0.9999973350996165
-3.032013340652062	0.9827979924414798
-9.630705575998636	0.9999999943542208
8.612634867987122	-2.319000427494806e-105
-8.32196668270479	0.9999998850623507
-6.383020012578813	0.9999900151342158
4.025499284832534	-1.326069938084338e-35
-2.9670876502082644	0.9806616782748684
3.8442626200564067	5.785033113357981e-33
-8.994685293045883	0.9999999755800744
-1.3024744097848195	0.861543562259634
2.0779056249916863	2.1025001671276527e-5
4.586016056613227	-3.3489907009390393e-44
-1.537418063216709	0.8845408061475707
-5.866877100981767	0.9999672409438813
-7.6251374846549425	0.9999994281417504
-6.884455724039218	0.9999968525942847
4.203106336743975	3.3792083968297614e-38
-1.2118739239559506	0.8522998397847458
-7.660836705146443	0.999999473268277
3.4058005237931575	2.2854062008396606e-25
5.769629012817594	-1.9425859108803703e-61
7.845230472429392	3.0883132540671194e-93
1.2033140512096843	0.13493251430760514
4.439705787231269	1.1689836587263095e-41
0.10650842499236646	0.6311264098862329
-4.112611662564363	0.9981903072173537
7.208210169128421	-2.0426133220700888e-84
8.83145407313134	2.1869713173494714e-108
2.587002061984629	8.237650143717893e-13
4.146201221888358	1.0177594052270895e-37
9.49597111316098	1.430902777811044e-118
4.224127303255209	7.485351850422259e-38
3.9233110596802856	2.9401718253173278e-33
-6.69576364056597	0.9999951400329767
0.6048177692967336	0.4451981361930355
-6.588491211434255	0.9999937784798799
-5.2608181961647915	0.9998679556706973
-0.9059704146488912	0.8175466973621802
-5.939983741029327	0.9999723140778892
3.9306488419467236	1.9812096317406786e-33
0.6976813914898461	0.39887448484095117
-6.938999417733127	0.9999972240503656
-8.987477377418568	0.9999999751714019
8.860349649836557	-9.56906592491682e-109
9.25786590459456	2.7224903345485507e-115
-2.597601347362919	0.9645050874132344
-2.0830966695207964	0.9308943786240969
7.35398486020226	-9.899766753021766e-86
-7.54904951820325	0.9999993186417208
-7.361297626086691	0.9999989501554147
-5.905616733858463	0.9999700352522171
-0.7696536219182661	0.7999547979897746
-3.198295456063205	0.9874158332912361
5.512289521817909	1.562077400171528e-57
-4.096099462582243	0.9981221641243183
4.614775026524182	6.505351255452275e-44
0.5364960516620609	0.4747764342870892
-0.5929459351818167	0.7753102449752127
-2.3785126457729033	0.9516527442976184
0.8213430153360957	0.33345661217378514
-8.06172955718932	0.9999997907339522
4.81084812986702	4.385093839190835e-47
2.4667582739054783	1.565204563789136e-10
-0.6927836750472736	0.7893677634441064
5.34289205244615	1.87086342936651e-55
-5.148346397943437	0.9998290266319436
-4.649757969446138	0.9994641375285445
-5.9116114411061504	0.9999704458344533
-1.328432742409733	0.8642008665775802
-2.2677664525453656	0.9442703796466886
1.2131041479482505	0.13032095736420957
-7.54722940239128	0.9999993157801597
1.4286657062489638	0.04863233218511963
7.625343396892738	6.735547458431754e-90
0.3818822143638112	0.5396793337859928
-9.208986629266347	0.9999999850911858
9.562648920830142	3.632625213989535e-120
1.0351628727147588	0.2180904447462033
5.461254543920155	-7.575611526207836e-57
3.4388303071290807	-6.201120888786719e-26
-8.906729865146978	0.9999999700980378
-7.97046438113814	0.999999741795613
-9.843509306699136	0.9999999965412414
6.4785777414437185	1.6958964917698703e-72
3.6910089428547934	5.172988644346474e-30
-2.7374915475511807	0.9714441293132448
6.609875844578777	3.492824798274783e-75
-0.8015377713620033	0.8042045838889181
-4.2947460432406315	0.9987989097314025
-7.597121895445533	0.9999993900365975
-0.5112994788885104	0.7625516433390314
1.4724772205578454	0.03835929356740741
-5.2887908097711955	0.9998761766242467
-6.755974170791599	0.9999957691562558
4.887587823669941	-5.6874336347004914e-49
-0.8991514358419206	0.8167135320874631
2.668328493570332	-2.0556684002328358e-14
-0.7487006811707175	0.7971202091614966
4.1960335706107585	-4.3372338381872594e-38
-9.109099858650467	0.9999999812358067
7.329983143636017	1.1224971613083765e-85
6.167677616850966	2.429773591820371e-68
-5.534940694379991	0.999929690472566
-3.805054077775689	0.9964250389685717
-8.5377000569761	0.9999999300594239
-1.944370286400062	0.9199591298584239
8.958424619927495	8.672003708823804e-111
8.364707248365487	-3.307894126633821e-102
4.975736756351861	1.6052923910663113e-49
0.6009753576362975	0.44702577200698945
4.76556370364062	-2.2964004617979983e-46
0.9214219236432655	0.2811992034912371
0.1858049872745049	0.6072074827347985
-9.3268944277363	0.9999999886358933
-9.385390963944978	0.9999999900679547
8.741794322984013	7.530804525324162e-107
-4.969506578533349	0.999742259550675
-3.0047140990024213	0.9819239578544369
-1.8310355751297145	0.9106294835904593
8.1870870595781	-2.0951417232544473e-98
6.380244595159116	-8.451333698372168e-71
6.4215995975377105	1.5877189669159268e-71
-8.386806858483645	0.9999999010029643
-8.453202352360393	0.9999999150376077
-0.8132853965033036	0.8057542653183735
0.28165300713220986	0.5766018048218616
-5.694099337485534	0.9999512470251332
-5.342321532709029	0.9998905114353125
2.9096454492230137	-2.5994413075697085e-18
6.6226488672344885	1.3885081472601323e-74
-3.5299850504888752	0.9935571209937326
2.603986669252091	2.13276808554514e-13
-1.5759178702874443	0.8880325033217984
7.605582534404348	9.868360330142336e-90
-8.628211239166257	0.9999999432170279
-7.874485195433363	0.9999996779360542
-5.392616187953534	0.9999024662705478
-9.592919438315676	0.999999993841001
-2.5676066886817894	0.9628821753022667
0.5925559785622436	0.45094546701993815
-5.105437980317991	0.9998113236591516
0.9784759113840469	0.24928927313751112
1.346788397939589	0.07464979350058545
2.447082379895221	3.734120309414528e-10
-5.031472820657514	0.9997764128113068
-6.816869540929105	0.9999963226466236
-5.592002061030921	0.999938338910272
4.974895508979298	1.6290661745933441e-49
-8.71942807834218	0.9999999539742086
5.145805451467043	1.2917425683663105e-52
1.2526143841745565	0.11214817235903017
-7.507181545163499	0.9999992496859689
0.3980510830703885	0.5333078442426983
5.01790199466992	-1.4222588611822002e-50
-2.300139953345206	0.9464875168428668
-4.1600256267481495	0.9983728713595684
4.068665637339093	1.0018352538272399e-35
-8.098540468032734	0.9999998077404146
4.863648468944653	-1.2461128389547006e-47
0.23603729490302783	0.5909377388686679
-1.9408929052759127	0.9196762839975201
9.769608170140703	-8.800163149788994e-123
4.98310060342741	1.0598382325194587e-49
2.386952115691381	3.1343116667202114e-9
0.6998001201889359	0.3977842122476337
8.902067130954325	7.875262330802912e-110
4.380553623948762	1.7361982490587895e-40
2.7311538042813854	3.800772165642858e-15
-3.990622356386133	0.9976243659954537
1.9102161001323736	0.00046784515130874184
4.667906899209058	5.726293824649462e-45
1.424514585602811	0.049799463125273946
-4.625428425700586	0.9994335308737438
-3.1862024439972148	0.9871189588748381
9.0584258380823	2.940850822437261e-112
9.82925299104625	-7.855063200834192e-124
2.16786583524895	2.8377105541781496e-6
-5.0371095397034615	0.999779286130949
3.269145606051392	-2.228228134284147e-23
0.39914220260391176	0.5328742357355517
-3.451082216211181	0.9924089806461309
-0.18947562126450102	0.7037664442483496
-8.206147172943314	0.9999998499342366
-0.8856629287351669	0.8150389082119294
-3.942298327402427	0.9973558044677302
-1.4587366797219694	0.8771560967393324
2.9065300465619295	-3.909185339814712e-18
5.430308323470538	2.8212027553276487e-56
3.8135787004508703	-3.627406128410622e-32
-8.078658953455342	0.9999997987344875
-5.619603851431161	0.9999421324582312
2.112070034653515	1.1209264838986749e-5
5.082230298872359	-4.7323449870003006e-51
-8.755608279561553	0.9999999576531545
6.739394016931538	-1.409410348716392e-76
9.493753210078168	1.6173960087339704e-118
6.485915409865125	1.3235619768503346e-72
7.5448065393104216	1.1580560547184675e-88
9.83101873123982	-6.5713872135231496e-124
9.225139024581726	-1.4347133977098805e-114
3.0133254790442585	2.0755330173577802e-19
6.32920997307879	5.242119349703359e-70
2.859490200542517	1.8414237182867924e-17
-5.86008288745993	0.9999667246910628
-3.0698204369627646	0.9839521926895397
4.861177467331451	-1.233677614553314e-47
9.938793928021653	3.740662257329663e-125
3.8691566265732646	-1.462618564558228e-32
-9.073568100307545	0.9999999796360846
-5.864621243064558	0.9999670704283925
-3.9331198517046584	0.997301596774421
-7.6855011304848375	0.9999995023485647
9.213174104622944	-1.2784532532224171e-114
-7.7614381460850135	0.9999995821804452
-3.6825399954685833	0.9953389469965523
6.894561407718104	-8.658837405757021e-79
-3.1881149443529067	0.9871662972981244
-9.989020582794307	0.999999997286173
-7.111332387814686	0.9999981332560549
5.403551467254575	-5.884577541279632e-58
6.253745903902555	5.645161286523741e-70
0.9728259544772655	0.2524220795787337
4.283892609184331	-2.2489279369926267e-39
6.994739829283688	-3.9387886351827233e-81
-0.7310402091271904	0.7947029185995498
9.869578633456864	-2.9336695629474374e-125
0.1901156336758003	0.6058509284094323
-9.713484355223505	0.999999995333995
6.231603486555528	2.6275382020978695e-69
-3.93727717898547	0.9973262806960719
5.747265384639375	1.0340682222921404e-61
-6.993593787003158	0.9999975519546485
-3.5219290586259877	0.9934475714285633
6.41403674559211	2.675271098897228e-71
-2.212975323873554	0.9404165737016792
5.084810838079985	-4.175224119312251e-51
8.48303851840576	-7.170684817690053e-103
-8.944323854041638	0.9999999725775843
4.122267124572163	2.154197589011138e-37
9.793042178346635	4.357937114135398e-123
-5.034567924951854	0.9997779951263864
-7.2612137690955025	0.999998678075156
-4.88095691732116	0.9996842520522446
8.975330961520843	-8.460250783862204e-111
-9.521428433589252	0.9999999927389189
3.699025794963454	7.143638215121598e-30
7.076409202582489	9.684961947896972e-82
-7.133404873655653	0.9999982257580937
-1.7901612666208635	0.9071979583512074
6.559395854673966	-1.7998409182923284e-74
3.417402257638461	5.321533739121534e-26
2.0342446571866937	4.8337727141140914e-5
8.294428339995633	2.8491319738559806e-100
-7.893898677021798	0.9999996920153871
6.203857567423313	-1.3327856059904856e-68
5.486661055043399	-1.4137008711266406e-57
9.367603935060469	-7.552274616246509e-117
-4.716891201182114	0.999540342272873
-8.067263538540939	0.9999997933836093
-9.611177138092902	0.9999999940945581
-4.884648118587975	0.9996869113475637
3.743860800116959	-1.2809737634472293e-30
3.767648557012233	3.964922529520708e-31
2.2212159064426693	6.871556052356505e-7
9.098497935634878	-1.0958253226600718e-112
4.460538387013306	-7.97662381529739e-42
7.452312777686888	9.656709853650377e-88
-2.348612523010978	0.9497180923581576
-6.485443258132042	0.9999921126121698
-6.069841106622986	0.9999794671281019
-6.270686578580182	0.9999870682966272
-6.348276174661627	0.9999891836591672
-4.418056797050847	0.9990916768870982
9.989876840258166	-6.814919982933505e-126
-4.1495938378731045	0.998334311916422
4.3414449699205715	-1.0166539485329014e-39
4.310528424510567	3.343730847315486e-39
5.138146336938526	5.9461560708199205e-52
5.297798764284941	-5.279975267322125e-55
-9.700273298789885	0.9999999951898766
8.302642888161657	5.1342395388729916e-101
-5.72565242566081	0.9999546610893697
1.4013617519744326	0.05665524735796989
-7.871224793091645	0.999999675509137
2.4662104193948444	1.5921004571758216e-10
9.343539222909556	4.876774096702732e-116
8.024585979311269	-2.594358610514314e-96
-9.149994738258208	0.9999999829220797
-9.1551141165455	0.9999999831222081
5.814530665133342	3.7023669875174486e-62
5.6715437968203055	-3.843203303885731e-60
1.6727034200687854	0.008185546961449476
3.882652826177356	-9.106055640782088e-33
5.7164745608209255	7.990532297740316e-61
2.8873187684471624	-1.0775890761046314e-18
-5.3291144096156495	0.9998871366228336
-6.700908836194968	0.9999951972662547
-2.302503538271714	0.9466476032128167
-6.463844671461714	0.9999917104861248
3.8281300101117353	2.4236753695651235e-32
4.858780629288528	-1.171406566944478e-47
-2.507741292805239	0.9595051077409985
5.120051641530839	1.3682495717094834e-51
-4.166722933490523	0.9983971664053293
-2.869131746061151	0.9770521595602524
0.10311886306764251	0.6321084635574185
0.4796146553413614	0.49976378404703825
4.4620158996547055	-8.4809795406883e-42
-3.4305722449460996	0.9920818515554952
5.740804638514403	3.553027812334206e-61
-2.2806158289161838	0.9451558555598798
2.546096956365073	5.258624922523847e-12
-1.8393677732611238	0.9113141143188153
3.724663887431646	-5.691205548339025e-31
-6.88024543747364	0.9999968219349703
5.026961071797768	5.801062999788884e-51
-3.0423125479277457	0.9831187619198429
-3.594215561555809	0.9943724913071977
8.028604591416876	-1.391181358103843e-96
8.623032204087593	-2.2526563466856486e-105
2.4904026688008507	8.978117362386977e-11
0.6014802703857747	0.44678686612598617
-4.199449476966115	0.9985108827796366
0.06640815503397235	0.6425254540255378
0.4422097663172089	0.5154643859130407
7.216953394029623	6.182162044291475e-84
4.870229342434067	-1.0757204807122358e-47
5.556801676110599	-1.5901750305937528e-58
5.198805299358597	6.507754212677652e-53
-9.303972749418566	0.9999999880199932
3.7306129934657406	-1.4817401810646938e-30
-1.5349336390586963	0.8843164657038436
-5.417606112552784	0.9999079123017799
7.709372896634012	-1.4174509160971225e-91
3.1639054898244545	5.896448683042102e-22
6.940399190431755	2.194714446766033e-79
-5.735101717340179	0.9999556362342867
-6.878862687954372	0.9999968118007706
-7.67836938444824	0.9999994941089969
1.2530708698044322	0.11194855325759115
-9.874346078377254	0.9999999967783137
-2.359750132743015	0.9504439426769531
9.764549368710696	-1.4399235953556635e-122
-2.151651704433033	0.9359777234556568
-2.766938902230418	0.9727721530158446
5.359756097496714	-9.815628461515051e-56
0.7150473721673976	0.38991341726093126
-4.957747740445324	0.9997352147282176
-2.2962352265743657	0.9462225150534043
-2.8424113959028974	0.9759844293391896
-7.016064692370225	0.9999976753939501
2.2699363956435903	1.5921006455064447e-7
-8.537154296726147	0.9999999299714772
-4.0181178390804195	0.9977652279914561
-3.6226335412592903	0.9947020186144577
5.065151068857245	-5.606679391144172e-51
7.614378062513136	1.2083437081268932e-89
-3.737273276428943	0.9958577435633276
-0.7515425318713209	0.7975069442449485
9.530571384369853	-2.424022710549911e-119
8.81648134720269	5.004187475782685e-108
-6.179001153329535	0.9999840294185594
7.565917563647638	-4.498673601799829e-89
1.3243315259378008	0.08286086582917418
7.513944959232504	7.981434997617686e-89
-2.357829214327185	0.9503191975247096
-1.106721226257168	0.8408350324020627
3.076120078636704	-1.3906963367722215e-20
-9.523897271544204	0.9999999927800787
2.951064057464192	-5.619445091725674e-19
9.07806662632408	-5.406962191546087e-112
8.188611793108311	-1.839995642025597e-98
-4.466643642362023	0.9991866185899363
-3.1997266769707933	0.9874505845892793
-4.975372577207384	0.9997457038190453
0.4211209761329382	0.5240641701185813
9.714466324326438	7.213858211368984e-122
0.6440922411828787	0.4258738544791406
3.7242428580934153	-4.71702031837085e-31
8.299320310654966	1.4315008185653426e-100
-9.443369126213792	0.9999999913091825
2.639694170240631	6.227888171322863e-14
3.1802657553120017	2.691302038291176e-22
2.331222580324388	1.936177619848098e-8
0.13317446334172445	0.6233019999163358
-2.3717648404506653	0.9512200148353477
5.429844836356811	2.877111344107934e-56
9.34731388311295	3.997424920121784e-116
7.656041562176441	-2.3707890345241976e-90
8.21988319302644	7.062179336817804e-99
7.897533874380546	-7.96468365987339e-95
9.257268602672049	2.9126875071293257e-115
8.437390055720648	3.366493900756889e-102
5.2174286431853965	3.912258273460796e-53
2.207811555410224	1.0161550907327367e-6
-2.7527100226833	0.9721357408009552
-1.4442140279048843	0.875748596382201
-6.768692236338856	0.999995891249765
7.999020414306909	4.829030306936584e-96
-5.899149161533455	0.9999695858881945
-7.235698143191507	0.9999985980835192
-6.922631522695477	0.9999971174379163
-6.515437711508167	0.9999926389068142
-9.677622359117724	0.9999999949323469
7.641720549948214	-2.108278593619269e-90
6.027912862359756	2.0871301777607435e-65
-3.6221757390358134	0.9946968544561025
4.642387425472009	-2.576280876168767e-44
-5.176568632802003	0.999839757095276
-4.871072497050748	0.9996770197532098
-7.51885398022174	0.9999992695832429
-7.918882560942624	0.9999997092329117
4.255472453561225	-1.7490651068368807e-38
6.996743938282769	2.2088133825870266e-81
-9.909620511517424	0.9999999970296373
5.378196942221841	-1.4138509200455412e-55
-7.958926954407772	0.9999997348442757
4.6628701533340156	2.663951411044688e-45
-4.605424521333745	0.9994070725173502
5.768505348869857	-1.9802798485510875e-61
-5.073160870697295	0.9997968126807745
0.5058800418432696	0.4883978644480527
-7.408765211586363	0.9999990588514692
-8.300929264056226	0.9999998793576883
9.914515007396261	-2.6107705887536717e-125
-6.386226450908312	0.9999900885695149
2.825617125183122	-7.528858764562787e-17
0.08975056509342849	0.6359520264534981
-1.084105542255669	0.8382797039361181
1.0113973806599965	0.23105298350085057
-0.38468539427354287	0.7411091106243414
4.692305142511293	5.39238148540966e-47
4.533652422522593	1.1735044438064207e-42
-0.38703898115266	0.7415322782603768
-8.614091303633868	0.99999994134054
4.942443183237643	-6.678972781650782e-49
-8.126050633161853	0.9999998195412994
8.561832562006618	-3.1750029127690866e-104
-3.0053514660870784	0.9819447624919905
6.545947366008143	8.340962809613554e-74
-7.26184130333956	0.9999986799838689
4.980110341444881	1.339618437819945e-49
1.8193094816576547	0.0017265573817904327
4.904481627550755	2.893895608803201e-48
9.35619475071023	1.5807768469002519e-116
9.307088940679414	-9.729579070775289e-116
6.829390325590413	-1.4273657256844764e-79
-0.26389062535844054	0.7191021856296029
-9.152344125009172	0.9999999830142154
7.538710576989406	1.7581296252272242e-88
-6.815707821784773	0.9999963127972266
-2.1811193544285423	0.938115431305167
-3.7822438549659987	0.9962428709231708
-7.635721543369578	0.9999994419097876
-6.180016110898898	0.9999840666895202
3.3659077836622977	-1.0065668135169888e-24
-7.469352193975802	0.9999991813996112
-0.20448552534817033	0.7069492458619263
1.274506743908205	0.10279005370268705
1.8397806602182278	0.0013062374737913649
5.871525677859051	2.258343357956269e-63
5.178523379364343	-1.6963368079187504e-52
8.277477190692053	2.958184766014049e-100
-3.2933053020793057	0.9895526253269901
2.5232441084529444	1.6640641333226768e-11
2.109974438205459	1.172367140683664e-5
2.484203551980304	1.0590422152076046e-10
1.5705934505013417	0.01976770783627957
4.92308507348319	4.682457967275797e-49
-6.01875938974906	0.9999769051957764
3.763504726707012	3.2057896298606625e-31
-2.4217767286672798	0.9543704539961431
-4.57207685417905	0.9993602168498852
-2.977243787124624	0.9810090318598841
-4.903373125505133	0.9997000622577988
-1.5096804346499848	0.8820035523764627
-2.368616838406812	0.9510173671942058
2.1439544884909	5.141912046726974e-6
9.388673242305252	-1.0166045323161182e-116
-7.387027040979661	0.9999990105450767
-9.750709836572703	0.9999999957172804
3.117286205435521	1.580102602276555e-21
-0.7451796777983333	0.7966401283466917
-3.00129637561084	0.9818120717451563
6.210510509640493	-1.6012970393918673e-68
-7.357429447750583	0.9999989407630151
7.512281427489739	3.881130336318189e-89
-0.2053686260679335	0.7071353194243046
-9.646958079566934	0.9999999945615958
8.433030482296683	3.6497050732460006e-102
-2.489708858416946	0.9584509725253292
-4.339135703157608	0.9989136736658433
-5.368752663538161	0.999896965863789
1.9180950477998326	0.0004121119222783414
0.9916815635517118	0.24195740534016077
-6.649982254284228	0.9999945997874574
-4.978948325172121	0.9997477808239483
-5.585717881306871	0.999937441068451
-5.063537387223875	0.9997922746878126
3.745929283473096	-1.0902878319445601e-30
-9.065031312667621	0.9999999792318355
-1.6493930971422444	0.8947786888744527
7.981155886540169	1.681268921997461e-95
9.508521099799427	3.8345907645428844e-120
0.4911710210103415	0.4948144130235028
-6.010899341941864	0.9999764835662237
7.522198615043827	2.0473417355050008e-88
6.37297861449866	-1.2034357224778672e-70
-5.466067210511056	0.9999176230124224
8.081691476956856	-6.417961304398101e-97
2.4622026260542427	1.831668700877784e-10
6.520988524092289	-2.0721494845411077e-73
0.7607353871052602	0.3660446463009872
1.9660611145846332	0.00018239488268168073
-9.818502233443226	0.9999999963362374
-3.4628537373608026	0.9925912146530739
-6.570695765977188	0.9999935182823405
1.7244416830874343	0.004810545090326443
0.1193601895177121	0.6273786145576555
-4.518674784305139	0.999277436309418
-8.965355391542783	0.9999999738739225
-5.196283887119626	0.9998468519027939
7.8606520514256	-4.953363547691765e-94
-6.239712385837204	0.9999861125172221
4.157405462124263	-2.7910437212844415e-37
-9.41445330240764	0.9999999907108374
-6.237477676416718	0.9999860408893982
0.12279160867588068	0.6263710614701766
-0.23646134996367252	0.7135821634096332
-5.059252605614475	0.9997902218001382
8.956734104153949	1.0901925260767711e-110
2.6018540258915834	2.3441226936859857e-13
8.592648911947663	8.998132992767575e-105
7.926996386913878	1.5944117460317127e-94
1.454787092418396	0.04211157456406551
-6.911791858068308	0.999997044589456
9.643977269922196	1.2630113719170821e-120
-5.643617188550367	0.9999452426106386
-0.8779655620580904	0.8140716215653976
-1.275153591330774	0.8587048774839495
9.387113053301789	-1.1061520979171678e-116
-0.7120663784856198	0.7920812401834515
2.9069213642246474	-3.751463373891131e-18
-7.129247061388306	0.9999982086908861
-0.3009509249726037	0.7263519373586523
1.926780609083906	0.0003575829126001048
9.14643864929846	-2.066395162231353e-113
7.133192939385431	2.931918860385238e-83
3.2983243263646056	1.1709438935775052e-24
-1.4290095493922053	0.8742631733843238
-6.251704607499331	0.9999864906673896
5.944309294827725	1.2631947612899853e-64
-2.946614829170495	0.9799463492876883
-0.044627157993982536	0.6709481318965489
-2.3912828793890517	0.9524654385753887
5.079397882116989	-5.259028436344513e-51
-8.294020010541532	0.9999998774230233
8.594274239970346	7.998671288405417e-105
-4.2526978664090365	0.9986792631486269
3.8540607902540813	-8.988651985292478e-33
7.004285358713787	1.6290934737376154e-80
-7.929922041542898	0.9999997165308667
9.663708882130862	7.504610776974159e-123
9.816177999598317	-9.021260742821645e-124
-4.031798191792277	0.997832272194616
1.4437933832236904	0.04467366336585739
-7.019347114781471	0.999997692896658
1.818802063007098	0.001738070850089136
3.525942318076707	9.130091926722868e-28
1.9826936520440377	0.00013449909152356718
7.2408828612570275	5.7644552649101525e-84
-8.067386902890451	0.999999793442292
9.637683066588458	1.4813993383741503e-120
2.3947855518900507	2.6883476239991257e-9
6.327006938014826	5.466697540428896e-70
-9.93305606813557	0.9999999971856698
0.7560439566397115	0.36852428735608633
2.9300379423123744	1.4867516755172021e-18
3.8160448338446997	-1.9486062613668107e-32
-5.900695718813713	0.9999696939513296
1.7603048046274683	0.0032889494757253335
3.2204617845774752	2.0652802841827688e-23
-0.44569027283561624	0.7517161091380624
-6.3334568525616675	0.9999888082677879
3.0299853246100774	9.952111036647194e-20
6.303583853900893	-2.5574990942402458e-70
-4.117755393014906	0.9982110389340827
-8.929593921191179	0.9999999716315469
3.674395184132454	-1.4847461437847028e-29
5.618717603250181	-1.135017165404526e-59
1.40449006385996	0.05570613026507397
-7.310454098370096	0.999998819767133
8.519656046765704	1.8604933600181598e-103
-0.24133702723048245	0.7145732180721391
4.03168303221384	-3.753714752281499e-35
6.921679609034207	3.372030902804346e-79
7.596028935527933	-4.1977683129866e-90
-4.614762780258315	0.9994195729023465
4.226413480874021	6.846112790232732e-38
7.563808556473305	-3.871563391435227e-89
-5.782465727713291	0.9999602172049498
7.59158431021919	-1.5213148143895342e-89
-6.991397352983801	0.9999975395429064
-5.772439814881243	0.9999592887197315
-9.411486627449017	0.9999999906471657
2.543282372070781	5.590839545948029e-12
-1.2241191851088473	0.8535583524839838
