-1.3556311198657554	0.970366117255077
-5.66822236263528	0.9999684450132253
4.131084890811509	0.969483611664013
5.983276864654847	0.9694836116198392
-9.38821221345497	0.9999999939788773
5.380820066034794	0.9694836116213521
9.404673061125823	0.969483611619337
-9.636718508744933	0.9999999966024098
-9.821498715303246	0.9999999977798073
7.343656411685522	0.9694836116193588
-1.2827646842762483	0.9701246757568466
-3.0389986968977123	0.9912548317359201
9.837394100107282	0.969483611619337
2.612506969435371	0.9694836130069426
2.792068998261538	0.9694836123139664
5.093551895412794	0.9694836116225105
-2.7052964750185016	0.9861789133236858
-2.069520837591492	0.976218540312138
-5.585205566457794	0.9999618091923128
-9.2524912185794	0.9999999917700269
3.9721462935112406	0.9694836116639306
-9.26498298495195	0.9999999920033762
1.4743691650247612	0.969483610154785
0.6042238195667515	0.9694835966892323
-4.989033881701341	0.9998500299567331
8.979426577856401	0.9694836116193377
-1.6518306392905693	0.9719614394582116
-3.6205614582755885	0.9969328712725964
7.134633555919745	0.9694836116193806
-1.595985068324751	0.9715726542272555
8.4533144535858	0.9694836116193385
4.083616155821703	0.9694836116633576
0.15774993677951876	0.969483605687085
-4.082054509044664	0.9988424558482992
-6.333687752940507	0.9999931754792742
4.152801661818986	0.9694836116622109
-9.410534389993161	0.999999994280534
-0.4564218950683063	0.9694840851362466
6.7247234012482515	0.9694836116194239
-4.93598818417476	0.9998306903221016
3.292242129146228	0.9694836118053454
3.2190943974963773	0.9694836119700687
2.1704685942157376	0.9694836144174472
-4.969046300575615	0.9998430148737294
4.079992195423499	0.9694836116633678
0.8200743301143909	0.9694835976465411
6.512623895800292	0.9694836116195097
6.617749688764704	0.9694836116194168
8.489496685589579	0.9694836116193384
-6.499309497729651	0.999995338867805
1.2571689812550257	0.96948358246324
-2.66869573359497	0.9855744874885503
2.461019972166106	0.969483613038275
5.522568255521927	0.9694836116207185
9.780871577575056	0.9694836116193373
-9.23496222803044	0.9999999914310548
-3.923041001203722	0.9983662712707525
-8.668910731636409	0.9999999684515473
0.7340539043658758	0.9694835979454054
0.6235970038071503	0.9694835972554939
-4.841768941673039	0.9997900451465983
-0.48013097147753925	0.9694842788744135
-1.8073490747626408	0.9732678954884781
-8.737040056467258	0.9999999730319921
0.974434225795747	0.9694836064563259
-2.190833374906833	0.9778727783747988
-3.398717443779544	0.9952810020506109
-3.73071397107418	0.9975499766019493
-0.1041994274283109	0.9694836481964836
-9.864790601282628	0.9999999979904508
-9.547243881885898	0.9999999958251024
9.140933627692284	0.9694836116193375
-2.7031967184231087	0.98614441561712
7.473442789640572	0.969483611619357
9.900333097006502	0.9694836116193375
-5.890824723398236	0.9999810893807511
-5.236797309876984	0.9999149885615372
1.3642838083515407	0.9694835818916331
-4.023736333693249	0.9986854443110706
3.1949855669999394	0.9694836119681002
5.071555952799645	0.9694836116238991
1.6997335866475751	0.9694836223152065
-9.22767741274463	0.9999999912861075
7.208800125790447	0.9694836116193593
8.348385856714764	0.96948361161934
-9.819398807730622	0.9999999977690462
8.180992090682942	0.9694836116193402
-1.8821459605391553	0.9739984367662324
-5.05473305344422	0.9998709660451521
8.847295899087268	0.9694836116193377
7.549975611181349	0.9694836116193475
-5.411765914941924	0.9999431090510236
-1.5113911986715003	0.971076062492134
-0.34253614983075664	0.9694837184150688
6.229994921381184	0.9694836116196844
0.14658928393526693	0.9694836057502083
3.479806839113909	0.9694836117948977
-8.167329622337762	0.9999998998715254
-6.269639922628265	0.9999920914053547
-2.762156609574009	0.9871029999973319
-7.613312193332882	0.9999996414329015
-7.062728178935833	0.9999987260950453
3.4167501094015904	0.9694836117944329
5.60281606539613	0.9694836116207163
6.501576797282354	0.9694836116195107
0.5522130663262725	0.9694836202937039
-7.638629631559168	0.999999661737906
-9.788606960361076	0.9999999976051273
8.826089226482047	0.9694836116193377
-5.342526440964956	0.9999333045147997
-1.47441913879776	0.9708833962411836
3.8693293642815885	0.9694836116899954
4.090328922051043	0.9694836116632957
-0.729959169680674	0.9694979218526723
6.669422240312311	0.9694836116194259
5.9493836608241235	0.9694836116200415
-8.03291194627449	0.9999998635495925
-0.5316275578096672	0.9694849978477489
-6.84447416927036	0.9999978944029553
-9.484691481505884	0.9999999951783213
-2.1855360035021842	0.9777958250229107
3.2353220151864157	0.9694836119766748
1.7556297374749228	0.9694836210984222
3.9068344109183606	0.9694836116600568
0.39416393416914275	0.969483627244011
1.2929680691579328	0.9694835819114558
-2.973418757462243	0.9903425205909244
8.79756499480439	0.9694836116193379
-9.440572808031726	0.9999999946627572
-4.779263068831083	0.9997578869822291
-7.931149204217669	0.9999998275207274
-2.380364485179838	0.9807955873439409
6.183917827063681	0.9694836116196843
-2.531312390128466	0.9832744258366429
-4.597015095708472	0.9996336549622225
2.4449446858238577	0.9694836130304296
-1.6256867719532622	0.9717742558836373
-9.079560712342056	0.9999999877445734
2.971895173811813	0.9694836121344557
-0.274106278216939	0.9694836672771379
2.985731078746717	0.9694836120254432
-8.972707722263578	0.9999999843259412
-4.0566392901101445	0.9987763453244464
-9.795330505706374	0.9999999976419182
3.5499082439968923	0.9694836117912488
6.1773112777796655	0.9694836116196839
7.378632999737242	0.9694836116193588
-6.050555718826254	0.9999869056185421
-2.7183338110624256	0.986392521789628
5.865918431800111	0.9694836116200297
-1.1557526103537707	0.969829994575687
6.300345561662951	0.9694836116195278
-3.0515680836693537	0.9914237264884298
-7.462497380333772	0.9999994925627356
1.293981844503369	0.9694835819131112
-5.266742395545569	0.9999206330662347
9.224804373582785	0.9694836116193373
9.441631929991175	0.9694836116193374
-0.08163541237253469	0.9694836492819335
5.517759666235165	0.9694836116207163
-2.9917470325476625	0.990602643686566
-0.6558715470461518	0.9694899579971766
-1.448019232894385	0.9707547335173636
-7.91434059665777	0.9999998207143858
-6.816582457795586	0.9999977547518939
9.359490329722835	0.9694836116193373
-8.121745773613341	0.9999998887906164
0.0355154046728714	0.9694836076687944
3.371228101647983	0.9694836117969312
7.671705203025972	0.9694836116193477
-0.48149237784864596	0.9694842921486186
-8.298733879781167	0.9999999260132223
-1.845880745752094	0.9736328018057879
3.3776133486910496	0.9694836117956569
6.300419840303597	0.9694836116195277
7.626318694544274	0.969483611619348
6.574579880728958	0.9694836116194852
-1.5280105736811898	0.9711657806582412
-8.088689942288735	0.9999998799955994
-9.209151683332424	0.9999999909063575
8.177064076786817	0.9694836116193399
-3.708157050358669	0.9974333631541961
-9.905384829146007	0.9999999981697743
5.015051415152634	0.9694836116248216
-3.863211554250676	0.9981439320236831
5.26349194020777	0.9694836116220996
6.1177339935351505	0.9694836116196826
5.542920182137326	0.9694836116207215
-6.5672770796806645	0.9999960140063633
8.461067290591764	0.9694836116193385
-1.7857818426381566	0.9730684206792722
3.6228007007066907	0.9694836116998086
-3.278173801727835	0.9941239480109978
-0.6742461331019776	0.9694914084557907
-8.591531650438702	0.9999999622986346
8.364287110858033	0.96948361161934
2.7762444264692085	0.9694836123208843
-1.6692008460057206	0.9720910792920568
-8.993696502536842	0.9999999850654282
-8.272532941997909	0.999999921412227
8.970096911799068	0.9694836116193377
-9.636239298517877	0.9999999965986588
0.19724511506841402	0.9694836059342241
4.778996829860294	0.9694836116273438
-4.854151372841136	0.999795894399161
6.394189323416548	0.9694836116195107
-7.008750745026173	0.9999985575149807
-1.21021354203695	0.969942536012575
8.86477024154281	0.9694836116193376
-4.951510821311738	0.9998365926417973
-7.561702369684431	0.9999995961881148
-0.5956033284556561	0.9694868301347954
-4.05263153560842	0.998765599483218
-9.728470130939284	0.9999999972494515
-7.319214700948113	0.9999992942330544
6.0673264162474325	0.9694836116196913
9.729991222937606	0.9694836116193374
7.854231730950062	0.9694836116193424
2.9825672053245356	0.969483612048375
1.6884201196427195	0.9694836223538844
9.901704542885788	0.9694836116193374
3.7290927727859966	0.9694836117071874
3.915592352298102	0.9694836116590373
9.022853871577865	0.9694836116193374
-3.1300379566981507	0.992435021535591
7.038592302585869	0.9694836116193807
1.2011276871146759	0.9694835802606032
-9.873086012325327	0.9999999980284715
6.440428826773342	0.9694836116195108
0.13522643356153807	0.9694836058038934
6.5663985900097686	0.9694836116194995
7.690365456458959	0.9694836116193479
-5.0758041380809615	0.9998770443133551
-9.991389077545879	0.9999999983440709
2.9930262701566015	0.9694836119808456
-6.204182254790829	0.9999908054039285
8.787880386614741	0.9694836116193379
-3.594947149968326	0.9967713773721136
-9.218644824024636	0.9999999911029753
3.8870110955927153	0.9694836116719874
-8.64677929146902	0.9999999668021853
9.95713291814365	0.9694836116193373
8.286659513364004	0.9694836116193398
-1.264851186927718	0.9700740429012831
5.0531867581947445	0.9694836116248088
-8.775880555487126	0.9999999753391445
7.9159711454815	0.9694836116193427
-5.903763639607331	0.9999816440278121
-3.321858412041414	0.9945655602068529
2.1469829881566973	0.9694836144421926
-3.026727272533609	0.991088084015004
4.816332667423854	0.9694836116243295
-7.1651900365668375	0.999998993809514
-2.9566025878035784	0.9901005029549853
-4.991079831126641	0.999850730215584
-8.099667084411646	0.9999998829907704
0.05259306244344586	0.9694836069253531
-1.6240132580954345	0.9717626049915449
5.628455362333895	0.9694836116207258
3.1506710412303196	0.9694836119692005
1.7412657415473198	0.9694836223287089
0.16801426696206434	0.9694836056694637
-6.253651242238676	0.9999917949269586
-8.044385140655361	0.9999998671071161
2.561019467716621	0.9694836130118413
-0.14414446030319183	0.9694836495710668
-0.9693409488758942	0.9695920613329805
-5.8428193356280955	0.9999788811986212
0.02522344816807376	0.9694836080402449
1.513414887322897	0.9694836257845264
-4.301688075755692	0.9992878629705332
7.22436499612985	0.9694836116193566
6.783764061067892	0.9694836116194239
-0.8609818972880401	0.969532151637682
-0.3638445924183831	0.9694837488702196
3.952733857807633	0.9694836116640934
-1.1485543418573272	0.9698167271508946
0.16773236475275155	0.9694836056689685
7.768129999938683	0.9694836116193477
2.7142822272934417	0.9694836122512636
-9.621397970179913	0.9999999964804147
7.52706029246216	0.9694836116193468
1.388593707470669	0.9694835822884142
-5.224447811647095	0.9999125458576493
-5.151016414451242	0.9998965080597765
7.753489977638193	0.9694836116193487
7.086227947550601	0.9694836116193805
3.241696251975071	0.9694836119736877
-1.6133578244978573	0.9716892945770108
4.213367780018089	0.9694836116392845
6.53974773544633	0.9694836116195138
-7.745017376086234	0.9999997352310906
3.515779055843428	0.9694836117941469
-5.829519981847051	0.9999782251022231
-6.529552382962676	0.9999956523511078
8.520370766965147	0.9694836116193386
-7.136563915237413	0.9999989252559758
9.083234027121748	0.9694836116193377
7.293755539025263	0.9694836116193593
5.943286124185093	0.9694836116200447
-3.1066605959658977	0.9921418514026038
-9.375675637910494	0.9999999938025377
7.630622687189636	0.9694836116193479
-1.582889678115361	0.9714871880827738
1.2670610453326692	0.9694835822487086
5.312517890968586	0.9694836116220821
-3.09045830683516	0.9919344630700481
0.13300243139291013	0.9694836058114993
3.156976413852055	0.9694836119692535
2.3661199817001446	0.9694836137901266
7.238913983737682	0.9694836116193573
8.976838773053032	0.9694836116193378
-9.39860547132044	0.9999999941212583
-8.575445883609927	0.999999960876039
1.2395598488818216	0.9694835822762732
8.502436568641087	0.9694836116193385
-9.448056257036818	0.9999999947539366
8.925509465810837	0.9694836116193377
-2.8170602243337095	0.9879811329964625
1.1729637269559756	0.969483589839588
8.78332214126512	0.9694836116193377
-6.099231310537805	0.9999882932598757
2.5594121044601224	0.9694836130115992
-9.701677591717228	0.9999999970744204
-6.794319495299206	0.9999976366664554
5.900353209677265	0.9694836116200288
0.3256886843061366	0.9694836270988992
-4.596531523399192	0.9996332533186884
-3.147365646775606	0.992647704723294
-8.15893389918324	0.9999998979170138
-4.395070160286516	0.999422205189151
6.627843297338494	0.9694836116194155
-9.732110345164244	0.99999999727241
-6.870025422019159	0.9999980146996548
-1.9662020965176943	0.97493583832581
-3.340176714307921	0.9947431198031692
-2.4400442643459463	0.9817615565210658
-2.1382734316970087	0.9771352680961484
2.119050448683275	0.9694836141804
-7.705981984489236	0.9999997103310773
6.868459859472491	0.9694836116194173
9.130787127451597	0.9694836116193375
-9.581382997843594	0.9999999961407173
8.921523052330226	0.9694836116193376
8.057329456650542	0.9694836116193432
3.0553464839742706	0.9694836119769265
-6.227674457076593	0.9999912893693815
-9.304004957726008	0.9999999926905486
-6.81064016196721	0.999997723822902
-1.8766779183103033	0.9739411078121233
1.9683995410253363	0.9694836171189118
-3.5681627224271084	0.9965947773288726
-9.61148227843655	0.9999999963991312
1.346615600211397	0.9694835820534518
-8.412864899870009	0.9999999431116444
-6.77473465872815	0.9999975276620816
-8.829394958446684	0.9999999781981131
5.8842299761622705	0.969483611620031
-9.347075686849994	0.9999999933806686
-8.154215611103105	0.9999998968018984
8.839881882853255	0.9694836116193376
8.860316397980569	0.9694836116193376
-8.053516357828974	0.9999998698720459
9.268318658220274	0.9694836116193377
-5.139583641145293	0.9998937602123584
-3.3262036216069513	0.99460808433506
5.824221007132721	0.9694836116200288
8.081065312759822	0.9694836116193417
-8.542482937629039	0.9999999577909393
-7.478473270165917	0.9999995108897392
4.04582840829268	0.9694836116633081
-2.011374666014234	0.9754799837194177
-3.439649941342604	0.9956308151758677
-4.345812318582625	0.9993547455855157
-4.609653138896896	0.9996439996868314
-1.0877150894693521	0.9697187573406095
-4.774891183898831	0.9997554634810271
-9.555320313855695	0.9999999959020239
-2.4744679231990885	0.982324947172498
9.57905334564957	0.9694836116193374
-3.3190314657440867	0.994537758484739
-1.591643859310432	0.9715440362269313
-4.8789427194775925	0.9998071240982259
8.939545716316356	0.9694836116193376
-5.211355152424955	0.9999098797510672
-2.805856627515162	0.9878035095269924
-6.71078875198563	0.9999971355165647
-2.1561173168426473	0.9773794411585235
4.379885850452778	0.9694836116413834
2.3541343730143804	0.9694836141533021
1.5674666818091065	0.9694836219843369
5.5004889650918685	0.969483611620714
4.36528432918462	0.9694836116413573
-3.6311991837777002	0.996997864300825
-7.191920380967534	0.9999990538694402
-1.6115604305377786	0.9716770692515686
7.298044874695574	0.9694836116193591
-7.9181772377775905	0.9999998222912451
8.690143813631927	0.9694836116193386
-5.267125541618509	0.9999207028126513
0.4019875304602394	0.9694836272229232
3.772191185196924	0.9694836117072453
-6.860730692614756	0.9999979717560983
5.265505624441804	0.9694836116221001
2.8686711806233323	0.9694836123182599
-0.5169317657510852	0.9694847419094526
-8.694357959292315	0.9999999702469893
-6.7496306186113575	0.9999973805562222
-4.421773947186418	0.9994558513035515
3.109723282230279	0.9694836119682593
-0.4186477320508395	0.9694838877518409
3.3774035786992442	0.9694836117956979
-2.095506470270747	0.9765609190652528
6.479206547794455	0.969483611619511
-5.915961232758131	0.9999821520047283
7.930781987285226	0.9694836116193429
-2.9913301538032666	0.9905967702749437
-3.9605069330569442	0.9984926544008849
5.618863050861197	0.9694836116207127
2.7687677722276263	0.9694836123267665
4.423904014249604	0.969483611641423
0.36589977692385034	0.9694836271010945
-1.6463577797708382	0.9719214554992317
-6.29110277732726	0.9999924726208469
6.345139783774492	0.9694836116195058
0.6618491817133432	0.9694835981630573
5.755068565244796	0.9694836116200378
-2.3287904865004183	0.9799722519735289
8.018321111650803	0.9694836116193428
8.144931405235592	0.9694836116193397
-1.9021505489586623	0.9742130965679952
5.991789283181133	0.9694836116197707
0.542913639383368	0.9694836249362518
7.65355433977653	0.9694836116193479
-2.211933874512617	0.9781823410912267
1.333058778254772	0.9694835821020371
3.628470989396998	0.9694836117016672
5.268127786941461	0.9694836116221007
-9.423785807433692	0.999999994452414
-6.703461317088584	0.9999970867829668
6.106424949465815	0.9694836116196821
-7.966713913203463	0.9999998410822268
3.745304882550716	0.9694836117071459
8.21567269932844	0.9694836116193397
-0.8350251971173517	0.9695225454029988
-3.7734355487527838	0.9977579544014329
6.519642290621505	0.9694836116195095
-5.261104840809341	0.9999195997317771
1.3260445820895193	0.9694835820922802
0.03606596199690948	0.9694836076468312
-1.4631772610010607	0.970827618557824
5.534689208469796	0.9694836116207214
-2.2288022935974983	0.9784325294391584
-9.357435382857373	0.9999999935367002
-2.6876156435510445	0.9858876984956245
2.2009231906821025	0.9694836143809914
2.54203038516569	0.9694836130112044
7.768167347516467	0.9694836116193478
7.430853919849724	0.9694836116193587
9.087903939450158	0.9694836116193373
8.946998671975521	0.9694836116193376
7.97481761158306	0.9694836116193423
5.523407377009724	0.9694836116207187
0.4987660812532404	0.9694836268635483
-2.4401487558315793	0.9817632533950778
7.608641248314825	0.9694836116193479
-0.29799372614050057	0.9694836785858181
3.1508492125924334	0.9694836119691995
7.067187587661131	0.9694836116193805
6.593626864576699	0.9694836116194462
-2.604945821118494	0.9845100538447439
-7.901619510330855	0.9999998153852274
-0.4571495444933795	0.9694840901430986
2.3803354842756175	0.9694836133313137
-7.177801112482696	0.9999990226060161
-3.8168735187652825	0.9979529899541959
2.3946588448796824	0.969483612991502
-6.988190544530841	0.9999984875878942
6.148180721648075	0.9694836116196835
-5.542804164923294	0.9999578996191111
-7.084111164154074	0.9999987872948524
-2.7349219135613634	0.9866627134302418
-6.995033164167097	0.9999985112285666
0.4843513383659257	0.9694836270490655
-6.585435211402375	0.9999961771995297
3.88856993002436	0.9694836116705833
-9.428926303839521	0.9999999945176908
9.09891706418307	0.9694836116193373
-2.920552275406476	0.9895711489785389
2.637467935742821	0.9694836130351487
-2.911777001246252	0.989440208191479
-7.236687848428454	0.9999991465356856
-3.3740766975720726	0.9950600190317586
-1.721488212572071	0.9725070103067003
7.135579863537455	0.9694836116193809
-8.87080804344857	0.9999999801810311
9.688359314120678	0.9694836116193375
-7.846043471923179	0.9999997901823923
8.34877705680945	0.96948361161934
-5.7529506176474765	0.9999740315720438
4.121941448114699	0.9694836116633864
1.8382907098069179	0.9694836171276665
-0.982850120072726	0.9696028652516435
9.91188934369162	0.9694836116193372
8.973239855827828	0.9694836116193378
5.018452271705755	0.9694836116248294
0.3834235855835999	0.9694836272417957
-6.1608113876905435	0.999989840199116
1.4583428644035124	0.9694835950779133
5.330915578396226	0.9694836116221262
9.625926458296519	0.969483611619337
-8.363863693700617	0.999999936316854
2.681778852513208	0.9694836124716166
5.824479683537316	0.9694836116200289
-0.020747477636984257	0.9694836197319185
-2.7746142087106795	0.9873034476555025
-9.119497353576165	0.999999988821278
1.7965779769135573	0.9694836168533724
1.1010733641586903	0.9694836061698298
6.005019762563286	0.9694836116196869
0.9350504079570765	0.96948360644751
-6.004806688093751	0.999985451891098
5.2284836407419775	0.9694836116221
9.502022213225882	0.969483611619337
-7.5023825004737965	0.9999995370883699
7.585919469160469	0.9694836116193482
-4.617640298796264	0.9996503886398198
-5.7591472509106145	0.999974399057496
9.39977080744633	0.9694836116193372
-2.4950927336751416	0.9826683589267495
1.3145292067724021	0.9694835820366792
-4.398470909033865	0.9994266001898037
-3.1841926034606693	0.993086549977906
2.254916269595334	0.9694836143927789
6.166214278237959	0.9694836116196834
4.999639190617131	0.9694836116248406
6.5589563964355975	0.9694836116195092
7.758708576608456	0.9694836116193485
-1.2006072865610484	0.9699213128768491
-9.472864215862149	0.9999999950452065
6.17389503708695	0.9694836116196835
1.9483816856718406	0.9694836171098988
6.687325012956254	0.969483611619425
-3.6361034932364644	0.9970274239667534
9.60531186420878	0.9694836116193373
2.484848013784733	0.9694836130070285
-6.274959387835306	0.9999921876500643
5.988752963935031	0.9694836116197943
0.003165750934632783	0.9694836101925525
6.959250466002011	0.9694836116193809
6.057815240717272	0.9694836116196889
-5.307519273103973	0.999927723431002
2.016041414404084	0.969483617132177
-7.675600359392947	0.9999996893415621
3.666760978467586	0.96948361170876
-8.254530208034296	0.9999999180860868
-7.786279516252388	0.999999759228384
8.739334721967694	0.9694836116193375
-2.8847531791816516	0.989032195588869
2.3843067058972256	0.9694836132178669
5.2498638002472156	0.9694836116221004
-5.2695401498425465	0.9999211409553662
-6.2769415657682615	0.9999922232131662
-6.303117731493466	0.9999926779505433
-7.733682154363235	0.9999997282296668
3.6605783177292928	0.9694836117090604
-3.370035976761634	0.9950230332835336
9.242096910399752	0.9694836116193375
-1.3180500131438997	0.9702350375496646
-7.265995643463601	0.9999992022288748
8.430085969308692	0.9694836116193384
0.023928967313228355	0.9694836080900386
4.777756469958248	0.9694836116275074
-4.469966159864982	0.9995117961815484
4.775909850096367	0.969483611627751
4.876479640908272	0.969483611624927
-5.963372278291135	0.9999839965601396
-4.849851945555348	0.9997938819630524
-5.737823861607616	0.9999731122049252
-3.2813214367723598	0.9941566265123929
5.9925737296792025	0.9694836116197647
3.6276100743131856	0.9694836117013516
-4.386438490956688	0.9994109019939683
5.912942368627704	0.9694836116200257
-1.6898898195585321	0.9722509714611146
-1.125599628562437	0.9697768456009274
-4.812200739908921	0.9997753974647318
2.20307647225313	0.9694836143823411
1.277588069664933	0.9694835820132649
7.267264987443195	0.9694836116193596
9.523443016331878	0.9694836116193372
-6.712898093984254	0.9999971493937571
-0.6944577846166045	0.9694933997112457
-8.519783074746075	0.9999999555260657
9.436879226384924	0.9694836116193373
-8.13851097715386	0.999999893001812
-8.17255268132254	0.9999999010685063
6.091195243314228	0.9694836116196843
8.697672347904625	0.9694836116193382
0.7159786277288749	0.9694835979330003
8.432594345905677	0.9694836116193384
-2.1779025994546597	0.977685838478366
-5.677940131319592	0.9999691423027879
6.092136799756005	0.9694836116196839
2.7424366374401785	0.9694836123218241
-6.310762889605508	0.9999928056777861
2.4237198664680015	0.9694836129216319
8.827063217086192	0.9694836116193377
-9.33324670447667	0.999999993166503
8.254219358689248	0.9694836116193397
9.892017320076647	0.9694836116193374
-3.9332270580463513	0.998401573466469
-4.516425940277378	0.9995603830181001
-0.16267475371064322	0.9694836501455177
1.2592915883400337	0.969483582426809
-2.291074721138817	0.9793809560632313
-8.49270081464081	0.9999999526644183
3.714436838071421	0.9694836117069469
-3.6160825638476757	0.9969051450123341
-8.372709414825295	0.9999999376008375
9.283541004451259	0.9694836116193377
-7.330600744652411	0.9999993124954472
7.8900091727706645	0.9694836116193427
-1.7426901360866829	0.972686299242103
7.966692853019708	0.9694836116193424
-0.26505234440694636	0.9694836641583131
6.486956607380236	0.9694836116195109
-0.5578759251693235	0.9694855865496567
5.078558489800855	0.9694836116234432
3.738658800084851	0.9694836117071809
-5.032583451148489	0.9998642543778308
-5.9687711429319945	0.9999841941369522
1.2752932446485197	0.9694835820549809
-1.7064804796235364	0.9723836492272075
-3.209304546939986	0.9933754096872468
0.5566849191326249	0.9694836176288459
-1.408031357089211	0.9705746633510899
9.157280241522407	0.9694836116193373
-9.786742317979854	0.9999999975948226
-3.995189466390583	0.9986014598622307
6.055549469836912	0.9694836116196874
-1.1375870235713315	0.9697972231750409
9.074343060856375	0.9694836116193375
-6.126946036162617	0.999989016647907
3.535865448973471	0.9694836117983677
2.9309953377990894	0.9694836123315991
-0.10486766261328384	0.9694836482052446
6.285366221921041	0.9694836116195842
4.165548363620939	0.969483611657119
9.865492474611166	0.9694836116193376
-8.210638118192133	0.9999999093746657
-2.489221869784375	0.9825702781743095
4.516217712898571	0.969483611629297
-2.215515108434638	0.9782352356513981
-8.770968172059668	0.9999999750586188
6.3825906442086655	0.9694836116195128
0.22852848316045282	0.9694836050553903
1.6640723651222125	0.9694836224115098
-3.714823186553713	0.9974683279270641
-8.249291212700385	0.9999999170919605
2.04758073227271	0.9694836168995203
-3.2573896391850266	0.9939048107631043
3.0241780805449423	0.9694836119443724
9.234262231171428	0.9694836116193374
4.482507988276909	0.9694836116341446
-4.894564629073868	0.999813883439835
2.3513692298689826	0.9694836142230796
-5.36785782004376	0.9999370730630941
-5.589607478662533	0.9999621936959757
6.412138256066928	0.9694836116195099
-5.7166160386492715	0.9999717682744547
-6.326744240697546	0.9999930655257375
9.637005062019966	0.9694836116193372
-1.2464012127360427	0.9700266595095905
-9.79336529433719	0.9999999976312234
8.321920328560445	0.9694836116193397
0.3466126924700639	0.9694836268885629
-4.4997494165115315	0.9995435143272176
1.5362469383395059	0.9694836223809594
-7.106810952293343	0.9999988490496419
5.129019717585397	0.969483611621879
6.1465342747314935	0.9694836116196835
8.439145956584913	0.9694836116193383
-8.596381569710069	0.9999999627173177
-7.376958996191494	0.9999993820993025
-1.4367698566994633	0.9707023098640678
-2.2503161274364114	0.9787559303879779
2.539479656517898	0.9694836130114224
-6.479417640801732	0.999995120456741
2.8792920545026455	0.9694836123183235
-8.464477003219661	0.9999999494860634
-1.7395570506194513	0.9726594495641259
-2.6549492594868163	0.9853460509763031
-1.4433224646542087	0.9707326763282077
8.506525224269915	0.9694836116193387
-7.294427769154539	0.9999992527817185
-5.953626359114486	0.999983633627402
1.042034203801494	0.9694836064387373
2.0144997946584287	0.9694836171198191
-6.266416784621858	0.999992032513391
-9.75724259228555	0.9999999974257727
-6.290193304484131	0.999992456846154
-1.106280096841905	0.9697460235029088
4.921762817711937	0.9694836116248482
4.903741227121943	0.9694836116248264
-9.610374900215435	0.9999999963899379
5.68570185960796	0.9694836116202827
-5.859535691931805	0.9999796779270274
-0.5892466746415472	0.9694865848006722
-7.530483749426837	0.9999995660922678
-7.548816112498251	0.9999995840268362
9.146580889306293	0.9694836116193373
5.912633051422569	0.9694836116200256
0.5363735353243158	0.9694836271114522
5.993869197267404	0.9694836116197549
-7.564793116828312	0.9999995990516934
-1.4499956296088214	0.9707640887392781
-6.210960679225845	0.9999909477413986
-7.849775005579511	0.9999997919774694
0.10332684355288535	0.969483605851754
-6.730964536738853	0.9999972655314016
-5.833038565287287	0.9999784006400894
2.552426528273571	0.969483613010869
9.717256005410228	0.9694836116193372
9.654291450778882	0.969483611619337
-0.7336356325395155	0.9694984765900422
-8.79811908720133	0.9999999765701262
4.385877305792839	0.9694836116413748
-3.522161546383704	0.9962723962194332
-5.652173676287391	0.9999672588265192
0.08684037340664474	0.969483605923785
7.601565821025126	0.9694836116193479
-3.0172487066059706	0.9909580122052343
-5.217506148023188	0.9999111422375766
5.282567515890907	0.9694836116221044
3.604531369382432	0.9694836117013309
-7.360023742414188	0.9999993575291113
1.8550468052595868	0.9694836172222884
-1.628249496899322	0.9717921733781939
8.579354423829951	0.9694836116193386
-2.815169975296752	0.9879512380250097
-4.509612093362239	0.999553565827688
-3.8663327462623975	0.9981561876070563
-6.200975181910029	0.9999907372824323
4.111913206160448	0.9694836116630332
1.6965169999764829	0.9694836223204754
3.001403725861964	0.969483611948828
4.4048227470150145	0.9694836116412267
-5.150088555816645	0.9998962877140859
-5.646077608721618	0.9999667966769619
-1.7581549388151352	0.9728206563748806
-6.411368360451131	0.9999942929357254
-4.729130497511531	0.9997286114539581
-3.7523256664158033	0.9976572515995048
6.662359423285796	0.9694836116194259
5.09219441336468	0.9694836116225853
7.634069290904655	0.9694836116193479
7.404851839840781	0.969483611619359
6.13315103295804	0.9694836116196835
-1.2242131957433866	0.9699741894015124
-3.1670289349183145	0.9928842660403607
2.0855329956113557	0.9694836146868545
1.9490640418300575	0.9694836171099475
3.245789516766905	0.9694836119684632
-2.3944504957382318	0.9810228812587427
-2.943291473359233	0.9899066943262459
0.03059059406394482	0.9694836078531381
-7.237700062066046	0.9999991485224691
9.998489130462723	0.9694836116193374
-0.8517854788036097	0.969528550944927
-5.056282033856698	0.9998714228737758
-7.188439454332167	0.9999990462559626
-0.266609911997131	0.9694836646591121
1.43238746846475	0.9694835805252153
-4.841899041699946	0.9997901074590217
-9.288880447659098	0.9999999924315107
0.40185128857995167	0.9694836272233833
-1.4697204848875387	0.9708599015198572
-0.46423970268927306	0.9694841417958432
1.2243079372407895	0.9694835810459984
2.47124512627186	0.9694836130242025
4.919604525213991	0.9694836116248451
-1.3165995420903798	0.9702302761923994
3.749018943826341	0.9694836117071279
-7.2547339796196875	0.9999991812719309
-4.692267034933195	0.9997048781519333
-3.652375675190256	0.9971236980295615
9.245046826384243	0.9694836116193375
1.7633338932362363	0.9694836201854892
9.998157367970464	0.9694836116193374
-0.5865574054275413	0.9694864852756415
2.6716243508441337	0.9694836126340721
-5.122622855334491	0.9998895494451093
-5.772088898826855	0.9999751498711194
6.882231267570024	0.9694836116194041
0.0643605548665871	0.9694836064383752
-8.707457179009989	0.9999999711310036
2.73503259199574	0.9694836123038693
7.191691449652254	0.9694836116193662
-6.526420630871024	0.9999956208923014
-7.1004031817824265	0.9999988319430538
5.267534273379798	0.9694836116221005
-6.149441281899386	0.9999895708188068
1.6830372692615114	0.9694836223799158
-3.1183884403967532	0.9922898250683676
8.30068013631098	0.9694836116193397
9.59572889049241	0.9694836116193373
-8.654035279554503	0.9999999673522277
6.038720227288437	0.969483611619665
0.5399722765388191	0.9694836260482128
-9.403217004546299	0.9999999941833507
0.45356325384178575	0.9694836272399249
3.0701924918130743	0.969483611973825
0.22813666184772785	0.9694836050370004
-5.766716695681087	0.9999748409106176
-0.7682677341625386	0.9695046437842698
-0.36396029883734826	0.9694837490584723
4.815993416612216	0.969483611624332
-9.202917376291557	0.9999999907748768
-5.907809890325937	0.9999818141173905
-8.323716825994065	0.9999999301492168
-9.107100250849896	0.9999999884975792
7.135031015102694	0.9694836116193808
4.6911982236181515	0.9694836116303611
7.604512259269313	0.9694836116193479
-9.070774115534718	0.9999999874940991
3.7123139287857256	0.9694836117068935
6.990247996087188	0.9694836116193808
3.186472119499797	0.969483611969312
-2.8007264818911226	0.9877218225344861
-2.5690524950219995	0.983907627326069
-5.0875010026316625	0.999880294619736
-6.950670857909098	0.9999983511274135
-4.182382301487104	0.9990717190129719
3.9999297350951846	0.9694836116630712
-6.222588426005289	0.9999911867985191
6.967984840086878	0.9694836116193815
7.717592453042641	0.9694836116193479
1.3436284065501347	0.9694835820727676
6.3170281674365185	0.9694836116194963
-5.800091546198667	0.999976700013007
-5.798171458336712	0.9999765968771737
0.7494127650310531	0.9694835979123354
-2.1519537279035283	0.9773220300673324
0.6822443092378183	0.9694835978301072
3.2823177534276393	0.9694836118391831
1.4705308036595088	0.9694836065875512
-6.536747536894976	0.9999957237737556
-5.514579571861153	0.9999550782135522
2.956627162848058	0.9694836122540975
3.945189482414012	0.9694836116634159
-1.7125919824409586	0.9724335137824417
-4.65177894210163	0.9996764468227116
0.5399471516524414	0.9694836260568156
-3.7344277430226214	0.9975687170862296
9.983834146236816	0.9694836116193374
-5.717528173705575	0.9999718274332341
-1.2986976840901043	0.9701731140331773
-9.008492475515673	0.999999985565664
3.600803828776847	0.9694836117039388
5.731074732118039	0.9694836116199742
-8.705985409095165	0.9999999710330038
-1.8479698304456527	0.9736530511523102
1.7252333848200507	0.9694836225854315
4.20030269119259	0.9694836116411483
3.9865383014045896	0.9694836116632655
6.7950387702265225	0.9694836116194238
4.341118916962451	0.9694836116413614
-8.761753042262566	0.9999999745237389
-8.623935567496543	0.9999999650092526
-0.8605162011209089	0.9695319637885441
-6.680923112695196	0.9999969316284548
-5.571626538539736	0.9999605983049465
-5.9974503463779705	0.9999852035263008
-3.164092184813554	0.9928492610022165
8.64978168089888	0.9694836116193386
1.8213822534216675	0.969483616770027
-1.6888052150177213	0.9722424373112355
-8.104716808184275	0.9999998843434086
2.539938586789777	0.9694836130113822
1.984581368731826	0.9694836171076432
5.648538540330733	0.9694836116207427
-7.548514705984135	0.9999995837380453
6.028440199873572	0.9694836116196522
-8.245292674525388	0.999999916325109
8.94080130597914	0.9694836116193378
7.957782743317207	0.9694836116193426
4.748668486086437	0.969483611630436
9.768231457656057	0.9694836116193374
3.500181381520875	0.9694836117937581
-6.700949302507442	0.9999970698858542
1.815162935865322	0.9694836166608038
-4.7121545204933835	0.9997179258290847
-3.9387281333966895	0.998420342727341
-4.76444658699446	0.9997495760492069
2.9864916310076506	0.969483612020209
-1.8275746136970064	0.973457968789118
-2.7756279396947514	0.9873197414697175
-8.367543422523731	0.999999936854157
9.984600143241806	0.9694836116193375
6.655650871544893	0.9694836116194244
-5.903577804142133	0.9999816361779083
4.907876709928356	0.9694836116248289
7.999241031916007	0.9694836116193425
5.095208218769741	0.9694836116224231
-9.786648135064947	0.9999999975943011
6.548090355576477	0.9694836116195146
-9.845387744180147	0.999999997898634
-6.955725344118351	0.9999983702053249
-3.046254104754098	0.9913525550888244
3.268525845641804	0.9694836118958366
1.976011032155828	0.9694836171183657
-6.257874634689524	0.9999918743046122
1.108441634277927	0.9694836063731619
-3.82582242469375	0.9979912055966007
-8.003353208772932	0.9999998539392909
-9.682275793962445	0.9999999969407607
9.554926685358257	0.9694836116193375
3.9797632591783394	0.9694836116635511
-3.9790303667120908	0.9985517138619279
5.375583426300503	0.9694836116215249
2.981812802131362	0.9694836120540861
0.9358213161304629	0.9694836064325459
3.38477430992981	0.9694836117944646
0.22950007930614547	0.9694836051101334
5.6766504702144704	0.969483611620432
4.608427823624407	0.969483611630309
3.7218234813703965	0.9694836117071113
0.19618890564503033	0.9694836059381472
6.973663345155238	0.9694836116193812
5.2191195296191495	0.9694836116220934
4.623443805169725	0.9694836116303523
-4.929231818942861	0.9998280556475054
2.604774779178584	0.9694836130022217
9.07039003762771	0.9694836116193374
1.6020443464986691	0.9694836225227889
8.229820886178338	0.9694836116193397
-5.192982765951775	0.9999060014738264
-7.991526878075486	0.9999998499072639
-6.551954652112881	0.9999958708904981
0.22151417734313483	0.9694836049933471
-3.6123295043209236	0.9968817457953107
-0.3282955648585215	0.9694837024391377
-3.0260090955246977	0.9910782676532935
-2.323021359030215	0.9798811093252391
-3.1275016034040037	0.9924035604880287
-3.6348373634542686	0.9970198169207508
-9.697479959773236	0.9999999970460066
5.5330624130057835	0.9694836116207213
4.955176833489009	0.9694836116248544
-1.1837701982056537	0.969885358737656
1.6380814935446875	0.9694836223456258
2.760670574610934	0.9694836123317175
-1.6278349835649806	0.9717892689614277
5.637586968866049	0.9694836116207451
-6.98373797024245	0.9999984720035304
0.3618982319603692	0.9694836270486051
-2.2288957417281052	0.9784339233456533
-3.5305920910805355	0.9963333216779876
-6.012782076392655	0.9999857164501504
-3.439183439147744	0.995626948565226
-8.227699668503213	0.9999999128659118
5.701125076325454	0.9694836116200647
-4.369170420012196	0.9993876392896711
5.749351252405983	0.969483611620027
-1.2747069000566746	0.9701013127000617
-4.910270756471031	0.9998204423559744
-0.22766572812524366	0.9694836557203024
2.6573264037482947	0.9694836128610699
-5.088901133224617	0.9998806779156009
-1.4529429041393236	0.9707781212508609
6.527797689597044	0.9694836116195104
7.903844333607335	0.9694836116193427
2.0141800414715583	0.9694836171174169
-8.50682221226867	0.9999999541788047
-6.110401222987347	0.9999885903668415
-2.274874842508443	0.9791307179168294
-2.7117397180831215	0.9862846119733925
-7.342704230377435	0.9999993313906043
8.474556080997434	0.9694836116193386
-2.5148167886027117	0.9829982949124214
4.683627427726172	0.9694836116303746
-8.698408600816245	0.9999999705232026
-3.405586401312779	0.9953412067653022
-9.022564038910218	0.9999999860258566
-9.151993670851347	0.9999999896272037
-8.692735036423848	0.9999999701355973
-0.8110890779601796	0.9695150830216879
1.7605501735412865	0.9694836205264764
1.4287186242609842	0.9694835803276859
-1.7575512098583612	0.9728153535471613
8.583986901956454	0.9694836116193384
-0.6155932362304348	0.9694876909470878
0.8330996159517756	0.9694835976967631
7.618456482379152	0.9694836116193479
-7.229255390955438	0.9999991318045656
-4.040581549407918	0.9987327504715329
-9.489489493202225	0.9999999952312971
2.8893663806831213	0.9694836123164926
2.799725777380999	0.9694836123139827
