7.495027214622489	-2.4385047704456105e-107
-0.8307043666067049	0.5497400233630902
-1.0589970905382415	0.6395866961912199
-8.862062051618338	0.9999999583109113
-2.0188036632864748	0.8761626465096289
0.8683504279010137	8.179827298743538e-6
0.8125953969096411	2.813322223398826e-5
-6.252117750418482	0.9999830213489043
-5.617949320323583	0.9999269093971677
-8.88678938064154	0.9999999606182411
7.509487159689169	-1.718511778830927e-108
8.427753489259192	1.4023015679640788e-121
3.597657090960036	1.042472784661635e-49
4.675535214124977	2.4546313160318206e-64
-1.9417443105005674	0.8630991089706385
6.115632302506889	3.677061814261265e-86
-8.408406710856964	0.9999998815111865
4.2845243904288886	-6.739297328055265e-59
4.8562574248058965	-4.1247527818316327e-67
-6.570159025755902	0.9999918361536374
-2.108208437974488	0.8902077354923662
6.740636251134436	-6.113125865068165e-96
0.8564224770308115	1.0462532644704416e-5
0.9889507706984659	4.065231858776184e-7
3.860695409563771	-5.368814921719914e-52
1.145241348215297	1.5187251912359808e-9
-6.690163012847559	0.9999938070392743
7.759131605762434	1.9967378200484293e-112
3.5900110411859565	-6.205180800238267e-48
8.451834741393057	4.707945316152398e-122
-4.312012245036514	0.9985390841497831
6.237528254817413	1.635358301830222e-88
-7.571032089538066	0.9999991852036558
-6.97125961955682	0.9999967580040467
-1.986119255975538	0.8707262348765059
9.493428911289591	6.472164490179345e-138
5.298622087000769	-2.4734711204241596e-74
-1.5794690994204217	0.7898309763819595
-3.389377334246153	0.9887313731666525
-1.7674291812105594	0.8306238306423155
-6.689756096410395	0.9999938012343598
4.327503435592078	-1.8580913473012586e-59
-6.364213550674345	0.9999868833920441
-2.2957874447948567	0.9161009880065519
-2.6401698509557736	0.9518758099814857
3.6672882901456774	-9.875802431356886e-49
8.446619047301766	8.230835559479043e-122
-0.44557434051288425	0.3559447529054905
8.753761677192582	1.0387041974274413e-126
-9.543427092279684	0.9999999913172435
-8.31121842368113	0.9999998517940794
6.106120832149738	4.672413656986645e-86
0.23116988229959112	0.03669545343670746
-0.14914317791832943	0.18961706048989396
3.4529317464285683	-4.3076979678754765e-46
-2.3352257524529207	0.9209669302185616
3.5731837330255125	-2.0772174389426977e-47
-6.081454777644124	0.9999748501444362
-9.789290749190656	0.9999999950706007
4.981239272185952	4.896328887666238e-69
4.735657228670846	1.5521541305011982e-65
3.629668693401751	3.0814218660347433e-48
8.734712501343438	3.615930496451705e-126
-6.9598911664579255	0.9999966720208535
-4.418050056104925	0.9988525017721559
0.82498298271409	2.125276788207219e-5
-1.7608688852730872	0.8293057344912547
-2.258409163829622	0.9112972025299091
6.01075434604774	4.623507057814477e-85
1.6144440468104637	1.354477605253628e-18
7.819402174523621	1.6154816420133358e-112
-3.7961824866364946	0.9953368840054353
-7.263132818710871	0.9999983444389831
-1.1768618609726964	0.6799922304107247
0.44360608465589735	0.006941438158455851
-9.723064469887749	0.9999999942585653
-7.12942126058302	0.9999977475520619
3.3833555720378605	-4.716930822907203e-46
-4.902110668777149	0.9996210720953103
-5.6211471823893255	0.9999274452796887
2.864447580607079	9.669448908853237e-37
-4.8105277070181796	0.9995324710842179
-2.9496080556304927	0.9726201601765698
0.9672566384825174	7.355117504336708e-7
0.6748743645048894	0.00038682331295281926
-6.669289001025471	0.9999935021319528
-5.145917561471518	0.9997835503854536
-4.737074672591235	0.9994467244471444
-6.784369995686079	0.9999950146479153
-4.04057105577583	0.9972992777292302
0.5414846318582711	0.002314982156061975
-3.487113681661267	0.9908463636692562
-0.4511435072630565	0.35908861710816625
8.867626851239521	-1.8315388255370628e-128
-2.7024692052196064	0.956839562521041
0.4071518967859067	0.00987197379474076
-2.4140088137116367	0.9300544848002025
1.7696980205922408	-7.294036055108447e-20
4.765368644755462	-9.025551036355447e-66
-7.1174812014115085	0.9999976847673528
6.582588106834436	-2.2614908507472884e-93
4.4629195980184555	-3.446352211285598e-61
2.8609854897495346	8.22833913203602e-37
0.24196807048382674	0.03433031400427071
-1.970202958308933	0.868023584889647
9.158006568208457	-1.1090755252099377e-132
-9.476556801030496	0.9999999898719025
-2.461924110643885	0.935172293854686
-7.29817905476287	0.9999984727864142
3.0257682675485285	5.489148307172786e-39
-1.479924465487814	0.766166011614161
9.521138255782763	-1.7138062948413392e-138
4.051381721026885	-6.364428107620081e-55
-6.453991534303949	0.9999893327365222
-6.688715990638681	0.9999937863718888
1.4085981468662432	2.197326385582589e-15
4.617386118704886	1.8978482945950502e-63
-3.8591521679598806	0.9959455851791175
7.467718947625439	-2.7348050449781e-107
1.1742071971444759	4.4786956909292855e-10
5.094967099182806	-6.586497088508032e-71
-1.7599261518713938	0.8291156925041381
0.7859829830558631	4.988405355716786e-5
1.6740675663500184	1.1980498755262644e-18
-7.591333401070375	0.9999992224144197
-3.2903397139424673	0.9861368320739143
2.2572815865392926	1.0906107487552724e-27
7.002584191156991	5.622256791248331e-100
-0.39860895130226837	0.32926203566114276
1.025422281410222	1.2805519993973755e-7
9.141869509669412	-1.7039111834643658e-133
9.171407319435517	-2.6666303241837195e-133
0.666297331038205	0.0004428569227658562
0.9353524750151276	1.7646486495679756e-6
-3.9075492021923797	0.9963604293966594
3.362072870465255	-4.535256129521565e-44
4.238468483791337	9.23293051335714e-58
8.921482509637926	-2.5444731345741845e-129
-4.293910527274352	0.9984777039443995
2.852342686971184	-3.48496553289345e-37
-0.08263324234698999	0.15460688117573199
-0.58183231565752	0.4307929960141481
-0.4545289031503543	0.3609967143207417
-4.182891431257021	0.9980415994234132
5.1953796427184695	1.9258432068812967e-72
-3.9255777712070294	0.9965041808757944
-8.716742845586376	0.999999941743899
9.432940761205444	5.922508679450603e-137
8.598281574821542	2.034159498804005e-124
9.742293562829335	9.925287289207467e-143
-5.10727273557904	0.9997634480459623
-6.499412803616678	0.9999903919403179
-2.9022147372116347	0.9700398627283764
7.675066762907001	1.731932559874183e-110
6.881900012571766	-5.93093003739022e-98
-3.654132741804106	0.9936244558685009
-8.4508894134926	0.9999998925529057
-8.127729838121738	0.9999997738723002
-0.4092580331753126	0.3353567052983518
-1.5034904591044818	0.7720034525088851
-1.7151054098304783	0.81989086568174
-5.0181436492339415	0.9997096948525084
-9.712414227552317	0.9999999941160266
-7.208988885086112	0.9999981246233219
-6.321364315561477	0.9999855234221499
-2.229172606043739	0.9074093109100126
-3.394307586114862	0.9888480743523839
-2.387914547588421	0.9271373086644459
1.6595398013564946	2.321095104502484e-18
-8.397199742979712	0.9999998784137774
-8.073583586868498	0.9999997438467392
-4.430816045350334	0.9988854270223412
-0.8710674368182048	0.5671698493194949
4.967945573902416	5.31065854497016e-69
8.668453211370199	-7.315219170572296e-126
-9.798447539097648	0.999999995173446
-5.048480773915682	0.999729236142437
3.976174347885326	-1.3625853883223048e-53
-1.8616291001774954	0.848625547854854
-3.1262622941752216	0.9806275235933649
-9.755202828169157	0.9999999946681006
-5.683848764836603	0.9999371940761687
-2.65932767319772	0.9534487069254243
7.000180886934121	4.060243701249628e-100
-0.7955335938710952	0.5339928948294682
5.452457228479108	-1.1894448414558094e-76
-9.918125501120972	0.9999999963359624
-9.908371505148246	0.9999999962527439
-9.765193357396686	0.9999999947893561
-0.9653502809938619	0.6044026149081109
8.503454945295953	2.5439096487527778e-123
-4.671847443435135	0.9993575549178376
2.930080789405732	5.849854743802439e-38
0.1338591365888231	0.06425870938213944
7.068209933453801	-2.580010910763024e-102
8.665256356295068	-2.495800466898767e-126
-6.950478315267183	0.9999965991043737
8.399508610851495	-3.5766245162197613e-121
-1.1093571659821766	0.657387942027068
1.323754145413659	3.5260818134270255e-13
4.69185791696594	7.826465210874191e-66
7.8012915762834645	-3.9945145003559097e-112
5.309142905855104	-3.743168615229546e-74
-5.890368799557377	0.9999609546351969
5.699116916698589	-2.9422580818668454e-80
-9.372482180788637	0.9999999871293007
-9.640657145091414	0.9999999930589093
4.714520336976108	-3.263929139056071e-65
4.481787495787302	-2.7121544589710855e-61
-6.1762293038789595	0.9999797800767437
-7.2189975139430995	0.9999981673479169
0.02390009729385767	0.10664753517820355
-9.320497769858118	0.9999999854926946
8.95834934976942	3.4621517543986216e-130
-2.9268022543272343	0.9714031851957609
1.920367139148551	-1.4362202516487186e-22
0.4095567256096455	0.009652841126961867
-7.321446541235184	0.9999985524534372
-4.776959576704138	0.9994950632278506
4.773545893441478	-9.174063737168871e-66
2.3298223439350085	8.468595249223427e-29
5.563611598266704	1.717129429853238e-79
-7.955748852714333	0.9999996640037683
0.38580662664976373	0.011985989063172175
-9.532090648129397	0.9999999910876121
6.256319669684984	-7.697097623966443e-90
0.4563599906499949	0.006095013003515372
9.323455712962541	1.4922016438757605e-135
-4.072724497218818	0.9974879840707315
9.052700179804425	3.5226528278304153e-131
3.5349503185575983	3.2520583248355866e-47
-8.0420552374834	0.9999997245592411
-5.933867885655042	0.9999646748254907
9.134341089498761	1.656268045744795e-132
-7.452512584615496	0.9999989295462149
-0.09739787219652385	0.1622466734547412
-1.788685553725884	0.8348426911807199
-1.560262893089103	0.7853731302891501
2.8272557215845673	-3.562882612740449e-36
-6.010605306951691	0.9999703947831691
5.030796639306381	3.6536182519525165e-70
7.3457895061752545	-4.426952618544493e-105
-8.336432781147295	0.9999998601536325
-7.2800752243333156	0.9999984077797208
-3.2184278119361576	0.9839242294052072
6.97299651928466	-3.1705777043365277e-99
-5.938372185918501	0.9999650391970356
7.621213690189663	3.69545398507348e-109
-2.17626202254539	0.9000759612906756
-6.816743815001245	0.9999953727457231
1.291726070847382	5.244574434370091e-12
-2.3254695930768854	0.9197828306455271
3.3161938490156118	2.0419053640404136e-43
9.534726244668335	-4.485516476967878e-139
3.4320094100067156	-2.555370692309483e-45
5.101356379277835	-9.485686398884215e-72
-7.375637370570294	0.999998722260408
5.513544274292993	5.765867393452626e-77
-6.474318414887414	0.9999898204640664
-4.79618128023811	0.9995168337840139
0.621816953334049	0.0008706291364787267
-2.369458656190657	0.9250184581862303
-9.001779535053736	0.999999969779264
4.002743689798018	6.93410541629076e-54
3.1313414016124916	-1.0196534162517108e-40
-1.9950953772132518	0.8722344048841008
4.807042412173107	1.2043516522716199e-66
2.958427824243625	-3.4027226412396896e-38
7.046651719025121	-1.7900271529092349e-100
3.5205649119979743	1.5476996445345457e-47
7.921653315576922	9.671475162275974e-114
7.223933776608405	3.4568587472445703e-103
-4.205814043530682	0.9981407153957778
1.8575364870145794	-4.329268224101795e-21
-9.861355953120352	0.9999999958243057
2.2960849373415435	-3.7231560377269693e-28
4.966210239407246	4.3824583420819253e-69
0.8559669836084272	1.056501545140735e-5
-1.842506785589503	0.8451023425044156
-7.612557222451013	0.9999992595008934
-1.6009575521986932	0.794822082914404
6.322905533470475	2.1952310653288198e-89
-8.656229372564837	0.9999999330339077
6.7006657250279	2.0197617779187975e-95
6.403070957750884	1.0556411499682016e-90
9.94567361679687	1.225286275343454e-144
-5.302079058612943	0.9998488390234299
-4.119025996545598	0.9977372260701508
-0.3330176887938574	0.29289798697336134
6.196608174340767	1.3548594146104768e-88
-7.8217541773986055	0.9999995425659178
2.229052858720655	-6.40324385036121e-27
9.563251598339548	1.2229418689720595e-139
0.9577503547317967	9.469439646338363e-7
-6.97812810997716	0.9999968088717281
9.609016956854251	-8.726324857539137e-140
-3.979519286910209	0.9969020852833858
9.813842730094532	-2.599059848449234e-143
-3.2035644467020408	0.983429043969903
-3.540219149193806	0.9918341128669539
-4.108508380399951	0.9976828302389343
-2.991667629798389	0.9747484204022097
-5.621183863026817	0.9999274514036198
-6.835538818387046	0.9999955687215255
6.276087724863871	-9.697528768523994e-89
-8.803233968743417	0.999999952263509
-5.21489769536426	0.9998152878127267
-9.188162612556955	0.99999998032467
3.0105267727163074	8.090363820115043e-39
-7.213084375267389	0.9999981422251963
-0.16770398510297468	0.19973938633818247
-9.413989048982415	0.9999999883024306
7.99606267925272	3.2574829501510585e-115
-7.591939172675022	0.9999992234982524
9.272613665405455	-6.2884463335926e-135
-7.325028396696354	0.9999985643429216
-0.9839314438893574	0.6115514007691267
-6.990618457323263	0.9999968993377977
-3.4886909585270365	0.9908772457264704
5.739758528836706	1.5711100479339633e-80
-0.5472821532940841	0.41232229182471264
-1.88199794666685	0.8523694023369057
4.324373413154593	9.297292176528085e-61
3.734467253708541	-6.623709123343453e-50
0.4102115358743461	0.009593841910012248
-6.367769712956277	0.999986990344652
0.8466372894442777	1.2962598635576552e-5
-6.7842890805251965	0.9999950137190239
-0.6074524544416029	0.4440912304414221
-6.696422606251029	0.9999938956547564
-3.449679163725281	0.9900841621299187
-8.143998088144869	0.9999997821860848
7.168077808070041	-1.2013234826266233e-102
-9.162831619567777	0.9999999791429444
8.43595857128377	1.3770557266452186e-121
-6.116112745133235	0.9999767787914126
4.692091930842741	4.811326676075068e-66
6.53480876146919	3.4664741912326434e-93
2.127066983067021	2.3916699154666326e-25
-5.605295767193339	0.9999247499075854
-6.616254638677597	0.9999926582047365
-1.9523424372314135	0.8649466846186815
-0.027456243613466214	0.12919996423121236
1.7347880612955802	6.145549806567703e-20
-5.017734864978776	0.9997094221518801
-6.519561392123681	0.9999908274781978
8.882764078962339	1.0058480664461557e-128
-3.6610480251867816	0.9937201730597632
0.3938002615833689	0.011158746461283882
0.009166277500330722	0.11317069877113334
-6.098788131525015	0.9999758339351664
-5.7918062518369196	0.9999510114152446
5.72629339162695	3.3000745618304213e-80
-0.16312603103277645	0.19723080314428335
-6.558612447963137	0.9999916162053442
-2.5067479151629657	0.9397304908078166
-1.8806152375332008	0.852115186820211
4.820946272180734	2.114715414747634e-66
-6.170388551305388	0.9999795063544905
6.194765830065535	4.115856424500112e-88
2.08004100895705	-1.0505363709944278e-24
-3.1636555394724164	0.9820312910417933
4.317762335456283	6.075823834711621e-59
-8.755990473964012	0.9999999467776839
-4.5553404057146185	0.9991612915273301
-8.361509806420528	0.999999867999906
-0.7376017929550862	0.507127976026371
-0.013855179028627873	0.1233521762483177
-2.215369255033335	0.9055343918812409
-3.1436071119347853	0.9812902897227116
3.9175351308099415	1.3137383603575533e-52
2.5861922888901177	-1.6216341293481576e-33
9.39946238671665	-1.1099610604017532e-136
8.09887200385819	-1.3742419474548078e-116
2.5359793202468683	-1.5029817454257906e-31
-8.311707141357969	0.9999998519607629
-6.436217614382462	0.9999888871549385
-0.3642934962934632	0.30960514457298816
7.535073932685833	8.038845273415362e-108
7.808640550288274	-1.073906017759257e-112
1.3932509334513554	-8.350069317822027e-15
-9.402243942778137	0.9999999879817639
0.38361139484928586	0.012220615468785851
9.16097521304966	-9.764416118383738e-133
8.818506814316478	1.9452154037239678e-127
8.95003984369065	6.741377664443018e-130
8.070522586311174	-1.8537477705618954e-116
-2.4409514127501497	0.9329676536374475
1.0149197158712333	1.808612986793201e-7
-4.378882360212053	0.9987453536140785
-0.26850878213035756	0.256733199993279
8.983206395293838	-4.082573200889282e-130
-8.25340543780188	0.9999998306916121
0.7207377258982248	0.00017650895484500647
-2.523018367159464	0.941325625983663
7.8577714361922375	-6.835349851763787e-115
8.763576439672086	-3.001902648683559e-127
-0.8959302714070247	0.5775650844952323
6.163826867466547	-8.494838708230979e-88
8.866078807074853	-2.27710287044709e-128
5.931561612789844	4.775837213389186e-84
6.556334744226206	9.063157987262402e-95
-5.226390340252269	0.9998201042540362
4.979548337827078	5.464895532973275e-69
1.189626162373191	2.97430586510942e-10
-5.659233373501551	0.9999335335859335
3.916926135242086	1.3192698866696922e-52
7.935628203593787	6.416932885681826e-115
-5.185634243372408	0.9998024345667468
-4.115576421189591	0.9977195248348204
3.0566398177999776	-1.888509596208336e-39
5.574079453784897	4.0959911002112735e-78
-9.473451102720066	0.9999999897992154
-2.433389251811904	0.9321598671409921
4.128225469266468	2.3276863440617322e-56
1.1557998201312216	9.426163403259177e-10
3.4299904292216112	-2.3663131983282645e-45
5.265495654478119	7.920429590312734e-74
2.5721693208837806	3.1154124253734775e-32
5.704978561800029	1.1763901501420852e-81
2.9963073426951947	8.875424076184719e-40
6.321074579713482	2.149985518745481e-89
-6.269778324200184	0.9999836978436574
6.248336852787219	9.160666594274212e-89
8.829525422686277	1.077625988603627e-127
0.9878175985476609	4.201226720142015e-7
7.878489113179601	-4.8473048763107053e-113
1.1568700712469173	8.983013316865209e-10
-7.227942659719089	0.9999982047080804
3.231343798973022	1.4666785624015032e-42
1.3656347623604184	1.5925474949288077e-13
-4.900061460049616	0.9996192857546434
7.55982085645655	-8.177093989494344e-109
-0.7103988356283519	0.49412157723879285
0.7509983856862021	0.00010062186843854048
-3.558433729772017	0.9921491879219414
3.287054252188714	-3.1794575194204878e-43
1.723195299866127	1.5028182838779667e-19
7.628218405513529	1.871988443503485e-109
-6.282594362924132	0.9999841718248333
-4.166657386056749	0.9979682787526606
9.39004643581093	-3.673881968478994e-136
9.940098602714688	1.448529775947092e-144
-2.3982355234045905	0.9283022886589605
6.988468138446873	-1.1145580615730277e-99
6.198312024738431	-8.270114948538075e-89
-0.8629860605079998	0.5637324894946829
-3.26568380094721	0.9854113805731898
2.1699032470781088	-5.283258031730033e-26
6.836942791344068	9.503139450268541e-98
0.8119875475250318	2.8516848262940625e-5
-6.316400865430181	0.9999853570456028
-4.354332285862159	0.9986732066314312
0.5947213756803382	0.0012600103569693842
-2.3200282439962905	0.9191167536773608
-8.23192816857302	0.999999822108306
2.7721860192054812	-3.2885044940356325e-35
9.724858555785566	2.89211916278906e-141
1.0291240311181493	1.1340809220757251e-7
-3.2233582758256496	0.9840855338404797
-3.7900105927482386	0.9952726880910718
-1.6737697809450545	0.8110692559942118
9.632912811086015	5.823619581541306e-140
7.561444600178191	-1.1472360068210728e-108
-6.500888947396519	0.9999904245393757
-7.151252878809751	0.9999978579795422
-0.23340646023886968	0.23663628137908133
1.7446208001209804	-3.9029848511272016e-20
6.3286072714269	2.096916277240446e-89
4.294358390509053	1.460430361482838e-58
7.516156868340605	4.954792938689812e-108
-2.3234924430213644	0.9195412739049719
-1.315113153434698	0.7216215084429742
3.784141749487052	4.867187222873382e-51
4.572998364527635	-1.3768787944249878e-62
-6.897611099539218	0.9999961588699362
4.351923984998951	-1.736574597246462e-59
3.772095452134252	1.5350513531254852e-50
-8.986743960281402	0.9999999687146853
4.7744395796742225	-9.044455240888173e-66
1.1195874192031319	4.4393434631651555e-9
7.5778696078200625	-1.8941425897830257e-108
-1.6168305098153901	0.7984459430009304
-4.811361059864061	0.9995333637648028
2.072118598581776	-1.741705894370756e-24
-6.502263415154945	0.9999904547935695
1.9713987163485172	4.445483837255956e-23
7.450434527901223	4.7135848053024076e-107
5.56374948013659	2.732858844366982e-79
8.833442837318465	6.40729385088974e-128
-4.903168857252838	0.9996219912681653
8.612662947620784	-9.169856172513107e-125
0.7872612634068332	4.856884534389844e-5
0.09331391425282831	0.07855278483751187
-0.992859227176055	0.6150036643700919
-0.6827798660804127	0.48053831377281414
-8.935318815206115	0.9999999647819218
-7.998409287849846	0.9999996954391679
-2.159484637766824	0.8976911449264321
4.703553137586912	-6.2027466762502354e-65
8.013243802469425	-1.6288886389485911e-115
9.017660987568515	1.8237635315488683e-131
0.891392725426364	5.229457707758946e-6
4.486239468009741	-2.0648412161791403e-61
-4.085478531688849	0.9975592057429941
-2.4584676778186942	0.9348123063414938
5.303628940485163	-3.8341975106439804e-74
-3.09992626267388	0.9795814890793627
-7.536761127916458	0.9999991183015331
7.941397699404206	-1.7515046944480254e-114
6.636160952988199	4.180327893227818e-94
0.5820725326302778	0.0014651994412751505
4.4361189872944085	5.831532692708945e-61
-6.597692917955569	0.9999923376342384
7.347838560734484	-4.52534391275789e-105
-0.2026732932498021	0.21919550839353555
0.5961133738780191	0.0012381885237315884
-9.1499363617858	0.9999999785143615
7.347340185847315	-4.517865666131566e-105
-9.260989431291527	0.9999999833622264
-5.767670515362973	0.9999482131089474
7.698499485789721	6.644891539053548e-111
-7.129291870948111	0.9999977468809
-5.291085698148175	0.9998449690026968
2.71922776096039	2.839777226900401e-34
8.55346843551925	-1.8314271178646608e-123
-6.65792379176255	0.9999933298520752
-4.995711466335178	0.9996943463729889
-7.2145329236526745	0.9999981484112209
-0.6626657479789522	0.47067200056407515
4.338865191550658	-4.229304117831483e-59
-3.742809967568621	0.994752837508322
1.9472098190090783	-5.0054242912615714e-23
9.753563103989208	-7.289359699240959e-142
-5.26612462102956	0.9998358104962092
-7.921436786322036	0.9999996363811637
-7.146658454262855	0.999997835199205
0.14062816613236606	0.06203811908351091
8.453827133038754	3.392857145786755e-122
-8.580241638888428	0.9999999202294408
7.976738132542867	4.808466996175589e-115
-7.87090994151868	0.9999995915181713
-7.6793078104325785	0.9999993649991191
1.8983916963877654	9.699190221547891e-22
-1.7046913006598565	0.8176949570050354
-5.9129941703786715	0.9999629360609565
3.204689557011573	-4.958339507174606e-42
-1.6110540002306273	0.7971339145756237
9.021021738219055	4.891563580104349e-131
1.9172875486290764	-4.2358356967363956e-23
-5.4279875506176944	0.9998868450899561
9.962519324773332	1.2762112850708085e-145
3.021697120824136	6.793253318282914e-39
5.913719853725796	-2.118101151859135e-83
8.276133653655808	9.142918722707057e-120
-7.306902893293095	0.9999985031577137
-1.6620510859243822	0.8085161798100271
-9.7870346685181	0.9999999950449266
4.672440076940632	2.567640891723062e-64
-3.201079048231441	0.9833449203973479
7.796316819503687	-6.059028142319258e-112
-6.850437323742189	0.9999957181528853
-3.503962398415963	0.9911712556566443
7.917360169642436	1.1569428096437232e-113
4.731400823374713	1.5525502258039463e-65
3.088319943906077	2.9784911128668796e-40
0.7245426544298326	0.0001647585398195953
1.075531954664033	2.3611227661747526e-8
-2.794831004398608	0.9634291268020526
-3.5280383334034315	0.9916168145493288
0.029333850319499533	0.10427783523663423
1.494557051838079	3.336912560711106e-16
4.930383946605481	-1.4446438380914865e-68
-3.3816069998135667	0.988545164969773
5.668453725816157	-1.4569411900565186e-79
-7.875499902318888	0.9999995958125439
-9.434543103803747	0.9999999888431517
2.7919511274117426	1.6380854400427896e-35
4.73375345675815	1.5972974657234674e-65
6.8564199622309765	9.419318598914466e-99
1.1062229748721553	7.439109177368782e-9
5.749906677969573	6.54731440874074e-82
5.580461579473495	3.700964052540864e-78
-7.8871515589469565	0.9999996065120804
3.626219855305454	3.856258415764515e-48
7.182133739053871	-1.5194024221936155e-102
7.859978868378285	-1.5580388413845453e-113
5.962946898063617	-2.7360865706949125e-84
-8.039844657958728	0.9999997231536681
9.321696357677261	1.165355372858033e-135
6.119094543298964	2.860288516755519e-86
5.606570416893234	-1.0010771726302124e-78
-8.440147363351063	0.9999998898620989
8.906539583102692	1.9347975908331643e-130
-0.9006567427441361	0.5794986168372906
-2.429084444986631	0.9316967035176488
-5.526972960104737	0.9999098897495973
1.0870022083572408	1.538487964781934e-8
6.480854286784464	6.53666329436213e-92
8.903408225205137	2.1583235636807547e-129
-5.59717123258801	0.9999233298653266
3.4166308629683826	2.557307149408803e-45
7.878514111354292	-4.8437529364753586e-113
3.467768879894969	6.281372157019164e-46
8.17100811277729	-1.2736385508957037e-117
-2.91272112384954	0.9706289998187523
9.092149157713017	-1.1234643205719152e-131
9.66527677282032	-2.601610432501958e-141
-0.2654888141638079	0.2549928298322395
6.816039369270001	-3.5743917984930166e-97
4.596477252503121	3.9619501967458566e-63
-3.7448078374295024	0.9947759126444015
5.267938374537255	1.2111215112757486e-73
9.819995922638963	-4.297329094013758e-143
-8.612682544358625	0.9999999259710245
-6.405795905385894	0.9999880808852025
-5.885360679052316	0.9999605019254952
5.102007204544364	-4.616411381547285e-72
9.961458465552653	1.908433580100602e-145
3.8964512316691735	-3.829406733986937e-53
-8.107901810280524	0.9999997633089869
-8.747856864485932	0.9999999457715116
3.790608235998146	-8.581752593461887e-52
8.738023342487157	3.394126619120635e-126
-1.419294657886585	0.7505122413914804
-2.6049049080375797	0.9488695560610501
-2.0353937322029525	0.878861659787403
8.118491642753614	3.291353801372855e-117
-0.6537387909715378	0.46641278902639194
-8.528309509747988	0.9999999100968913
7.319883208206953	1.488864979940472e-104
-8.948461241533568	0.999999965831709
-0.9953996438113943	0.6159814616977929
-1.5363303353330782	0.7798299563411972
8.953873831926074	5.6072249063884735e-130
-1.3196476421346137	0.7229294024525423
-5.973664831341536	0.99996776713457
-6.1396569822772795	0.9999780039265261
8.29311682106276	1.2617219468128122e-119
-4.77265038984275	0.9994900501795821
2.8822478246113015	2.254455034760415e-37
-1.7656983010115201	0.8302767996271045
4.299308584692948	1.7804226959354212e-58
1.337306111387285	8.428393826864722e-14
-7.914782242399205	0.9999996307666565
-5.726636388741682	0.9999430839145892
-7.840720282776195	0.9999995621124462
-6.8781921704866456	0.9999959832276221
-1.7977853017424472	0.8366227045735307
-7.1860284201195945	0.9999980228088654
9.165879362648795	-6.637294636471778e-133
-2.0865885851826693	0.8869239162058273
-2.152191645977388	0.8966480750947591
-4.804640683411185	0.9995261163008009
-6.039419704422686	0.9999722948156191
-2.095306328840709	0.8882572017251245
9.860213553815274	6.625993994308744e-144
6.751106332199335	-6.344625291541397e-96
4.25840721509244	-7.540610462042223e-58
9.451743924052636	-2.814569071812869e-137
2.4828644800843733	2.2575941902237034e-31
-8.604723022637693	0.9999999246017565
-8.927794786106254	0.99999996416646
-0.10082718122394496	0.16402764703082054
7.02765574785634	2.292018543776648e-100
-9.351563240367105	0.9999999864941677
3.1689053937089326	2.459634788825391e-41
-2.4880303245507607	0.9378535607735051
5.731211080092029	2.8290391230937934e-80
-2.474247081724714	0.9364460597558558
2.5128229587426922	1.8540630467283957e-31
7.748532604319198	1.4853130756487664e-111
-2.4672887460291015	0.9357286114630722
6.18941612762994	1.331788287835532e-87
-3.49389938883657	0.9909785332468554
6.179228634604318	2.6147116561255136e-87
0.16085680606150987	0.05566932787044201
5.193061214362956	1.26803916639064e-72
7.380213615704253	1.0667261972982275e-105
4.286192553964629	-1.499876142541072e-59
-9.068406277348796	0.9999999740774308
-6.586924405191228	0.9999921452804907
-5.632212410099018	0.9999292694131791
1.100724701850595	9.148283487883461e-9
-4.661559027335778	0.9993422402734536
1.7875781221880729	-1.0970341490856482e-20
9.919323456196757	3.676314255454684e-146
-3.7372403884282646	0.9946879923498987
-9.679734286702635	0.9999999936561875
3.3318621466688505	9.10362372652346e-44
1.596127153076278	3.982210259461739e-17
-1.7911788048697765	0.8353320664779664
-6.134520448442502	0.9999777422788597
2.6989588287914366	1.5913212312493853e-34
-5.523714399859565	0.999909211629493
-3.981955680967726	0.9969189751871791
6.021569637596112	8.667286516823808e-85
-1.7018848148144539	0.8171000437193056
-7.139213819394703	0.9999977977714054
3.0722933199449365	-9.212671727694067e-40
-4.632704576237905	0.9992973254602048
6.916807981168198	1.0434866974963607e-98
-7.544213532614572	0.9999991333021728
9.420314880138548	1.2467959065950893e-136
0.76005121153052	8.437782366182579e-5
8.755953927026013	6.8111839076425594e-127
-9.402911269222525	0.9999999880002165
-3.736460444208607	0.994678850564685
-9.65684326756412	0.9999999933128431
-2.912332750860287	0.9706073976802992
-9.345513674545721	0.9999999863047184
6.049165085325214	7.313129141046503e-86
6.3506718348647695	1.4475552354898884e-90
-8.981884590793495	0.9999999683626664
7.036409554234815	-7.007137768344116e-101
-3.3969248005019903	0.9889095715817975
-0.1414854391367335	0.18548073792926698
2.387291083533828	-1.2042527269573483e-29
-1.6491344036283095	0.8056742149419123
-4.726154866668959	0.9994327050385963
-4.473654882760436	0.9989892216937731
-7.171117873841064	0.9999979537491016
7.098526443097782	4.95652203123424e-102
-8.642738188874306	0.9999999309209946
2.2230448027765792	-4.62746573680277e-27
-1.9592955229062525	0.866150090360749
-7.295385780715424	0.9999984629322508
6.227874404270107	9.281722337368567e-90
4.231768925599715	1.962228927258888e-57
-2.8869739874909772	0.9691675782269605
-6.2193207926187455	0.9999816897136584
5.398752783363744	-1.0103854697227623e-75
6.189100791580305	1.3868654403524382e-87
7.256395179397682	-8.791270772390282e-105
4.6891516330824246	4.715462804136093e-65
-6.86052547108194	0.9999958164657379
3.3267533381429626	1.3913048392790165e-43
6.182252810509915	2.3924057836384653e-87
2.0978736200411596	2.9031541399831037e-25
3.547873311156099	-3.869344143067682e-48
-7.217317140405157	0.9999981602434068
-6.817638387326124	0.9999953822669224
-7.7206167583677265	0.9999994226148783
6.609414391185776	1.0912688705773184e-94
4.881791483939782	-1.5575131583522382e-67
-5.436726461061365	0.9998890971003424
-1.2383016757924317	0.6990044797006839
9.208525053512062	-7.716835017392089e-135
-0.5403485366529726	0.40857150682374316
9.123301315307025	4.4426975788455495e-132
5.771134415094007	-7.3895437864455805e-81
-2.6545745150172717	0.953062374290368
-8.112409095739217	0.9999997657527719
1.2978601593774641	4.040329077495707e-12
-9.999274194357115	0.9999999965862081
2.318811170925642	6.660497459072463e-29
-9.598349356177764	0.9999999923486961
4.846785644712943	4.284414010349822e-68
8.93790573050191	1.3750286283830883e-130
-5.648482114367073	0.9999318685958036
3.73922899074849	-6.309708236740898e-50
0.5567594068236978	0.0019431348314559872
-5.768182548883449	0.9999482741019307
5.403241772093494	-7.908745780349501e-77
-0.9249364541897656	0.5891250330359332
3.2436240352590175	1.8875155108237057e-43
2.2727272043376487	1.0967967654467694e-27
9.99951890347116	-1.0528296730399353e-145
6.520914413178055	-8.26163018440303e-93
-2.7295478856788513	0.9588628861912994
0.7579472937453033	8.793347232051684e-5
-8.650298016233261	0.9999999321130512
-9.399470454582017	0.9999999879047681
-5.205868730643348	0.9998114137377393
-7.820271061938544	0.9999995410011211
0.4838494033049159	0.0045455901004068135
0.5194914329813649	0.0030156773493881387
-3.403271647271686	0.9890574073656251
-7.329427395881636	0.9999985788112592
-5.9569292620259695	0.9999665011584818
-1.8075146815257668	0.8385064350014441
-7.870870242388568	0.9999995914808305
-7.354889020809492	0.9999986597356494
-1.2638360535608317	0.7064887517884159
4.07246890351173	3.9380106860644776e-55
5.0076992118627075	-1.5012388697475183e-69
-8.422270336609339	0.9999998852338834
-5.055743120346845	0.9997337160144033
-6.533581379714728	0.9999911188374547
1.970683747830467	4.690318329961419e-23
0.9799323254531789	5.248596411487733e-7
-8.734201543782527	0.9999999440393449
-8.443275527633759	0.999999890652556
-8.845090308246565	0.9999999566494993
1.9813423566449195	5.941320284351104e-24
-0.48664150008025153	0.378973616065006
-4.921149543379961	0.999637274411689
9.261722394646231	5.52830184570841e-135
4.1576222617411105	-1.117976633532569e-56
-0.6528037875691695	0.46596952164895034
-1.095033548940684	0.652398275741909
-0.12942975295992554	0.17902798481075438
1.2314948660191973	5.80709520999374e-11
0.2904424884248513	0.025520785678439066
-9.640931873093885	0.9999999930632989
-4.27553266609312	0.9984127841367226
-1.7511563682001086	0.8273401492172888
-6.190274121123003	0.999980423409773
7.8749007600418075	-5.196364762199575e-113
-1.2204937519356562	0.6937008797412355
1.1385772169288835	2.0334779273447514e-9
8.996941547279597	-3.0179305732810667e-130
2.8743021541803735	7.281910399838687e-37
-0.2613689905280925	0.2526229413072012
-1.6191275295227836	0.7989657451452884
2.788643769809994	1.3536539268094346e-35
-0.38050998562522054	0.31879127192042184
-4.670569833126947	0.9993556726034367
-8.348595032743091	0.9999998640156308
-3.9788939839212345	0.99689773594863
7.0368368158642305	-7.955849217843609e-101
-1.9733716606382146	0.8685645715839044
-8.68383369932586	0.999999937157918
-9.427845754965025	0.9999999886697656
1.5500122731765575	-1.8519398488793396e-16
9.833627388809944	-1.7905230636537467e-143
0.31220220884733507	0.021863423113215954
-7.732281098173814	0.9999994379159571
6.817401787969956	-3.290089007289499e-97
4.023362283799905	3.1319837586331034e-56
-0.1715550135488808	0.20185603292091842
-1.0851094851562593	0.6489079751677258
-3.3608232875802235	0.9880331605599988
-9.199543975145072	0.9999999808335969
0.5447730850866925	0.0022278020597600273
8.13063320648725	5.739473268102672e-117
-8.38967333166516	0.9999998762883128
5.570138436784626	3.429915272418565e-78
-8.460027104372374	0.999999894790043
-2.7503074823990747	0.9603605821528096
-7.923927050397905	0.9999996384602059
3.309064601078555	1.944952254481752e-43
-2.3528654876757216	0.9230745516412232
0.8282230536677471	1.9730253156647805e-5
-2.2003130847549413	0.9034575469172607
-6.96096781582126	0.9999966802607797
-3.5407763340800935	0.9918439249569415
5.371281312379047	-6.018692066146686e-75
-0.9523484904955382	0.5994958807975599
0.4304881405488601	0.007903649792734179
2.4370897550135417	9.364673014514265e-31
3.385615507109465	3.166654919220701e-45
7.732825576957776	2.890256854957126e-113
-4.6577007479084775	0.9993364039645704
-7.52016176595979	0.9999990839499419
-9.369534392868687	0.9999999870416424
-3.4607660601363888	0.9903158479486378
2.8338053216155323	-4.097324068728563e-36
7.185644341326089	-1.407041889536601e-102
9.690937415055654	-9.374125593111035e-141
-9.031271757465573	0.9999999717633766
5.53626096991696	-1.473160454279799e-77
-8.025398964350652	0.9999997137902242
-8.11417905284273	0.9999997667055013
0.7335462451592747	0.0001397164520707818
6.848851640533358	7.034265774853735e-98
-5.891013782082797	0.9999610125601031
-2.645922290113658	0.9523525161096261
0.22191242750218443	0.03889569185455916
-5.094255486694794	0.9997562654992846
2.6790063009663534	-8.535011697828254e-34
-1.6337614827148617	0.8022553720874878
0.1191771115594733	0.06923460205994297
-9.01650253486066	0.9999999707866105
5.3935798904492	-2.266220942036393e-75
0.6001015575036295	0.0011766031660051216
-9.148909251935468	0.9999999784634879
9.963004464700841	9.986972270090442e-146
3.738145241388091	-6.484031982766648e-50
-2.653104919417135	0.9529424067637504
7.02595531950848	3.017931431754372e-100
-8.040348582530758	0.9999997234747131
2.2041153516803966	1.894424998040818e-26
9.952751213108915	7.812445483845699e-145
-8.012190035089283	0.9999997049515257
-7.112142660976222	0.9999976561324116
4.588598450853683	5.8587374687612146e-64
-3.0030085172065535	0.9752972882667138
-4.301958205423295	0.9985053006156975
5.202371727739141	2.8732710333467194e-72
3.821812336929934	4.231422953209466e-52
3.7079938792457376	2.1299050514233157e-49
0.7841715189022871	5.1802435501474174e-5
2.202786155713685	2.0728747702500803e-26
0.3115810085379387	0.021965373226659504
-9.0658057671885	0.9999999739217424
4.9948695713590965	-3.8740015080195375e-70
1.0232889788674306	1.3736679855201825e-7
-7.325427576650312	0.9999985656618824
2.4082990177292363	1.2638883417991856e-29
6.9405817334997195	8.54556404675909e-99
2.005048954349494	-7.966567884883268e-24
8.51330400153688	7.674990628353255e-123
-9.747508910085747	0.9999999945727994
-5.767484553900304	0.9999481909395797
4.757203418205545	-5.759433283809249e-66
1.095359795457572	1.1204847575161718e-8
6.544606167448407	3.600180984173224e-93
-1.1257737475331488	0.6630290430465322
-4.186193587348184	0.9980561918773306
5.5045516872405855	7.337546064774266e-77
0.5272674118166023	0.0027447060951095253
4.88231475868691	-1.426586108936274e-67
2.938774449103354	2.5719054353578e-38
0.056151195384872565	0.09303813435121294
4.512983010725087	7.888718551478125e-62
-5.442970401931793	0.9998906787002079
1.3900938931612963	-4.424540619281151e-15
4.86699953126946	-4.7013327069500865e-67
-0.5885980300404103	0.43435761919550536
-8.603655395222676	0.999999924416177
7.571192720850355	-2.0631725481728005e-108
-2.5849879381398733	0.9471078192353677
-2.6060022265391636	0.9489652762238726
-8.854162728740658	0.9999999575456952
5.117945365584106	5.342008967217176e-71
6.499168941354583	-1.5774510876029404e-93
5.802371705377203	1.7492285060692065e-81
-8.047233308927684	0.9999997278237843
6.776940864115481	1.6210066160110169e-96
-2.5386344878242317	0.9428259217577601
4.225068828389151	2.855675339888905e-57
8.196513285705858	-1.9862166424953993e-118
-4.655156190896075	0.9993325267316445
5.380287417321643	-5.268031815715158e-75
9.94228062237184	1.3797789790416408e-144
6.031608409756977	7.339363552801574e-85
5.9475406985240085	3.509330872708457e-84
-7.980169635800656	0.999999682375717
-3.3392872673442175	0.9874805858674942
-0.43199599394313637	0.3482609540260512
3.8078778500525257	-2.922914902675098e-51
-6.927692261531773	0.9999964159110264
-5.752133249970912	0.9999463277157628
9.869288747944847	-9.574039745791556e-145
6.526318113237242	-2.1718942601236412e-93
3.2203073220026557	7.831352838188737e-43
2.0895521604673917	-2.0201634462704457e-25
0.4907624591264881	0.004210664633840933
5.570858498917	3.615619292008223e-78
-6.294046006863043	0.999984583677926
5.983628914736961	-3.222856138707902e-84
-8.5768019422099	0.9999999195951363
-0.3997592801524874	0.32992328217205497
-1.8891857449592528	0.8536890818304258
7.670813061539739	1.0894848334159942e-111
-5.333262164197379	0.9998592994858579
2.1301819256716428	1.6525633822028146e-25
7.0053142716621295	6.804126413939552e-100
-4.72089329676924	0.9994258242806477
9.102232396497453	-7.819703297049418e-133
9.316311033287533	-2.3734034721344153e-136
6.163327707862415	-1.135037125495774e-87
7.0466074434832535	-1.789814945120467e-100
-0.01092952096151123	0.12207518533147134
7.568318648124958	-1.960864626287682e-108
9.79318911130575	1.71216037807155e-142
-5.7683738898740256	0.9999482968758564
-0.5232849289966381	0.39926328371468933
-6.347454654927094	0.999986367400663
3.7480785175175946	-3.450686134883399e-50
4.8913660221503275	4.126870892737594e-68
-0.943970985895195	0.5963491452491079
4.302910438902847	1.7774203103338707e-58
0.526285998514453	0.0027775634747311904
-7.387283537316001	0.9999987560689713
5.095363010358604	-6.204324945950925e-71
-8.762927688079444	0.9999999476210907
-6.993481336701848	0.9999969197095356
2.37298666067999	-4.4329735385097763e-29
0.22073362051252232	0.039185471375394465
1.8262588919160194	9.254520833737049e-21
-8.704387472478814	0.9999999400627428
7.169069044645354	-1.275175976911489e-102
-8.913823632170992	0.9999999629949614
8.024502754769212	-1.0331378302311e-115
0.11940435361340818	0.06915588054843504
-5.7140870785541065	0.9999414161374534
2.11317218882073	4.9268358577279405e-25
1.8316951783909108	4.227900080841276e-21
-6.0114500470292676	0.9999704522972831
3.2202417777812222	7.69404959506795e-43
0.3132981223348388	0.021684079822850314
-4.507184628345757	0.9990637248130508
-8.531588712230196	0.9999999107731632
-5.837496544195844	0.9999559015979148
1.058055152772294	4.401631151547332e-8
-3.0936937755513583	0.9793267645976104
4.957855578230216	-4.78774248191178e-69
-6.746777028331996	0.9999945639038446
