-5.21089311423923	0.9998910919492634
3.9331907774328556	0.9405957575457837
9.839307188478486	0.9405957569212336
-1.7156166951555853	0.9554643491503605
7.554337592702737	0.9405957569213973
9.707348410239224	0.9405957569212338
8.396230755960804	0.9405957569212602
-7.570653116417048	0.9999995227737595
-1.6263276187935283	0.9535296861205498
7.910126740454999	0.9405957569213151
1.5883504958609187	0.9405956746034076
9.135448714804113	0.9405957569212378
-8.8355855484913	0.9999999740702615
6.617559567113428	0.9405957569224423
2.212963164126185	0.9405956735130033
-2.4715001994769104	0.9752302930400193
1.3562591120194476	0.9405957134008983
0.9396832126618513	0.9405957581301359
-2.4200445940689885	0.9738241730305114
-4.041225964801711	0.9984592427124979
-3.8504552420470928	0.997667312739243
6.071954841339856	0.9405957569265716
-3.1562508963491753	0.9907730137289494
4.590638999264446	0.9405957570856252
-2.2768762680813115	0.9698362803611128
6.444129691036338	0.9405957569238579
-5.556239025432155	0.999950739594828
2.7689870817213738	0.9405957674542323
9.834204336248568	0.9405957569212336
2.6411515952482745	0.9405957777018965
-6.798263448858233	0.9999971745774003
0.7973309898097867	0.9405957299982343
-9.765906831423866	0.9999999969557732
7.5814562024641745	0.9405957569214012
-5.02452470261455	0.999833019964558
-2.9736875008250285	0.9874661101549009
6.891491200313162	0.940595756922107
9.115293515498411	0.9405957569212375
8.996828589063949	0.9405957569212396
2.490462166691998	0.9405957780215081
7.55841074608275	0.9405957569213994
1.0547695923675793	0.9405957587862136
-3.3588900854506365	0.9936368971388853
-9.639732287762408	0.9999999959294645
-1.9692040043888284	0.9615376424771728
-5.799743647684958	0.9999718634464067
7.984463337952455	0.9405957569213159
8.105460145399835	0.940595756921279
-0.22216068412515	0.9406778126391128
-0.33969859894026655	0.9407844413204043
-2.209433139345496	0.9679576739167468
9.281112961723181	0.9405957569212372
5.0796688511751995	0.9405957569816655
4.178377095394858	0.9405957573858771
3.129705108342966	0.9405957621433207
8.85252457176803	0.9405957569212423
-2.2245263942607085	0.9683766682030687
4.3987383562103375	0.9405957572485946
3.915095686962399	0.9405957575127091
6.8990722590785545	0.9405957569219987
-2.1706764665274347	0.9668864389176773
-7.351120956904427	0.9999992088612446
5.818950994075053	0.940595756931632
2.395302093083057	0.9405957793034445
-5.705785835187416	0.9999650747593087
1.7608156033869005	0.9405956904762185
7.588035593265843	0.9405957569214
-1.4531362777146164	0.9502114811747392
9.71753235077248	0.9405957569212335
1.7071063852564592	0.9405956751647392
-2.7717237577541187	0.9830175003248965
2.6304584319596245	0.9405957779597834
4.75471471421832	0.9405957570820668
-3.7146726890230664	0.9968878418035146
-1.9338291909117764	0.9606318887191132
-2.7797982151273315	0.9832095875309289
6.688964514056501	0.9405957569225561
-5.744999404020792	0.9999680871657076
3.522316765049535	0.9405957595380349
7.504417789284009	0.9405957569214147
5.986119618829715	0.9405957569284421
6.678792344536749	0.9405957569225707
4.043228158422995	0.9405957575759527
1.1696122871443713	0.9405957332895961
0.24849289227341842	0.9405961841020516
-2.652727819327372	0.9800726725966222
-3.154638099730769	0.9907468479419704
-3.5063000318368776	0.9952291511597131
2.990290134450735	0.9405957625428025
0.15820232527392974	0.9405972107846214
-0.12311416144342502	0.940630673931575
-2.1449247975275743	0.9661926090877035
-6.999379510227053	0.999998221797621
-1.9757277266251894	0.9617062787043501
-2.9703905869525338	0.9873999873881846
-7.954690472306027	0.9999998028980435
5.276465503032227	0.9405957569627358
-1.8963321798578914	0.9596883184781952
3.733015055673432	0.9405957582261678
1.5224332992431755	0.9405956730718392
-2.5788574636899053	0.978139564075752
-2.9490715936398137	0.9869669684388868
5.207314264717549	0.9405957569624792
-4.6889544309194875	0.999640500095455
-4.119414585083856	0.9987033952071797
8.988853264003613	0.9405957569212405
1.9493032817358547	0.9405957195449494
-6.012533453794724	0.9999827565560093
-9.38791109834832	0.9999999927310359
1.592922084508297	0.9405956745935433
-4.570212575979222	0.9995290555529215
-8.233811460045505	0.9999998963495642
-5.240582771964033	0.9998982663452697
-6.340636598402329	0.9999918970906851
0.5328114682309462	0.940595757421621
4.052701240971469	0.940595757575628
2.985986158205506	0.9405957629544889
2.1292663763826525	0.9405956720156089
1.7208968434383998	0.9405956735864272
8.099768698185095	0.9405957569212839
0.6070425737042697	0.940595732058364
-7.697102922754047	0.9999996433219773
5.413882984378496	0.9405957569403058
9.624998541817732	0.9405957569212335
-1.653107239977114	0.9540958910442405
3.608980657542542	0.940595758111338
9.983082789150323	0.9405957569212327
1.6742390731665822	0.9405956746151579
-8.07091806297326	0.999999849178288
0.10488536870409604	0.9405987157635298
7.6419916494981095	0.9405957569213983
5.987740846533441	0.9405957569282445
9.997360805202476	0.9405957569212327
8.58086377856944	0.9405957569212531
8.106948285822849	0.9405957569212777
-6.681363949384402	0.9999963019618526
7.200218538073106	0.9405957569216161
9.81718740102498	0.9405957569212338
-3.8450348722159156	0.9976400207219278
1.0342981411373753	0.9405957586576511
-2.7453728889349938	0.9823848996282767
2.269134293594796	0.9405956731910445
-9.346761619365429	0.9999999920086122
1.6225503816301803	0.9405956748193727
0.03773263519543768	0.9406025419790881
-1.766197123586494	0.9566131369075137
5.119089200413391	0.9405957569586869
-8.237540305136744	0.9999998972356928
-6.377861967480807	0.9999925625471943
3.8160683612145654	0.940595758220756
9.09258323497573	0.9405957569212376
7.652972383161497	0.9405957569213983
-0.09568108063900382	0.9406226127356907
-2.148718210663043	0.9662940487321368
-5.467425812442022	0.9999395822761874
-0.06499911438007544	0.9406154848939013
-9.222509428150033	0.9999999893616455
8.68732529140988	0.9405957569212489
4.063053584280606	0.9405957575758739
-6.70147853167256	0.9999964693135414
-6.333943646509366	0.9999917712793766
-4.173130560018232	0.9988491098772053
-6.402959250182989	0.9999929800727284
-2.643268317140963	0.9798291478550601
5.979922188001314	0.9405957569292126
4.900088256401617	0.9405957570034584
0.2123103441022245	0.9405964553372376
6.6045620615785126	0.9405957569226081
-6.0638397150977275	0.9999846770361525
3.7203981917352777	0.9405957582245276
-5.992823990983784	0.9999819564048612
-2.5571006036783883	0.9775582092444907
0.9388004443001705	0.9405957581340452
-2.9277807655841404	0.9865251281694926
-8.41009366083508	0.9999999309300144
-5.160827652597284	0.999877833868906
6.489233397069206	0.9405957569238601
-2.8680036220472616	0.9852359401189965
0.02727346528136998	0.9406034324833414
4.258303398698931	0.9405957572567055
-2.482352844452187	0.9755276180690223
4.053135120538487	0.9405957575756213
4.293536950367752	0.9405957572483171
-3.4161993755310416	0.9943017777915245
-2.6550163039950547	0.9801313931301628
7.533828971555341	0.9405957569213835
6.190805787440063	0.9405957569264705
5.383135018669867	0.9405957569503423
2.7681310964461847	0.9405957674636507
-9.975498209467029	0.999999998002272
3.1666418154286156	0.940595762144639
4.719039601966788	0.9405957570853983
-1.6768967301966384	0.9546090307617873
-6.40685593749331	0.9999930427639203
-1.4801508235925418	0.95070180207166
8.40967054048718	0.9405957569212546
8.580195930078208	0.9405957569212534
4.831417240590742	0.9405957569983429
-5.9580523818101305	0.9999804532346588
4.311312501630393	0.9405957572484624
4.002512498691164	0.9405957575724261
-0.5485055033166475	0.941218337136496
-9.840596832260387	0.9999999974367735
8.08812150509258	0.9405957569212952
4.678814075086667	0.940595757086227
-3.8687004624568555	0.9977570343144466
-2.3689059847795635	0.9724081490495137
-0.5994637632711033	0.9413901476322051
8.49472547099484	0.9405957569212534
-4.876422038162742	0.9997656417184715
5.754781168567211	0.9405957569317787
-2.622090847170111	0.9792793604870421
-5.953172809716238	0.9999802325064646
-9.378894245810457	0.9999999925785416
4.522054087553201	0.9405957570707131
-0.5779910716433676	0.9413142959354446
0.5745263984765572	0.9405957411512953
9.291110397086033	0.9405957569212366
-2.2034159526701913	0.9677906569153689
-6.603326422200717	0.9999955741223621
-3.804264473717569	0.9974250410255099
-3.0336134976853613	0.9886282089111604
1.920923686071255	0.9405957195190184
8.731146637736732	0.9405957569212413
3.2325858960774525	0.940595762248154
1.8236111373620467	0.9405957218092525
6.382119639812153	0.9405957569238887
-7.14539143042046	0.9999987294964792
-2.352500804499349	0.9719510921089608
-6.9178957102284455	0.9999978548383812
1.615382314587336	0.9405956747682499
-8.193455135061347	0.9999998862562981
-7.4818114258153345	0.9999994144488771
-6.57704979749727	0.9999952981107776
-8.132546031320192	0.9999998691311761
8.246979543651292	0.9405957569212737
-5.094736676087117	0.9998578394499684
1.8055598720814015	0.9405957230340453
2.8609617361352324	0.9405957673248213
8.720136763857475	0.9405957569212419
-7.066909230893765	0.9999984778594228
-8.448933837182807	0.9999999368389568
9.463835237979854	0.9405957569212349
-1.8934364272457813	0.9596158928435093
-7.66653258318633	0.9999996173106583
6.412907744494362	0.9405957569238435
-8.91784978652645	0.9999999785447279
-7.312897412152783	0.9999991360765454
-3.1774476181862843	0.9911118437522811
-9.68987085139875	0.99999999637329
-0.10457750587529624	0.9406250449755132
-5.817923384734649	0.9999730160046818
-6.695329307397566	0.9999964189719889
8.567245089812548	0.9405957569212533
7.457028536052466	0.9405957569215668
-5.503069103473055	0.9999443347964762
-3.116112616284017	0.990105590312576
-6.680812488475318	0.9999962972637666
-4.155135305650459	0.9988021470764322
4.075424956979603	0.9405957575766694
3.2552317049734114	0.9405957617827704
9.083337195559377	0.9405957569212379
2.558349718806543	0.9405957775667846
-0.24617495211606055	0.9406946257818575
2.307190221670705	0.940595674722624
-0.5837901559457102	0.9413343813626738
3.036684159360213	0.940595762052419
2.988217844133798	0.9405957627330654
4.6594754449389875	0.940595757085954
-9.560338257043535	0.999999995112964
-9.910238600886636	0.9999999978165378
-7.657101662615964	0.9999996089095662
-7.576505356021093	0.999999529161231
8.661030717955303	0.9405957569212539
5.239977061535473	0.9405957569627146
-1.9377373527915012	0.9607311644199721
-5.053866821954109	0.9998438775742262
-5.690207100475813	0.9999638005886847
6.887515246323247	0.9405957569221688
1.4841055567143524	0.9405956799751174
-3.260182341825586	0.9923453130768471
1.2165763153265896	0.9405957116127115
-5.718283699062878	0.9999660644760144
-6.551245255367464	0.9999950103137785
1.9570091641643614	0.9405957196344538
0.24922606026390426	0.9405961793561096
1.4218645438766053	0.9405957145458184
-5.9331524367494515	0.9999793005074036
0.8869494910938247	0.9405957535657999
-8.651832501585318	0.9999999604131453
7.339990416926039	0.9405957569215633
2.4583149478283595	0.9405957753581198
5.505245888346796	0.9405957569419174
3.5406713605001947	0.9405957595678188
-2.5530724255261905	0.9774500452992496
8.952495628205547	0.940595756921243
0.1922473712848607	0.940596670124643
1.5184348603465239	0.940595672616859
6.990265957986267	0.9405957569218962
2.8461432265268662	0.940595767319462
2.8081357380772367	0.9405957672896581
-9.886342324058006	0.9999999976930345
-3.6693499694082776	0.9965789086270797
6.256585743847587	0.9405957569264393
9.278080022465236	0.9405957569212372
-0.1348638207161379	0.9406346840625399
8.315331936124043	0.9405957569212737
-0.8165692477279087	0.9424858798573859
1.8305603986513752	0.9405957205824588
9.660761577989572	0.9405957569212336
2.639539312499654	0.9405957777999557
-7.779547059371685	0.9999997049925513
-6.939802635391774	0.9999979603550042
1.6048888406015251	0.9405956746653478
9.418790397229607	0.9405957569212349
-6.0250980794525555	0.9999832480290395
-3.779822110359059	0.9972876251019264
6.846879934355847	0.9405957569225766
-8.750167759950367	0.9999999684342712
2.930577174321396	0.9405957675284607
0.3570955869303738	0.9405958123814162
0.9577644063388657	0.9405957583209742
-7.03514744421339	0.9999983623728791
-2.514206777992065	0.9763991301520841
-6.193025231920206	0.9999886182438135
5.79908521431873	0.9405957569316189
9.930215333347494	0.9405957569212327
-2.3257247975613016	0.9712030636894128
-7.983673806712099	0.9999998156225642
8.811727398675796	0.9405957569212424
-8.907443768263747	0.9999999780244375
5.697093982259238	0.9405957569329113
6.393565187772758	0.9405957569238568
-2.2478425560876003	0.9690256103156103
-8.808818775110097	0.9999999724218611
-8.093186160696305	0.9999998567165791
-3.5001013875904885	0.9951697595854015
2.0195737495881083	0.9405957204498544
8.393488238153548	0.9405957569212616
-5.204140139942339	0.999889390963256
-7.173625617915178	0.9999988094636503
-6.1415924568469915	0.9999871878117708
2.4764369820267174	0.9405957771405746
4.213520054986276	0.9405957572188807
-7.347647314250749	0.9999992025082144
-7.756699489227792	0.9999996890572567
6.013550514918844	0.9405957569260937
7.190297313732287	0.9405957569216885
5.9577228869603225	0.9405957569314879
5.142384375909614	0.9405957569617253
-8.706161728994438	0.9999999650681308
-0.552213541471783	0.9412298351630596
-1.3257724930727122	0.9480647818400711
5.047425005713766	0.9405957570050131
1.2454974597138158	0.9405957140338235
0.7102696009763587	0.9405957297780084
6.364015406529482	0.9405957569239106
-5.095360783611191	0.9998580427242025
-2.6308743960795233	0.9795081426427774
-7.17062304788656	0.9999988012044446
-8.43024628287948	0.9999999340618451
-4.730830167062177	0.9996732207366628
0.10229144425687764	0.9405988173430255
7.768549109890145	0.9405957569213903
8.885786950100968	0.9405957569212426
7.113006294610113	0.9405957569218892
-7.269624348602535	0.9999990455639827
1.2287590727135864	0.9405957128524285
8.22545335811077	0.9405957569212736
-7.73577750644447	0.9999996737112132
7.770370215848548	0.9405957569213879
7.471497754127942	0.9405957569215353
-6.022244825884973	0.9999831376658261
-9.487335340639236	0.9999999942183943
-1.1238644434535807	0.9453132719386879
1.9904460556328285	0.9405957192812839
7.418464219184809	0.9405957569215613
9.397728460753033	0.9405957569212351
3.3953754854062836	0.9405957595099362
4.521846903450989	0.9405957570706525
-1.0962819051585893	0.9449877544029824
9.920068392162523	0.9405957569212328
-8.584624269827454	0.9999999537875334
3.487478841795987	0.9405957595236548
-5.778849189979809	0.9999704779151332
6.608049327101298	0.9405957569225446
-7.82977188818375	0.9999997372101385
-6.885567335224185	0.9999976890726214
9.171121561100733	0.9405957569212374
-8.84668334054966	0.999999974724464
-6.863299372331064	0.9999975675012234
8.183679954949543	0.9405957569212744
8.373951718064994	0.9405957569212708
4.107002015554123	0.9405957575716308
-6.884600638083147	0.9999976839233906
-7.458714407150375	0.9999993824651551
-1.109356054816537	0.9451403122813292
3.335691321431181	0.9405957594565661
-0.8866621231986329	0.942996302043286
-2.9425877647229814	0.9868334041574154
-9.216085993730779	0.9999999892031295
-0.6577055054322898	0.9416106103428098
8.820657952088066	0.9405957569212423
7.7859680524521515	0.9405957569213598
-2.7218457381809635	0.9818112031958008
4.215762951428879	0.9405957572180246
0.8570293702469911	0.9405957377290945
9.480275571591697	0.9405957569212346
-3.215226926919663	0.9916925605636538
6.133361585765989	0.9405957569264651
-6.242253927168719	0.9999898375921418
-8.462657293336804	0.9999999388036317
2.2837057029319183	0.940595673541985
-1.062596153069384	0.9446100381119622
-6.005605056256611	0.9999824794076171
-6.427064404844169	0.9999933590170553
5.444084070024665	0.9405957569416029
2.9456275625451145	0.9405957672521044
-1.6243666198856932	0.9534887429354619
2.172483099881939	0.9405956738950725
5.0132194002489925	0.9405957570033493
0.010998213964267478	0.9406050140462885
5.184028331178441	0.9405957569629152
-4.47940796200228	0.9994214350701534
-3.442934142929115	0.9945915962907966
-0.7466941593977019	0.9420539395850769
7.478719449795314	0.9405957569215102
-2.491335121093452	0.9757740214103162
-8.044245488085524	0.9999998396251144
9.028037553750533	0.9405957569212369
1.9495766022147123	0.9405957195476417
-0.5282983338087099	0.9411582843376648
-2.9487508624281356	0.9869603819760429
7.349128620443352	0.9405957569215634
8.33309166005634	0.940595756921274
0.23311591381972718	0.9405962892729136
-2.365567486925406	0.9723152164983746
7.246872998903907	0.9405957569215515
-4.017946378356485	0.9983784434806006
-0.12174437344524058	0.9406302297510958
3.391004723873273	0.940595759512277
-2.2186489784800267	0.9682134618080923
-0.9493599518315285	0.9434987040184805
-1.425702474073205	0.9497250416431005
-1.5974111397879085	0.9529312525064635
9.92425174059445	0.9405957569212329
-2.3394083794228138	0.9715856366740185
9.210979896666789	0.9405957569212376
8.183147657037843	0.9405957569212744
-8.520054304684894	0.999999946379727
-1.4901512160385764	0.950886023265147
2.9238491304553005	0.9405957674399935
-4.831616629001392	0.9997403711391677
7.7572389608027095	0.9405957569214005
3.2015542328679167	0.9405957621093187
9.588687391943424	0.9405957569212348
-0.011761968678612789	0.9406075612446302
-4.406347388788121	0.99931760052875
-0.9438551780100557	0.943453148637024
-2.4883867876541332	0.975693147427519
-6.410249256425478	0.9999930969006247
8.767878925037706	0.940595756921243
1.2803110360638001	0.9405957132713462
-4.001543914708843	0.9983191088877124
8.199010724641312	0.9405957569212738
-0.031020624180552403	0.9406099834274184
-7.495988518741319	0.9999994332545493
-9.532285511615953	0.9999999947868735
-3.331557474522313	0.9932982675635571
-3.7035294535010754	0.9968143195842376
7.744333057081178	0.9405957569214014
-2.861095317157356	0.9850824574932785
1.8386634910634605	0.9405957193823795
-7.58733954650662	0.999999540761423
4.818570080280846	0.9405957569958905
-7.447762392957413	0.9999993666944683
-4.377883597505523	0.9992723818256335
4.336910147604058	0.9405957572498568
-1.6099431443798107	0.953189420587674
-9.740102325476947	0.9999999967694125
-9.459794590498149	0.9999999938398795
-5.25137465869133	0.9999007557239021
-5.946537063610395	0.9999799283361885
-7.179084781880656	0.9999988243346823
-1.1692274984534645	0.9458766830222771
-9.656398850185326	0.9999999960827176
2.4643862245548256	0.9405957757975629
8.311950889388765	0.9405957569212736
-1.3788810247607142	0.9489236669009834
3.534429925701165	0.9405957595780139
-7.2508931107305585	0.999999003499178
4.806826096090404	0.9405957569995078
1.305715917648648	0.9405957132877085
-0.7398384025214213	0.9420156090062565
4.65532286517902	0.940595757085952
-8.521284396412142	0.9999999465313859
7.881535076678418	0.9405957569213171
-0.8359302662563586	0.9426191647836324
-1.7704495051888713	0.9567111080406603
-3.4352797734075313	0.9945099120760844
3.194627415307414	0.9405957621231176
-2.8668716826413077	0.9852108546220923
2.08344477008373	0.9405956807327597
1.0312972525349728	0.9405957586572069
7.718821131588967	0.9405957569213974
-0.32215843512313214	0.940765204889749
3.6628961651706327	0.9405957582527025
5.184093919095346	0.9405957569629121
-5.9721833774616195	0.9999810786518382
9.197283747626187	0.9405957569212374
3.7349627649260206	0.9405957582261344
3.915989818104176	0.9405957575126237
8.105170000967004	0.9405957569212792
2.7666968299405603	0.9405957674788071
7.074919341340404	0.9405957569218929
-6.4929329621550735	0.9999942934178925
2.501893487648722	0.9405957779812487
3.077602559647863	0.9405957621638076
1.303246876382822	0.9405957132670787
7.7025099552290435	0.940595756921398
-7.220420764971065	0.999998931070413
-4.268174059851919	0.9990690723700317
2.195461701746858	0.9405956733248374
-2.9575060317659974	0.9871394109096079
2.7082257715248037	0.9405957663817591
-7.047505245511663	0.9999984083122924
-0.974557661890735	0.9437193948330915
1.2436706146615464	0.9405957139902705
-8.405997647084579	0.9999999302755009
-4.74280276173944	0.9996820213565308
8.000204523743598	0.9405957569213158
-0.8156284520666723	0.9424795459612682
-4.160914723976994	0.9988174278046703
9.850928393907648	0.9405957569212336
-1.1893244776966583	0.9461376385163248
1.819449919408287	0.9405957224640003
-9.07557150455418	0.9999999850785126
2.26017713915574	0.9405956733687464
4.274847231179573	0.9405957572537159
-0.21198033452558462	0.9406713827144175
9.52845747565814	0.9405957569212349
-7.020387143839484	0.9999983057612623
8.39688101806368	0.94059575692126
-2.9235705064146122	0.9864366514342857
-5.344096685531867	0.9999197890534075
3.8558066703102334	0.9405957581533085
6.698338116069124	0.9405957569225453
-8.898011536461068	0.9999999775419406
-0.581442764089628	0.9413262093229204
4.156341414688104	0.9405957575422945
7.802190762271074	0.9405957569213292
3.4071074580488236	0.9405957595131803
-3.2753662529349326	0.9925565079625024
2.123592351181056	0.9405956709217883
4.827416797252777	0.9405957569971293
-3.92661174194032	0.9980209043250304
-1.3546010281238132	0.9485244726701386
8.21362164661965	0.9405957569212734
-6.036675938537188	0.9999836885009716
-8.191060965326212	0.9999998856275335
1.2178816781058188	0.940595711704379
8.251020520777121	0.9405957569212737
5.769545530245548	0.9405957569318845
-6.969639575270348	0.9999980957711945
-7.6989916750566945	0.9999996448697909
-9.947213643646426	0.9999999979947408
-9.029504912539759	0.9999999834087576
7.3165211020820635	0.9405957569215618
-6.496400752648159	0.9999943387950854
0.6298591266189391	0.9405957311412466
-3.4472364031100478	0.9946370575644216
8.82548038836456	0.9405957569212424
6.861024823709464	0.9405957569225248
6.6510401621601005	0.9405957569225365
2.4517274298526246	0.9405957753501993
8.428236746078372	0.9405957569212512
6.481563937573359	0.9405957569238595
4.767283887966984	0.9405957570634419
0.8258705821046064	0.9405957287146126
3.5604447884134593	0.9405957592417122
-2.2222822411645105	0.9683143397916054
-8.14310997078898	0.9999998722760496
-8.562661770437629	0.9999999513904502
8.867309434843431	0.9405957569212426
-9.122219529453908	0.9999999865981606
7.363964159155291	0.9405957569215633
4.886910757428357	0.9405957570039982
-3.9804121846179275	0.998239624132325
9.41009905413182	0.940595756921235
2.5088766658400274	0.9405957777951532
-7.418324450901497	0.9999993222794564
-4.984708562003131	0.9998170759064503
4.932572387250627	0.9405957570039226
-8.613928659288668	0.9999999568028801
-8.526361743780297	0.9999999471528502
-8.905699755384564	0.9999999779360123
-7.1271844491146075	0.9999986751030163
-5.0929634373123145	0.9998572603164833
2.7722215781220925	0.9405957674171517
5.220266526104069	0.9405957569626066
-4.96780135204014	0.9998098557779195
6.31548438058493	0.9405957569236574
1.5402055054835948	0.9405956751188702
-2.284380918292168	0.9700460851483056
3.1081148062878405	0.9405957621225425
-1.150062383853495	0.945634402229658
0.6155076271390172	0.9405957314649427
0.2975968804295537	0.9405959366923764
-9.77277193386097	0.9999999970035167
-4.4528864031674065	0.9993856716161406
-5.9154587835852945	0.9999784403304832
-3.2681218331140327	0.9924563226377354
8.914409833822639	0.9405957569212426
0.006637794714720258	0.9406054742962822
6.097435364127403	0.9405957569264476
-9.874379324439136	0.9999999976286031
7.489357956851549	0.9405957569214687
2.824922222923526	0.9405957673258409
-5.553015979356655	0.9999503732061953
-1.8120021815663314	0.9576768744600819
-5.344802397046791	0.9999199189721433
-7.023779276703954	0.9999983189422492
9.281183289652816	0.9405957569212372
-5.2910271084383265	0.999909392005455
-8.481378326260124	0.9999999413855503
-8.098476898955806	0.9999998584515123
4.211048284510198	0.9405957572209377
-2.8338723566160295	0.9844688731482019
8.782103415880187	0.940595756921243
9.524748452523006	0.940595756921235
-0.5457090629097152	0.9412097676719706
7.684517439782745	0.9405957569213985
1.648394825051124	0.9405956747820965
4.3866764580404105	0.940595757249971
-7.1606049364452184	0.9999987732306361
-0.366781919573139	0.9408184810942417
8.159011512047215	0.9405957569212737
3.717421225198514	0.9405957582235668
-5.6344486554985185	0.9999588476307181
8.660387243924305	0.9405957569212539
-0.5335143806734077	0.9411733812178646
0.7712402311437891	0.9405957296299455
3.387439868173665	0.9405957595162506
-0.7337309735621744	0.9419820602297877
3.3788867628311525	0.9405957595347976
6.046531035984955	0.940595756926366
0.07566066968795937	0.9406000513388322
0.04706042318554893	0.9406018304412062
0.49934790605897206	0.9405957578364342
8.868739329827772	0.9405957569212424
-8.941045161937238	0.999999979660578
9.305960924299011	0.9405957569212355
8.311733322506978	0.9405957569212736
-0.8561106131541187	0.9427640952217847
-3.909363403880657	0.9979455266308611
5.29234107359612	0.9405957569627071
-3.61254619839388	0.9961530009126566
-6.693052714881413	0.9999964001528773
-1.9064204098869517	0.9599410842987635
-7.373019437429211	0.9999992477630265
7.500509909013186	0.9405957569214272
6.6680518526633	0.9405957569225772
-1.6239013682893955	0.9534790389060801
-9.217525502912697	0.9999999892388576
6.278693105490198	0.9405957569253756
-7.88080488139582	0.9999997663445845
3.2977148927585134	0.9405957594857239
7.201387025817247	0.9405957569216088
-2.924480550865769	0.986455806154347
1.334705285943798	0.9405957133346099
-1.1990052331873535	0.9462650480440657
4.921564101154727	0.9405957570037693
2.599844977583219	0.9405957774079572
-1.8115809512073344	0.9576670621962617
-0.8216681677333693	0.942520442881285
-7.296662837067793	0.9999991031714431
-0.5337974478007279	0.9411742082857899
-4.796237251190676	0.9997185220077937
0.2503417215293311	0.9405961721849859
-7.434261539719107	0.9999993466982462
-1.788099304210684	0.9571200451306889
-0.8277553241883027	0.942562214450587
-8.986582508681092	0.9999999816852376
5.667064974572158	0.940595756939901
8.705116992195904	0.9405957569212442
-7.488556354397735	0.9999994234724646
-7.092479796200584	0.9999985648895537
9.400182170719408	0.940595756921235
6.865005236065688	0.9405957569224879
3.1084272310694594	0.940595762122984
-4.1370557601700675	0.9987531062962975
2.4281302122175497	0.9405957821514414
-7.376507662904639	0.9999992537805942
-2.674629642889501	0.9806315221323931
-4.383140254135496	0.9992809479119648
0.7069392465113999	0.9405957297773269
-3.7616722547788983	0.9971812573953533
7.251962300492604	0.9405957569215591
7.917887270120858	0.9405957569213153
-6.975313050907075	0.9999981204839405
-6.85909825466211	0.9999975438580286
8.747039037789758	0.940595756921242
8.309551802144494	0.940595756921274
9.622021298394845	0.9405957569212335
5.045915575774252	0.9405957570052753
-8.126169439725555	0.9999998671955229
-0.2729122162169517	0.9407165171871088
2.4527587255407024	0.940595775309871
-8.532687052200263	0.9999999479169692
4.853240773191265	0.9405957570050457
0.7479618656706322	0.9405957297148284
-1.6358952316163133	0.9537304746254947
-5.107624280226881	0.9998619787791997
-7.82282047664606	0.9999997329700876
-0.47420216235300217	0.9410179026666838
5.195607202017229	0.9405957569625361
4.719097484173705	0.9405957570854058
-5.25211015562586	0.999900923154504
-5.881572406861411	0.9999766919730493
-1.920033226668476	0.9602831580872353
-1.1253933080681655	0.9453317083259339
4.8073648390759605	0.9405957569991661
4.2674034636350235	0.9405957572560539
5.864630666617181	0.9405957569316608
1.6087827327603712	0.9405956747040605
-5.441606329350108	0.9999358885678655
-5.65125808188407	0.9999604081356784
-3.3415869406269794	0.9934241788278687
-2.8940299745922893	0.9858058731848913
-2.663327205858681	0.9803440036882382
-1.228608817537502	0.9466554306732308
2.2773783057733787	0.9405956732493156
5.476564976254572	0.9405957569423387
-0.02848450870042818	0.9406096457015866
5.1462025185955405	0.940595756962365
1.6276655892861136	0.9405956748408125
9.346721753532222	0.9405957569212348
-7.50101677534063	0.9999994397784048
-7.062989437558849	0.9999984640595644
-8.154528729446039	0.9999998755905216
8.091924603330725	0.9405957569212915
5.679134812047021	0.9405957569370826
-4.439025075516985	0.9993661254489874
-5.076534884545643	0.999851781914412
9.073045336291944	0.9405957569212378
6.65303445580215	0.9405957569225459
8.837520532022847	0.9405957569212426
-4.363521883750265	0.9992484664676106
5.839809561443117	0.9405957569316693
6.140761690980668	0.9405957569264672
-4.352288627779304	0.9992292268110765
-0.394461030781601	0.9408609634453687
5.5803275207062075	0.9405957569420553
9.673305233968598	0.9405957569212336
3.940092823767319	0.9405957575656017
-1.2785443330792	0.9473430050516614
-8.799987947651626	0.9999999718553557
-7.270588112789693	0.9999990476795967
5.47479943459939	0.9405957569423754
-7.724588402175754	0.9999996651955849
-1.1091209309964825	0.9451375401483255
-7.206133790028848	0.9999988953221772
7.544678809233805	0.9405957569213901
9.176889558038425	0.9405957569212372
9.29717473654367	0.9405957569212362
9.06313509690321	0.9405957569212376
7.876262663553035	0.9405957569213175
0.7837730069783824	0.9405957297951903
2.064309454444434	0.9405957005961252
1.7433558273966767	0.9405956762425527
4.354430983935828	0.9405957572495748
-2.1340308249808304	0.9659019777207922
-1.2510571595766464	0.946954382390007
-7.327851746686269	0.9999991653175847
-6.1022856424412675	0.999985974633202
-8.539446238024047	0.9999999487212922
3.702182552943448	0.9405957582187392
-9.712835441887222	0.9999999965600793
8.905801305274025	0.9405957569212426
6.223742252452759	0.9405957569264434
9.202473297268313	0.9405957569212376
1.3576986053041296	0.9405957134134381
-3.7759309031606136	0.9972651359451379
-9.853819463336087	0.9999999975136379
1.4998198629467616	0.940595673117809
6.554602585853857	0.9405957569238771
8.46944605501664	0.940595756921254
0.768871092545842	0.9405957296224673
7.140975259050144	0.9405957569219031
-6.237833960974162	0.9999897336704691
5.760673263648343	0.9405957569318689
1.119377949140766	0.9405957598888394
0.744717334651007	0.940595729732802
5.908825504973972	0.9405957569316081
-1.992903244039951	0.9621525938752312
8.78266227155639	0.9405957569212428
-0.6266135439136544	0.9414896133742635
-7.325956415688668	0.9999991616670167
4.94293887508999	0.9405957570039187
8.84746023693737	0.9405957569212424
1.1211128852715504	0.9405957600877712
-9.583870639916	0.9999999953707238
-2.422655527738282	0.973895878283426
-0.8713662046985071	0.9428780952105474
-6.220849760948348	0.9999893243572096
-2.3276609090978218	0.9712572262409579
-4.546082588295084	0.9995025499226188
1.6479346785425886	0.9405956747861668
-1.788577473482107	0.9571311654990504
9.534695024874228	0.940595756921235
-4.898643914953649	0.9997772532221286
-0.9488901370218095	0.9434947877049747
7.507924279853427	0.9405957569214051
7.38784157747784	0.9405957569215639
-3.2244337052575434	0.9918296140200564
1.1545920646174324	0.9405957478100835
3.028271879189406	0.940595761859868
7.113499681726569	0.940595756921889
3.214623365673525	0.9405957621243414
6.372847531117639	0.9405957569239107
-6.870185053407942	0.9999976057614308
9.427164004139659	0.9405957569212351
5.273424627079013	0.9405957569627232
-4.059520092560764	0.9985200291246233
1.357567702275917	0.9405957134123019
-8.389846897697058	0.9999999276337416
1.1694279870432478	0.9405957334715129
4.5472032362330985	0.9405957570863898
3.806470131208055	0.9405957582169974
-6.652505248405589	0.9999960479115304
3.5846471751660545	0.9405957585196825
5.265853707405075	0.9405957569626904
0.14789754283281908	0.9405974285566074
9.665996534088606	0.9405957569212335
-5.102510028237397	0.9998603507140944
3.347009933776981	0.9405957595551235
5.153614908792354	0.9405957569632242
-9.29940487981229	0.9999999910879221
1.3224488287639744	0.9405957133590966
-5.001218565228602	0.9998238631417644
-3.1962761963931685	0.9914049581682322
0.6364413778232425	0.9405957310415315
-0.8761417136234773	0.9429146154728792
-0.09497086045783476	0.9406224253809425
8.560912926829786	0.9405957569212533
4.010506676074122	0.9405957575734425
1.0939221237872232	0.940595758258613
-6.3641906078586885	0.9999923247539134
-3.0749180256797892	0.9893852221359858
2.8291979360003072	0.9405957673273659
-0.9354443841783677	0.9433847100262196
9.360424370888207	0.9405957569212348
-9.72817715942834	0.9999999966794755
7.537804295145506	0.9405957569213852
1.1985385450318642	0.9405957130593549
-4.811017074359896	0.9997278629655765
4.926243771292782	0.940595757003859
-5.494333106996856	0.999943205670456
-6.816265917037483	0.9999972892935187
-4.1950957950624	0.9989040272580383
3.2102374331925176	0.9405957621101805
7.642650035508204	0.9405957569213983
-2.56313632100043	0.9777199799158082
6.21648466817561	0.9405957569264299
3.4012392454699647	0.9405957595102256
2.963819388465021	0.940595765587546
8.887705842025273	0.9405957569212428
-5.161662017656976	0.9998780674855042
-2.6697892818917435	0.9805086199555989
-3.643850093302863	0.9963932244631885
-0.7880960409722437	0.942300438439414
2.3201510628931388	0.9405956717139473
1.5152575795458354	0.9405956723431895
-5.237442997438251	0.9998975304713112
-7.609167452540948	0.9999995632721965
2.4735058470565097	0.9405957768132646
3.002863071608335	0.9405957617894666
0.37332202382431845	0.9405957958228716
9.654675361154325	0.9405957569212336
-3.269886212322297	0.9924808197852263
-7.513118915532853	0.999999455174001
0.8826174305478531	0.940595751725305
-7.9278854178596925	0.9999997903495492
-2.44960106844752	0.9746324868692409
-2.923882240681488	0.9864432147460158
-4.517845842254151	0.9994696631553254
1.4402895724208342	0.9405957129442805
-8.086208940284871	0.999999854396074
9.575322238977428	0.9405957569212352
-4.6443362433547675	0.9996020669620582
8.101903787608723	0.9405957569212816
5.660421339802543	0.9405957569411405
4.333662209533795	0.9405957572498616
-4.558403453854432	0.9995162625384171
-6.17824225944561	0.999988224289427
-2.4352876663222034	0.9742417940232704
1.075301765313803	0.9405957588215852
-3.4373523010203977	0.9945321308874071
-7.164823254530859	0.9999987850882545
3.7965013947056026	0.9405957582212306
6.559982027086949	0.9405957569238091
2.6798242614726497	0.9405957700462049
-4.705699079450025	0.9996539557650561
-7.836704593500068	0.9999997413717221
0.05150738300492286	0.9406015163173003
-1.698377727587296	0.9550804227191337
-1.9082346511796633	0.9599865930665307
-6.698001856568627	0.9999964409387796
2.81538682416517	0.9405957673100727
0.21172716678400505	0.94059646067115
9.423261831249874	0.9405957569212351
-8.006407000002529	0.9999998250255392
-0.4799986117202728	0.9410315220151471
-7.268711813554489	0.99999904355649
-4.457366913746448	0.9993918622682866
7.641501616965002	0.9405957569213983
-7.3259600020511995	0.9999991616739397
-3.5645735090812103	0.9957573248478261
3.748289228974194	0.9405957582252091
-4.180883838902867	0.9988687914083095
-5.882554965045554	0.9999767446092765
3.2758348625295284	0.9405957605833869
4.377065044851127	0.9405957572501129
-7.908346967531155	0.9999997807022469
-8.805986608160197	0.999999972241428
0.08571997597839776	0.9405995425747937
8.552103227351864	0.9405957569212533
-5.459136982303288	0.9999384202555922
3.8005000330933534	0.940595758219024
0.3633101677735251	0.9405958054229673
6.183904799410698	0.9405957569264716
-6.929812513098801	0.9999979128961499
4.096154890800481	0.9405957575741232
-7.351968479043016	0.9999992104036056
7.596973651679058	0.9405957569213983
5.2530254124552656	0.9405957569626859
-2.4304172465268037	0.9741085968690915
0.7805114043716479	0.9405957297313111
8.984882771809577	0.9405957569212409
-8.932150309141758	0.9999999792397072
-2.12660637534539	0.9657040842223997
-2.8430849800601132	0.984678060008595
4.3611514318661015	0.9405957572496234
-1.8593246732526758	0.9587817375400804
-2.7966086775541	0.9836066780623475
-9.016653288431922	0.9999999829104547
6.971231037656324	0.9405957569219073
2.169181430600041	0.9405956740621615
-7.391575096264638	0.999999279225507
6.809150560311732	0.9405957569225434
2.218561639963795	0.9405956735971094
-0.7494276214760056	0.94206941857968
-9.494936734244984	0.9999999943187087
-3.6262858242380913	0.9962601378099997
-4.249880495029856	0.9990301766554784
5.235925045580579	0.9405957569627145
0.2187278502346146	0.9405963995535822
-3.5047186813793108	0.9952140595840118
7.567502152370711	0.9405957569214016
-2.737160293180021	0.9821856882758374
8.564513946019886	0.9405957569212534
-3.89446436880859	0.997878254119897
3.3295990999290304	0.9405957593849401
-5.355689324530308	0.9999218968305168
6.306588650039217	0.9405957569238619
-3.366240515517469	0.9937255548139191
-7.139482405325479	0.9999987120925932
1.1501505761991027	0.940595751543251
9.812917682473547	0.9405957569212336
3.2865600851503896	0.940595759956929
3.8475554753084484	0.9405957582240396
-4.878630202681999	0.9997668219229269
8.97202796788634	0.9405957569212425
-7.587102808808206	0.9999995405110274
0.0013618625592659583	0.9406060497886074
7.0463605515520165	0.940595756921893
-2.7929248900447323	0.9835200360637276
7.327824789279717	0.9405957569215626
-6.364081976458142	0.9999923228342884
3.735412326039347	0.9405957582261194
-5.915189272095933	0.9999784269556454
4.948973037201622	0.940595757003889
2.8451685109016456	0.9405957673199248
-7.907356178088305	0.9999997802013775
-0.22253166329845975	0.9406780545564007
6.537858823902809	0.9405957569238932
6.203440811694531	0.9405957569264505
8.579617971728549	0.9405957569212532
-0.5359216289406366	0.9411804407547202
3.9322348378913183	0.9405957575429782
0.8753213735327705	0.94059574805337
-6.056077018519956	0.999984400816215
8.916644737793312	0.9405957569212426
8.534069529543519	0.9405957569212535
0.7136144407475431	0.9405957297792921
-4.555973749888262	0.999513588205601
-8.806201732915572	0.9999999722551747
0.16315403174206544	0.9405971160679776
-8.323268169803576	0.9999999156442456
2.1705139123588424	0.9405956739947281
