0.573745247352587	0.8925042695132246
-5.9900321411049795	0.9999795614411543
-2.243204575986346	0.9605989831967543
7.8619513230519615	0.8922650877854496
-5.978532726377428	0.9999790133080005
2.042607179490542	0.8922651219733305
2.4402811174019767	0.8922651536219613
-2.02383144355764	0.9517434826128581
1.5334283911805855	0.8922651475498204
8.342877351842596	0.8922650877841775
6.420881431396772	0.8922650878602203
7.919944332260954	0.8922650877854107
-4.606073906246508	0.99951069441313
-0.6644541964131392	0.9058656956181617
-7.345487508624333	0.9999990980223452
-0.22345189112553676	0.8978321132875912
2.0008170734644626	0.8922651221917057
2.7303574782210163	0.8922651251034063
-2.377655697000276	0.9659126610794431
-5.938429407689236	0.9999769841792698
9.206475863939815	0.8922650877830426
4.833072911432916	0.8922650900024391
-5.424129657804779	0.9999248739967702
7.461691362612161	0.8922650877927615
0.4078066588276883	0.8928700778203176
9.987030888708397	0.8922650877828993
2.7809357154098677	0.8922651261215266
-1.5282813584512844	0.9323187893219705
-3.845423740258096	0.9973237455705144
8.752136369911213	0.8922650877831939
0.13553456141380238	0.8941771278768177
5.816996195701609	0.8922650880861626
-5.948496037978126	0.9999775112513143
2.829629917051859	0.8922651260348676
9.466440568336129	0.8922650877829609
2.2808751926542428	0.8922648890480795
1.2632598152590866	0.8922652598571901
9.19475974707552	0.892265087783043
7.820672225284781	0.8922650877852308
0.15462463447263097	0.8940476978374672
-5.631660560020397	0.9999533821139446
-4.51432926043581	0.9993972265701565
-0.46471916120087187	0.9017302476597222
7.558252204590062	0.8922650877879398
-7.136547254970962	0.9999985407481649
7.005097373744267	0.8922650878025565
-0.38805021126653294	0.9003381253511885
-7.154338282439814	0.9999985993169346
-3.7309222551277355	0.9965784132573393
-1.4018866706569888	0.927735952514575
0.6618464006526068	0.8923983029321138
1.7370168249497056	0.8922651465057089
-1.1885170191771888	0.9205214026162929
1.1086753891834267	0.8922663148095527
2.5068303470613795	0.8922651553798229
3.6636429567462834	0.8922651212313504
2.959482169306371	0.892265089306932
-0.9492406042249044	0.913190886743159
9.504795901108455	0.892265087782961
-3.0727808093476217	0.9875442757894112
9.524993028284314	0.8922650877829604
-1.5733489827987324	0.9339491504700976
7.556837060547199	0.892265087787919
0.4115929336410886	0.89285851697303
7.956959843757318	0.8922650877854225
1.105679980514985	0.8922663730652022
3.166653522341992	0.8922649704789466
6.282132047464643	0.8922650878985217
9.723489616030221	0.8922650877829196
6.33272581787341	0.8922650878542326
-6.534465462072014	0.9999941633045831
-4.590899793507153	0.9994935028498224
-1.0754046531976424	0.9169218041136172
-9.193287386454232	0.9999999871942458
1.7637453884257326	0.8922651384083947
-7.314260044646157	0.9999990307795478
-4.73866488928103	0.9996383362302795
0.22986286920220778	0.8935949668995691
-8.111461411340395	0.9999998453928823
4.497468058505692	0.8922650927094666
2.705052933716283	0.8922651242300277
-4.594796371942436	0.9994979736244478
-5.10223968821939	0.9998426617498872
6.419798343880267	0.8922650878601972
2.1221388898023275	0.8922648820948933
3.120942051763409	0.8922649703134407
-0.7016449854357489	0.9067383771820833
8.067311483306515	0.8922650877853394
6.372646320091103	0.8922650878620375
0.44654138820082956	0.8927595814479102
-5.312322560046385	0.9999028660582483
-1.0339447867441152	0.9156562445526177
8.148378007625944	0.8922650877841083
8.768090045362733	0.8922650877832106
-7.063730589950552	0.9999982743838195
-7.7538194810893435	0.9999996477350208
8.035907341590828	0.8922650877854288
-4.375757120942851	0.9991750420744311
4.042494825626166	0.8922651070954024
-6.02026796512976	0.9999809353652287
-5.1663532915637544	0.9998641867759678
-7.149666329712763	0.9999985841681565
4.453323043018255	0.8922650971932878
-8.541889323491505	0.9999999426144327
-4.3787799845323905	0.9991806547747765
-6.1636989004430465	0.9999862958302173
-6.845880006309146	0.9999971504043107
-2.821916201309227	0.9811705174904544
-6.064835061117155	0.9999827939855921
-4.760923304397586	0.9996562591078485
-1.8087556208520503	0.9431040741070134
-1.205494765332368	0.9210720040748382
-0.40232014850066555	0.9005892758634718
-8.27712904162314	0.9999998944246689
-6.17117443605097	0.9999865296271465
-0.0033523000823940663	0.8953144001162275
6.664138405198663	0.8922650878228156
-6.615483702129468	0.9999951565040004
8.457412585101288	0.8922650877835208
-9.30030738261253	0.9999999899911244
-1.253743794837776	0.9226060137492448
-9.897034751915346	0.9999999974668692
7.089458578900718	0.8922650878026777
3.721552162568793	0.8922651262106472
-4.7810350059715345	0.999671694170099
-9.436412826097884	0.999999992683897
8.775295871125905	0.8922650877832122
-1.4344613373077166	0.9289107355631724
5.832642342698406	0.8922650880872846
0.8324146881531824	0.8922973024866696
-7.073954290805786	0.9999983145303545
-6.646948883892048	0.9999954949746116
0.11687373455047023	0.8943096579151266
-4.855241579335106	0.9997229236392273
5.42154614847362	0.8922650883281553
-3.74526629293765	0.9966813395468156
-7.0109049335456275	0.9999980511984733
-0.12171341122041568	0.8965277940516599
9.904422125274074	0.8922650877829048
5.3395661244443815	0.8922650890003072
7.118034894749094	0.8922650878025229
-6.174860179292159	0.9999866434267032
8.206942434762503	0.892265087784157
-4.980864435343593	0.9997921787242954
6.56846987272764	0.8922650878538417
-3.2124530719917077	0.9903186237110111
7.9925603377397145	0.8922650877854253
8.561137077320065	0.8922650877835259
3.977802067681221	0.8922651072386644
-1.665050513813057	0.9374621788320662
5.508469671288228	0.8922650883825783
-5.765090499608849	0.999965703554679
3.4387564111494804	0.8922648881800921
-4.563520159224113	0.999460960383364
2.5121575182790234	0.8922651550423104
-2.4697961290470083	0.9693912507013276
6.853037078288629	0.8922650878226244
-8.78182962036291	0.9999999669735085
-8.511590530638564	0.9999999384679352
-1.2346872451594813	0.9220016683754867
-4.746700432113493	0.9996449110014093
0.25389488755986456	0.8934754506978633
-5.338940202255027	0.9999086281044411
3.313502963755104	0.8922648801529579
-2.5554825335540254	0.9725225640064912
2.935261349845053	0.8922651325654953
4.733428354591576	0.892265092571544
7.907147021445347	0.8922650877854108
6.706650861937597	0.8922650878218412
-5.2146833518462765	0.9998784488696084
-6.85112221992378	0.9999971845916329
0.48624073363602527	0.8926626701467683
5.5461877717827015	0.8922650883858099
-8.879746545072681	0.9999999736399746
-7.191092176593146	0.9999987129745013
-7.296247496535475	0.9999989897363701
-3.645079760056147	0.9958986667594402
0.9056778055192147	0.8922814566570331
-8.550856611247326	0.9999999437871717
-1.182506838444727	0.920325985780866
-9.541363077258161	0.9999999942544777
8.973301195948721	0.8922650877831878
-7.395728424291099	0.9999991965555821
-5.2639946325830245	0.9998914620524355
-8.825978508646628	0.9999999701658391
4.361790595402383	0.892265097404223
-4.385051613610331	0.9991921804088867
4.25131464964708	0.8922650975436978
-4.995181423447703	0.9997988861147618
-6.110716753175471	0.999984518371613
7.61145660657899	0.8922650877878908
-4.660507670398304	0.9995677503073328
2.9781261525212877	0.8922650225735368
6.461263105629147	0.8922650878604309
0.9246423479337942	0.8922784488206278
6.012387216038565	0.8922650879269018
-5.785072403539404	0.9999672445669361
8.909951935326227	0.8922650877832051
-8.67013905978023	0.9999999572876896
0.1342236703699804	0.894186237199939
-4.916502535159735	0.999759169191096
-5.502690575784719	0.9999372870682472
0.9454916072880959	0.8922756625813602
8.314630980295874	0.8922650877841567
-0.686214684194395	0.906369414544505
-4.41822530760116	0.9992505482489169
1.304963065822209	0.8922652102244997
-6.51469658642938	0.9999938915198401
-8.179225535780903	0.999999867728755
4.495612882773322	0.8922650928563547
-2.465819915428362	0.9692436432934408
3.15184222972114	0.8922649702856659
-8.091571334384628	0.9999998381474456
7.520727882594372	0.892265087787513
2.326680111909818	0.892264880239762
-8.913809839706639	0.9999999756284841
-7.275750800679548	0.9999989409154528
5.535116133628426	0.892265088385895
-8.167301355070023	0.9999998640467752
-7.778379902967298	0.9999996671035569
9.515593162580092	0.8922650877829609
-2.5413034920961675	0.9720142743599622
9.282635310020673	0.8922650877830209
6.071766856974335	0.8922650879396608
-9.120128786779148	0.9999999848447282
-7.5920132991101585	0.9999994887020891
7.227955371167688	0.8922650877919082
3.522925394366414	0.8922648845957019
-5.620237882980095	0.9999521411227411
9.494150437253879	0.8922650877829609
0.47699167641327733	0.8926838223742446
-4.298808795154083	0.9990187840707195
7.741151726682727	0.8922650877879809
-6.308192157919361	0.9999901734908451
3.7068526516516265	0.8922651271629061
0.40364932394692943	0.8928829695438854
-6.3735039489542755	0.9999915452367555
-2.3320134164347284	0.9641340051718676
8.314598869013132	0.8922650877841566
1.1369491087480466	0.892265869739878
9.710768195213383	0.8922650877829199
-9.07039311236526	0.9999999830058652
-6.287328903150429	0.9999896900242027
-5.149240179724535	0.9998587464990552
-6.088717157486356	0.9999837142421145
-1.4925087452139252	0.9310240421646294
-5.133181073438027	0.9998534438721121
-1.013910140182407	0.9150566648235889
4.269853674467846	0.892265097574634
2.9322171626704563	0.8922651326168635
-6.852203042616587	0.9999971915891323
1.6752453613573728	0.8922651461609438
2.058401912248291	0.8922650651109885
3.3319451254820507	0.8922648844394307
-8.429126720738322	0.9999999256013509
8.681934178843807	0.8922650877834292
-1.6019675990944684	0.9350373736228182
1.8747422099223865	0.8922651249439835
-3.927492701745101	0.9977611625290257
4.618016596375028	0.8922650924837816
0.5014826097647109	0.8926295259718318
-4.566152376869863	0.9994641766029446
4.353510921081938	0.8922650974024698
-6.70758733199591	0.9999960819951484
1.80498823139712	0.892265125257573
-1.3320886538248224	0.9252701270143208
8.10644375354218	0.8922650877842877
2.32141875169094	0.8922648839702669
-1.5045286525639021	0.9314623153619419
6.6194700852742585	0.8922650878186325
-9.11934191499487	0.9999999848172442
2.8486510476718507	0.8922651259986284
2.066074348087362	0.8922650273629944
-7.411045081789829	0.9999992243969584
5.86811151943718	0.8922650880872252
8.531909424312794	0.8922650877835245
9.429383521930884	0.892265087782961
-9.019272029721899	0.9999999808829747
7.337834875196549	0.892265087792862
6.345310235912606	0.8922650878582697
-1.7638887299481887	0.9413357497984387
6.855097306854727	0.8922650878224127
6.344111424501875	0.8922650878578605
-5.5599371039929535	0.9999450218554029
4.148582140266516	0.8922651070709918
-4.717545894084347	0.9996204754142873
-2.4478373856981683	0.9685751173049741
5.832161967692645	0.8922650880872671
6.903362678856702	0.892265087804236
-7.70950452224672	0.9999996098927525
-9.34381213775037	0.9999999909451647
-4.301269802561833	0.9990242026659251
-0.01786053640630314	0.8954478848335572
8.967323039189967	0.8922650877832017
3.7786877899855043	0.8922651262824622
-9.417044835605983	0.9999999923502385
-1.7836536663019196	0.9421155097733884
8.119743351883272	0.8922650877840801
-8.060237159252717	0.9999998260383133
5.4749894044068235	0.892265088395415
4.745578684159955	0.8922650925670733
2.072166820225121	0.8922649960723359
3.072894478364274	0.8922649717954134
2.8830785471883313	0.8922651263925528
4.530901153397341	0.8922650921736842
2.3815416340178253	0.8922650901028013
4.855994240474221	0.8922650901872099
-7.454430489938577	0.9999992981329375
6.82093472508841	0.8922650878217991
1.8196709830339017	0.8922651247591323
8.099565438551195	0.8922650877844617
2.494341022992561	0.8922651558180129
-9.391838246485325	0.9999999918931081
0.5773319280095137	0.8924993671608634
-3.2864665626792355	0.9915763157878441
-0.8294787663353773	0.9099595932098298
-0.4631718340570714	0.9017009389634703
0.7827721903598217	0.8923158857229924
0.18847295277256926	0.893833258956716
6.710496543251068	0.8922650878218382
0.38488870594999725	0.8929436559726013
1.6011165964805265	0.8922651462230482
-4.7992022257027855	0.9996850447504937
-3.0789747523494393	0.9876787635186761
2.1255714284750837	0.8922648838092827
0.6672269744860149	0.8923932283274493
1.7756113265856008	0.8922651332524735
-5.393352529537325	0.9999193673783716
7.31409748671323	0.8922650877928091
0.8742250053780012	0.8922871674185706
4.063154278853936	0.892265107092926
2.184781085329801	0.8922648890417827
2.637195174213467	0.8922651556981407
2.3003721766419005	0.8922648926277822
-9.81284978767183	0.9999999969250166
-1.716801273647711	0.9394824773504242
-1.6018158256411006	0.9350315705787587
-3.7466114827984143	0.996690843853758
3.4599687485256645	0.8922648876228586
6.077636181777283	0.892265087938952
5.8170077111131455	0.8922650880861638
-6.4699479897276735	0.9999932286550733
6.88895960847972	0.8922650878101427
4.596433746979267	0.8922650924710156
-3.6304140542015517	0.9957709338564958
-2.6011166455564583	0.9741291058382312
-2.824066948278081	0.9812328516095805
3.6957877150192466	0.8922651273475699
-6.818260765892097	0.9999969633092739
-9.73265504437875	0.9999999963013989
-0.8572272432664505	0.9107009595176734
-9.867706337122165	0.999999997289895
-6.947375340099695	0.9999977442346359
1.6485545128990342	0.8922651461215383
3.897294520410677	0.8922651074243511
8.13424248354628	0.8922650877840439
-0.683852723467071	0.9063133578813284
4.41694925845804	0.8922650973616768
-2.3471104911392837	0.9647258667356308
-1.2880242336681924	0.9237475225119913
-0.25094440152701125	0.8982214213418341
-3.7453187034983326	0.9966817103204529
-5.671325734897628	0.9999574470989043
7.648116923516518	0.8922650877879199
-0.46926227320764013	0.9018165956293803
-5.766236212670748	0.9999657938391998
-7.9065283995876445	0.9999997521655587
-8.108489023743196	0.9999998443310911
9.870019701002526	0.8922650877829198
3.915386235429054	0.8922651052540308
0.554825103299077	0.8925314632080515
-2.095906989466836	0.954675758547973
-9.036247312808836	0.9999999816157841
9.953833465990872	0.8922650877828979
6.015803847981882	0.8922650879240647
-9.600182321020254	0.9999999949822355
-8.55525364950601	0.9999999443534289
-2.174127701287518	0.9578070549700158
8.100137820069484	0.8922650877844458
-4.935564376065149	0.9997694547803059
6.959481328036013	0.8922650878028887
-0.5866991908580044	0.9042077842320987
-8.610195950124293	0.9999999509661321
8.244190388357495	0.8922650877841625
-6.533546934026857	0.9999941509487078
-9.195298884070642	0.9999999872534207
-0.06714876907504497	0.8959157782910717
-0.7101786225590025	0.9069431487953958
-6.543749473524252	0.999994286735529
1.9531174691978848	0.8922651249440519
-1.518731924595432	0.931976432425788
-1.052941289067162	0.9162323647780892
9.709121681706002	0.8922650877829199
0.3184648819941174	0.893192988410175
-4.396605405238736	0.9992129982476724
-9.82676165588876	0.9999999970219571
6.087382703443161	0.8922650879373095
6.320680205893289	0.892265087853272
-3.8054886405327215	0.9970829382591138
-0.36191580864732487	0.8998967220265963
1.4938113818742416	0.8922651508928491
-7.642158243246979	0.9999995444567442
0.5915503853969852	0.8924803158206023
-9.358821510148081	0.9999999912527602
-9.303280840780989	0.9999999900594176
7.069709917413064	0.8922650878026461
-5.024509645121711	0.999811960796516
-5.366627330668061	0.9999142600214725
1.8855945425838705	0.8922651248638629
5.152803122924636	0.892265088989319
2.096250333492522	0.8922648985789781
-6.637174927437357	0.999995392447805
5.235222530212042	0.8922650889767401
-5.909877114673736	0.9999754210842159
-7.511224435596766	0.9999993841687819
5.259895773874836	0.8922650889757391
-5.573741550177362	0.9999467397342385
-5.8659691820196835	0.9999728078365623
-4.462696855866084	0.9993223375042061
-2.1788532162635876	0.957997954356108
6.626072580504143	0.8922650878183099
-5.597554595181085	0.9999495780731565
7.853527537405974	0.8922650877853828
3.719401022332324	0.8922651263368899
-8.55147517076917	0.9999999438671776
4.252508128454192	0.8922650975621522
-5.370899228505315	0.9999150975749137
9.352811596441299	0.8922650877829573
3.599365161200364	0.89226513069933
-6.599709063687604	0.9999949773627047
5.7072873964912585	0.8922650880784224
-9.09918964298884	0.9999999840961281
-8.12354223966719	0.9999998496343339
-0.4752321427045416	0.9019307515652103
8.408891114621323	0.8922650877835733
6.05888134678009	0.8922650879390314
4.239723659578258	0.8922650971965259
8.775685774941827	0.8922650877832123
9.419337385936238	0.8922650877829607
-8.155594533495938	0.9999998603321558
6.089805990282979	0.8922650879369227
0.5691603667587231	0.8925106295371151
-0.7715448148291326	0.9084567232110476
9.797678789807165	0.8922650877829202
-3.353650026832966	0.9925986469730185
-0.2055577922468963	0.8975864157102658
9.668484469398813	0.8922650877829202
3.182063039897894	0.8922649705042265
-6.3052295790413515	0.9999901062446599
6.191024036499101	0.8922650879367132
9.707747986378749	0.89226508778292
3.7270905950708677	0.8922651259793215
1.4559844247294063	0.89226516742075
8.58269327690078	0.8922650877835264
-2.725247555029031	0.9782438085946932
-8.809554516938864	0.9999999690159745
-4.958574419655615	0.9997812903615219
-1.3584344168507165	0.9261924848409506
-4.791740122959776	0.9996796275234542
-3.0637982570324374	0.9873473912745991
-6.058276009669896	0.999982532262756
-7.982898135571301	0.9999997921297675
-9.292401155051632	0.9999999898072478
-7.533732940864266	0.9999994152723899
7.4563960201030035	0.892265087792977
1.042315999919726	0.8922682861692357
9.751366002010094	0.8922650877829199
1.7205358519239677	0.892265146558939
4.214186840373726	0.8922650964849426
-2.6056680785091535	0.9742868013571605
-2.541033380362867	0.9720045521548731
3.942647858573922	0.8922651069797027
-7.736220291585059	0.999999633166959
-0.022114151957911332	0.8954866849104415
0.588017640707239	0.8924850131081512
0.48528343232831617	0.8926648209133041
3.80307539267967	0.8922651259360153
4.233729250790979	0.8922650969370691
9.386910510959403	0.8922650877829628
2.1825222106160638	0.8922648892526097
-0.30922565635341925	0.899097587881726
-6.622293070385914	0.9999952318447924
-9.472566498364401	0.9999999932682789
8.791989238287925	0.8922650877832083
9.550209675112015	0.8922650877829625
9.597567385410994	0.8922650877829363
9.690143320252012	0.8922650877829205
-4.1600942921330075	0.9986610199330707
-0.8069968659697437	0.9093678756787191
2.685892831915986	0.8922651306331864
-4.8371887875069675	0.9997112432244306
2.829607292626214	0.892265126035081
0.9323550394409672	0.8922773489008566
0.3322785115330529	0.8931360388362667
1.6568267559741336	0.8922651461426692
4.724328889398075	0.8922650925049331
1.1129035292373146	0.8922662360397523
5.564410674387217	0.8922650883854858
-3.3442346015131053	0.9924619497961289
-3.8002902098498836	0.9970501426546379
0.8976394822334086	0.8922828403069809
-2.6916540036773595	0.9771699893381617
4.6867832936722245	0.8922650924990296
4.504743624460929	0.8922650922772039
5.029486102723041	0.8922650901652552
8.354560725340203	0.892265087784188
3.5178946062528027	0.8922648880796745
3.6969656490545013	0.892265127378176
-4.3550248072959	0.999135518677579
9.2828381650471	0.8922650877830206
0.7981433179907924	0.8923094052487103
-4.146443956200776	0.9986196303412626
0.5601266060732755	0.892523561886608
0.8808965277690906	0.8922858834515582
6.1274928761654195	0.8922650879363929
1.803498770134734	0.8922651254069042
-0.24055183345045528	0.8980724902873662
6.748154922546789	0.8922650878220598
5.920669235726157	0.8922650880856419
-4.353694952360128	0.9991329210975484
-2.0137259445054934	0.9513306511880725
0.7381924291882047	0.8923391693187824
-6.212469185369223	0.9999877510902473
-5.189695843882842	0.9998712720922002
1.8607132296727826	0.8922651251757039
0.8515935875171987	0.8922920897696852
6.7324516299853165	0.8922650878220304
1.332946473849809	0.8922651925006146
7.564358195325596	0.8922650877880016
4.425460138279117	0.8922650974606787
1.8790604623990426	0.8922651248961782
-0.8363898327244979	0.9101430876116673
-2.4083934196877044	0.9670914730935378
2.8441917149667937	0.8922651259616781
-7.628720061616421	0.9999995301408977
8.706230740628598	0.8922650877832509
2.4824830035330603	0.8922651549982585
-3.908677678222028	0.9976672994264345
-7.631066655532797	0.9999995326727871
2.4185360369664632	0.8922651708671441
5.171328956168374	0.8922650889982318
5.795385906088168	0.8922650880864336
8.369428603894505	0.8922650877841102
-8.899521481611448	0.9999999748133233
-9.772217674528623	0.9999999966234371
8.861584157690451	0.892265087783205
-2.9089081734666378	0.9835872836043401
-8.340770333743151	0.9999999088154474
3.3728008829319034	0.8922648887820321
0.2573323127161551	0.8934595842620511
-1.3437517782510078	0.9256770720704224
8.981446549863492	0.892265087783162
4.660373965776712	0.8922650924929237
9.042006092081266	0.8922650877830294
1.2388595590625329	0.8922653117104121
-2.787795545504128	0.9801638033094383
-8.37861534533069	0.9999999164250152
9.178287591660627	0.8922650877830427
-4.040609720531485	0.9982540370841841
-7.0015252478250245	0.9999980086533033
-3.9157914540980965	0.9977032181233034
-8.622200113839448	0.9999999523028943
7.0014674243623	0.8922650878025794
2.095116301794766	0.8922649012679085
5.482784932789052	0.8922650883903371
-3.2884637531011185	0.9916083094103196
-9.514464208230265	0.9999999938873655
-9.835688460949141	0.9999999970825452
-2.348991480805589	0.9647993636227581
9.576881847179962	0.8922650877829553
-1.2562240263875566	0.9226856757087099
0.5709693360509771	0.8925081062496452
5.398976162730369	0.8922650884262822
2.0336244202686906	0.8922651332368272
4.816263526054341	0.8922650899202919
8.29101279626098	0.8922650877841639
8.816318895599132	0.8922650877832035
-0.3687849665120133	0.9000086061966
-9.031800903569689	0.9999999814265971
1.8512348999974684	0.8922651252967543
8.242756217153484	0.8922650877841625
-2.616489849527932	0.974659825848196
-0.22314532004077492	0.8978278518325838
-9.87392511500483	0.9999999973284261
-7.908701280461887	0.9999997534024333
-0.15441894747662666	0.8969230841557422
-3.220549608211516	0.9904631637240058
5.404579426954598	0.8922650883790461
0.8980412797736825	0.8922827698391073
3.9675860151826203	0.8922651074434994
1.938054739047761	0.8922651246256099
3.5438369750569585	0.8922648832851825
-1.5682747155067922	0.9337605081210341
2.5331483872202334	0.89226515440596
1.744685513038494	0.8922651451903664
-9.680456948544656	0.9999999958290463
1.3152860698977786	0.8922652024761775
1.9200656668490979	0.8922651248167227
-4.0910266507926485	0.9984385286074098
-5.72945448137816	0.9999627732359614
-1.7308050393437	0.9400331067117653
-5.727013628287012	0.9999625636095332
4.198860074792101	0.892265097497206
4.620329787360626	0.8922650924869527
-9.46670592667834	0.9999999931768222
-6.28966754620333	0.9999897453798108
-4.5292136867138355	0.9994172578025162
-8.32091942723217	0.999999904550823
1.7999786973030396	0.8922651258551014
6.572875127145235	0.8922650878503905
9.45612506309116	0.892265087782961
-4.210235742891362	0.9988029740217714
-5.174445319117336	0.9998666859666989
4.610457048686829	0.8922650924735998
-5.752729751498178	0.9999647142195256
6.375758410388613	0.8922650878618755
2.877793094263339	0.8922651266410215
-2.6194915403885277	0.9747628034750687
6.02648053563664	0.8922650879222733
-8.70561016870604	0.999999960637558
1.9947109968240575	0.8922651228001338
1.6311867687431771	0.8922651461481076
1.870788774808183	0.8922651250028584
1.3219599855085065	0.8922651982602209
7.295840518551362	0.8922650877928675
8.101490456728317	0.8922650877844098
-5.916477866649621	0.9999757916181266
-3.082717388362961	0.9877595238912468
-6.093066165661769	0.9999838764506425
-2.431865694322135	0.967978229525623
4.265221961998034	0.8922650976071169
8.849887283067268	0.8922650877832055
-1.4873618809583924	0.9308359337034449
-5.455564082078395	0.9999301108959342
-8.553367687304592	0.9999999441112535
-7.704312422936872	0.9999996052009947
-9.107405078682147	0.9999999843941488
-8.806547614844739	0.9999999688007074
6.273539380504847	0.8922650879137842
-9.829248759958741	0.9999999970389628
2.5392265075528986	0.892265154455311
7.423835213773732	0.8922650877928003
3.3221900671578233	0.8922648812670804
7.271358868489756	0.8922650877930763
7.963955722287498	0.8922650877854212
-4.256298526480551	0.9989204152786944
-0.3717965578223481	0.900058769127169
4.703945188748801	0.8922650924704154
-2.8220596436678225	0.9811746789108783
4.603859483642928	0.8922650924682523
3.256696575530494	0.8922649569351417
-6.420790099788678	0.9999924172894418
-7.08249158206697	0.9999983473382092
5.661050604962519	0.8922650883570759
-6.301513325078587	0.9999900212400815
-0.07149278252491698	0.895961461330293
5.418269117595003	0.892265088329234
-5.135632374570358	0.9998542659212724
2.768853869865758	0.8922651264438023
-4.891925289021075	0.9997452314447566
-9.374488490505573	0.9999999915626918
9.83805755424093	0.8922650877829199
3.9791256852154966	0.8922651072100276
3.612454672060572	0.892265148464115
6.81891703713465	0.8922650878217888
1.9077842453835139	0.8922651248967618
5.905884055562174	0.8922650880859714
-4.000508437974921	0.9980925316609109
9.270262246421904	0.892265087783039
8.907214289933517	0.8922650877832053
7.143550927529706	0.8922650878030162
6.140135170256702	0.8922650879366232
3.314589651287543	0.8922648801520416
-7.094744936621495	0.9999983933138014
6.776880731385354	0.8922650878220646
-5.816377639903565	0.9999695209438972
6.374466296640939	0.8922650878619508
-1.6012517995095763	0.9350100037305776
6.219425797630468	0.8922650879356031
-5.5304841406925975	0.9999411693819943
-7.0049536308627625	0.9999980243106913
-7.821099303846579	0.9999996982897573
0.5444315764969243	0.8925478033420696
9.27102482989649	0.8922650877830385
2.0270597259205747	0.8922651332424983
-5.765986440061939	0.9999657741768877
1.0519934822130317	0.8922678908190794
4.7794714666094364	0.8922650911801393
2.9508998099399086	0.892265113623105
7.088446983468653	0.8922650878026775
-6.535005365007813	0.9999941705550757
6.850116328402393	0.8922650878228038
-1.1370039868125748	0.918860304964197
-0.47950744021491687	0.9020130048290279
5.311716795090092	0.892265088968457
9.988029913663201	0.8922650877828993
8.967768026710147	0.8922650877832006
6.254341109806056	0.8922650879373006
-8.124305672905589	0.9999998498984228
4.362636849569963	0.8922650974048888
-4.104383907541194	0.9984841701387108
6.2657601527066475	0.8922650879258177
3.6830944130204344	0.892265125842733
4.193780072489508	0.8922650982562402
6.0230520753964	0.8922650879218589
9.793034022585495	0.89226508778292
-5.184452213012776	0.9998697132425066
5.326342465733301	0.8922650889787536
-0.8391788860141247	0.9102173364392605
-4.353100000108667	0.9991317565141462
-0.15533061885393273	0.8969344204807909
-1.4606352306469894	0.9298604925352515
-7.23487316137446	0.9999988363900199
-1.8249619365747236	0.943736768360329
2.2626327814267366	0.8922648888594527
3.08210765462519	0.8922649703572039
5.272051640408719	0.892265088976842
-7.515235828860098	0.9999993898307012
0.7240774095215876	0.8923481015768108
5.320055361446109	0.8922650889708847
-3.718058779277671	0.9964836150395261
-8.967101945988398	0.9999999784428951
0.5776505554348823	0.8924989342812287
4.313753795087809	0.8922650973758937
8.181210949354632	0.8922650877841865
2.300508386905653	0.8922648926382768
8.039304111888367	0.8922650877854423
0.6447925924189413	0.8924154771647393
0.8110731122085557	0.8923044666489345
5.830736291391535	0.8922650880872062
7.384005156928897	0.8922650877928713
1.489407038826247	0.8922651522118794
0.9375084505615039	0.8922766594658477
9.509813782788061	0.892265087782961
-7.546828773281962	0.9999994326410642
4.729430462320256	0.8922650925432768
-8.52771617317783	0.9999999407107678
3.737767207596324	0.8922651258608192
-4.496385404300076	0.9993721738545992
8.756760861148535	0.8922650877832004
7.459378136978124	0.8922650877928736
-5.993286306933157	0.9999797139420592
2.867497151650852	0.8922651265800957
0.712389156295071	0.8923561487350086
8.412140809061277	0.8922650877835411
-9.958145054355132	0.9999999977517474
-6.409401639763845	0.9999922158552332
3.470936298085533	0.8922648870160115
-6.042228097231641	0.9999818749993836
-1.2195209094075743	0.9215219336082794
-9.905540073037272	0.9999999975159937
-8.191044294658303	0.9999998712797358
-6.032950264861254	0.9999814837977347
-2.292550466680945	0.9625725859047066
2.368230676510837	0.8922650119027068
4.467577086555359	0.8922650959134709
-9.917174299493677	0.9999999975816499
-9.969462884465997	0.9999999977517474
0.350936729713748	0.8930636573978472
-0.048909410135831166	0.8957345234353872
0.9711780711885964	0.8922729606546828
-9.774122322143587	0.9999999966382129
0.2611732162419944	0.8934421147507903
1.6158121447338694	0.8922651461956234
-2.8877721271978896	0.9830199855281165
6.959813123876533	0.8922650878029013
0.6422893909321878	0.892418149486252
-7.8089953464082695	0.999999689762741
-1.8555894242106064	0.9449255096242791
-4.769549434856932	0.9996629656450183
-6.495213056663647	0.9999936112812241
-4.3199399384498305	0.9990643684506364
2.002050965169065	0.8922651221809775
5.397336785877629	0.8922650884429857
6.537718594319703	0.8922650878615137
-6.508931340042308	0.9999938099013268
7.551329365797244	0.8922650877878161
-0.23215804297741727	0.897953829084308
3.745286286928291	0.8922651259447785
-1.719292165146605	0.9395803552891768
8.058922120211356	0.8922650877854483
7.762336444036826	0.8922650877878777
-0.5837788084881623	0.9041447843895081
-6.234951287522166	0.9999883688774728
-5.891771433990161	0.9999743753700694
6.669364755512358	0.8922650878228906
5.972547211142828	0.8922650880420387
7.4439464686284715	0.8922650877930384
-7.6873287422875825	0.9999995894561093
-9.138039952629931	0.9999999854570497
3.4306588932716853	0.8922648880726561
-2.702942489365716	0.9775343154286597
7.60255921989004	0.8922650877879014
2.475546360050842	0.8922651536381594
-3.8060736070883427	0.9970866073003787
-8.379544840974269	0.999999916603694
5.140769857155082	0.8922650889403982
5.563039044102007	0.8922650883854473
-3.1337814299330224	0.9888223031071266
-7.757667734721392	0.9999996508426101
-4.417090471067584	0.9992486217495337
-5.76466477878304	0.9999656699463293
-7.3583221216971095	0.999999124287752
1.4129594545223512	0.8922651748400807
-8.507702399473306	0.9999999379145804
4.536969120755803	0.8922650923056775
-3.865670181459415	0.997438583771458
-7.595120230032308	0.9999994923467758
2.7904037719377417	0.8922651260168719
-1.7490254666793348	0.9407502222003806
-0.026819642939948096	0.8955295691325199
7.890619747288671	0.8922650877854432
7.306184332638882	0.8922650877928128
-0.35793089995161864	0.8998333373420664
1.8186482459108397	0.8922651247505706
-1.9335440016252505	0.9480630975121906
6.205897250185618	0.8922650879359686
-1.9060439716005817	0.9469485320446933
8.675343382180586	0.8922650877834731
-4.996069640048599	0.9997992950646177
-5.686118207195903	0.9999588706896443
-4.625445966000972	0.9995318060672341
7.537597130614863	0.8922650877875254
5.92083276407838	0.8922650880856667
4.443394292505193	0.8922650975785349
-3.2559567831189407	0.9910750232897385
-7.9277287088953585	0.9999997639731494
-1.972542791408216	0.9496498698862734
4.078379361604693	0.8922651071185159
0.13870011109080238	0.8941552507522994
-0.25004856003807774	0.8982084888195377
-0.6474127743931071	0.905496046751019
4.798486374518669	0.8922650902475739
3.0939444190363865	0.8922649695721802
-0.716132451888063	0.907086513352846
-7.236139417785403	0.9999988397776669
0.5814377252962508	0.892493816609108
-5.259506208534646	0.9998903374221694
1.5452662975419162	0.892265147399412
7.529254957615951	0.8922650877874371
4.163662792054264	0.8922651047560661
-8.196883787088286	0.9999998729988917
6.58264784421786	0.8922650878417353
-9.024494701488122	0.9999999811114926
-7.11711101218504	0.9999984739602048
-0.19090990543075748	0.8973903571232482
-1.0249703859387616	0.9153866795614848
9.190546234421653	0.892265087783043
-5.757199095355912	0.9999650751898734
1.4937033132327038	0.8922651509217615
4.383996957977985	0.8922650974175503
-1.1694965356299125	0.9199039180649872
8.504395869981735	0.8922650877835242
0.3096212477174056	0.8932305941521597
-5.485471838345597	0.9999347546177244
-8.814911646410346	0.9999999693958228
-0.22855992225737864	0.8979033644889531
3.3031106812285707	0.8922648830148522
0.29312468040821216	0.8933020290227988
8.680624697962056	0.8922650877834383
-5.911810311692531	0.9999755301873003
4.95419530003403	0.8922650901440053
6.594814860434379	0.892265087830848
8.440353276493155	0.8922650877834748
-8.837028386413838	0.9999999709153446
4.000244622530111	0.892265106989279
-8.101912085951376	0.9999998419556969
-4.829655791057852	0.9997062258642199
-2.715830607036125	0.9779459844456182
-0.935629367682246	0.9128276728670658
-8.287602870239649	0.9999998969403516
3.177115821712416	0.8922649705741623
5.065759329589863	0.8922650898867969
-4.020400887827433	0.9981743577293224
5.316072709215899	0.8922650889687911
3.7757775891244485	0.8922651262940489
3.4718818506432747	0.8922648869837323
-3.5123532979798444	0.994605091240595
5.564455300946939	0.8922650883854876
9.270364936609528	0.8922650877830391
-3.655182793518046	0.9959846129259171
-0.28972476107748335	0.8988000052015253
2.149301356238489	0.8922648935458831
-7.379024165702366	0.9999991650512522
2.235460275516953	0.8922648899892986
1.2524281953683225	0.8922652797412105
0.19311023861600773	0.8938053490989972
-3.428883871011541	0.9936178671750442
6.161099198775322	0.8922650879364885
-8.234718634048622	0.9999998835947111
9.064515230366034	0.8922650877830439
-3.3939595633117703	0.9931606349403576
-1.4076880127564948	0.9279442981620161
7.734509512486515	0.892265087787928
9.936782623667675	0.8922650877828969
7.645213754434479	0.8922650877879202
-1.0635865246175982	0.9165580308824715
0.2728553602878172	0.893390246758761
8.187448258052918	0.892265087784179
-2.267543354050492	0.9615750736441271
-2.946969121071521	0.9845761794894761
-8.04786191886706	0.9999998210099902
-5.688539492573588	0.9999590991346772
-5.810056099043672	0.9999690743752034
0.9453707434857286	0.8922756770591835
-1.7054745615860334	0.9390379417423813
-9.323791927443708	0.9999999905179848
7.788164484337322	0.8922650877866177
-6.915710056297049	0.9999975736276783
9.398900680296435	0.8922650877829617
4.6473489010872235	0.8922650924947082
6.398746058448424	0.8922650878601999
-1.8945548306116287	0.9464821814434492
2.5211864308969645	0.8922651545777248
-2.8395305957306904	0.9816771992351259
5.008684533070555	0.8922650901301346
-1.565257024494997	0.9336492758624727
-7.422921580761379	0.9999992453193683
-7.213078559602115	0.9999987765074948
2.9460226007280497	0.8922651234785158
8.914053265275935	0.8922650877832045
8.116539127811638	0.8922650877841122
6.441274419312077	0.8922650878604979
-7.475866229449211	0.9999993319339894
-5.2892003512032115	0.999897567287753
6.091616813969068	0.8922650879366617
-7.384231359151987	0.999999175002333
0.6954655484689898	0.8923689189386301
2.4646039533029285	0.8922651510033923
-2.500156818347685	0.9705162869277693
4.2472308388768365	0.8922650974568558
-2.9468196675241654	0.9845723794775944
-2.684968920796833	0.9769526252375187
3.507482334072197	0.8922648908477173
3.9302763670696628	0.8922651059690334
-2.9186678796894983	0.9838448905587382
-0.15929154544927826	0.8969838610419716
-3.159804959174637	0.989335929675585
-7.956732219326521	0.9999997792208402
9.325366802270207	0.8922650877829545
4.819790810389954	0.8922650899164055
-1.0001483246333454	0.9146478006435754
4.641990356125177	0.8922650924962837
-3.408505616038866	0.9933543723304035
-0.9129273539057969	0.9122214681421703
-8.960219029644279	0.9999999780985238
8.775365790096679	0.8922650877832123
-2.187673082325352	0.9583555552072021
-1.7810703570889928	0.942013537657376
-0.0990262249055629	0.8962665216951446
1.621124041039863	0.8922651461813088
-4.4913492785393405	0.9993649599818811
-2.408523363949926	0.9670964171952178
-3.038100412088438	0.9867717629463433
-2.4000754656608603	0.9667742492602712
-9.512764468738443	0.9999999938633952
0.3818952517298424	0.892953709670214
1.1708005544344857	0.8922655886183701
-0.8942608989613898	0.9117120304837469
9.515276556505295	0.8922650877829609
2.9403196428239298	0.8922651303159533
-3.304410159168385	0.9918601883581725
4.622186351288251	0.8922650924893213
0.46490985741667323	0.892712753072403
-9.21098651659853	0.9999999877056372
5.329481165335569	0.892265088984571
-0.7835629395795873	0.9087622971527114
5.7477013781712305	0.8922650880842287
4.952308992189934	0.8922650901442085
4.031790644466673	0.8922651071011639
5.394477150616325	0.8922650884747334
-6.3859510884836235	0.9999917840652996
-4.908914733307803	0.9997549490346928
4.118204238703683	0.8922651070403604
-0.5497514544915738	0.9034236141339328
-5.77589849765157	0.9999665458565948
4.261977638105311	0.8922650976175828
-4.958140775448694	0.9997810729985633
-1.8318658565744617	0.9440045749204823
-2.7677434636863163	0.9795581857159914
-1.89519681276626	0.946508255540565
-5.762785661730341	0.9999655212063299
1.0991946922904017	0.8922665067220001
3.5029076234898184	0.8922648906093094
-5.513561815852466	0.9999388351717582
5.21289041994374	0.8922650889713258
2.833411557018808	0.8922651260002853
3.4282313378533225	0.8922648880193015
4.543782628167774	0.8922650924486398
-9.018101160061596	0.9999999808313651
-5.197492656876808	0.9998735556608678
1.8955109965501737	0.89226512487382
-0.23038945232893404	0.897928995531039
-5.275142998797762	0.9998942058908797
-4.894791760669266	0.9997468974585025
6.398476042706982	0.8922650878602099
6.935700429803543	0.8922650878011245
4.510373970300176	0.8922650920951892
-8.153584152711622	0.9999998596841154
-1.7966140636807424	0.9426267149375003
