-2.785455952149829	0.9873767307214539
-3.38966940116487	0.995170662255737
7.1481785713133945	0.9689779689711594
3.1038198616723633	0.9689779693726955
9.46368724187382	0.9689779689711082
-7.940996972587642	0.9999998305027976
-7.094140051849194	0.9999988087573776
-8.517339804398105	0.9999999550404273
-4.488972649205354	0.9995297768722073
-1.5115919944849807	0.970661024001774
-6.48807534796751	0.9999951916398717
-7.107139037138803	0.9999988438826393
2.5036215627904532	0.9689779705674616
-7.508803476872141	0.9999995414881893
4.054663991899012	0.9689779690217952
3.4344275295076443	0.9689779691733408
-0.20386708542547893	0.9689780256749138
1.190868687535044	0.9689779926575466
1.9743373479232993	0.9689779752864952
-0.0028088451767018796	0.9689779787212127
-7.534418615668552	0.9999995677490485
6.711836423321934	0.9689779689712078
-6.969624080530306	0.999998413249987
-9.531993143843227	0.9999999956531953
-0.011763586448271468	0.9689779824054244
-5.047311548988311	0.9998680623744377
2.563449960604194	0.9689779705750027
-9.574730130321974	0.999999996060573
7.427218302342453	0.9689779689711333
3.0892760187916792	0.9689779693728612
-8.75695005964852	0.9999999741052215
-9.258206975486578	0.9999999918350024
4.5274843285050395	0.9689779689828264
6.5182770978427556	0.9689779689713072
-0.691221928914354	0.9689890547997609
-8.557236601447148	0.999999958986631
2.556150417415136	0.968977970573797
-8.612142603164173	0.9999999638573874
2.629164943216896	0.968977970605299
3.6926647131878063	0.9689779690718916
8.765967286996712	0.9689779689711085
-3.0865536497454915	0.9918271015781995
8.791915314727614	0.9689779689711088
-8.123659464234333	0.9999998886984858
1.8807257223059324	0.968977975266812
-6.852508982241692	0.9999979221476668
-2.273998251163376	0.9788992426008247
-7.118516317034382	0.9999988737748629
-3.2528550879265117	0.993815872415737
-0.8659523772751498	0.969035103887353
3.803060244080431	0.9689779690717647
4.626374646231067	0.9689779689838209
6.049121591052643	0.9689779689715048
-5.081813183979054	0.999878085348928
4.190857799560813	0.9689779690000712
-9.882213197187259	0.9999999980593404
0.9013818310283064	0.9689779652114382
8.136024473486323	0.9689779689711109
8.550730579292694	0.9689779689711098
0.7968588186903158	0.9689779569076357
2.0421312984128637	0.9689779752490195
5.8052224401408825	0.9689779689719036
0.034416712067297794	0.9689779741397295
2.5020269271928655	0.9689779705668836
8.044662888148032	0.968977968971115
0.4763416011619235	0.9689779911429549
7.97151207888399	0.968977968971114
6.764967922166335	0.9689779689712084
6.573044164681264	0.9689779689712822
-2.467042750230104	0.9820339349638992
-2.4343451522330106	0.9814925985041842
1.6335953513978119	0.9689779813314174
5.777447761653773	0.96897796897192
6.101842579985657	0.9689779689715065
-4.086813451903648	0.9988481637103543
-4.943656393223286	0.9998327531153357
4.919991544377883	0.9689779689774631
-7.26846740214762	0.999999202593064
-3.607230316405361	0.9968310707187477
6.292964245686484	0.9689779689713581
-1.726853977149796	0.9721860510688777
-0.5713903914318497	0.9689808362509311
-5.064950555874628	0.9998732850087287
2.005556522622257	0.9689779752408755
-7.7183238664273945	0.9999997169693131
-2.01048403167269	0.9751787371623288
2.5687596234148415	0.9689779705758302
-1.7101642542268145	0.9720436214909989
4.631883121020643	0.9689779689838285
9.88529852855676	0.9689779689711083
4.242646897166447	0.9689779689962535
-6.5389262689522365	0.9999957228346867
-6.7705959117162795	0.9999974908903835
-8.342945898683748	0.9999999328237813
9.57865789856671	0.9689779689711083
4.197121178203753	0.9689779689973398
1.0666391339383097	0.9689779646438642
-0.2420717729518529	0.9689780327066815
-0.472122025481049	0.9689787164367407
-1.4347103281897802	0.970260975736896
-3.407937537754173	0.9953327400639096
-9.169994444254375	0.9999999899961205
0.00952980437792661	0.9689779758946256
-8.023178400178663	0.9999998597245483
2.2669388639783215	0.9689779721605223
2.443001013092232	0.9689779705897572
-1.6208941641744534	0.9713491236820023
-4.056360747241268	0.9987688594523255
9.168554813902851	0.9689779689711087
3.857876792756487	0.9689779690649022
-5.9508062621924385	0.9999834405727687
-5.025999692334895	0.9998614660761405
-0.378915470653558	0.9689781816537487
-5.3239497717531625	0.9999300323265969
-1.488881710496436	0.9705364138892042
9.954150036126922	0.9689779689711081
-7.633760006081802	0.9999996561284865
5.686717323349196	0.96897796897218
9.865295850765484	0.9689779689711084
-7.697108305459062	0.9999997028000208
-2.2695803700245154	0.9788302573712431
5.919286622876768	0.9689779689719028
3.663961966586502	0.9689779690744151
-2.7302213870228043	0.986475323823687
-9.630645959784566	0.9999999965364844
-4.11776124463803	0.998923772104287
-8.743250141106182	0.9999999732753353
-3.7070728620044546	0.9974127347292203
-3.0232412665138497	0.9909758446129954
2.4455634897014136	0.9689779705975139
4.714766351537145	0.9689779689837467
-0.27044180883719626	0.9689780426954868
9.977725288284525	0.9689779689711083
-3.3026759400777816	0.9943384996215002
-8.227849180064997	0.9999999124387611
-0.7704497997739868	0.9690027076288892
-2.695035499874856	0.9858922585313294
7.676340156256952	0.9689779689711204
8.551298988122504	0.9689779689711097
-3.2568840565774115	0.9938593970594404
-8.29874987363417	0.9999999256276603
4.6523457010786196	0.9689779689838197
0.6596463699265165	0.9689779571468369
-1.3892344813384163	0.9700556127172323
6.4297009271520835	0.9689779689713083
5.399191651265912	0.9689779689728082
9.852397343227967	0.9689779689711082
2.755284199493433	0.9689779697932437
2.020448880589104	0.968977975346045
3.115421135840757	0.9689779693739449
3.118226680958557	0.9689779693742253
-8.207508379123647	0.9999999082401548
4.526383323364529	0.9689779689827793
9.472672328459044	0.9689779689711082
9.889906865141786	0.9689779689711083
-2.8083969286946298	0.9877471007936818
1.262418931256807	0.96897799232375
-1.7047112566733666	0.9719979163189383
-8.13593918959478	0.9999998918014359
6.178107919044507	0.9689779689715086
4.710813781599526	0.9689779689837393
-7.7853115749628365	0.9999997574247285
-7.061127182160187	0.9999987146797651
-6.6237098977314846	0.9999964812644815
0.8835854571302839	0.9689779638823875
6.4372483129652736	0.9689779689713084
-3.8701946171061996	0.9981609446125513
9.39067893325134	0.9689779689711083
-1.1209118632591064	0.9692890079840937
-9.6968579864427	0.9999999970262449
-9.212551331711447	0.9999999909299099
8.144493642826266	0.9689779689711112
-8.94747304177045	0.9999999833010338
3.99616246284506	0.9689779690215541
2.634233645411035	0.9689779706069874
-9.943088614162182	0.9999999983131551
7.169682736130444	0.9689779689711547
7.373421923269248	0.9689779689711332
-7.557861383395599	0.999999590462772
-5.706993652973527	0.9999709849236934
-2.064553032246792	0.9758787021209153
3.886993407430751	0.9689779690318384
-0.17614762553700203	0.968978023032503
-2.2067834642344897	0.9778701830943618
4.705163151202694	0.9689779689837529
7.438949944082015	0.968977968971134
-5.93029249052945	0.9999826402291866
-4.980255987532662	0.999846180399848
0.49892047810839557	0.9689779907307292
-0.29512998251393974	0.9689780569009213
5.705983923465752	0.968977968971895
-4.614211989890511	0.9996457850333301
6.128421944908329	0.9689779689715079
6.712215237827593	0.9689779689712078
-7.247302469266423	0.9999991627707074
-2.404061863815059	0.9809943560064216
8.683779633425868	0.9689779689711095
-6.915167150871584	0.9999982012879686
6.780412076513549	0.9689779689712088
4.211292787006652	0.9689779689942473
5.356240128486176	0.968977968974231
8.955826399860037	0.9689779689711091
7.999589549645528	0.9689779689711142
9.805783289531927	0.9689779689711083
7.3784061008862025	0.9689779689711333
1.8123900417244663	0.9689779747269712
-5.612026301163402	0.9999639040847306
8.791809532192563	0.9689779689711087
-0.9493614132966499	0.9690832353899327
-0.8047631474650565	0.9690119207738327
8.219538740068234	0.9689779689711114
-7.944596354815721	0.9999998319017503
-7.145303048547218	0.9999989411370849
-6.492680616325681	0.9999952423481397
3.8499672100408944	0.9689779690709727
-4.44494892076106	0.9994807282909121
1.0223501196070472	0.9689779647540673
8.237625118337277	0.9689779689711113
-7.48411906719566	0.9999995146729881
2.1192036614533762	0.9689779719145712
2.1887536709343625	0.9689779721419737
6.391028655927634	0.9689779689713092
4.031796445911628	0.9689779690218393
2.2266892435974306	0.9689779721586285
-0.02537706626931424	0.9689779913021653
-5.468315439534903	0.9999497769577925
1.18343362762654	0.9689779896651124
4.144208869374273	0.9689779690225193
-4.157940261030211	0.9990148949281825
-5.233497256193789	0.9999138914672145
-2.607235188044883	0.9844123417771287
-9.36314094147566	0.9999999935875785
-4.177509097240164	0.9990565565202497
-3.66867023329541	0.9972011264924666
-2.9854367961121353	0.9904440397524433
-4.890341979240684	0.9998110862209464
7.4557157001779295	0.968977968971134
-5.732667322385634	0.9999726484822326
-4.291809563510318	0.9992680612004957
-5.274852869564239	0.9999216863754634
-0.4250072883780742	0.9689783551880328
-0.2653145713013174	0.968978040471344
-9.96819888743364	0.9999999983353793
-6.02802123502872	0.9999861362417134
-3.8488933830887317	0.9980759327308074
-1.897693551550649	0.9738434613835716
-6.863270595184039	0.9999979729990198
-7.904773018364861	0.9999998157590024
-4.902619025473913	0.9998163101462608
8.217277623552942	0.9689779689711115
5.3531565938750205	0.9689779689742863
-6.457682008236598	0.9999948431584184
1.775429281720653	0.968977977081593
6.955475481086097	0.9689779689711583
-1.3816511705322512	0.9700237382524604
3.6309679137380826	0.9689779690671402
1.479968044235136	0.9689779834074137
-9.164391214400794	0.9999999898662152
2.3672956324813565	0.9689779714219587
0.6978822771641937	0.96897795672001
-2.7547421849205733	0.9868770523943222
9.623820368676007	0.9689779689711081
-2.7147654043147895	0.9862201841821677
-3.481306845334351	0.995940492398576
1.6090629448858849	0.968977981310612
-3.751598479240954	0.9976402329112979
-4.6456970195716	0.9996702045790744
2.0235723401431738	0.9689779753756377
-5.1763866363084565	0.9999018410647782
2.752219451385498	0.9689779697924922
8.431764529703155	0.9689779689711095
6.7268739278814	0.9689779689712081
-8.346448280693362	0.9999999333633435
3.4859583110597434	0.9689779691733171
-7.034264781057371	0.9999986326736237
-5.651323698127695	0.9999670223824272
-7.937573434705127	0.9999998291613864
-2.6677497214332924	0.9854354501410733
-0.22787007713514384	0.9689780294518481
8.003795793133026	0.9689779689711143
6.541248502257318	0.968977968971312
1.270749498610325	0.9689779925554146
0.8814018738951503	0.9689779635865388
-4.62228906628166	0.9996522143383012
6.786275781555894	0.9689779689712087
4.972848420664221	0.96897796897748
-1.3188675453147205	0.9697846609168983
1.0130838432477063	0.9689779647446355
-6.160117728793901	0.9999897705387013
3.2516456046971154	0.9689779693589192
-9.03205906125848	0.9999999862563014
2.72615646588385	0.9689779697285426
-6.8745083316386335	0.999998024772303
9.068526818216576	0.9689779689711088
9.862717989318948	0.9689779689711083
-9.114382408490211	0.9999999886294765
8.663270583787117	0.9689779689711097
3.90595775806084	0.9689779690183249
3.322879983314838	0.9689779691570926
-8.4629249920562	0.9999999490391602
-8.996791487005087	0.9999999850936531
1.576643849955266	0.968977981333205
6.032452199399977	0.9689779689714766
7.844641068105158	0.9689779689711141
-7.701066610282079	0.9999997054964591
8.11470539003998	0.9689779689711111
-7.227365982647926	0.999999123442943
8.184468638642862	0.9689779689711115
-9.43018736861157	0.9999999945048964
-6.745139245990015	0.9999973394374764
1.387780762574975	0.9689779926280986
6.686334383826722	0.9689779689712096
3.796834670231135	0.9689779690720093
5.1491405271408865	0.9689779689743028
8.83472063172708	0.9689779689711089
-8.929619285823062	0.9999999826002373
9.388113988313691	0.9689779689711083
-5.495750240953785	0.9999528451672367
0.36940126363007586	0.9689779910656626
-7.559359767067071	0.9999995918732976
-5.6747699109064875	0.999968753200505
8.433403931925358	0.9689779689711097
-6.553599831193173	0.9999958649079967
4.886066297984236	0.9689779689774887
-0.37750173110192264	0.9689781781175398
-5.5755444921515185	0.9999607463090325
-9.755942314522725	0.9999999974045013
7.182747785049099	0.9689779689711475
1.7814038195348392	0.9689779763061178
5.197487416430091	0.9689779689742816
-0.5418549107558324	0.9689799229871673
-9.762010297798414	0.9999999974405138
2.4913359129952752	0.9689779705658383
1.2529909868243614	0.9689779921555215
-5.384853310487667	0.9999391632863728
-9.03704815966968	0.9999999864132819
3.7329310739065757	0.9689779690724081
4.4525694763386845	0.9689779689960711
7.5034535338998225	0.968977968971122
0.9690472495543858	0.968977964708702
1.7003697818652874	0.9689779812505519
9.590217501855399	0.9689779689711083
2.006233264298988	0.9689779752423759
4.333943633340741	0.9689779689965131
0.9676068521673251	0.9689779646989028
-3.6952252389236895	0.9973490086860716
4.204756426405449	0.9689779689951515
-5.4666769208144395	0.9999495875325851
-6.9319188826737665	0.9999982693418634
-9.980156167832153	0.9999999983353793
3.0462886287934907	0.9689779693795904
3.7900053398716516	0.9689779690723019
-9.65920576617175	0.9999999967569225
-8.16055283904495	0.9999998977630873
4.559115039721068	0.9689779689840949
8.623134709002723	0.9689779689711097
1.1162257348461058	0.9689779642361279
-7.249755222081329	0.9999991674856856
1.9536581887638391	0.9689779752774507
5.854262359156156	0.9689779689719072
6.006315729134826	0.9689779689715052
-7.112975310559686	0.9999988593143995
8.396014118958522	0.9689779689711105
-8.843575511211629	0.9999999787877374
-8.07981779376373	0.9999998768760523
-9.352714992979898	0.9999999934317728
7.342743709635677	0.9689779689711331
-8.737072412605912	0.9999999728924692
0.21849009936307695	0.9689779712254466
7.905806041000105	0.9689779689711145
7.20901276145209	0.9689779689711334
6.10571502118254	0.9689779689715062
-1.5097980085252871	0.9706510471751398
2.459208361690809	0.9689779706066063
2.2455174261934943	0.9689779721560454
7.946288169338484	0.9689779689711145
-4.0887699976149205	0.9988530895673858
-8.6669183418093	0.9999999681401387
-3.5442958793734425	0.9964091367009147
5.550848537508216	0.9689779689727044
-0.4878560467726434	0.9689789019866838
-7.098450730718144	0.9999988205222187
-0.4358472681681569	0.968978417765505
-4.69785382847868	0.9997070553686943
-6.025822040935056	0.9999860659028927
-2.191468492155253	0.9776415445721407
3.5564787554319324	0.9689779691590412
8.535185745077662	0.96897796897111
-6.504127919120699	0.9999953660888512
-6.8840009185845386	0.9999980674736119
9.262174736364894	0.9689779689711089
-1.8642703570798158	0.973483741025308
6.1158199274972525	0.9689779689715066
3.7588408485119054	0.9689779690723318
1.366904704897065	0.9689779927403382
-0.6266035877124754	0.968983478004116
2.3926980540621745	0.9689779705894979
-1.700390351786254	0.9719620022651337
-4.194223935413821	0.9990907994397003
-1.7526165765596158	0.9724129736196274
-0.4528671408075482	0.9689785387883435
4.644155276533105	0.9689779689838259
8.853239131242276	0.9689779689711087
-0.11260391502377587	0.9689780201182785
9.190050284265276	0.9689779689711084
-4.550928910613954	0.9995911967863043
-1.102391661743054	0.96925799138694
-1.4739781599409962	0.9704572165157668
-5.608217218991638	0.9999635866047311
-9.47088630496065	0.9999999949964653
7.992675265324888	0.968977968971114
-9.652406494285856	0.9999999967057492
2.100747873911647	0.968977971931132
0.40763401990608905	0.9689779911220398
-6.512790516831131	0.9999954575845896
3.9262434409083333	0.9689779690179897
0.005880947976372397	0.9689779765111938
1.712718136616509	0.9689779813350743
-1.4038320610404842	0.9701189049375636
-5.327994001292717	0.9999306789125461
8.017120085118044	0.9689779689711145
-4.873786837706593	0.9998038080297955
-9.026175194785079	0.999999986068835
-4.92594615056646	0.999825844217212
7.694390233044825	0.9689779689711209
-7.790044081635656	0.999999760053675
0.7500810028233218	0.9689779568029563
2.682336919010627	0.968977969943548
8.042705402744335	0.9689779689711149
9.18776423740082	0.9689779689711083
-9.054280083743787	0.9999999869418219
-6.95346483028322	0.9999983531019293
6.481236794183651	0.9689779689713087
-0.08210926725461754	0.9689780210222732
-3.025743008251367	0.9910104150604463
-1.4626588933989702	0.9703988010867134
2.436424618324647	0.9689779705582832
-1.7733602118897007	0.9726019167444411
-2.1198191141920875	0.9766262638869764
4.238444906819678	0.9689779689958108
4.491073610571746	0.9689779689858139
4.765845012762689	0.9689779689822742
-7.609383684087856	0.9999996362757848
-7.87569191474196	0.999999802999726
-3.902796159654338	0.9982843836113765
3.8353236045607986	0.9689779690744634
-3.8056632682563407	0.9978922575643856
1.73852564388541	0.9689779814059458
-4.513007388484573	0.9995546093057044
-8.396969768673177	0.9999999406812633
1.069892224171216	0.9689779646451947
-1.868520620753511	0.9735278914955902
-3.3062851001255567	0.9943750464570291
-5.55083323121814	0.9999584521448998
3.4001592254662896	0.9689779691721754
-6.424156211159331	0.9999944294021742
6.787281792286922	0.9689779689712089
-5.337260165408555	0.9999321379948407
-4.426200320952063	0.9994583519633842
-1.44045750690292	0.9702885944051998
-8.346269683284815	0.9999999333359346
-8.698243071051701	0.9999999703571979
-1.2032486529425732	0.9694570175807171
-9.426420194655858	0.999999994457023
-7.349472313365495	0.9999993382743667
-4.809408607388996	0.9997727660493192
6.094001498803578	0.9689779689715077
7.529018645608986	0.9689779689711194
-9.184081072242929	0.9999999903153961
7.896580141124673	0.9689779689711147
4.466112860111618	0.968977968993055
-6.717753839195515	0.9999971662885709
-1.0270532811840116	0.9691553167253035
-2.2988530915853556	0.9792906034403018
-7.020477930006694	0.9999985885735773
-7.739029930310446	0.9999997301467496
2.1933398150933403	0.968977972140427
5.115500914871998	0.9689779689740033
2.3593569095288878	0.9689779717119144
-9.444679494235011	0.999999994685239
-6.521834423364212	0.9999955511817322
-1.583653539799169	0.9710915091195422
8.955536042566958	0.9689779689711089
-1.042599962613684	0.9691736498513416
-2.2960497201414043	0.9792461872344791
-1.822227015435253	0.9730663048986643
9.192867875348902	0.9689779689711084
3.892931696862213	0.9689779690260591
-8.455992603617513	0.9999999482191649
-4.589872533713826	0.9996256951122927
-2.173696631053472	0.9773804113212071
-4.695884926445473	0.9997057411277934
-5.262180106392607	0.9999193755857818
7.439155904425306	0.9689779689711338
7.901408913602928	0.9689779689711145
-6.914755609986312	0.9999981995828198
-5.478131229839436	0.9999508969523627
8.59485990430484	0.9689779689711097
-2.108296458334862	0.976468485895666
3.9220609093505665	0.9689779690173204
3.7511553659421626	0.9689779690723217
-9.960580408394023	0.9999999983353793
3.8498894084509985	0.9689779690710186
4.869417035485757	0.9689779689775994
-3.6456720548857113	0.9970672657216599
5.317220960796458	0.9689779689742775
-5.130748067775732	0.9998910155264111
6.979579667730324	0.9689779689711592
5.674004877934053	0.9689779689724204
-3.178762739076557	0.9929758658174341
-4.770398056430869	0.999751638360888
4.825999642990627	0.9689779689769252
7.880877691610337	0.9689779689711148
9.470885980823113	0.9689779689711082
6.4870272527576205	0.968977968971309
8.468837680957265	0.9689779689711098
-4.137465243412053	0.9989694213669311
-4.4126958759398605	0.9994416538212192
-9.81917089698262	0.9999999977561589
6.902232416777778	0.9689779689711632
-5.876071939740846	0.9999803337636151
-8.705351325210806	0.9999999708384244
-7.266981459897042	0.999999199860157
-5.656377408080506	0.9999674033704338
6.958789910784674	0.968977968971159
7.680960377554989	0.9689779689711204
0.846134969967034	0.9689779577218816
-5.603859714049633	0.9999632199957383
5.500514315836433	0.9689779689726968
-0.7995094480244003	0.9690103491262674
4.620602846176007	0.9689779689838047
9.803416900715952	0.9689779689711082
2.1379231089571817	0.9689779721537446
9.55849577986963	0.9689779689711082
2.754924717797266	0.9689779697932149
1.9463908192446908	0.9689779752760277
4.687914723087157	0.9689779689838334
2.536883247589291	0.9689779705743349
-9.800941158029172	0.9999999976599677
-2.1547200781581832	0.9771095957806026
-8.352151621919859	0.9999999342327165
-3.8025288734256524	0.9978783392373409
6.487558868324719	0.968977968971309
1.1960350625427232	0.9689779939626073
9.985069381237114	0.9689779689711081
-0.9525976573607728	0.9690855498156887
-3.0137641476408428	0.9908441720617969
7.011576611575649	0.9689779689711581
-8.823766927943787	0.9999999777978213
-8.409710696784455	0.9999999423962274
3.769736352197528	0.9689779690724422
-4.969180698109814	0.9998422343078284
1.0515962700426584	0.9689779647237501
1.6615968734296516	0.9689779813395945
-2.6141643389920244	0.98453001353669
9.492484973273445	0.9689779689711084
-2.6539509253552973	0.9852032537088655
-3.514316924258276	0.9961920385993664
6.446501764840562	0.9689779689713083
-2.603269336344547	0.9843449603458972
2.171471489686576	0.9689779721813959
-0.7716868541567798	0.9690029988826407
-0.9585631634285896	0.9690899632038906
9.227423744777006	0.9689779689711085
-9.807284942457283	0.9999999976939006
-9.384855152732907	0.9999999939003084
6.2743340165767805	0.9689779689714453
6.713734756406964	0.9689779689712079
5.606629821836604	0.9689779689726965
-7.51320054840988	0.9999995461069641
3.0270800326115666	0.9689779693505798
7.490001486535419	0.968977968971126
-8.864447430845136	0.9999999797830743
7.911318563600801	0.9689779689711147
2.722291523995004	0.968977969716043
-1.1015810542273208	0.9692566885430843
-2.60383007222047	0.9843544887065585
9.035673141787449	0.9689779689711083
-0.9795037907873461	0.9691072040052814
6.205539986960311	0.9689779689715068
-1.291456655233997	0.9696932244907084
1.8345526924573328	0.9689779752223351
-0.7169295534928786	0.9689925281054171
-2.4162639292336063	0.981195063847426
8.452801978631193	0.9689779689711098
-0.6819295019283231	0.9689879803418786
-6.298170404499244	0.9999925552109267
-9.363100108308654	0.9999999935869757
-6.442580280473527	0.9999946607272282
3.5900782995166747	0.9689779690841378
-2.9804370326514062	0.9903724226184188
-7.086405015064732	0.9999987873516378
-0.6989532150315156	0.9689900203226117
2.9336230681856144	0.9689779697926848
2.52087813382229	0.968977970574108
-2.0542168599372213	0.9757423190506869
5.348140414800415	0.9689779689743424
9.872157359056356	0.9689779689711083
4.818016394912119	0.968977968976858
-3.796118362539822	0.9978496135210186
-8.890043323238089	0.9999999809401593
4.398164598519404	0.9689779689964212
2.0150196653264985	0.9689779752919928
6.508708315352436	0.9689779689713075
-0.7725071415508555	0.9690031935816741
-1.7651811511219826	0.9725267388603098
-4.8263864316468785	0.999781395791172
-0.801738800244344	0.9690110086000683
4.316811503575773	0.9689779689964436
0.5986920302113408	0.9689779560707003
-6.9710037088901045	0.9999984182822528
-1.4410183334782403	0.9702913091623637
-8.327697185340606	0.9999999304232341
-9.379526193374641	0.9999999938250027
-8.661863970794874	0.999999967767182
-3.0800991075016837	0.9917425181810624
8.519153270936446	0.9689779689711099
9.874572066178075	0.9689779689711083
6.975164019970567	0.9689779689711593
-4.660621282929975	0.9996811925462118
1.2007288162979322	0.9689779946629498
-5.013286207933971	0.9998573760179508
9.206834175267971	0.9689779689711084
-9.328536521247571	0.9999999930557308
-6.218524111395012	0.9999910572608859
-0.5484411019356159	0.9689800994780217
-9.637031290059213	0.9999999965870348
8.148251158440555	0.9689779689711111
-0.4638605723125355	0.9689786342559787
-1.8832993544787957	0.9736853853534095
-0.5025182217199422	0.9689791147423841
-6.625970648583426	0.9999964995310004
-2.4985209840667633	0.9825647676696501
9.736633760391456	0.9689779689711082
-9.512365421387958	0.9999999954522367
-9.659554046273788	0.9999999967595223
3.1338131960064253	0.9689779693747211
-5.281725674792965	0.9999229118610073
8.850220520572378	0.968977968971109
7.279789368458122	0.968977968971134
1.3095769205961538	0.9689779927231273
-8.551555054490292	0.9999999584465602
7.180689572116336	0.9689779689711489
1.009675352584459	0.9689779647455983
4.523296916092292	0.9689779689826707
-0.9655054569418287	0.9690953626276052
-0.09963974703838119	0.9689780198450069
0.03577615533189693	0.9689779740745674
1.3522019631112379	0.9689779927039092
8.637563988897039	0.9689779689711098
-7.794250555577076	0.9999997623664846
3.94438325599085	0.9689779690218129
8.226810144676193	0.9689779689711114
5.6912269585174045	0.9689779689720986
7.046684165666779	0.968977968971158
-0.2734565574190828	0.968978044103052
7.3042369520309265	0.9689779689711332
-0.5701595609788654	0.968980791406706
-5.646726170414209	0.9999666719249736
0.43010760796146386	0.9689779910657448
8.005088287881087	0.9689779689711144
3.23509396512398	0.9689779693830127
6.036374788759851	0.9689779689714827
8.047942536351368	0.9689779689711149
4.5337841275463155	0.9689779689831521
0.7458146293902601	0.9689779568141734
-3.040528227321797	0.9912131207205404
-6.333660862496164	0.9999931392285618
9.87072807023399	0.9689779689711082
2.243285409153213	0.9689779721563327
-8.60985262644133	0.9999999636663099
3.1933366586960243	0.9689779693734145
9.34384166338653	0.9689779689711082
-9.195712503572624	0.9999999905713305
-7.700466421874226	0.9999997050891839
9.966866763035	0.9689779689711082
7.916249059170006	0.9689779689711145
-4.209925252290838	0.9991218764296668
-7.037423216598739	0.9999986425809192
2.8522353835333014	0.9689779697754586
2.6759335850504495	0.9689779700582765
-7.828357662271221	0.9999997803147705
2.133934286352215	0.9689779721082148
0.4546461498593466	0.9689779911762592
3.7987227117857323	0.9689779690719253
8.559024788114947	0.9689779689711098
-4.346034443111013	0.9993515940830092
-3.717862438218895	0.9974695846454285
-9.385547554421802	0.999999993910025
6.7098578073862924	0.9689779689712079
2.4247563566380173	0.9689779704781276
8.75742593578611	0.9689779689711085
-7.07560250093954	0.9999987568119153
-8.094741738623705	0.9999998810351246
-1.5062755810093833	0.9706315150639755
9.294218365468929	0.9689779689711082
-8.94458959412599	0.9999999831897948
-3.7628120449123603	0.9976946310159753
9.962452066722705	0.9689779689711083
-2.83105638483105	0.9881086877778736
-5.143385765275665	0.9998941269561509
8.895136894748784	0.9689779689711089
-9.967696682595593	0.9999999983353793
-4.568747821460186	0.9996073531916014
6.2079372507086426	0.9689779689715066
-3.783469321287045	0.9977918979614632
9.309114994214525	0.9689779689711082
1.7793443038680543	0.968977976562559
-7.445931213265675	0.9999994700663326
-6.1616734021511155	0.9999898070996789
-4.205682140269795	0.9991135804155575
-7.715552935700405	0.9999997151577397
3.54757706592936	0.9689779691719888
4.244341254729399	0.9689779689964098
-1.7263363575930235	0.9721815780523143
-9.129057462506012	0.9999999890072742
-6.064826023542946	0.9999872621227452
-3.2382805109638113	0.9936565650008254
-3.0833468758725457	0.9917851415492235
-8.792806179936722	0.9999999761572549
-3.31469751663656	0.9944595447562777
6.930802507775621	0.9689779689711534
-8.754801295344997	0.9999999739767822
3.058346006657988	0.9689779693832884
-1.7343913085581022	0.9722515732250165
7.958474232126957	0.9689779689711143
7.021174850358079	0.9689779689711578
-2.4547715204317733	0.9818298438722617
-0.0988875499243349	0.9689780198588535
2.083720370637163	0.9689779726005557
-0.22531877884811813	0.9689780289584269
8.034374295207112	0.9689779689711147
-5.117139869955372	0.9998875633963182
2.879660011254334	0.9689779697766455
-8.172503750831597	0.9999999005380859
-7.3179710633994155	0.9999992884944781
-0.4043536069650333	0.9689782612821658
-2.7933260882021127	0.9875042053431208
8.552035662597056	0.9689779689711099
-9.158441350788076	0.9999999897264261
7.337159106374994	0.9689779689711335
6.389019239794575	0.9689779689713097
-7.194566069472539	0.9999990546799444
3.6857505821113747	0.968977969072238
-0.9071866767721062	0.9690566511673268
-5.007532981406171	0.9998554859184441
6.918293080695776	0.9689779689711541
-8.278084213547444	0.999999922003149
2.124562725175224	0.9689779719803575
5.017805291624047	0.9689779689774418
-5.83711883554936	0.9999784900356552
0.6623427552330661	0.9689779570827253
7.805774418347763	0.9689779689711151
-3.6999773669900016	0.997374734285464
-9.531461850157278	0.9999999956478742
6.068894288071132	0.9689779689715169
-1.3406061714849926	0.9698625222914918
-3.7176526547905686	0.9974684899666499
-6.681222934615287	0.9999969176514919
1.7540573582369046	0.9689779800489712
-3.8935161498622994	0.9982500489115954
-4.595572430310875	0.9996304980961909
5.718330003349873	0.9689779689718327
-0.38935474909661316	0.9689782103482704
-7.37281281133404	0.9999993728981311
6.261635722733185	0.9689779689714937
7.9721185161955965	0.9689779689711142
-9.433078733173627	0.9999999945413593
-9.78304677774501	0.9999999975615365
8.971179270253554	0.9689779689711089
-7.40215262534643	0.9999994138631527
-1.1656209515961855	0.969373901956469
4.7480727684767245	0.968977968983936
-7.178930223317401	0.9999990200272818
-3.809508197715057	0.9979092178669053
-0.9781441553271009	0.9691059989558877
-9.58501244745888	0.9999999961527473
-6.711427877949849	0.9999971247155234
-2.9911829335980267	0.9905259849008109
-3.940374054252138	0.9984171345298488
-2.8911717339149012	0.9890465837979036
9.341724757174958	0.9689779689711082
0.7445078689638862	0.9689779568175674
-8.984996460772061	0.9999999846832663
-3.262057451788376	0.993914958865133
-1.8779445426872101	0.9736276385085193
-5.47539527940049	0.9999505873067343
2.4844320453837643	0.9689779705693905
7.949985990167178	0.9689779689711143
4.493188238446496	0.9689779689852983
-7.228899125996904	0.99999912653176
-2.102518249547871	0.9763896312974469
6.857171332479375	0.968977968971209
-7.378703359308685	0.999999381346149
-0.37657536608163156	0.9689781758408635
-8.270769241651372	0.9999999206783027
0.6424287325979741	0.9689779572398924
-1.1405939848336288	0.9693245887773665
-0.7258162919495348	0.9689939191956572
7.845215519473989	0.9689779689711142
4.196484456047607	0.9689779689975824
-7.414768642823195	0.9999994306447038
-9.241094112898631	0.9999999915068494
9.912674224479364	0.9689779689711082
4.524685198378089	0.9689779689827149
7.308715167909902	0.9689779689711333
-7.767405659941988	0.9999997472144575
-5.454181475323243	0.9999481193055144
-2.0950269126760235	0.9762877375890777
2.808260510391726	0.9689779697732112
7.955938222629783	0.9689779689711144
5.222800976616799	0.9689779689742918
8.742649987484054	0.9689779689711084
9.063801703157289	0.9689779689711088
-9.193948948880738	0.9999999905329652
7.42259509877217	0.9689779689711334
7.178960315423208	0.9689779689711496
-1.7649863681222797	0.9725249593700953
-4.7773425536242	0.9997555366571402
-6.699322863435668	0.9999970434561068
5.030918037992919	0.9689779689775461
6.451537776617169	0.9689779689713084
-6.815036181316172	0.9999977349178162
3.5212118302226934	0.968977969174
3.4762436451934633	0.9689779691735165
1.5470200428635472	0.9689779815440411
-5.2687750985410275	0.9999205864905627
6.530564166853669	0.9689779689713087
0.5718110724730572	0.9689779686965484
-0.18542016226324876	0.9689780237704446
2.7029790011019816	0.9689779697158418
-0.8249227982541321	0.9690185306713481
4.1432620329845715	0.9689779690226236
-9.390786645770755	0.9999999939830485
5.564842837184658	0.9689779689727042
-6.234533626118592	0.9999913807973345
-6.020833460568338	0.9999859050237248
-5.889247001643132	0.9999809209307353
8.919273830085732	0.9689779689711089
8.186578155630361	0.9689779689711114
5.951981718610497	0.9689779689719153
3.3507949297722295	0.9689779691768725
3.2567821141571116	0.9689779693412387
7.80944877700329	0.9689779689711147
-4.799164587112323	0.9997673967311608
-9.696464653406789	0.9999999970235505
0.7438713274847952	0.9689779568191965
9.132766331235157	0.9689779689711084
-0.33706348358642835	0.9689781008471076
-9.350003150490087	0.9999999933906302
5.142551169886209	0.9689779689742242
8.64787224445369	0.9689779689711097
-0.34470179325469275	0.9689781124284411
-1.3169335744168045	0.9697779791946638
-9.83323438155411	0.999999997827656
-4.461431889452627	0.999499652467523
1.4690027238975176	0.9689779861864657
-9.733769542043396	0.999999997268548
5.336983161892711	0.9689779689743546
-6.680317195796408	0.9999969112173988
6.575149248788765	0.9689779689712776
-7.408085143830996	0.9999994218151915
-9.701776179044245	0.9999999970597313
5.755646133138326	0.9689779689719182
-3.6760248045012167	0.9972427911000176
-2.101809580548357	0.9763799749218371
9.003108117140389	0.9689779689711085
-6.3056874907290705	0.9999926829225224
0.5675089663956179	0.9689779718627841
-5.197300046587254	0.999906437221426
9.627674078310136	0.968977968971108
9.648535974373843	0.9689779689711081
5.561818649533246	0.9689779689727037
7.6914022586145165	0.9689779689711208
-0.3110852601448677	0.9689780701330503
4.67453076880712	0.9689779689838361
4.76557230103257	0.9689779689823108
-7.169999688161721	0.9999989996680794
2.6836788371693245	0.9689779699211819
-7.924378187762371	0.9999998238911375
6.046225689174463	0.9689779689715002
2.234440978108786	0.9689779721579594
-6.929361076658891	0.9999982591198117
9.417875053046476	0.9689779689711081
-3.507727554870872	0.9961428829198632
-1.194089669228319	0.969435903971028
-9.978758380649664	0.9999999983353793
-0.4375659464074566	0.9689784286553552
0.7168837864732645	0.968977956830245
-0.40048643883456947	0.9689782469064028
-0.7391221481997068	0.9689962110494865
-7.5473563474009	0.9999995804358197
6.766659657843025	0.9689779689712086
7.376534398403976	0.9689779689711334
-1.241153698800904	0.9695488676696968
2.1783298215225066	0.9689779721591468
0.7143656367263063	0.9689779568209596
2.415777320761382	0.9689779704300884
-4.617831399943602	0.9996486804097213
-4.1029443520583975	0.9988881820621404
3.290533002667546	0.9689779691913645
-9.569468891737806	0.9999999960125585
-3.7011838125919327	0.99738123014217
-3.669479230804842	0.9972057363966976
8.440220763502587	0.9689779689711098
9.126515672496698	0.9689779689711083
1.6103760453135898	0.9689779813144064
-3.687509004194558	0.997306762916762
8.70934130993885	0.9689779689711089
-1.5498735909105754	0.9708793109964254
8.128431910897312	0.9689779689711109
-0.18021647747759495	0.9689780233394975
-3.7471279467309726	0.997618227023751
4.713387053333996	0.9689779689837421
3.5936472147511047	0.9689779690779016
8.782316935796707	0.9689779689711087
-5.0130068822559615	0.9998572848213888
8.188244678710369	0.9689779689711117
1.983576329390342	0.9689779752756472
-9.123215507621136	0.999999988858405
-0.30493468903776133	0.9689780645868156
-6.264019121518389	0.999991946360278
5.926366727710208	0.9689779689719072
3.887742734371704	0.9689779690310516
3.8884145603468347	0.9689779690303588
-6.200093967276672	0.9999906697471875
3.998420198254177	0.9689779690215419
-7.159922214793024	0.9999989761856407
-7.288898073868451	0.9999992392353704
7.080348627804781	0.9689779689711585
-8.038863772253983	0.9999998647004498
-1.8788359624120652	0.9736372026435146
-8.94656383869318	0.9999999832660379
-8.321302876727824	0.9999999293912448
-5.143816856237469	0.9998942315181542
-9.392063914861822	0.9999999940007183
0.7173085486021513	0.9689779568315705
-3.528556700027856	0.9962964877274798
-7.254049395331648	0.9999991756766197
9.784287632134383	0.9689779689711081
-5.1613846908217775	0.9998984062679063
-2.14653069779442	0.976994923252756
-6.44228528002214	0.9999946571000722
5.456303675483705	0.9689779689727296
-5.4962397323779655	0.9999528981772501
5.199140538133236	0.9689779689742802
-9.664371140227136	0.9999999967952672
-2.4691815423333896	0.9820696700844793
5.6398417088581745	0.9689779689727361
-8.627530129043159	0.999999965115537
3.3194782768198614	0.9689779691550993
-6.127307576108669	0.9999889681632216
3.6664400943932876	0.968977969074238
2.4806824369267986	0.9689779705732993
5.275470502746922	0.9689779689742991
6.12859682686047	0.9689779689715079
6.155054750234626	0.9689779689715083
9.16317925870771	0.9689779689711084
-0.26619112208034146	0.9689780408369781
1.085228295640416	0.9689779648588785
3.873073514055779	0.9689779690480904
-5.367667892728791	0.9999367143851774
-8.556792894090863	0.9999999589447071
-9.93136357752411	0.9999999982669914
-1.0171862848308688	0.9691443962640167
3.9080121890602406	0.9689779690177613
-0.9104480323884481	0.9690585424612277
-0.6551553014193612	0.9689854346074492
-5.791212809428039	0.9999760943397302
-6.854539213777944	0.9999979318376703
9.634489771624523	0.9689779689711081
8.16533145247417	0.9689779689711115
-4.034824895133067	0.9987096858987325
0.5818747782706701	0.9689779621200953
-5.301862176052992	0.9999263934282074
9.510388868025615	0.9689779689711084
5.322058595670583	0.9689779689742869
-4.843880456090006	0.9997899484526359
-5.065693027534768	0.9998735002746343
8.090473178538204	0.9689779689711125
-6.163538651489655	0.9999898507640361
5.410951434793688	0.9689779689725961
-1.7285106174279399	0.9722003902037073
9.49979307288043	0.9689779689711084
-9.344075138145683	0.9999999932997954
1.7673075557223061	0.9689779782347251
-9.089549718457777	0.9999999879603748
-1.1829385200359255	0.9694109015744097
1.28536506468118	0.9689779928083243
-2.174543575742387	0.9773926995936103
-0.8684378895759224	0.9690362611690349
9.042202021948654	0.9689779689711085
4.783873699436768	0.9689779689796105
5.423649240278795	0.9689779689725518
-7.610355530765922	0.9999996370887911
3.7713938111312917	0.9689779690724584
1.3671257802067025	0.9689779927404245
9.12263590105766	0.9689779689711082
6.632610169912958	0.9689779689712
6.285782914092316	0.9689779689713912
