-2.5207003899197744	0.990192801817942
3.0586301668854112	0.9870008687177371
4.489053577527272	0.9870008686952841
9.50073200832098	0.9870008686944272
-0.6757360633752043	0.9870008882357054
3.83911953872596	0.9870008687002534
-3.5111220636972273	0.9973213926264777
-6.231602257527307	0.9999936088947846
-5.437763244369576	0.9999603449902905
-4.22389183921819	0.999380134233851
-3.41670519722018	0.9968239106952163
-5.815857625861978	0.999983366754767
7.536922369911146	0.9870008686944275
5.304153376562052	0.9870008686946051
5.005929525739429	0.9870008686947828
3.6623430029783535	0.9870008687002593
4.612239484436053	0.9870008686951393
-7.241643648566414	0.9999993752187115
-7.03448293976042	0.9999989933560446
3.4904871915910363	0.9870008687058295
4.495585688051641	0.987000868695195
-5.459197345031255	0.9999622490663878
5.079781321993991	0.9870008686946881
3.527251137664532	0.9870008687059959
-9.11713901086063	0.9999999916774986
5.301349592386293	0.9870008686946051
1.207562764381823	0.9870008699914714
5.35647791502873	0.9870008686946022
-3.330695742114327	0.9963168613601115
6.198021701918233	0.9870008686944493
2.983176707332081	0.9870008687221079
5.407385968121687	0.987000868694513
3.3415785816913157	0.9870008687058145
5.675695297869087	0.987000868694499
5.0041865380094475	0.9870008686947831
-3.5124868729957193	0.9973281284459647
5.913065329796744	0.9870008686944719
-3.015267958406409	0.9940698966120985
7.147098697096478	0.9870008686944302
-3.712490985135908	0.998179965565574
-4.323216870680895	0.9995020226056006
3.0459565296180013	0.9870008687175135
-2.717878432456531	0.9916747347440976
7.087837347909499	0.98700086869443
-9.224704733115207	0.9999999935033671
4.202863975362018	0.9870008686958042
3.3138545488327296	0.9870008687047318
-7.6949690877984	0.9999997800033166
6.7675440110341185	0.9870008686944325
8.92495916378131	0.9870008686944273
-7.897340241607216	0.9999998619463756
1.6245909613043743	0.9870008694150553
6.021925518896666	0.9870008686944469
3.141820345338516	0.9870008687172417
-8.265441334224274	0.9999999408507344
-8.74776279128377	0.9999999805181855
6.179286271122571	0.9870008686944491
9.790678786101697	0.9870008686944268
-6.024322253274534	0.9999897026626691
1.346692796237697	0.9870008701186701
0.9898785643901817	0.9870008714677425
-8.86554011340252	0.9999999851456959
-4.493771984943384	0.9996595293026894
9.484303592282451	0.9870008686944269
-3.8405646744855337	0.9985955241991612
-4.112045843602492	0.9992090661397454
-3.853155955830716	0.9986315006300762
-5.5945002125019805	0.9999723328839735
-5.442889279933749	0.999960808891988
8.442578781086642	0.9870008686944266
9.725796020249291	0.9870008686944272
-1.3073664714145359	0.9870065200053456
-2.8734674063079657	0.992930101790856
-4.020390058386574	0.9990368732553099
9.87226300543221	0.9870008686944272
-6.427376427270377	0.9999959273266361
0.06198891651766658	0.9870008729232367
-9.513758793519717	0.9999999966608581
0.39040300544298745	0.9870008612896267
-0.043985028463309206	0.98700087421882
0.37097622116458595	0.9870008613535417
2.010907563467498	0.9870008690557255
9.890338828629297	0.9870008686944273
-4.994992295283094	0.9998906743884005
-5.563840295346543	0.9999703137045138
-2.0439979816759823	0.987790917069054
-8.946672741344432	0.9999999876769051
-5.160641323281214	0.9999251425353608
-5.9046732170677	0.9999864398488335
9.651870100102869	0.9870008686944266
-8.638607136290828	0.9999999749513248
-1.345638761773266	0.9870094777815711
4.529085347933236	0.9870008686950903
-4.847945058404859	0.9998471388896132
2.4384207086841503	0.9870008687852369
-0.9658856029560745	0.9870009222815569
-9.643809150033999	0.9999999975249456
-8.405645891156057	0.9999999571702692
-0.24677415408427805	0.9870008752407515
7.734009658619346	0.987000868694428
-1.4413018848361947	0.9870229338748964
-7.716450030195303	0.9999997906198094
7.148013717809949	0.98700086869443
9.527318053842034	0.9870008686944272
8.792319940574316	0.987000868694427
-2.6881849673589198	0.9914411711007024
5.081786897883976	0.9870008686946792
2.4239768299713873	0.9870008687796646
8.696216673831874	0.9870008686944272
-0.5754907333064718	0.9870008757944974
1.0779731864154574	0.9870008714814217
5.306613154452435	0.9870008686946048
-6.353168280744614	0.9999951687213147
-3.1379560001462092	0.9950059181807493
-2.2357583213454957	0.9885235853855425
-3.9320881604935165	0.9988389009999782
7.307130914536192	0.9870008686944284
4.501442483731655	0.9870008686951347
-2.786896581630569	0.9922259206749123
-3.6375683676070603	0.9978915435947109
4.926628395719504	0.9870008686947846
-5.771991348296752	0.9999816014414092
7.677415724481502	0.9870008686944274
-5.786206133946008	0.9999821930679461
0.38222435347350725	0.9870008612947481
5.2026044755569565	0.9870008686946051
4.28226952224556	0.987000868695862
-9.488276055163208	0.9999999964590683
-7.957430603281317	0.9999998797851788
-0.4527588957792972	0.9870008742171171
6.897601633590035	0.9870008686944306
3.0306398694985894	0.9870008687162417
8.766237451676048	0.9870008686944269
0.2500391885184605	0.9870008703229805
3.8217571237759884	0.9870008687001552
-0.8976687273202941	0.987000897603078
-2.344250964352188	0.9890832933421738
2.6932570583575774	0.9870008687406946
5.370090976810102	0.9870008686945803
-0.9908891571225489	0.9870009417890164
9.047938547801223	0.9870008686944267
-1.2449829086433049	0.9870035739686951
2.542612226161051	0.9870008687854717
-5.537907940625595	0.9999684915414787
-1.6401894047131869	0.9871025190448044
-9.773785088308017	0.999999998165116
-4.197766735326671	0.999343632088583
-8.87579003629046	0.9999999854921716
-3.8900161342873263	0.9987321579178703
0.6320901701278139	0.9870008740803078
-8.988329448815854	0.9999999888039937
7.640982159999869	0.9870008686944275
-9.20553467562646	0.9999999932101791
1.9118699903155179	0.9870008690562544
1.938925708159168	0.9870008690567058
2.8851043435756587	0.9870008687400148
0.008599438478320565	0.9870008728305474
-5.870849185573825	0.9999853427750556
-6.146637691830783	0.9999922286888765
9.313372637158317	0.9870008686944272
6.236290835877586	0.9870008686944494
-7.651298914967777	0.9999997567316744
-8.245746847991796	0.9999999381066828
-2.2774740938538773	0.9887266106107632
-1.1738401243712193	0.9870019628129254
7.974272031246173	0.9870008686944272
1.2756131440582763	0.9870008701196343
-9.416353329123561	0.9999999958213103
-5.368192219791084	0.9999534801582008
7.018242000679749	0.9870008686944299
-9.570832054902505	0.9999999970720634
8.01733570976527	0.9870008686944276
8.491491400365142	0.9870008686944272
-4.824666560484152	0.9998388263001265
-1.7652047972205551	0.9872190003872201
-7.487578142200397	0.9999996453478769
6.131197093988135	0.9870008686944493
-9.298183739590925	0.9999999945145855
-7.1673974596185275	0.9999992587405765
-3.952433475341892	0.9988875478093191
5.922791267969494	0.9870008686944718
-6.065543936239828	0.9999906344288686
-0.11169051651721773	0.9870008749564213
-8.709211621584734	0.9999999787097654
-9.194458455424957	0.999999993034785
6.5830152964286235	0.9870008686944354
3.756021859436469	0.9870008687001363
-4.364695013900288	0.9995458021168298
-1.5643215923839726	0.9870602720057323
-2.3523887628693974	0.9891292696395031
7.616632221015081	0.9870008686944278
0.06638856527733772	0.9870008729174026
4.6626044828316715	0.9870008686951423
-8.891007617627489	0.9999999859917185
5.085593384385195	0.9870008686946633
-1.4632939998888084	0.9870276819636636
6.065686056135778	0.9870008686944497
4.907503334005279	0.9870008686947831
-3.904619848850883	0.9987701703876505
-3.546983872777103	0.9974941115401131
3.66530085883638	0.9870008687002494
-1.0539090929123596	0.9870010522599203
8.990647453384142	0.9870008686944272
7.752367363335463	0.9870008686944278
7.908819102785337	0.9870008686944272
-8.103967501553381	0.9999999142128431
-6.567829321980723	0.9999970524283794
7.509393779866755	0.9870008686944278
-1.2719726973403223	0.9870045996854245
-7.907598009432504	0.9999998651688767
4.441117270268041	0.9870008686958854
3.612247509135056	0.9870008686995919
-5.663968509743511	0.9999764151754755
0.6658619321631232	0.9870008739285632
-9.563039931884685	0.999999997019056
-9.891461978163928	0.9999999986006352
4.188825448998674	0.9870008686961163
-3.637767071618039	0.997892355657721
-6.591007498228945	0.9999972055816926
-5.630112243220395	0.9999745067704259
7.165071742335694	0.9870008686944303
6.532194826332798	0.9870008686944381
9.594534124825401	0.9870008686944273
-2.4165355591182003	0.9895094270474301
-3.483097189379527	0.9971802208280056
6.3966710055034355	0.9870008686944385
-2.296688891605445	0.9888252990803621
-9.976794713125567	0.9999999987738446
7.30191367322594	0.9870008686944285
-2.5848914008251844	0.9906538244439653
-2.3544640072592005	0.98914107772798
-2.0936335675384976	0.9879519318477856
-1.8478501012942505	0.9873350418640382
-0.3011886552959453	0.9870008753873706
9.295471187917098	0.9870008686944274
-8.699441561972101	0.9999999782253821
0.4506575517328102	0.9870008613234874
-3.6365211744023496	0.9978872596954516
-4.199815166383933	0.9993465662865518
-1.310328590293306	0.987006712994163
4.6233392950412835	0.9870008686951417
7.830331144847236	0.9870008686944274
-6.811849205091156	0.9999983193121555
5.853719373442594	0.9870008686944722
-1.60580405123393	0.9870811491899367
0.9714652643812993	0.9870008714883118
-3.0751873364686677	0.9945344676045882
-8.341851241409417	0.9999999503933676
2.4205590887937447	0.9870008687784537
2.875215211868248	0.9870008687400746
3.9580349437086646	0.9870008686973464
7.7258293358072265	0.9870008686944282
-5.813104111393175	0.9999832610979162
5.576216858595471	0.9870008686945165
2.438141248698958	0.9870008687851501
-0.8504980553386954	0.9870008921490399
9.068648464696274	0.9870008686944268
8.481940867755466	0.987000868694427
-5.942795834422929	0.9999875783262703
-4.465860058836242	0.9996375582692721
6.585220167816747	0.9870008686944354
6.280246488803741	0.9870008686944444
4.051205593673899	0.9870008686972834
-9.511782545462154	0.999999996645629
0.8115087472629909	0.9870008740404889
-5.724450766153235	0.999979476414996
-7.962060653469658	0.9999998810599832
-4.517822649461629	0.9996774168385991
4.357626589286321	0.987000868695856
-0.024004346844556324	0.9870008733737693
6.906436678290696	0.98700086869443
-2.6809975756759474	0.9913850086303162
0.7736014757009624	0.987000874031194
5.686626817056073	0.9870008686944871
3.9424339866715243	0.9870008686972652
-7.223070538201357	0.9999993479211269
-4.640742804357543	0.9997554398954875
-1.1799292307187628	0.9870020585622936
-7.042925761429584	0.9999990127349891
3.195098013218365	0.9870008687171594
-3.1051833086371428	0.9947620601791045
-6.485954625146002	0.9999964410767134
-6.644566583592972	0.9999975297373856
-9.240213601858365	0.999999993731272
-5.573597341775396	0.9999709717345321
5.987505820449957	0.9870008686944572
6.7043872060947365	0.9870008686944325
-1.924093948621275	0.9874793312137233
-2.698552049980014	0.9915224595357057
5.888349276756166	0.9870008686944722
7.552764974663937	0.9870008686944275
1.1977337588671269	0.9870008700232676
-5.115639690565756	0.9999170219354395
-8.070343462605942	0.9999999073071945
-4.102145733056375	0.999191954116915
-8.141008385307554	0.9999999212262226
-7.351121967195824	0.9999995144271696
-5.607810667952644	0.9999731662438129
1.2453288202961375	0.987000870144824
2.502994328417664	0.9870008687850936
4.393682745644952	0.9870008686958546
-6.536177281410902	0.9999968296371297
-1.5579177424899306	0.9870575503059021
7.58761952872279	0.9870008686944278
-8.742893714345499	0.9999999802985361
-7.14406851994263	0.9999992178359512
4.392533018216657	0.9870008686958552
-7.336292803536377	0.9999994975614672
7.026822630955422	0.98700086869443
-7.434287902706229	0.9999995990490752
-1.969888446573421	0.9875856133922915
-4.890140207353175	0.9998611403888505
-5.465941404608032	0.9999628290932611
1.7468506019019827	0.9870008693850493
-3.246307338075196	0.9957710049701695
-0.06325125979809165	0.987000874880514
8.114893871023547	0.9870008686944268
3.361941136242187	0.9870008687060813
5.60107493860022	0.9870008686945165
8.190074157303737	0.9870008686944273
-7.796864035450808	0.9999998260106067
-0.0028538034140268564	0.9870008728775206
-1.8755191953098596	0.9873823350187572
0.24387782405106861	0.9870008716183448
4.061631065992884	0.987000868697284
-7.039931568878308	0.9999990059054393
-1.6814615678712066	0.9871337377698447
-5.5756114956744	0.9999711057495411
-9.216625802868474	0.9999999933813831
7.305127736622659	0.9870008686944283
-1.5096220634915944	0.9870403156543944
1.8864164413973548	0.9870008690550961
-0.7925257499930574	0.9870008896907951
1.5773731189262108	0.9870008694145193
-7.981990814887809	0.9999998863948446
0.7208990142447291	0.9870008740095199
-6.801517717188292	0.9999982788562154
3.6858140013531795	0.9870008687001312
3.7791949457755223	0.9870008687001457
5.8758007039356475	0.9870008686944723
9.445394081345722	0.987000868694427
7.1149204367203325	0.98700086869443
2.14199798962197	0.987000868877998
-3.583488354532691	0.9976608822911242
9.7064948925752	0.987000868694427
6.408887289658832	0.9870008686944385
6.468244851608279	0.9870008686944381
3.1608390243691797	0.9870008687172435
-5.136840325865268	0.999920951225766
6.435135919942361	0.9870008686944384
4.65341827700556	0.987000868695142
5.70699465716439	0.9870008686944709
-0.510604327771178	0.9870008746834318
2.7433338114447103	0.9870008687403978
-5.242438456061742	0.9999379318274327
2.496775717938796	0.9870008687850012
2.6396331438581875	0.9870008687866189
-0.5777470667940321	0.9870008758463347
-7.434388268824406	0.9999995991417218
4.242679912297241	0.9870008686958425
-7.764657631661729	0.9999998126176532
1.0162475037201304	0.9870008714807745
-1.2134034515199055	0.98700271626184
1.0619383192452823	0.9870008714834003
-3.0720882714707853	0.9945107549160926
-8.930745291250176	0.9999999872165751
3.680094398981243	0.9870008687001611
-5.922770553951224	0.9999869927432263
5.606906241181292	0.9870008686945163
0.4142515073700679	0.9870008613457927
-2.573869589183637	0.9905728841794045
4.402297914953838	0.9870008686958492
9.141299174020602	0.9870008686944269
-1.1433111457016345	0.9870015794685594
-6.252856816148098	0.9999939140035647
1.9888461334406706	0.9870008690557799
5.767458768832494	0.9870008686944729
-6.18911993355622	0.9999929524803751
8.56193441786154	0.9870008686944269
-5.720531973937741	0.9999792906842836
-3.970440598631333	0.9989290502677178
6.245714920075692	0.9870008686944496
8.262576304925467	0.987000868694427
7.063925438551209	0.9870008686944298
5.311078655097949	0.9870008686946047
-5.142403162517364	0.9999219512555573
-9.377536739330253	0.9999999954306301
0.26895847554592933	0.9870008654692324
-8.90039289265454	0.9999999862911959
0.4765141407107354	0.9870008613262798
2.043097203855652	0.9870008690531945
-1.0669723129584163	0.9870010931535838
2.775633441503903	0.9870008687402638
-5.869270417282024	0.9999852894561957
2.539940797909379	0.9870008687854862
-8.28934239271712	0.9999999440179989
4.900174624813868	0.987000868694783
5.03126727136998	0.987000868694789
4.5610225243195135	0.9870008686951578
8.443225234111665	0.9870008686944266
6.035975282874013	0.9870008686944477
4.16154110313261	0.9870008686970021
-4.558504229863867	0.9997056093100875
1.6151242812818332	0.9870008694144679
-2.383036040929958	0.9893071028749887
5.6731741360375345	0.9870008686945017
1.8008861224998896	0.9870008690282721
-2.016441245332974	0.9877096649716686
-8.929682353896403	0.999999987185249
0.43473513589088597	0.9870008613592149
1.5601957407838327	0.9870008694270175
-1.4451200231976102	0.9870237054712772
2.870840856066126	0.9870008687400683
1.4067597047738811	0.9870008701129943
4.727332466065555	0.9870008686951471
3.7304371917709656	0.9870008687001408
-7.519118271144203	0.999999670190481
-2.081009261419262	0.9879091658038612
-2.2406459478253105	0.988546570812898
4.879807274552066	0.987000868694788
4.342130470111577	0.9870008686958569
5.076674756618914	0.9870008686947014
5.512709599499175	0.9870008686945161
-3.0641733027905227	0.9944500402983234
5.0014381411282915	0.9870008686947839
8.309320318495278	0.9870008686944276
7.682941856493393	0.9870008686944274
7.092214116621641	0.9870008686944303
-9.284573274261545	0.999999994339956
0.8933259406537388	0.9870008713720929
9.940788168290283	0.987000868694427
-2.5912598542182153	0.9907009063516826
-9.745104757608907	0.9999999980398513
-3.9733233757848163	0.9989355617710277
7.899496975825375	0.9870008686944274
2.7915533736248666	0.9870008687397825
-3.457863095738527	0.9970484245855865
-6.349955192051757	0.9999951328579108
0.7568690245052743	0.9870008740323585
-0.2012191251096862	0.9870008751308965
-2.3781621367572914	0.9892783276335296
3.581681137164402	0.9870008687018046
-3.8404823715652103	0.9985952863128381
4.470570324463857	0.9870008686955906
8.039158853465178	0.9870008686944275
4.553128842892038	0.9870008686951531
-5.442204385639848	0.9999607472241194
-9.968375843887234	0.9999999987738446
8.864872447735422	0.9870008686944266
8.326259929574931	0.9870008686944275
9.140548226893827	0.9870008686944269
-0.28964953987229336	0.987000875407325
-9.286519384269539	0.9999999943652623
4.640588668756877	0.9870008686951427
-0.8874870575476521	0.98700089595913
5.616303290036292	0.9870008686945161
-3.862986192135698	0.998659017622212
-1.4756360346995514	0.9870306892192298
-4.637571999485468	0.9997536817831054
-3.3115119705241325	0.9961969012724355
-2.6923422408439146	0.9914737306635564
1.776156487088656	0.9870008691563756
-0.20881961193593668	0.9870008751515138
9.411325386031177	0.9870008686944272
3.9320989831472897	0.987000868697138
0.727747649148025	0.9870008740075509
-9.57283359647855	0.9999999970855261
1.2976547324169907	0.9870008701131946
-0.027461675220523674	0.9870008735079612
-3.7060510333566032	0.9981565471928007
3.144669018526848	0.9870008687172376
-5.408883011851002	0.9999576272298785
4.846314365560641	0.9870008686947831
1.2977750912385702	0.9870008701132279
5.458882454619545	0.9870008686945183
2.8099698243374363	0.987000868739889
-3.3592807934948032	0.9964909755220366
7.667627424149423	0.9870008686944273
0.09158382458119263	0.9870008729083519
7.307184118405065	0.9870008686944283
-2.897524619855867	0.9931258047616583
-2.6254362020019517	0.9909572849304727
-8.950691675001675	0.9999999877904152
6.775748409342384	0.9870008686944324
2.568202274374908	0.9870008687855835
0.5633589625489055	0.9870008677446928
-6.003915021555115	0.9999892076623107
-6.82473115638603	0.9999983684262397
-4.937231817651084	0.9998752725218296
-3.5949720494458415	0.9977114848837704
-6.578726983455971	0.9999971254545859
1.1921313541041236	0.9870008700818182
1.9233906374133447	0.9870008690568812
-9.46666742900578	0.9999999962784311
0.9835986137047215	0.9870008714694968
-7.328365402015917	0.9999994883063449
0.6270644507673993	0.9870008743037307
-2.634208993086853	0.9910240039296295
4.463792914061276	0.9870008686956975
-8.198262279990388	0.9999999309556514
-6.709834411554749	0.9999978743735276
-0.5134229144288192	0.9870008747096379
-4.295247168116525	0.9994702415935761
-7.749606333078329	0.9999998060097987
-8.228509735785078	0.9999999356007544
-2.5257382802036465	0.9902280287201369
8.667256872010402	0.9870008686944268
7.516086338880669	0.9870008686944278
-2.014837407703407	0.9877051128047984
-8.836789502464516	0.9999999841290526
8.630899574686207	0.9870008686944273
-5.999499145461584	0.9999890974587734
-4.254505877077106	0.9994204529193411
-8.499167002155996	0.999999965467772
4.357180309020535	0.9870008686958562
4.267856543896173	0.9870008686958839
1.4464069127374266	0.9870008700545027
-7.965916465339307	0.9999998821112903
-9.833749225606589	0.9999999984017514
2.637650373881204	0.9870008687870157
4.270416213954391	0.9870008686958808
3.905477069631832	0.9870008686970961
1.6383648206585875	0.9870008694146486
4.145063136193251	0.987000868697318
6.981412899981912	0.9870008686944303
-0.842651292576635	0.9870008916427423
7.9938621053389625	0.9870008686944272
6.196595349211648	0.9870008686944493
8.260793479257917	0.9870008686944273
-2.7750418007101407	0.9921301315446414
5.062881393246915	0.9870008686947557
7.729862131095576	0.987000868694428
-3.157105556924815	0.9951459060735928
4.383965555341005	0.987000868695858
4.001922200615912	0.9870008686972691
-6.418103504664079	0.9999958394611002
-8.180752151856932	0.9999999281150594
5.247410342656199	0.9870008686946057
-2.8114296018449325	0.9924250826368765
7.8449835544801125	0.9870008686944275
-0.2684425462689166	0.9870008753120423
-9.380056116517789	0.9999999954570601
3.9617418129747293	0.9870008686973468
-0.43425024005113144	0.9870008740762308
-7.655485500692194	0.9999997590654677
8.082298643213544	0.9870008686944276
1.9736771088568528	0.9870008690571995
6.417627853796329	0.9870008686944384
4.116645940066569	0.987000868697273
5.579231686009392	0.9870008686945166
7.671786475287966	0.9870008686944276
-4.82446105468854	0.9998387509635513
3.2738179147045656	0.9870008687110016
1.0054484988073362	0.9870008714752565
-7.66482981327671	0.9999997641939788
9.739696787293802	0.987000868694427
8.273907592902422	0.987000868694427
9.84532933634172	0.987000868694427
2.1674554302539697	0.9870008688784362
5.1270937925197835	0.9870008686945905
-1.8351083399055756	0.9873150716156723
-3.0556718420944184	0.9943845800680479
3.7212240740785596	0.9870008687001348
0.0903035929252951	0.9870008729080298
0.40702834622039497	0.987000861327517
-7.974201806529817	0.9999998843389954
3.7357996874205046	0.9870008687001409
-3.8863270966367303	0.998722390497349
-7.935357109258616	0.9999998735172606
7.949796681765967	0.987000868694427
2.2347876003957357	0.9870008688762342
2.8219007011746235	0.9870008687400159
5.648091771104134	0.9870008686945182
3.7649414011085227	0.9870008687001401
3.844895350797337	0.9870008687001908
5.739936743972077	0.9870008686944698
7.399724523251084	0.9870008686944282
6.853422767677223	0.9870008686944329
6.594587269471141	0.987000868694434
9.202951814560837	0.987000868694427
-5.996815333131238	0.9999890299323531
5.824785840350874	0.987000868694472
-3.166686880047971	0.9952152213102814
3.8046431167001735	0.9870008687001023
8.417181428630393	0.9870008686944266
0.4627111881784529	0.9870008612915052
4.99782339127432	0.9870008686947844
-5.288287806279572	0.9999441236597493
9.792011222357186	0.9870008686944269
-5.4639634625470945	0.9999626599068556
7.5046126533571	0.9870008686944276
-7.2564113956056575	0.9999993961059591
-2.1744787219883577	0.9882531552378376
-5.456464488061652	0.9999620114621779
7.136837745423733	0.9870008686944299
-2.8274917303028513	0.9925556956135901
-9.502003038260476	0.9999999965692383
5.860288684550667	0.9870008686944722
7.329746306698006	0.9870008686944282
1.4248669624463606	0.9870008701465531
-1.564758703783454	0.9870604625429392
7.58504114208727	0.9870008686944277
-2.381139871769311	0.9892958862531707
-7.172884122429952	0.999999268045874
6.615874473448816	0.9870008686944323
-5.540446087165982	0.9999686747048399
-3.0089150266465037	0.9940198802899307
-8.12200198023235	0.9999999177022736
6.230387717077406	0.9870008686944495
6.2163714692611975	0.9870008686944493
-9.405909181233941	0.999999995719601
-6.284933726382409	0.9999943471260704
-1.3159237308984117	0.9870070926253316
-8.76710773279866	0.9999999813669385
-2.239233629199888	0.9885399067726022
3.0991022093347844	0.9870008687171195
7.675490764204351	0.9870008686944275
1.752598896539208	0.987000869348945
2.3177591716942647	0.9870008688770533
-6.6665668555571544	0.9999976517371154
-3.2860117100580055	0.9960336335920694
1.7329561668493874	0.9870008694284235
0.9938805497606715	0.9870008714685542
-9.344577780373022	0.9999999950703562
1.9667119090440544	0.9870008690571367
0.3768573578752701	0.9870008613139625
7.490249261128035	0.9870008686944282
4.249677064979679	0.9870008686958723
-0.08981873023205189	0.9870008749746564
4.7479248464769785	0.9870008686951488
0.7202711523530958	0.987000874010041
2.990831688154344	0.9870008687187724
-9.551010934676265	0.9999999969353367
5.511049320022195	0.9870008686945161
-0.28656288741407465	0.9870008753994685
-7.413669199597592	0.999999579554867
-1.0368782191870842	0.9870010101997901
-9.312034627511	0.9999999946867709
-2.984426307920107	0.9938258735117417
-4.322917571993301	0.9995016924184363
8.594511505631939	0.9870008686944269
-9.698256512195368	0.9999999978165791
-6.072318035469344	0.9999907792744589
-5.483114380634233	0.99996426623831
-0.5869934385962559	0.987000876117037
2.4394379292259494	0.9870008687855367
-0.62119080567388	0.9870008793786449
8.317249350084097	0.9870008686944275
-3.0145207242894534	0.9940640208679988
6.754184985675774	0.9870008686944325
2.0997399611011858	0.9870008688638647
6.1350427365874936	0.9870008686944493
-1.868473072832506	0.9873697030451373
9.438076633108125	0.9870008686944272
2.6937350062989385	0.9870008687404028
-2.5672925386299594	0.9905249186655198
-8.17430531213275	0.9999999270400306
-0.4463588531194098	0.9870008741660696
4.08901241634295	0.9870008686972848
9.832224281408493	0.9870008686944272
-6.706221022193359	0.9999978566171499
-7.069714072449127	0.9999990717875137
5.917772407729295	0.9870008686944717
-2.217911090138527	0.988441483176072
-2.9763955990991287	0.9937618737208326
-1.7381327064679297	0.987188007151567
-3.8808922241920696	0.9987078779930286
2.0317598604828326	0.9870008690642501
-3.7130404971989073	0.998181952125908
-2.3495504360311736	0.9891131746013664
5.650966718911095	0.9870008686945174
6.36228089956845	0.9870008686944381
5.850014308415332	0.9870008686944719
-6.547490129313438	0.999996911135132
-1.8767114705846932	0.9873845152568683
4.272853338746941	0.9870008686958771
6.7840329894099725	0.9870008686944327
-5.14911240576196	0.9999231406593605
8.502795140596334	0.9870008686944272
9.727134406219665	0.987000868694427
-2.678932146785189	0.9913689012701872
8.191635910931616	0.9870008686944272
-7.281452513405817	0.9999994299396348
5.051167451472519	0.9870008686947855
-3.5164535462373925	0.9973476321736904
-9.55771223991083	0.9999999969822617
0.4679564161856664	0.9870008612914128
-0.16947013139049005	0.9870008750571697
-5.185690642757748	0.9999293150992005
-0.07708414860226753	0.9870008750179036
1.3701843227241497	0.9870008701211335
-1.043972400150297	0.9870010263209612
-1.9359053847350793	0.9875052964387214
4.4987535089818245	0.9870008686951599
-5.215224361827571	0.9999339384745936
0.9975839159126298	0.9870008714702289
8.399288710403678	0.9870008686944268
0.6147443774223049	0.9870008748885922
-4.4901795476580775	0.9996567758551141
2.4665542451161926	0.9870008687868094
3.9844439502229747	0.9870008686972865
9.428603255026733	0.9870008686944273
0.5139481142320701	0.9870008611165806
3.3297695979346678	0.9870008687052446
-1.3681882383701094	0.9870117647424976
-7.542716152774291	0.9999996876323923
7.990338030864077	0.9870008686944273
9.157111398355475	0.9870008686944267
-3.8126389423140994	0.9985127409734318
-5.3235342309219424	0.9999484620101871
4.903507732601957	0.9870008686947829
-1.6875031734843127	0.987138865727689
5.554081646534982	0.9870008686945164
-1.6415603648697985	0.9871034546883071
1.4459720181238325	0.987000870059299
9.323629340579316	0.9870008686944269
9.706463701598722	0.9870008686944269
-1.1271134285170668	0.9870014299419013
3.6055933969382448	0.9870008686997219
0.8514367186415015	0.9870008734657674
-7.831045691589402	0.9999998391794601
-0.4544461289435695	0.9870008742307927
-5.686697526317643	0.999977615673701
-6.765656640042992	0.9999981307246699
-8.043409666692112	0.9999999013766716
-1.7061837888405442	0.9871556977307545
-2.3438162632736725	0.9890808520877317
-5.410849987374511	0.9999578180844189
1.2032010374552868	0.9870008699960137
-8.36926897930697	0.9999999534282997
0.585103485466334	0.9870008733996203
-7.842803814834971	0.9999998434750484
-7.0968479124696415	0.9999991280021285
9.045524960558247	0.9870008686944267
-0.6297852747564736	0.9870008810292575
6.270019570681171	0.9870008686944469
-5.52921916846655	0.999967856396454
0.43314055435078913	0.9870008613604565
-8.018926752179091	0.9999998956572165
1.2855167351514076	0.9870008701127937
-6.229749807735598	0.9999935815893379
-8.888418522066935	0.9999999859079569
3.5605573638196795	0.9870008687045899
-1.4035571788753245	0.9870163669401658
-7.489158848625177	0.9999996466363179
-3.1319555084269934	0.994961667241552
4.021567350389802	0.9870008686972819
7.4369546119358745	0.9870008686944284
7.666458363563816	0.9870008686944274
3.638155594991442	0.9870008687000265
1.951579124727246	0.9870008690566157
-0.0988442216806007	0.987000874945512
2.174720848415589	0.9870008688769515
-5.452803054487596	0.9999616907840406
-3.808993943410166	0.9985016257529457
2.858000840896203	0.98700086874001
7.962758650944441	0.987000868694427
-2.3695048451177936	0.989227674645695
7.389011805785032	0.9870008686944284
-2.7077497031322473	0.9915948220184713
-8.828381657060568	0.9999999838188006
2.951513505736397	0.9870008687379295
5.813990520219715	0.9870008686944717
1.7239424188113475	0.9870008694271767
-2.9117685628673318	0.993241453350724
-8.59537800074433	0.9999999723297034
2.358176567717436	0.9870008688529637
-5.685358921167656	0.9999775466931283
4.047250128406246	0.9870008686972839
-3.314035144218135	0.9962128210181596
-0.015153176810965618	0.9870008730894213
-3.2588659023571065	0.9958551643802215
-6.962453479829573	0.9999988117741561
-7.201335080660254	0.9999993144572844
4.72981465232586	0.98700086869515
6.910465449326718	0.9870008686944302
-6.816091814038736	0.9999983356487172
-9.628842210708486	0.9999999974381628
-3.1294181046249436	0.9949429009001023
-2.791186702567625	0.9922606880779905
-7.8833504677541155	0.9999998574270133
2.616810082654375	0.9870008687856466
4.044925607063984	0.9870008686972842
-4.182425982407572	0.999321257768809
-0.9735681422693432	0.9870009274046715
-3.3614481743959113	0.9965039508926774
5.122852663509416	0.9870008686945889
9.131722004952575	0.987000868694427
4.523818751394133	0.9870008686950782
-7.862833167775234	0.9999998505299494
8.355447714038657	0.9870008686944276
-2.066617293051878	0.9878619129649895
2.1547309671392956	0.9870008688801258
1.6524442164062592	0.9870008694145871
1.5215145983683787	0.9870008693717812
5.3532409989733765	0.9870008686946055
-1.8299328155629535	0.9873072170400795
5.132668405457284	0.9870008686945941
-3.3632321364393425	0.9965146069354508
-1.200926680052973	0.9870024442821398
4.74170373169625	0.9870008686951568
3.987996840300978	0.9870008686972785
6.217454257580421	0.9870008686944494
-9.79394855279416	0.9999999982483588
-1.775201931712239	0.987231341648729
5.875127574851007	0.987000868694472
-3.021627949927943	0.9941198274135683
-5.56053950694074	0.9999700877419527
4.995923961043452	0.9870008686947845
-4.001026335831384	0.9989963157231107
-8.533977215251607	0.9999999681276255
2.9630551972168018	0.9870008687327704
-9.006818790473439	0.999999989270639
-0.34075192606223936	0.9870008743600848
7.9480804973588945	0.9870008686944273
0.6496069811070448	0.9870008737867961
3.1866784182228756	0.9870008687172382
2.5791154645269465	0.9870008687855787
7.868160901247808	0.9870008686944276
-7.992527697389531	0.9999998891179573
-0.9987332227699497	0.9870009499264987
-9.101090751808702	0.9999999913642091
-5.347970254383179	0.9999512711690343
4.941511120898552	0.9870008686947849
6.98171202017199	0.9870008686944304
-4.035990095609829	0.999068443065424
6.84234466961572	0.9870008686944327
3.6852745138790013	0.9870008687001335
-7.618629450789003	0.9999997377265104
8.91029976455006	0.9870008686944272
-0.07487937538198963	0.9870008750144253
2.447430487601494	0.9870008687870849
-4.93912475178901	0.9998758097876921
4.551751856413805	0.9870008686951517
5.467629196067914	0.9870008686945184
-1.37695082688332	0.987012780734216
-8.813308293455759	0.9999999832473281
5.67119900552585	0.9870008686945035
3.905510719038304	0.9870008686970954
2.865229639679203	0.9870008687400452
2.4593555398525524	0.9870008687873565
6.247470625867937	0.9870008686944497
0.9492449723800469	0.9870008715315477
-4.287407162896968	0.9994609900510086
-5.4965555900417895	0.999965352326712
1.5206331373087743	0.987000869369206
3.616356173891928	0.9870008686995858
-5.3877985296763375	0.9999555265498186
-6.383190197674344	0.9999954913018394
-8.060698382870775	0.9999999052255883
-3.477541913959934	0.9971515876685834
7.948769172468587	0.9870008686944273
4.3761682664904065	0.987000868695858
-4.198251529182575	0.9993443276392503
-5.990805109278625	0.9999888771920764
3.767371209942013	0.9870008687001416
0.9014712108909464	0.9870008712646148
-3.9200822936673685	0.9988092984192923
-3.113047991792195	0.9948210628027803
-3.2889455597317063	0.996052636132295
0.45381747149019347	0.9870008613130357
4.417937610804351	0.9870008686958512
-7.56152316967337	0.9999997008705672
-7.594777930515475	0.9999997229198351
-9.233649999028204	0.9999999936358115
8.221740431019423	0.9870008686944274
1.5305939710228778	0.9870008693998648
6.512985708230911	0.987000868694438
7.673851173876788	0.9870008686944272
-1.4262727807075457	0.9870200954919218
-4.836601094771615	0.9998431423166674
4.534270119047319	0.9870008686951058
-4.41390221205435	0.9995929360974235
-4.231458628319205	0.9993903410645149
5.235507948578295	0.9870008686946059
6.347760983210691	0.987000868694438
-5.035797176597443	0.9999004031933827
5.56340722394102	0.9870008686945166
-2.364371836158905	0.9891979210649544
2.5857442480445947	0.9870008687854398
9.567141397524189	0.9870008686944274
-6.3226792097829865	0.9999948174972427
-1.5708760235281716	0.9870631962087375
-5.518664788173329	0.9999670676700773
-3.6034245172987722	0.9977481675989802
6.833772984781838	0.9870008686944325
-5.131732979426542	0.9999200218769404
-1.7054685513925083	0.9871550255764809
6.093973267506847	0.9870008686944493
-8.255343215859448	0.999999939459298
-8.623510978808868	0.9999999740653173
-5.666204719537937	0.9999765360840522
4.924312189315767	0.9870008686947846
-3.196345401416947	0.9954265700281842
-6.316043590626945	0.9999947377382414
-9.412486567583978	0.999999995783939
-2.3707154003690745	0.9892347219348364
-8.897016682428362	0.9999999861842078
4.78366092316203	0.9870008686949069
5.424075298172305	0.9870008686945083
-3.232510821146821	0.9956774079833605
-1.1730683721687374	0.9870019511765931
9.308567643667534	0.9870008686944272
-1.2713075187170375	0.9870045701332342
-3.153994594118106	0.9951232943708253
6.753194791250969	0.9870008686944325
1.2380772456820353	0.9870008701293562
1.8398928848932883	0.987000869059387
-7.429658394470415	0.9999995947522694
4.4455446146514	0.9870008686958753
-1.6723602204584775	0.9871262926854018
-0.9295279097079714	0.9870009054395095
-0.7640026746680881	0.9870008890944443
6.65279287673	0.9870008686944325
-2.860086688242336	0.9928211258406442
-6.155418318098325	0.9999923841415511
-3.674092427471809	0.9980365518442973
-4.176189619759225	0.9993119574325197
-6.23811389750403	0.9999937039591728
-5.5230338034513515	0.9999673964810251
-0.6523881452774027	0.9870008856759929
7.087231007259142	0.9870008686944299
5.511535584499413	0.9870008686945159
4.214728146275842	0.9870008686957191
5.283753399272726	0.9870008686946059
-1.12630156961246	0.9870014232437725
-6.022860537723305	0.9999896679742583
-5.46453031493948	0.999962708471865
6.049558385551617	0.987000868694449
9.977231023006414	0.9870008686944272
-8.426395652494376	0.9999999591684756
9.676112821458762	0.9870008686944268
-5.111690008235206	0.9999162687493274
9.70663885192397	0.9870008686944272
4.485162811168664	0.9870008686953449
7.985832799700635	0.9870008686944273
-1.1962739641302242	0.9870023511798003
2.0237176409204327	0.9870008690624319
-4.4753743444725025	0.9996451980078931
4.481790420231455	0.9870008686954004
-3.6956488627164985	0.9981181840811625
4.224491350635656	0.9870008686957351
-8.835457839397902	0.9999999840803135
-9.947687270389473	0.9999999987705639
2.455864760225289	0.9870008687874686
6.338429230964934	0.9870008686944375
-2.6016811955058294	0.9907784378676452
-6.254129065901641	0.9999939317979372
-8.422372731109524	0.9999999587884938
8.27662014474786	0.987000868694427
-2.536108634469705	0.9903010721838182
-4.650365826748981	0.9997607005443887
-8.131103488547202	0.9999999194090183
-3.3742472653409328	0.996579924468907
-8.774255334016527	0.9999999816710907
-8.91128450702186	0.9999999866307208
0.6637271272952816	0.9870008739019014
-4.827245160902907	0.9998397686439325
9.47811043875356	0.987000868694427
8.084942246478342	0.9870008686944275
-1.3357316038056624	0.9870086088970639
5.050806447454171	0.9870008686947861
-3.4445327723263652	0.9969770046402362
2.294823050338417	0.9870008688753186
7.030603223219035	0.9870008686944297
1.196667701104662	0.9870008700318318
2.671214551602933	0.9870008687611911
9.124489288595157	0.987000868694427
8.36004197997934	0.9870008686944275
-2.190428080028153	0.9883202764727904
0.685447589831929	0.9870008740789553
6.022086513088503	0.9870008686944471
-6.07953989100237	0.9999909312284724
-3.7066810825141383	0.998158849487996
-1.6652943331232564	0.9871207380728467
7.464133332605449	0.9870008686944285
8.108304044494993	0.9870008686944272
-3.354100707908607	0.996459834896724
2.2412419329991593	0.9870008688761629
-1.3760095464327335	0.9870126679192155
7.0515172435581555	0.9870008686944299
-8.781047458115463	0.9999999819555114
8.337295154194095	0.9870008686944276
7.217642279919385	0.9870008686944285
6.073352645403027	0.9870008686944498
6.904776260613836	0.9870008686944302
-7.840908925605934	0.9999998427906208
9.219617423657436	0.987000868694427
5.454163738169498	0.9870008686945178
-6.193572783088603	0.9999930243312768
-5.333374832959956	0.9999496121798425
-6.847549215515509	0.9999984519268064
3.791371207372096	0.9870008687001322
8.774168217402988	0.9870008686944272
-9.004250188110824	0.9999999892069924
1.4256655616627967	0.9870008701474279
9.511377928963572	0.9870008686944273
-9.754625727334286	0.9999999980823555
0.15115787851923912	0.9870008729246816
-1.4877165879204668	0.9870338876520823
