0.8110616072968426	0.9800612369820384
5.650945263290641	0.9800612156944215
-1.8222304319797153	0.9812862734339065
9.445917486292018	0.9800612156940336
9.239581714536605	0.9800612156940335
0.06914028106386638	0.9800612357474431
7.7222539787521285	0.9800612156940365
-9.44916742758875	0.9999999954697336
-1.7016117449100765	0.9808348812604208
9.635586774556387	0.9800612156940334
5.796774645577711	0.9800612156942248
-8.088533385046524	0.9999998960666993
-9.93755226308684	0.9999999985285695
5.592313110667092	0.9800612156944176
-2.211868854780459	0.9837991278462631
5.282498776716423	0.980061215694802
5.8739168109505435	0.9800612156942253
-4.917219821715468	0.999847156186622
2.342798429680153	0.9800612164663284
6.728233502352651	0.980061215694057
3.6983712758700715	0.9800612157183419
-1.0491863901374643	0.9800711987534865
-3.9412145067802307	0.9986525115304213
-8.418009070341594	0.9999999513278569
2.8705323408920655	0.980061215889011
5.557056480247837	0.9800612156944172
-9.40037680901046	0.9999999949310927
0.678142838366087	0.9800612369492848
4.366544992130571	0.9800612157001577
-6.308233010246571	0.9999937352853018
-8.369209110079128	0.9999999455396656
-8.33069761396166	0.9999999404897628
2.7070018890984073	0.9800612158710819
6.336520046053916	0.980061215694078
8.634105103275616	0.9800612156940335
4.071600660003147	0.9800612157062786
-3.227950592929849	0.9946593653240252
5.68655738709332	0.9800612156942919
-9.933261971522548	0.999999998513961
-4.386785895277572	0.9994921797544865
9.32371058357149	0.9800612156940335
2.8560993923962776	0.9800612158887372
5.650578978088049	0.980061215694422
-3.4203580530633815	0.9961834721494932
-5.085794305535778	0.99989603228615
-5.236262010256638	0.9999263471770102
-5.645676386439562	0.9999712328688918
-0.17154085766131288	0.9800612405679985
2.807397786837038	0.980061215888111
4.041813011123416	0.9800612157062699
1.4698090618992143	0.9800612199237193
-9.752893901540865	0.9999999977488868
-5.617125567622647	0.9999692815969724
2.621562374070411	0.9800612160862734
0.20719214757543902	0.9800612357159525
2.15491871215141	0.9800612164852326
0.0945236489922685	0.9800612357244243
-8.399785204871598	0.9999999492420132
-0.06530472341343518	0.9800612400974996
-2.1497493234244347	0.9832851563658787
-6.007776755850331	0.9999874915985862
0.02010416598112741	0.9800612357511784
0.3349149160223739	0.9800612281571189
0.2557397363133873	0.9800612332132681
-6.848548655891871	0.9999981940864553
2.0092456945743145	0.9800612172277139
-1.3846942058290868	0.9802162905112809
8.70100492095208	0.9800612156940336
-8.37739309644836	0.999999946556324
1.4735173455207207	0.9800612196707776
-9.338060937309368	0.9999999941489991
-6.993578239533047	0.9999987067568379
2.0487844144668763	0.9800612171597043
7.426923362246978	0.9800612156940391
7.017707846436828	0.9800612156940455
9.175513910709824	0.9800612156940334
-7.348414814089068	0.9999994287034487
-7.2595697952198535	0.9999992990240675
3.0388533078607516	0.9800612157907328
9.137034295917331	0.9800612156940333
-7.376803102805076	0.9999994648516233
-2.3372038744663692	0.9849660115097397
1.7132796631628011	0.980061218744643
-5.3370783347725625	0.9999415542076654
6.003172025872779	0.9800612156941331
2.210017069075004	0.9800612164670034
-6.468745389669603	0.9999956705047126
5.2389578420184435	0.9800612156948012
8.96192321769561	0.9800612156940337
3.5499860487941426	0.9800612157418814
5.185070478851825	0.9800612156948044
-7.480137402449523	0.999999578164944
2.657486416515331	0.9800612160400128
5.189736038526664	0.9800612156948008
-6.799607244152677	0.9999979786898601
3.3456997252224916	0.9800612157433083
2.174107647315351	0.980061216472355
-0.16379266450730512	0.9800612405222658
-3.945172149466898	0.9986638182596859
-9.686613589387662	0.9999999973777287
-8.1691493801898	0.9999999136745378
-7.62711791151597	0.9999996992779722
-7.454675194432023	0.9999995526944174
5.561887540244177	0.9800612156944175
4.151649917780382	0.9800612157060516
-3.4713050574411275	0.9965267854119595
-9.140479925663625	0.9999999907782978
-0.5081726320430136	0.9800612491401156
-8.506731638050567	0.9999999603212187
-4.375157474702123	0.9994788077921034
-2.115199680180888	0.9830223833758251
5.374333653287838	0.9800612156946521
-8.203681767528682	0.9999999202727007
-3.839045611072347	0.9983285519653469
-7.937521141042989	0.9999998528481036
4.920698152141689	0.9800612156955641
1.7703160991522182	0.9800612178593887
-6.695236008252721	0.9999974296599754
-5.002751493027833	0.9998742822969753
-0.7032649245238787	0.9800613368372249
-4.813831246025964	0.9998065288710709
1.7109843280385029	0.9800612187361419
9.498631759366823	0.9800612156940331
-3.286588005819544	0.9951620880578192
1.748918397533	0.9800612185659932
-1.7701733559012425	0.9810756403350964
-7.862520475781274	0.999999825109756
9.666930952749237	0.9800612156940336
3.0092175215030146	0.9800612157824146
3.8036583173489333	0.9800612157183274
-1.1976549030427996	0.9801018096107403
-1.3958089893125258	0.980227512633177
-3.3983380773476934	0.9960273203566883
-4.421454916817162	0.9995300997966033
0.26276988127713174	0.9800612320516284
3.9856748308296908	0.980061215706263
3.262218376300927	0.9800612157780884
-7.992929371455171	0.9999998704736621
-9.661148080261913	0.9999999972193706
-9.315100502474394	0.9999999938313443
-4.832670012605291	0.999814654664579
8.196941543985638	0.9800612156940343
-8.982711752874529	0.9999999867389148
5.782694545057897	0.9800612156942271
9.797695158155648	0.9800612156940334
-0.4043897261039895	0.9800612461360617
-2.5306076604149252	0.9870189964973026
1.3501850134695204	0.9800612216647909
2.6056905039178204	0.9800612160801475
2.962788492893459	0.980061215858445
7.403699294922049	0.9800612156940394
-4.724743652757186	0.9997630750813996
-3.0445479178044144	0.9928849570808972
-8.672815139585847	0.9999999729308175
0.2375699339718409	0.9800612355311354
-8.9573500911487	0.9999999859414419
-6.5377058745795935	0.9999963060364521
7.395146995036615	0.9800612156940395
-5.263376898605001	0.9999307873406443
5.662558797656345	0.9800612156943946
-5.513409484135523	0.999961014033559
5.872336460822268	0.9800612156942254
4.925643446383056	0.980061215695566
-6.922534287116209	0.9999984769355129
-9.241749277493039	0.9999999926963201
4.621114475804994	0.9800612156970938
7.886786436097584	0.9800612156940349
-8.715293351780758	0.9999999754530798
1.790171753389501	0.980061217259941
-0.4321129973412816	0.9800612467022963
5.237631142418451	0.980061215694801
-8.113766710586301	0.9999999019333178
-4.32183515883946	0.999412995538107
-7.032875920930675	0.9999988186319274
-1.454332192010238	0.9802969982735645
2.5732333963097886	0.9800612160831845
-2.903866632201777	0.9913515110170852
8.327630092248729	0.9800612156940338
-1.4136897992071606	0.9802468728735484
-7.4237147795024905	0.9999995196432694
9.993783792839828	0.9800612156940338
0.9346747131390529	0.9800612271753956
9.315705101980235	0.9800612156940337
4.934985223955204	0.9800612156955675
4.294601476955604	0.9800612157001283
-8.178879039045196	0.9999999155869929
0.8756427192419469	0.9800612294938236
5.981066015536452	0.9800612156941778
3.1809183363667604	0.9800612157916665
-5.658905727161603	0.9999720945737783
-5.367493499675944	0.9999454949792363
5.783875814443643	0.9800612156942269
-7.799315415175503	0.9999997977119502
7.17342761669261	0.9800612156940438
-0.10677145425762369	0.9800612402109359
1.549559546562742	0.98006121880207
7.474741507610581	0.9800612156940388
0.933094174908522	0.9800612271303932
-0.17851684026634373	0.9800612406124257
5.796204446047245	0.9800612156942246
1.5171471404918435	0.980061218516435
2.0663199566983703	0.9800612168775735
-1.9776835506444144	0.982086281827774
9.041169142675951	0.9800612156940333
8.904286812173122	0.9800612156940331
-0.3632471921195126	0.9800612454091502
-9.090024198038652	0.9999999896422188
7.972360185525883	0.9800612156940346
6.759507148739921	0.9800612156940572
4.150415414956562	0.9800612157061402
4.293006413854368	0.9800612157001316
-1.7807508150238363	0.9811166386125779
-6.82404499101279	0.999998089275955
8.723224809549283	0.9800612156940334
5.800325074134554	0.9800612156942244
0.06331546551208156	0.9800612357637758
-8.532699798054901	0.9999999626242283
-7.554983282173122	0.9999996449427877
3.070260339102715	0.98006121579281
-3.1231028604878652	0.9936802046198274
-5.701892981978798	0.9999747205899344
2.450876242001833	0.9800612160906773
-9.551027039508945	0.9999999964168561
0.15059862865873797	0.980061235725713
8.413151422302146	0.9800612156940335
-9.297559183522171	0.9999999935770888
-5.060928979673149	0.9998899446175415
1.8003126050931648	0.9800612171199686
6.027203538827855	0.9800612156941206
-7.912673044494638	0.9999998441833721
0.6344456544441357	0.9800612369149801
-1.9073705996322587	0.9816884956818323
-9.243071440910956	0.9999999927185215
-1.9215263445499087	0.9817641258396635
6.464949721761851	0.9800612156940813
-4.749554210988847	0.9997760623569373
-6.114010122146598	0.999990204283135
-6.906449593822983	0.9999984194743213
0.1931917438211439	0.9800612356286691
4.54152421518836	0.9800612156970411
8.448004310153287	0.9800612156940337
2.1790827132374737	0.9800612164686222
8.102233301848973	0.9800612156940344
7.760872097783974	0.9800612156940365
1.3924372795848594	0.9800612216368892
0.06291673539081799	0.980061235764974
8.09381264924371	0.9800612156940343
-8.36401569456704	0.999999944884502
-2.331715015791942	0.9849117484733119
0.44085781272725555	0.9800612281346294
-8.71523567631051	0.9999999754498199
-0.5364234035786417	0.9800612511164711
0.8170321536799463	0.9800612371645752
-4.675679728727271	0.9997351672605138
5.441100752590064	0.9800612156944044
-6.948672851000954	0.9999985658918373
5.687795850237798	0.9800612156942863
-8.602938141139909	0.9999999682054999
4.847032416868222	0.9800612156955644
9.537070617656301	0.9800612156940334
-7.910759887535308	0.9999998434954586
2.0099723638947165	0.9800612172285638
-4.1559891596236564	0.9991531360427973
-8.49545010733384	0.9999999592769973
-2.9627626186812295	0.9920088511386884
9.762514679336178	0.9800612156940334
0.5990711240356248	0.9800612374324792
-7.622276561434411	0.9999996959069276
4.702580940188362	0.9800612156970839
-3.3439432364148702	0.9956214072030497
1.9939784231149016	0.9800612172266228
-5.815131161106977	0.9999805162086146
8.937449132592427	0.9800612156940333
-8.180953155787382	0.9999999159891658
3.762264896829066	0.9800612157184759
4.902441546236641	0.9800612156955582
-0.06759468625901022	0.9800612401712387
-9.330066020945655	0.9999999940402915
6.437699566986019	0.9800612156940812
0.10695144988795846	0.98006123572601
-6.451416344997547	0.9999954943035291
-9.026866003243384	0.9999999880208815
3.937044015427258	0.9800612157059144
-0.14358727744379607	0.9800612404263879
-2.1244964841680947	0.9830921332548851
9.71728740733177	0.9800612156940334
5.060526058599738	0.980061215695474
0.21417559842468847	0.9800612358640819
-1.5160179696556142	0.9803903977768079
9.889244287800732	0.9800612156940336
4.305357941527003	0.9800612157001253
3.971303194005129	0.9800612157064512
3.3860308431179575	0.9800612157427594
3.3715791841338927	0.9800612157434703
1.4706499094081558	0.9800612198656895
5.36248678028592	0.9800612156947481
5.945974866512049	0.9800612156942292
2.1631246247043237	0.980061216481544
-7.792877908846334	0.9999997946911542
5.861620740114324	0.9800612156942251
-8.523448256928337	0.9999999618194907
-4.072225009999886	0.9989833343148324
-9.30410772703083	0.9999999936732105
-4.219049077555002	0.9992628105888604
1.5353485983338864	0.9800612187324034
-1.7444799437216254	0.9809804370729729
-6.8550511982138	0.9999982209216526
8.470646803872881	0.9800612156940336
-2.02009395888175	0.9823534836950365
5.617092083392583	0.9800612156944148
-5.474058943732771	0.999957325684756
-2.5165436820496634	0.9868605273894292
-6.069320133183469	0.9999891432591399
-0.5544385819594808	0.9800612530862676
-7.681381841735191	0.9999997345992012
5.558037755014302	0.9800612156944172
8.862625270406571	0.9800612156940334
9.004156227113054	0.9800612156940336
3.280761707612916	0.9800612157569648
7.852235316986867	0.9800612156940346
-7.963119743891287	0.9999998612709254
-3.8263348061604985	0.9982836623605894
-1.3077411834474795	0.9801537576098083
-1.1732675583665486	0.9800942529716236
1.8000769135139336	0.9800612171218034
-1.9703273787649334	0.9820420465125845
-4.4657992811160785	0.9995746058602147
-7.513014299861327	0.9999996089191859
-2.9999851905509622	0.9924134074802167
8.12887279545405	0.980061215694034
-5.782338591608647	0.9999789899099408
4.977987686338823	0.9800612156955687
8.696972339052241	0.9800612156940335
9.234303712811297	0.9800612156940334
-7.9271160633167215	0.9999998492800068
3.056507821820764	0.9800612157936992
-6.495266430602675	0.9999959269232304
-2.9149429789776393	0.9914765850642391
-1.6880956194081875	0.9807924823793126
2.0415836869950574	0.9800612172308515
5.609294421365835	0.9800612156944151
8.531721626101287	0.9800612156940333
3.8527409262086074	0.9800612157177006
-4.7225280274379555	0.9997618797812065
7.883359662937028	0.9800612156940351
2.52107619634144	0.9800612160826966
9.835850798252505	0.9800612156940335
-9.997872765413947	0.9999999985663501
9.89222517386548	0.9800612156940336
8.346475036427421	0.9800612156940338
6.489348151142469	0.9800612156940814
-6.362071649508105	0.9999944654710199
-8.51389458102943	0.9999999609702841
0.8321145585539078	0.9800612372331663
7.328181740578344	0.9800612156940394
-4.6669561683384675	0.9997298768099684
8.648096338052401	0.9800612156940335
-5.968237117804769	0.999986300278402
7.44197171271848	0.9800612156940394
0.762755720179257	0.9800612369650086
6.9210454592895445	0.980061215694044
-6.8889241961442504	0.9999983543957291
0.5473295970624381	0.9800612294767669
0.4075595412757327	0.9800612281210235
2.886684014901375	0.9800612158886902
-7.364341392463474	0.9999994492740895
9.869174363093126	0.9800612156940336
3.342696399732411	0.9800612157429153
3.4267172041354534	0.9800612157428767
9.628730077173241	0.9800612156940333
4.661579218557325	0.9800612156970973
0.8612249812640336	0.980061232713131
-5.992954702929576	0.9999870576500821
5.803274422582131	0.9800612156942244
8.695171154167362	0.9800612156940337
-8.029961859790502	0.9999998810605703
0.038363627075877815	0.9800612358126424
-3.873406783547977	0.9984446523338477
7.659405814622989	0.9800612156940361
7.176014849762382	0.9800612156940436
9.382824229386376	0.9800612156940336
9.10770937038852	0.9800612156940331
-6.168552478299629	0.9999913598223366
-0.2155789783016271	0.9800612408746429
0.24369703923925456	0.9800612349228425
-1.6481555297301078	0.9806768387952859
0.377188271750315	0.9800612281104205
6.545469909243078	0.9800612156940828
7.115247191011974	0.980061215694045
3.664700466616786	0.980061215718961
-2.585528750256949	0.9876470272593265
-4.519865447924207	0.9996233305335974
7.293413649086496	0.9800612156940394
1.518949530063507	0.9800612185351608
0.9537541353655765	0.9800612273488472
4.105080765428383	0.9800612157061923
-8.645029353324665	0.9999999711423547
2.571293340445372	0.9800612160831635
-4.637873304138913	0.999711476849722
-0.5275195749418273	0.9800612503683579
-5.820361561386362	0.9999807491964019
8.668568568196502	0.9800612156940338
-9.282756146697153	0.99999999335439
8.10258599233213	0.9800612156940345
-8.047195126729981	0.999999885687763
1.7896917590439276	0.9800612172699738
-9.394058542981316	0.9999999948568105
-1.424525299829181	0.9802593976119977
-3.339445453376899	0.9955865559324282
-7.28868854767688	0.9999993444803126
-7.35377306954097	0.99999943570849
1.9590628928964726	0.9800612172345984
-7.093321026518122	0.999998972116367
-1.544910601710363	0.9804405712790365
-1.2103891560995361	0.9801061904174546
-8.589333419885792	0.9999999671937398
9.965173017322229	0.9800612156940335
0.34078405586313565	0.9800612282077091
9.096532353274203	0.9800612156940333
-8.981790506291091	0.9999999867107552
9.615075569928461	0.9800612156940331
-5.187555480267978	0.9999176472038042
5.51255804565718	0.9800612156944158
7.661296222965028	0.9800612156940358
-1.2019770263141503	0.9801032647245852
4.522795892209345	0.980061215696816
-4.099991979887521	0.9990428981923755
6.521265953527404	0.9800612156940813
-8.744484394681553	0.9999999770487612
-8.952855067291846	0.9999999857951785
4.215797954615116	0.9800612156995621
-0.8939041474607166	0.9800628283420966
-8.417559259717073	0.9999999512774199
8.490465010819591	0.9800612156940333
-4.731808613269539	0.9997668471373353
4.281623976323106	0.9800612157001843
-2.5752791058463087	0.9875288584016028
5.9645424562256455	0.9800612156942125
5.42846935976501	0.9800612156943845
9.29060014128616	0.9800612156940336
-9.796168455923215	0.9999999979623826
-5.001622206239915	0.9998739573353507
-2.3195613264697235	0.9847924911271421
9.478424361572856	0.9800612156940334
5.521964531164203	0.9800612156944166
-7.8794358378986695	0.9999998317905259
-8.375118809402	0.9999999462757202
0.011075239643435708	0.9800612357411839
-7.7938580957067405	0.9999997951539991
7.738319843695276	0.9800612156940365
7.868900458128959	0.9800612156940349
-6.316789421261864	0.9999938574608714
-4.467036131489199	0.9995757863813041
3.688284164264225	0.9800612157184064
2.660423891956011	0.9800612160279129
7.4972390621181795	0.9800612156940371
7.101498078923605	0.9800612156940454
1.1371108990132974	0.9800612272151688
5.6078838821299435	0.9800612156944153
6.225880669316368	0.9800612156941291
-9.899035026189637	0.9999999983921127
-0.683790727041643	0.9800613156248975
5.751573714574999	0.9800612156942259
4.363800558726375	0.980061215700156
5.690892657057404	0.9800612156942732
1.475607443823538	0.9800612195327792
5.396162682685301	0.9800612156944628
-1.892195199444524	0.9816095908987486
-7.231326356296375	0.9999992519241766
-1.1964986379264033	0.9801014260125218
-3.0563896242781974	0.9930077850042054
-0.003748848740873001	0.9800612359349823
-7.4145003388238395	0.9999995093428948
-0.1510053038418846	0.9800612404584452
6.633708728676314	0.9800612156940549
7.236403428765389	0.9800612156940387
-3.9634904589370157	0.9987150223231749
8.762524037752641	0.9800612156940335
-6.554707510593576	0.999996447823483
-4.077685347816153	0.99899531637646
-2.2909911955031603	0.9845174858145341
0.24890677680552287	0.9800612342488169
-1.91178356866779	0.9817118540087632
9.189086697782574	0.980061215694033
-0.6341168618628821	0.9800612782604557
4.623134180493427	0.9800612156970954
5.882262750626669	0.9800612156942254
7.442443893106869	0.9800612156940395
-1.9853496681757363	0.982133039997159
1.1004793238932677	0.9800612271023377
-4.385315360288717	0.9994905073002786
-3.63832124095663	0.997483438260053
-3.3471943084110656	0.9956464749772735
-9.851296601611805	0.9999999982052895
-7.017579551732238	0.9999987762841518
-4.118818996811751	0.9990813949858164
-4.132974986303091	0.9991093709442108
-3.7818386120999925	0.9981178948245955
9.817637523127761	0.9800612156940333
8.886895868289741	0.9800612156940333
-2.752288153485245	0.9895960255812216
7.065815115333301	0.9800612156940454
-4.0164097201941695	0.9988529223756006
4.6562727372684165	0.9800612156970966
4.812622453502744	0.9800612156954345
9.472717285711731	0.9800612156940334
1.5975437512997495	0.9800612187274792
7.508635745204803	0.9800612156940363
9.778381564261096	0.9800612156940334
4.278412449653919	0.9800612157002064
-5.870609944419463	0.9999828504420092
-8.980155276875008	0.9999999866606235
-0.9922228064875771	0.9800664803263374
5.795452002066529	0.9800612156942246
9.91001863000917	0.9800612156940335
-1.891209068710328	0.9816045453592024
9.924141353538548	0.9800612156940334
6.4084605859255035	0.980061215694081
-3.122294045983578	0.9936722706601939
4.245311277124113	0.980061215700154
-3.7842781839120443	0.9981273396481555
-0.580127230766152	0.9800612572286281
2.5289665691386265	0.9800612160828593
9.86696132142443	0.9800612156940337
2.9222148267211843	0.9800612158904687
-8.723895034197223	0.9999999759344754
2.4525375165055365	0.9800612160909772
7.947881620572819	0.9800612156940348
-7.392658430753984	0.9999994840360853
9.247812893810487	0.9800612156940333
-8.476146281480998	0.9999999574261169
-6.7516805567739135	0.9999977428844176
0.5892502006280829	0.9800612368072421
2.598978014023711	0.980061216080389
-7.466751135730045	0.9999995649605797
7.229917510338559	0.9800612156940385
6.742527580021381	0.9800612156940574
-2.3362181136686866	0.9849562483878871
0.7238746336044777	0.980061236913894
-8.64950315844331	0.9999999714380983
-8.581765419701558	0.9999999666170502
5.822881473186371	0.9800612156942249
-8.740173489512312	0.9999999768198081
2.8878044918697032	0.9800612158886112
1.8530776023422604	0.9800612172665708
-7.446051763495722	0.9999995437241277
9.828625940475778	0.9800612156940334
1.3671037947790055	0.9800612216739453
0.24068105583133104	0.9800612352506346
-7.554068182157665	0.9999996441938624
2.1049228399552646	0.9800612163993486
-0.8653669038265157	0.9800623126160415
-4.938626953209564	0.9998544461701542
9.010590096704973	0.9800612156940334
-8.254138994818279	0.9999999290177062
6.882780299386944	0.9800612156940517
2.0971409701242685	0.9800612164312088
4.736684619140096	0.9800612156971588
-7.6591489854293515	0.9999997206589804
-7.382990114669417	0.9999994724211331
1.1575022440632399	0.9800612253660097
-0.702244286909778	0.980061335513648
-7.445526173778716	0.9999995431716192
6.382208817805623	0.9800612156940819
2.228760103577496	0.9800612164689916
0.8701902623530309	0.9800612306704027
8.13563246534477	0.9800612156940339
-4.355008999824408	0.9994548259686223
8.207965907944683	0.9800612156940343
3.158541796131157	0.9800612157915515
0.0027894777637627044	0.9800612358056253
-9.431254220357284	0.9999999952789681
-8.447253713682867	0.9999999544974219
-8.09450829211233	0.9999998974867776
-3.8421734975215216	0.9983394352277695
9.323818831438949	0.9800612156940337
-2.450173270044025	0.9861306652097805
2.880067737932528	0.9800612158889837
8.544992296511431	0.9800612156940337
4.628844850238094	0.9800612156970983
-1.2166639337904694	0.9801084504588217
8.443327279558957	0.9800612156940336
0.3261942553796473	0.980061228011712
4.980169972242333	0.9800612156955688
9.535597268340613	0.9800612156940335
-1.7387331482727042	0.9809599695992919
-1.3788816650728606	0.9802106620916834
-9.711048884578336	0.9999999975211943
-1.3828326917717284	0.9802144703162039
9.040520850287884	0.9800612156940335
1.207139706164547	0.9800612211659332
1.956694693107357	0.9800612172342087
0.9085517543618273	0.980061226356564
0.6388711407851275	0.9800612368427778
-8.150308321431158	0.999999909847018
-0.5913130843960488	0.9800612597810023
-2.1344290810726285	0.9831673101311585
-0.19344647299026718	0.980061240712981
-6.747436168585499	0.9999977207202041
9.62891039057375	0.9800612156940331
0.14585154492468	0.9800612357190636
-3.970193509836024	0.9987333016852454
8.303006319874772	0.9800612156940338
-9.751162855951613	0.9999999977398961
-5.890893030534978	0.9999836322375738
7.123887706408368	0.9800612156940451
4.5688046730496055	0.9800612156971569
9.324282575995507	0.9800612156940337
-6.171940943561682	0.99999142693945
-6.9740526106475675	0.9999986472920174
1.9272929735298874	0.9800612172347739
-4.191533144728505	0.9992167334614818
-4.242723113064346	0.9993003681119356
2.913632975878766	0.980061215888176
-3.9667830856753428	0.998724031639823
-6.777612572845517	0.999997873697492
7.8892833485651614	0.9800612156940351
-2.56448854935877	0.9874048911037958
-8.755295778059615	0.9999999776130652
9.214516504431689	0.9800612156940334
-3.8093641865213312	0.9982220436684002
-9.25089003271986	0.9999999928484363
-4.590686148322027	0.9996789689123754
5.190157174601101	0.9800612156948006
5.214997713926412	0.980061215694798
-6.93433778662679	0.999998517768976
-1.1656880577184445	0.9800921432772722
0.9557368212982897	0.9800612273390884
0.14767372085456998	0.9800612357214018
6.619533856613057	0.980061215694055
0.6726684013042483	0.9800612369211207
-6.1723208942947005	0.9999914344327682
9.544732884892092	0.9800612156940334
0.1325868617050716	0.9800612357141336
-8.212626073340914	0.9999999218978882
4.55083454368436	0.9800612156971329
-1.7918268768696866	0.9811606607589975
-3.7046538099391046	0.9977965621906087
4.72148375387874	0.9800612156970939
5.625447590684317	0.9800612156944172
5.209439749041858	0.9800612156947969
8.486507368828818	0.9800612156940335
3.70531362400817	0.9800612157183592
-8.905852405946547	0.9999999841715511
1.937177850123316	0.9800612172341067
-7.72532584487708	0.9999997601394467
1.4871736899572987	0.9800612188820454
-4.786464078804564	0.9997940931472525
2.9256327996491507	0.9800612158915271
-8.390914642258824	0.9999999481946169
9.312535098991393	0.9800612156940336
-5.977607332243693	0.9999865924678581
-2.6012789115097945	0.98782935493101
-1.21678546962643	0.9801084948703715
-7.761818138088512	0.9999997794703335
5.498921705603523	0.9800612156944156
-4.246418177303437	0.9993060620821228
0.8258750753653352	0.9800612373370474
-0.24083012288089733	0.9800612411179755
-5.430655484510081	0.9999528525234885
-1.4534445310227806	0.9802958093707063
-6.064155468165855	0.9999890134619813
9.69636241086775	0.9800612156940335
5.498292854589666	0.9800612156944157
7.620079570591088	0.9800612156940363
-9.02938852065537	0.9999999880902579
5.042050265130648	0.9800612156955987
0.433658732511768	0.9800612281405467
8.758703243911349	0.9800612156940331
-4.182347190374891	0.9992007479531666
-3.976471898649865	0.9987502045796153
1.7577560764241706	0.9800612183027777
-9.32945501279628	0.9999999940319009
4.247954661661812	0.9800612157002001
0.9268307268620788	0.9800612269092934
-2.8932563350554963	0.9912311506333302
-5.089723833622344	0.9998969632221181
3.905727098904137	0.9800612157054415
-3.7881577947503287	0.9981422729789927
-8.020640563271977	0.9999998784801777
4.204148032102575	0.9800612156998607
-4.349510517107205	0.9994480978834891
5.331681006737462	0.9800612156948093
8.76392053924895	0.9800612156940336
-2.8291810862860034	0.9904944548909727
-4.3668019389945645	0.9994689892814448
9.924556676137634	0.9800612156940335
-2.6158421654552066	0.9879986623192594
8.379816219366543	0.9800612156940338
3.757570446817539	0.9800612157184672
-5.907140398467665	0.9999842327131871
7.7792579372307955	0.9800612156940359
-2.1169278134089087	0.983035307631648
3.404976238745533	0.9800612157426378
0.24884307922807736	0.9800612342577628
4.100739373672875	0.9800612157062102
-2.877741849726676	0.9910542511829497
-4.8264599383029605	0.9998120140495832
-3.5112222049434383	0.9967785249660043
9.119833178368534	0.9800612156940334
-0.4339580711790436	0.9800612467419496
-2.1727356541301335	0.9834682010583333
-4.2577821118014825	0.9993232960749238
-8.19750485978259	0.999999919130656
0.8359831079000557	0.9800612370169548
-1.6452445755776388	0.9806689522606831
2.74708753350318	0.9800612158918336
-5.079341453279036	0.9998944853938427
1.4955753583882192	0.9800612185965694
-8.441896627327719	0.9999999539326634
-1.2332446181279657	0.9801147534417772
9.474339683601208	0.9800612156940335
-0.0649944346858522	0.9800612400860046
-8.029810380345994	0.9999998810190777
6.29855069100622	0.9800612156940873
9.294424388109128	0.9800612156940334
8.634534640482311	0.9800612156940336
-5.0900254345514995	0.9998970343305833
8.61337844636536	0.9800612156940337
4.245793179749132	0.9800612157001634
6.627033055204205	0.9800612156940547
2.336856947302568	0.9800612164812685
3.6777532879950456	0.980061215718636
-4.458487342127495	0.9995675611736378
0.3955510165698648	0.9800612281025722
5.891724330254098	0.9800612156942256
-5.18298721818244	0.9999167805395548
2.486914692747252	0.9800612160810982
9.168895614251827	0.9800612156940334
3.7866009691374245	0.9800612157184855
-6.976214817285511	0.9999986540093451
3.473396483946175	0.9800612157429207
-6.20069483848579	0.9999919759124059
-9.392804985984204	0.9999999948419439
1.5805246295409514	0.9800612187340673
-2.889876073594797	0.9911926981119138
-0.684938628698756	0.9800613166760604
-5.1276047329582175	0.9999055230927453
6.199040174212481	0.9800612156941291
3.038786381969775	0.9800612157907084
-1.3685627063449815	0.9802010616372696
-0.7498777294708958	0.9800614310115484
7.17684872593091	0.9800612156940436
8.395136093759476	0.9800612156940336
8.380246263358476	0.9800612156940339
8.149698641254371	0.9800612156940343
0.41533127783113244	0.9800612281323605
-2.9320868070218076	0.9916689199940535
-5.317768153199105	0.9999389061854146
-2.7867809726986037	0.9899996248344983
9.276873557100078	0.9800612156940334
8.203099042533893	0.9800612156940341
-2.1419485849176434	0.9832248183926923
-0.30410312896533753	0.9800612420360305
-2.8656562987087053	0.9909157439909211
-9.312153606517807	0.9999999937893442
-2.497452214339786	0.9866468597022527
-5.431796883574118	0.9999529759383973
6.543069998684651	0.9800612156940824
-5.660203921432991	0.9999721777317268
-1.5592668713281643	0.9804676241208807
1.530685684670372	0.9800612186809576
1.8590769244439365	0.9800612172629848
1.6511494123046422	0.9800612187403405
-8.900162580885617	0.9999999839628139
5.165259449231252	0.9800612156948177
6.460379811151228	0.9800612156940813
-8.540988800774421	0.9999999633308209
2.640157817853055	0.9800612160869372
-3.6399319030384714	0.9974914678950406
-5.403230937088961	0.9999497881359891
-1.4224516875482163	0.9802569542265865
8.58348178665112	0.9800612156940337
5.718870429248696	0.9800612156942072
1.7256388177822846	0.980061218798933
0.4654110489630483	0.9800612280941234
2.311927357138135	0.9800612164664677
0.7659893550374299	0.9800612369672672
1.106615566300384	0.9800612271317943
4.066898089846465	0.9800612157062724
6.043924817006115	0.9800612156941265
6.746491213016782	0.9800612156940571
-6.964513532649637	0.9999986172542776
8.083227882003314	0.9800612156940347
0.9867387140654529	0.9800612271270979
-7.178669534026341	0.999999155499367
-6.383342224450241	0.999994729923307
-2.8529372492063665	0.9907693555421392
5.409889059836313	0.9800612156943939
3.2592363135891667	0.9800612157811548
9.70903746804806	0.9800612156940334
-0.6066097923296532	0.9800612645409669
-3.270801622613977	0.995030016775065
-7.698372417256447	0.9999997447816733
-3.429183246205403	0.9962447306061571
6.562805801139536	0.9800612156940798
3.36811675110933	0.9800612157436496
-5.94197356452979	0.9999854469479139
-4.439275272800063	0.9995485049726923
7.5561837513477315	0.9800612156940365
1.5832720032660408	0.9800612187301954
-6.758747052888334	0.9999977793086904
-1.7635772588530418	0.9810506129371577
7.161362205499408	0.9800612156940453
1.493638720174694	0.98006121864611
-0.957051715250028	0.9800646705102279
9.25666155429781	0.9800612156940335
5.513817500124873	0.9800612156944157
-0.5962509406800152	0.9800612611345862
-6.834858263716894	0.9999981362577598
-8.430482811207764	0.9999999527059165
7.167016031350826	0.9800612156940447
-8.263072688791699	0.9999999304629354
-5.155675175118555	0.9999114064322414
4.430146329914436	0.9800612157002372
4.802447772690851	0.9800612156955512
-1.5380230743053858	0.9804281719083635
7.713552224232508	0.9800612156940367
1.088331599362725	0.9800612271318764
3.39586175545592	0.9800612157425993
6.131034176521521	0.9800612156941291
5.602564810206436	0.9800612156944162
1.159711294228675	0.9800612250889013
-3.857163384415312	0.9983907098038369
-7.3980887264299255	0.9999994904472086
-6.176065453119937	0.9999915079330697
5.1033683882619485	0.980061215694794
3.9393828410718825	0.9800612157060384
0.21408598062226503	0.980061235862082
-2.0349244066341443	0.9824516668186283
-4.708655924796248	0.9997542596161468
-6.5153680610666775	0.9999961111105167
5.530027439444352	0.9800612156944173
-7.038682496888278	0.9999988343207704
-4.898058504086711	0.999840324678441
4.991704181237168	0.9800612156955671
1.8194199552116164	0.9800612171234733
9.630366355495656	0.9800612156940335
4.885577058545021	0.9800612156955708
0.5760584263024793	0.9800612349445421
3.4149305240423935	0.9800612157427682
-4.732787513220789	0.9997673650864003
-7.54277805660625	0.999999634822932
8.125713909931214	0.9800612156940339
7.713301347189052	0.9800612156940364
-9.823774404504984	0.9999999980878732
-2.27823769298531	0.984397334018331
4.872766831547484	0.9800612156955923
5.523141849548043	0.9800612156944167
-0.6394161666191458	0.9800612816473758
6.32756368161094	0.9800612156940766
-0.2402014652329676	0.9800612411110052
-4.796327074153286	0.9997986634325625
-9.38373711819322	0.9999999947331156
-8.122236397915756	0.9999999038272936
-6.079535573763812	0.9999893954929677
-0.32752546888914935	0.9800612431803721
-6.009951982332162	0.9999875540476072
-4.846598209318764	0.9998204444925061
-4.391799988714844	0.9994978423640758
-6.007957283223009	0.9999874967932815
6.920467348895684	0.9800612156940439
5.107932928127665	0.9800612156947593
6.608451667720875	0.9800612156940568
9.24876752757326	0.9800612156940336
-1.0133887231125627	0.9800679443215178
-8.560216387911485	0.9999999649188617
-7.1305044047188115	0.9999990564549066
-8.094640873105941	0.9999998975180675
-2.417667669174808	0.98578776169376
5.1426623877641475	0.9800612156947839
-4.557159278205023	0.9996537137171667
-0.7407887966079976	0.9800614065337244
5.781693203662769	0.9800612156942273
-0.3475958073082772	0.980061244537225
-9.74766250501711	0.9999999977216065
4.875683532343986	0.9800612156955876
2.1836627739114114	0.9800612164662736
-4.136188142543338	0.9991156076006327
9.542482599608078	0.9800612156940334
-2.0910647346352462	0.9828442089968787
0.14998146756286523	0.9800612357247656
-2.8877674762605343	0.991168685786184
-2.7266991944491403	0.9892968789210966
0.8229696070422889	0.9800612373093679
-9.097172553754952	0.9999999898113066
-9.878737901040564	0.9999999983151835
-9.601784924369422	0.9999999968120874
-6.3059019779841075	0.9999937015816861
9.584151348680972	0.9800612156940335
-0.24735472646939627	0.9800612411918904
8.298806115282652	0.9800612156940339
3.2996846894810226	0.9800612157411147
-2.0362282739368798	0.982460409129228
2.718715231100104	0.980061215871967
1.375021596342183	0.9800612216723898
-8.879663783487288	0.9999999831877064
-9.874271980763893	0.9999999982977684
-8.016456829306819	0.9999998773038785
2.431679138161904	0.9800612160711599
-6.455706464833004	0.9999955385821099
-4.215287463633204	0.9992566680755137
-6.999867280874197	0.9999987253480294
-1.762468309068348	0.981046445567689
3.361502348173806	0.9800612157438905
-5.71755352375106	0.9999756146666947
4.789444164514203	0.9800612156958909
3.7724061298238443	0.9800612157185016
-8.156884274723858	0.9999999112018192
-2.0063158715919105	0.9822644089712227
-5.468285207635373	0.9999567559877302
5.843400762547976	0.9800612156942251
1.8098967982286496	0.9800612170901335
4.8988331486463785	0.980061215695559
-5.705172675763972	0.9999749105026176
-3.1888968218257174	0.9943063534338787
4.372687730065913	0.9800612157001619
9.101584323623438	0.9800612156940331
0.6743759130614393	0.980061236931442
3.0053902395041945	0.9800612157835694
1.8750426311708992	0.9800612172382411
6.209847539404198	0.9800612156941286
7.001078319163604	0.9800612156940455
-0.73853113053719	0.9800614009950421
7.210750809481542	0.9800612156940389
0.24951427591222242	0.9800612341627275
-6.756076555841397	0.9999977656132127
1.6508808402821185	0.9800612187402925
9.76437695925727	0.9800612156940335
6.357337777943073	0.9800612156940819
6.614217639226823	0.9800612156940555
-0.46022797231049495	0.9800612473602983
-9.791385972291419	0.99999999793982
3.552153812729779	0.9800612157411579
-7.424612438537217	0.9999995206350885
3.9052852664371773	0.9800612157054766
2.498184051704456	0.9800612160806633
-4.200007777062389	0.999231210215776
-9.94505503074297	0.9999999985537739
8.017424847132474	0.9800612156940349
7.7240911181566005	0.9800612156940366
4.969348028594563	0.980061215695567
-2.631567102476491	0.988182074041507
2.946352033103551	0.9800612158866998
-5.368568666044968	0.9999456293279186
-9.300238339832102	0.9999999936165894
0.5165936538603546	0.9800612279050409
9.581743821000927	0.9800612156940333
3.9147431926810015	0.9800612157050805
7.187158178155443	0.980061215694042
-8.23306842042303	0.9999999254889872
0.8680424250495111	0.9800612311545889
0.30728483306358	0.9800612277522275
5.102391571604162	0.9800612156948032
-3.9452196098513648	0.9986639533192986
-6.969387306026258	0.9999986326838382
3.466996753931264	0.9800612157428928
8.949328946297882	0.9800612156940336
-2.576543919291132	0.9875434190341789
2.1996250312822916	0.9800612164649549
0.27776430716138023	0.9800612296747737
8.871763744588499	0.9800612156940335
4.497454558010885	0.9800612156972313
0.1513109429191939	0.9800612357268194
3.5647722008961793	0.980061215735292
-5.393917394178058	0.9999487028970211
5.44162510089491	0.9800612156944053
8.801846573033473	0.9800612156940333
6.319508543958008	0.9800612156940766
-8.95087973284805	0.9999999857304224
-8.293235035190794	0.9999999351284721
0.5215878055120093	0.9800612277984587
-8.279605849192588	0.9999999330603744
-1.5347368166917885	0.9804223679256704
-4.983104978747459	0.9998685083416657
5.431117038565709	0.980061215694388
-7.622605072169253	0.9999996961368607
4.568660380434579	0.980061215697157
-9.207933229398018	0.999999992104897
-7.499200008834479	0.9999995962797061
1.8134456019089118	0.9800612170970839
1.9287455741447737	0.980061217234738
-8.795340187576635	0.9999999795849506
-9.567339515424461	0.9999999965489459
2.8403126934370135	0.9800612158887918
-3.6787622933097586	0.997678564294042
-2.452272271136806	0.986153061762982
9.316308826699	0.9800612156940337
1.559171384049062	0.9800612187938826
2.4816623950996295	0.9800612160822019
3.701492156952103	0.9800612157183453
-4.7072062314500895	0.999753449535403
-5.881247330090313	0.999983264993652
2.408248718305451	0.9800612160458099
-1.206985713195575	0.9801049920784217
5.965560337609803	0.9800612156942106
2.280441033343074	0.9800612164691246
8.090149070890867	0.9800612156940345
6.43099384359925	0.9800612156940812
-6.244601695588292	0.9999927471605398
