6.324985812821467	0.9814608841036147
-0.1870205878285347	0.9814608895127043
-9.748020492851097	0.9999999977819906
3.8873768257753305	0.981460884116124
4.79205224547349	0.9814608841051077
2.8627702045903938	0.9814608842715188
7.251263513903005	0.9814608841035825
-2.4615525492322554	0.9869025361891485
5.627250648997748	0.9814608841039093
3.915060101792868	0.9814608841130975
-2.2901650051589417	0.9853044671966026
-9.28346555559874	0.9999999935357478
-1.5233469700775935	0.9817111879356913
9.454655415402978	0.9814608841035776
9.293920035075928	0.9814608841035775
-8.973889387370285	0.9999999868145786
-5.663700819795521	0.999973110793788
0.9336845965279661	0.9814608940615167
-3.367217990354283	0.9959303301534644
5.02217031634887	0.9814608841048973
3.0381385613621603	0.9814608841866975
4.678486885338874	0.9814608841062219
-7.416310849441681	0.9999995239416798
1.939177585368487	0.9814608854321731
-0.40575721273212295	0.9814609186844485
-7.329152076127281	0.9999994181431904
-7.256513134848794	0.9999993122159733
-5.5521069487257035	0.9999652491233084
-5.487436890493114	0.9999596828469861
1.7963967842207396	0.9814608853667302
1.7475389279127107	0.9814608866135502
-9.01200607010094	0.9999999879224892
6.949610363127082	0.9814608841035874
8.2857897490424	0.981460884103578
-4.3095860275733155	0.9994127578176433
0.8780705565189209	0.981460895689962
-2.3017922202236907	0.9854053847826781
7.834367710504971	0.9814608841035783
3.0410155681673565	0.981460884187563
-9.314532721687247	0.9999999939820136
4.822772818581317	0.9814608841047753
3.7722298183061973	0.9814608841246666
7.540640921713731	0.9814608841035796
-9.129167026265645	0.9999999907781786
6.680237370890843	0.9814608841035983
-3.704432321968345	0.9978586583939224
5.050276921890745	0.9814608841049058
-6.311620289444693	0.9999939437410068
-5.165731138186467	0.999915658896663
-7.003983812305474	0.9999987698233754
-1.2711127356753238	0.9815066140388805
6.283110485442563	0.9814608841036386
-6.055079788973359	0.9999890700768205
3.8692359718243807	0.9814608841205497
-9.778689779216254	0.9999999979332206
8.445377303790742	0.9814608841035778
-7.22045302733743	0.9999992526728427
-8.238799032163158	0.9999999283555431
-7.458669381010661	0.9999995681799847
-0.9979500114815174	0.98146379644133
3.687379603031861	0.9814608841245961
-4.481774752538672	0.9996003769458729
-2.441884676684225	0.9867088018789025
8.920987222774919	0.9814608841035773
-4.809148392959597	0.9998095302439167
3.3168359281437887	0.9814608841416648
3.8987291759325196	0.9814608841140924
-0.9598047622886696	0.9814626584056941
-7.863193634864167	0.9999998298683516
6.293644743511727	0.9814608841036284
-2.4242484378800366	0.9865375978098206
9.378860825657505	0.9814608841035773
4.8881904090524575	0.9814608841048997
4.930675484889617	0.9814608841048995
-5.441041708824881	0.9999551496336977
-7.563444567818034	0.9999996607422871
-7.815081991023569	0.9999998099375133
-5.493739312038266	0.9999602623069797
-7.010355473603074	0.9999987877386325
9.270842672931256	0.9814608841035776
-3.6102329361553975	0.9974176414855483
2.1376309517360568	0.9814608847702094
9.34422671874583	0.9814608841035776
1.821399278234992	0.9814608853465812
-5.19764976888045	0.9999216070037653
9.319672743691456	0.9814608841035777
3.7103790385293767	0.9814608841245706
-5.848193454008053	0.9999824074366769
-0.12562144727650804	0.9814608892246717
-0.8270109994022903	0.9814611800907319
-4.816005317480494	0.9998124802444346
-2.3706140787515917	0.9860275587779596
-2.159311118610261	0.9842656478981178
-6.810226532023664	0.9999980782070331
6.8335450007495915	0.9814608841035983
-4.53427706809812	0.9996449135120427
-0.07844880412952726	0.9814608889279667
9.040915184420186	0.9814608841035773
-6.5865073659659945	0.9999967834386373
-0.7244552519333869	0.9814609723099409
3.2493267753302657	0.9814608841857563
-8.993418212462752	0.9999999873943488
-2.271862436602752	0.9851483463489302
-1.8491767593272268	0.9825424370851245
2.5055793705188947	0.9814608844374003
-1.0790476954784225	0.9814685117903518
9.148765129425719	0.9814608841035771
-0.10194668029470577	0.981460889195743
-1.9321011870570537	0.9829042845234799
-4.400698958841467	0.9995207092414488
-2.0650891954610673	0.9836394680594573
-0.32408708449685797	0.9814608998974125
2.5633938132685596	0.9814608844388207
-9.425743149086315	0.9999999953415558
-8.282836368295094	0.9999999352640557
8.542108676883785	0.9814608841035777
-0.5654631876115843	0.9814609236015603
-0.8005081232133548	0.9814610898547014
-3.0209811870328007	0.9929021633414861
-3.698259990644517	0.997831873167725
3.572456457002172	0.9814608841353633
6.886602652686239	0.9814608841035927
-6.605841467884654	0.9999969234687095
8.153136404371558	0.9814608841035777
-7.479344990919685	0.9999995882556763
-2.6746790201309034	0.9891675685835707
-0.38775539312899454	0.9814609191266611
9.983536399094476	0.9814608841035775
4.296859707398934	0.981460884108828
6.687099470441105	0.9814608841035984
-8.887732057500607	0.9999999839212882
-9.535618492998893	0.9999999963828581
-6.844907194056651	0.9999982256888278
-7.520741316377779	0.9999996256892915
8.918030990862231	0.9814608841035773
-7.282756493561866	0.999999352544545
0.5399595508567003	0.9814608910593967
2.030848196449657	0.9814608854600869
-1.6354688283149343	0.9819042000022564
7.1198633794111785	0.9814608841035876
6.20581312728617	0.9814608841036602
7.40912679956417	0.9814608841035827
-6.781707991020869	0.9999979477903531
7.880325590236229	0.9814608841035788
-0.8016934326081717	0.9814610931465028
-3.590908711394065	0.9973183268060273
5.458992256119469	0.9814608841039149
-4.694422014216779	0.9997527977757785
7.532873089599338	0.9814608841035796
6.760692429730923	0.981460884103598
0.15503799387041184	0.9814608934696254
-3.334079829212744	0.9956859992099215
-5.532901471133709	0.999963681315429
-5.024366954518347	0.9998834382267971
3.0143540426641735	0.9814608841795331
-6.435652938761405	0.9999954479054446
-8.717613316047302	0.9999999762113627
-2.2697929650553883	0.9851309042157781
-8.71507406918231	0.9999999760718669
9.633512123785025	0.9814608841035773
6.051074006444793	0.98146088410366
9.42674887256019	0.9814608841035773
-8.9416271572901	0.9999999857977813
6.165803523955333	0.9814608841036598
1.1103122543606005	0.9814608940832343
-7.508185303971655	0.9999996147097642
4.3605103827763525	0.9814608841088537
-9.044341915511742	0.9999999887890679
8.49298411239911	0.9814608841035779
7.899033149807199	0.981460884103579
9.807188648678938	0.9814608841035775
-5.746586859708662	0.9999777764118534
-0.7222105950334203	0.9814609706854897
-9.056001658081684	0.9999999890860527
1.6409314443348588	0.9814608867348129
9.121407542951157	0.9814608841035772
-4.859645925179601	0.9998302246686017
-1.9878918982581073	0.9831896737808549
5.924544605786162	0.9814608841037423
-3.9303439130066886	0.9986589410951996
-5.850572632473536	0.999982503448703
-4.815864282979718	0.9998124200257998
-4.881006442987337	0.9998382936093436
4.686056703147244	0.9814608841062212
3.282099668992359	0.9814608841565593
-2.959660805936002	0.9922715191880136
7.449367304743674	0.981460884103583
-2.198340551723703	0.9845556061653071
9.92465819552055	0.9814608841035772
6.6539707952401095	0.9814608841035981
9.200039639225434	0.9814608841035771
-7.4339834727981335	0.9999995429244692
-7.952914320640829	0.9999998616224758
-6.908783357012642	0.9999984683487217
2.6622234337631934	0.9814608843847142
-4.110573935604895	0.9990899024521033
-6.2052741940664635	0.9999922641749659
-1.471652188863196	0.9816474693788353
-5.74818949694448	0.9999778581624844
9.612033124392099	0.9814608841035772
-3.369900167803781	0.9959496645534824
9.865462596187882	0.9814608841035776
-3.621619531452547	0.9974747147087357
-5.103555747098278	0.9999027531577742
-6.162992638802534	0.9999914735652918
-9.179801400849911	0.9999999917930386
4.93813023358388	0.9814608841048998
2.2138976973535573	0.9814608847708154
-0.37219052946142384	0.9814609191217981
-2.9689554598741985	0.9923685282675098
2.326001850675352	0.9814608847831178
9.414299512470944	0.9814608841035771
5.097824978171452	0.9814608841042857
-9.458782922320914	0.9999999956828104
-3.215076274107238	0.9947253263192699
8.557957595257498	0.9814608841035777
9.686299603113213	0.9814608841035775
-7.956005410607814	0.9999998626038745
-6.2992615357297765	0.999993768986583
-2.487495521987113	0.987164620503687
0.016626528277736696	0.9814608935738814
-2.643978032097718	0.988830904710111
-6.7013040334218	0.9999975304672386
7.772074897159122	0.9814608841035799
-0.5417038752303007	0.981460922146553
-8.501559951140205	0.999999960877855
0.7635450844307545	0.9814609027507297
-1.517205228151056	0.9817030509587159
-2.0859600649399246	0.9837715484404492
9.565968401825813	0.9814608841035777
8.847622462135863	0.9814608841035772
2.2463042047729367	0.981460884771283
-7.09420883264019	0.9999990005791218
-3.2312819097420187	0.9948636890577195
8.762154665764257	0.9814608841035776
4.646487910985847	0.9814608841062187
6.192962179452195	0.9814608841036605
-2.721017511312711	0.9896775493499674
2.4061690000838976	0.9814608844081243
-6.978350698632885	0.9999986950363785
7.434643681047895	0.9814608841035827
2.0851157447157664	0.9814608848470326
7.672719388613544	0.9814608841035797
0.5097880186672086	0.9814608905046286
2.0808251661183608	0.9814608849030375
3.720080268578453	0.9814608841246264
-5.949990383567472	0.99998608034582
-2.029299268536331	0.983423297364955
3.236432794300894	0.9814608841893708
9.550410146737196	0.9814608841035773
-4.292204644112654	0.9993896524055376
4.977219474164208	0.981460884104901
6.30146131348468	0.9814608841036219
0.3786113719012576	0.9814608905515121
8.80722071881322	0.9814608841035773
-5.09072007596703	0.9998998536783369
0.7259270878303283	0.9814609026981114
-3.8721019949541446	0.9984836651782995
-3.562244751155541	0.9971652258099003
-8.141939395946128	0.9999999104549067
-0.7608521049823267	0.9814610100547765
3.440724775602572	0.9814608841456693
-2.8802943450761997	0.991425781650765
2.0373814113792132	0.9814608854493967
-1.1104617549554785	0.9814715977975419
-4.306429428548815	0.9994086252831959
5.234745730971046	0.981460884104239
2.455832272065109	0.9814608844458892
-0.6040579440318883	0.9814609278058669
-1.8070571877908748	0.9823884990336592
5.770124552604665	0.9814608841037465
7.419301642808943	0.9814608841035826
0.7505275062743664	0.9814609027259752
8.224669906406849	0.9814608841035777
3.336263214719448	0.981460884144686
-9.514800394351814	0.9999999962052454
9.285360863545783	0.9814608841035776
4.445566200254852	0.9814608841089238
9.508043218798473	0.9814608841035777
-5.925963875237099	0.9999852892718518
0.4853392731623529	0.9814608906320972
-3.7046597928807667	0.9978596400409367
-4.2006939766290685	0.9992528704692233
-1.7005045811976682	0.9820592928155683
1.0120496851926664	0.9814608940788354
6.5394167289709735	0.9814608841036195
6.7336592810307465	0.981460884103598
-3.0553610650781904	0.9932451404113227
8.307667046706413	0.9814608841035779
-9.209886213024703	0.9999999923423135
-1.1961698869442383	0.9814855710121853
-3.1676985315827944	0.994307750874403
0.8099146708524163	0.9814609027366664
0.14831120004990872	0.9814608934655727
-4.470360699772535	0.999589996296331
6.045175542905085	0.9814608841036578
-2.878201105285809	0.9914031218277598
-2.5040097486511126	0.9873348654608822
9.446502163608798	0.9814608841035775
-7.662045906896875	0.9999997296474488
-3.8432111665824698	0.9983892329108659
-3.572055897932347	0.9972184154825019
5.078453465820116	0.9814608841045627
-3.1280567550192906	0.9939439165217238
4.406504789540175	0.9814608841088219
4.989160984039881	0.9814608841049005
-8.214489128225498	0.9999999242308444
8.751938127234812	0.9814608841035776
-1.4224715706283497	0.9815983798358211
-4.454885700234041	0.9995755015282458
9.089675292182132	0.9814608841035772
-9.56250190148804	0.9999999965999747
0.7887365086772213	0.981460902647194
-3.6489364667629998	0.9976073349680319
-2.5612059301330747	0.9879356130607166
-3.011418555535248	0.9928053481717326
4.066662391432327	0.9814608841141257
-5.79320017576991	0.9999800354155532
8.75949676910232	0.9814608841035773
-6.7483155523590455	0.9999977837952889
-9.714071863974493	0.9999999976016523
-8.136184460158793	0.9999999092604376
-5.046275081705924	0.9998891341013493
1.26124876596597	0.9814608893450159
-2.1449495389969853	0.9841649775205435
-8.213223694732289	0.9999999240097494
-0.13375080340727408	0.9814608892434109
-4.87461184191476	0.99983591871491
-1.1861000592274706	0.9814834179640562
8.274197462519467	0.9814608841035778
1.30381009662457	0.9814608892598764
-4.914149192405759	0.999850067802369
7.3289652226622515	0.9814608841035825
-7.134174590777724	0.9999990884406631
-0.4411336824243328	0.9814609195451537
-3.721539841555046	0.9979314082311002
-1.4485576449223192	0.9816230351141135
-8.550926405113506	0.999999965081444
-8.059967597610576	0.9999998918533501
-4.454052378024591	0.999574706980225
-5.957593707392559	0.9999863217227504
4.372754688731009	0.98146088410886
3.4538935254038563	0.9814608841456463
-5.543555706481396	0.9999645595734225
7.537385936719868	0.9814608841035795
7.439316053637931	0.9814608841035829
0.5867685673451675	0.9814609022355262
2.911701560023543	0.9814608842706808
-1.2414297273670059	0.9814969593468392
-1.2745391721703747	0.9815078937724862
3.326078365545154	0.9814608841427948
7.103331513813011	0.9814608841035876
0.9993749948808706	0.9814608940529795
7.141002772482487	0.9814608841035877
-2.895368372626854	0.9915884941710181
-8.933188468486959	0.9999999855191227
-8.946160130434686	0.9999999859452462
-4.066524564500669	0.9989985249706566
-0.5298284326934919	0.9814609216035564
-6.507363310222027	0.9999961406064508
9.009503716923998	0.9814608841035773
-2.068639829025929	0.983661622276225
4.5141640486240995	0.9814608841059717
3.6614063165550945	0.9814608841250977
0.9470396781769974	0.9814608942439194
8.954480528046176	0.9814608841035775
-6.375335742875237	0.9999947698934271
-6.416600870674305	0.9999952438228145
8.308464145588292	0.9814608841035778
0.8055751247530996	0.9814609026586563
7.23269081203609	0.9814608841035819
-6.589957886913536	0.9999968088883263
-0.7781012183157099	0.9814610382899503
6.503253717120671	0.981460884103619
7.935309638096051	0.9814608841035788
9.664261743392398	0.9814608841035773
-4.525779265726491	0.9996380493662028
-5.828326743515446	0.9999815848932847
1.0617811281967882	0.9814608940934346
-9.996109506875651	0.9999999986031937
-6.35907725332479	0.9999945704515789
-7.278522623493102	0.9999993462020974
-6.805793636895694	0.9999980584929974
-6.586790395042734	0.9999967855337636
9.116316397511397	0.981460884103577
1.4705499165058065	0.9814608877162325
-6.391250996787603	0.9999949580278275
-2.4300709184236258	0.9865939200443058
-3.6232878054398077	0.9974829873308456
3.916589480785536	0.9814608841130976
1.2562302421240812	0.9814608893639355
-5.434286836663209	0.99995444851397
6.106196855862027	0.9814608841036598
9.251428165582595	0.9814608841035773
7.722370705999836	0.9814608841035797
5.637642556682456	0.9814608841039143
6.995165078288398	0.9814608841035879
7.428076831952538	0.9814608841035826
-8.353934787487486	0.9999999450399232
-9.543123211814514	0.9999999964448264
0.32705986857596514	0.9814608905181078
9.32691385940618	0.9814608841035778
-9.033570840808958	0.9999999885075476
2.7467981094835316	0.9814608842740061
1.0494676918496815	0.9814608940813806
-3.1760468537541	0.9943827193725061
0.18265507202070452	0.981460893448129
-5.67014208617151	0.9999735060280411
7.559347261476667	0.9814608841035799
-9.8210544257836	0.9999999981253095
-5.2734392610356595	0.9999341104985263
-4.595567209363947	0.9996907831911569
4.715529456809975	0.9814608841062032
0.21617641511076613	0.9814608935353226
7.818532770050027	0.9814608841035783
-0.4922552354445884	0.9814609204703202
-8.998130368073788	0.9999999875303813
3.7101167886898434	0.9814608841245689
8.922539726683464	0.9814608841035775
4.266411618765691	0.981460884108961
5.281337590651884	0.9814608841042398
-8.454543531637428	0.9999999564047901
-7.891488366816715	0.9999998405990385
-9.619322473186052	0.9999999970169436
3.4468010122453396	0.981460884145654
4.319057380139547	0.9814608841088464
9.561453959677731	0.9814608841035775
5.543176907010414	0.9814608841039085
-9.18981988947798	0.9999999919801927
-2.624967197378121	0.9886233074110584
-7.298012437397237	0.9999993748925109
4.179851638259869	0.981460884110869
-1.2859338304013246	0.9815124079163617
-7.015925147097852	0.9999988031851096
7.590248513601729	0.9814608841035799
0.09898151086136231	0.9814608934810434
1.0926535018287922	0.9814608940312023
0.6175700061987133	0.981460903375204
8.874558478637464	0.9814608841035775
-7.401967709134039	0.9999995079572489
9.365773236068975	0.9814608841035777
7.444834699158626	0.9814608841035828
9.267206690482933	0.9814608841035775
-4.732193647514045	0.9997731085058656
-5.909348434659734	0.9999847160837912
9.305813629844799	0.9814608841035776
-6.845022619343024	0.9999982261602827
-3.2511639878832677	0.9950302387420841
2.2523773714596764	0.98146088477131
-0.2944040519084048	0.981460891969639
-8.14948723726966	0.9999999119977214
7.113953282693039	0.9814608841035876
-8.220074728395165	0.9999999251990934
-3.4861039846583886	0.9967239263564722
-8.827338913302501	0.9999999815224557
7.378857141413803	0.9814608841035826
9.175594585064658	0.9814608841035772
6.341061732388642	0.9814608841036168
-2.0942683632782444	0.9838253145396294
-6.072059110166181	0.9999894888848576
1.8946538904816244	0.9814608854254047
-0.6608621734118714	0.9814609446741035
7.4931865190419344	0.9814608841035808
-3.5322516796972314	0.9969974731401106
-0.42046290822359467	0.9814609190765761
2.8260902535522128	0.9814608842715188
-4.33945238318965	0.9994505038308414
-6.147272470301761	0.9999911594469144
-9.347909432787027	0.9999999944271851
-3.719772736443474	0.9979239941469283
8.151273024053229	0.9814608841035777
-4.556995070606669	0.9996626447611923
8.752152555595302	0.9814608841035775
-5.929729424859405	0.9999854161583003
-7.0652902813106655	0.9999989317689832
-5.378316049910561	0.9999482024311374
1.2151534321280835	0.9814608888969878
2.6762785658666566	0.9814608843292147
9.678792477879998	0.9814608841035775
-3.871666317741611	0.9984822790719391
-4.3313702335573145	0.9994405271425247
3.483813621309931	0.981460884145696
-4.5152472262916765	0.9996293618657185
0.6490849035862833	0.981460902510133
1.9433524283199297	0.9814608854318861
-3.743746700157291	0.9980226355294024
-4.692095315302645	0.9997514896763465
9.69935374275731	0.9814608841035773
-1.0714160643770931	0.9814678893568813
-8.226494946682209	0.9999999262967486
-3.696541719152977	0.9978243654649807
1.9997616737038637	0.9814608854237205
0.7598780304533328	0.9814609027461726
-7.468698551614894	0.9999995780375623
7.334822697402501	0.9814608841035823
2.0460441990268876	0.9814608853952148
6.617185203762375	0.9814608841035966
4.30959533333569	0.9814608841088327
2.62243275626612	0.9814608844422056
-3.8310658132177933	0.9983479792506118
2.9976552872428464	0.9814608841854863
2.049649004879658	0.9814608853586914
-1.7292425274638656	0.9821388309865152
-9.668562739959876	0.9999999973366944
6.605732239869791	0.9814608841035983
3.8696218414238626	0.9814608841204543
1.3845584430625948	0.9814608892653174
-5.084481357327029	0.9998984135347898
4.790864589796051	0.9814608841051398
6.923173899766969	0.9814608841035867
-5.846834878101168	0.9999823523753275
-9.577233737018155	0.9999999967133745
-1.3620496011347427	0.9815522202385393
-8.131215367486778	0.9999999082162694
4.909512768631181	0.9814608841048932
-6.649735077413421	0.9999972191638812
0.9789760166908614	0.9814608940614519
5.4625796786798055	0.9814608841039155
-8.345080296703733	0.9999999439078935
-4.693909227058515	0.9997525100643779
-7.429485627873973	0.9999995381662148
8.000931844333383	0.9814608841035787
0.7726795515969176	0.9814609027443366
5.80465557882977	0.9814608841037422
-1.6723855987106226	0.981988123864837
8.628751415527525	0.9814608841035773
-0.6661092894675757	0.981460946404727
-6.353483778547577	0.9999945000923017
2.7685942920979336	0.9814608842737089
-6.825550074086624	0.9999981448255255
-4.725213085434916	0.9997694830528562
0.6390776157215114	0.9814609025912525
-3.015337890862275	0.9928451020968877
8.011914603005344	0.9814608841035788
4.482532527752161	0.9814608841071246
3.7964243035336622	0.9814608841245753
-3.736335242852915	0.9979925865146426
-3.6173696036541347	0.9974535372887263
-1.0601041012898005	0.9814670468157408
-0.8769521487421006	0.9814614829162356
8.284673503987818	0.9814608841035779
9.470645376845852	0.9814608841035772
5.480140801760275	0.9814608841039119
2.6056097254332613	0.9814608844364436
-2.7159960100414393	0.9896222864032256
3.2028502507545973	0.9814608841871123
4.549940317567728	0.9814608841062439
7.664792303079505	0.9814608841035798
-8.0690657453742	0.9999998940953757
8.877188207448938	0.9814608841035773
-8.786859635992874	0.9999999797174147
-4.016748228413762	0.9988849412954949
-8.349373013654656	0.9999999444595913
6.486725994592707	0.9814608841036188
5.760515326760455	0.9814608841037461
9.307462448372785	0.9814608841035779
3.016538917846244	0.9814608841797586
8.677335420093275	0.9814608841035776
4.306317688508038	0.981460884108829
-2.694002204548309	0.9893801357730543
9.854139734678085	0.9814608841035775
3.2129292054869385	0.9814608841872687
1.4939419088587158	0.9814608866444762
8.03253775573101	0.9814608841035791
-5.834140574229241	0.9999818295019324
9.689699176960268	0.9814608841035773
-2.8746524381003624	0.9913646718303825
9.430600375079123	0.9814608841035775
-6.357347895934726	0.9999945487950012
9.497648433982413	0.9814608841035775
-1.1039816820116233	0.9814708870127713
-5.079579580027986	0.9998972675945872
6.77540719182101	0.9814608841035981
9.545897475917535	0.9814608841035777
8.529757527324435	0.9814608841035777
3.0937110959373335	0.9814608841872023
-2.526361222685898	0.9875675254862673
-4.69095344566965	0.9997508452107945
-1.13197810636386	0.9814742616109525
-2.7792693276670377	0.9903185675215906
7.591181212683104	0.9814608841035797
6.533980560443805	0.9814608841036191
-6.073662210236352	0.9999895275877142
8.069815709631381	0.9814608841035789
-7.750126503909787	0.9999997792751689
7.820014660894827	0.9814608841035783
6.235119098854362	0.9814608841036613
6.521088176213471	0.9814608841036185
8.024142748691009	0.981460884103579
8.5301842841119	0.9814608841035779
-7.46967626905676	0.9999995789864281
3.059324883849243	0.9814608841894504
8.407546255043101	0.9814608841035775
0.3104401988251482	0.9814608904024734
-1.2320576696093752	0.9814943463254262
-9.71329673435923	0.9999999975973678
2.014888081328351	0.9814608854348915
6.84026512483355	0.9814608841035984
1.6615293494910421	0.981460886737429
-6.816967500952598	0.9999981078027627
5.597353967373104	0.9814608841039086
3.8547788171072117	0.9814608841236518
5.496924751022236	0.981460884103907
-1.7147566104556589	0.9820978854605559
-4.060031553366197	0.9989843483786207
0.07562559556621551	0.9814608934895471
-3.9242191861039144	0.9986414205565197
-8.265322740934327	0.9999999326001365
-4.549537615464203	0.99965692205144
-6.017591502274624	0.9999880853917672
-3.1351832810492652	0.9940102606366316
2.3573518723729325	0.981460884692125
3.2890109061241635	0.981460884150593
8.491343858539654	0.9814608841035779
-1.7169552064180138	0.9821039891961748
-8.656416687395625	0.9999999726116291
-7.303374321419036	0.9999993825624814
6.576359537081128	0.9814608841036119
-6.449729717612298	0.9999955930479504
8.852183143862625	0.9814608841035773
0.49824911707265684	0.9814608907050294
-6.157260447387518	0.9999913603390813
-0.4908925414513554	0.9814609204375412
7.193676257021565	0.9814608841035842
-9.636042145485586	0.999999997129604
2.4274389039223045	0.9814608844223163
5.719182973291721	0.9814608841037272
7.970202151211989	0.9814608841035785
-3.8921062695355912	0.9985460869684933
1.2001659633895123	0.9814608888942742
-1.9654493548117369	0.983070865770939
-1.8921207454145907	0.9827198019984764
-4.785397765907353	0.9997989531104383
-1.2462421569470763	0.981498371292339
-1.6635894620042322	0.9819671741972524
3.287213627985196	0.98146088415204
1.9070712531326315	0.9814608854288458
-8.536813635505807	0.9999999639281033
-3.018803332403497	0.9928801675689214
-8.587196202667752	0.9999999678791847
-0.014138301188273417	0.9814608929850678
4.39413516532114	0.9814608841088472
-6.294374751108247	0.9999936985040795
7.022498717131548	0.9814608841035879
-6.979879608860022	0.9999986996219151
9.43204129985989	0.9814608841035775
-5.16935157123545	0.9999163555367833
9.941751922757142	0.9814608841035775
3.958681868029853	0.9814608841143522
-3.3239878735319017	0.9956095724305191
4.578025162419962	0.9814608841062447
-7.8983053880564436	0.9999998430815421
3.628292782200809	0.9814608841233107
-4.721412577441195	0.999767485245601
-3.0911885651927706	0.9935942771819638
-7.4194284051582216	0.99999952734671
-0.6913400748739296	0.9814609544148619
-6.30481758133421	0.9999938481650945
9.482560415839671	0.9814608841035775
3.2160604640176658	0.9814608841874954
4.320619626166987	0.9814608841088485
-9.21425394905874	0.9999999924189413
-4.414731995920782	0.999535525168896
1.5700991595606695	0.981460886752949
-5.68973360696313	0.9999746728551743
-3.173318533925684	0.9943582834061265
2.005507729264151	0.9814608854242823
-6.832516492612433	0.9999981743433661
1.5352395119275961	0.9814608867269935
8.751975578181487	0.9814608841035776
-7.569010504270164	0.9999996650624063
6.366395573481064	0.9814608841036198
7.740682927712758	0.9814608841035802
-9.119548133803029	0.9999999905716517
5.463040564888924	0.9814608841039156
-1.71952969904682	0.9821111870986895
-7.337904689047687	0.9999994297519396
6.910327098732154	0.9814608841035876
4.321631969228616	0.9814608841088498
2.694948675588119	0.9814608842703328
-2.7944090642380326	0.9904858014224497
2.0138209265450424	0.9814608854329389
-1.8372818814041647	0.9824975676399339
-7.0341661760158525	0.9999988524088286
7.163972023772274	0.9814608841035874
-6.026398868024732	0.9999883244128361
5.731864185468325	0.98146088410373
-6.670225573574484	0.9999973473000164
3.0503307255316336	0.9814608841892056
8.067228763074969	0.9814608841035787
-3.5610606765809294	0.9971587507754213
-7.604681684580457	0.9999996914725903
3.8964833843836555	0.9814608841144098
-2.0412076642640775	0.9834937958960309
8.842622471741933	0.9814608841035771
4.026521583202779	0.9814608841141227
1.6832634477260875	0.981460886733612
-0.9558700233806441	0.9814625709552154
1.5104999561866386	0.9814608864997557
-1.704074397381813	0.9820688001144089
-3.1350252173998916	0.9940087935321759
2.6290148057060136	0.9814608844451297
8.162668329323715	0.9814608841035779
3.3236046813570663	0.9814608841423982
-3.1851439636989154	0.9944637417715154
-5.432692604594771	0.9999542814545392
-2.6607743127332695	0.9890149013507619
2.8694842007116996	0.9814608842716339
-6.617198311358785	0.9999970028633166
-6.045338352001215	0.9999888223063892
0.7275870463275389	0.9814609026976336
-2.3006401968427825	0.9853953258225592
-5.241661837170821	0.9999291299362892
-6.156228914218387	0.9999913398045195
-5.493842765044543	0.9999602717490872
3.8085077599914374	0.9814608841245043
-3.721697876002379	0.9979320701613076
-6.61605351478002	0.9999969949539228
-8.83720384396991	0.9999999819374396
-7.653130330287459	0.9999997240401346
1.2814231663851103	0.9814608892575972
-5.590247667233212	0.9999681652460841
-8.05974599458593	0.9999998917981534
-0.35273086724431835	0.9814609138553642
2.5797303527463065	0.9814608844389364
-9.434571657043263	0.9999999954352987
-9.16837526447317	0.9999999915742513
-6.092656821330915	0.9999899754680613
0.7893126265227259	0.9814609026431577
4.668417063749914	0.9814608841062195
-1.2378813888254427	0.9814959499050852
-2.6279601330668134	0.98865593590946
-2.812952559217643	0.9906902907983925
-9.690892727991045	0.9999999974701709
7.7310446818740175	0.9814608841035799
-9.262597534675304	0.9999999932175537
6.309078625536696	0.9814608841036175
0.6096496078410496	0.981460903595923
4.391664509750491	0.9814608841088522
-8.504944279716113	0.9999999611815367
-5.740411266186323	0.9999774585659187
-3.53781859451364	0.9970292006918033
-5.554662618289088	0.9999654525953614
-0.5577710934662541	0.9814609230745305
-0.9021802284924227	0.9814617340303337
6.491327288444349	0.9814608841036191
-3.6787991176027424	0.9977455281876546
-5.954939147274301	0.9999862379292831
1.9652693649617525	0.9814608854336249
4.933761705301819	0.9814608841048998
-6.525138148202081	0.9999962953409639
9.811225234903912	0.9814608841035778
2.64761540133431	0.9814608844303402
2.898851829461112	0.9814608842705251
-2.9752899492588103	0.992434366191378
-0.9554881405108908	0.9814625627270886
-2.8437567262967978	0.9910282131325077
7.30338253290909	0.9814608841035825
1.8769264462347124	0.9814608854335605
-7.898171075394553	0.9999998430330055
-3.945305133209911	0.9987008721429462
-5.51932439005328	0.9999625305765388
-6.677145175701145	0.9999973892233224
0.9817270930502708	0.9814608940517042
8.188532418298024	0.9814608841035779
8.727177269594797	0.9814608841035775
1.9242255108396833	0.9814608854328718
-7.5330831671731024	0.9999996361764852
-6.201119023818125	0.9999921898415564
1.4351702946245801	0.9814608893410091
4.252684241513624	0.9814608841089413
1.8584736706140514	0.9814608854578761
-7.68482680979671	0.9999997434630357
4.394014267476791	0.9814608841088477
0.34545908990846996	0.9814608905996515
-7.136907511906259	0.9999990941585766
6.7625583256933375	0.9814608841035979
-2.623093891984478	0.9886028967734729
1.195626039672689	0.9814608890138385
3.615192567688176	0.9814608841225965
7.534948969858881	0.9814608841035796
2.0257752283367267	0.9814608854564849
7.047422834617095	0.9814608841035876
-5.175662310891873	0.9999175561780557
-3.563148230422528	0.997170158332473
1.1136235883868792	0.9814608941289118
7.484713140827335	0.9814608841035815
-2.8780168841769305	0.9914011268557384
-5.539486113939751	0.9999642266349568
8.05552667179898	0.9814608841035788
-9.891201055349338	0.9999999984049203
-9.290178804186201	0.9999999936349019
-8.418248787442266	0.9999999526049013
6.05216822974981	0.9814608841036603
0.44254670166764853	0.9814608905667366
-0.6401898689833452	0.9814609375214085
9.659508746555897	0.9814608841035775
2.0759271830481616	0.9814608849741893
-8.223568141143275	0.9999999257983688
6.286640178493048	0.9814608841036352
-4.705304379311985	0.9997588264767943
-9.702529845788156	0.9999999975370579
6.279476289941137	0.9814608841036423
-2.75427158334574	0.9900431752241368
-8.488570483408342	0.9999999596900779
7.203126433221048	0.9814608841035829
5.841933284021561	0.9814608841037429
3.3874978263727584	0.9814608841455397
7.665541092539449	0.9814608841035797
3.4687607753685477	0.9814608841456985
1.9033460339815367	0.9814608854275041
6.584283468488081	0.9814608841036082
-6.078136688327911	0.9999896348607439
6.200992153344551	0.9814608841036602
-3.3501571979812983	0.9958058033059398
-1.036420952226944	0.9814655581337716
2.135361752910523	0.9814608847648512
-8.259914346851517	0.9999999317555405
4.443240793407806	0.9814608841089488
3.261890397396371	0.9814608841763269
-4.000836560359149	0.9988461716660032
-1.449813343274391	0.9816242984426983
-1.2481949196139084	0.9814989591894434
4.704674924086753	0.9814608841062045
-4.831475481135397	0.9998189709390104
9.309091344551717	0.9814608841035775
3.200542417804794	0.981460884187162
-1.8770806912455775	0.9826546460830913
9.816548902767387	0.9814608841035776
-4.749833697557375	0.9997820213847041
-6.3391968873891225	0.9999943162143029
0.551951509183235	0.9814608935185442
-9.358915651880384	0.9999999945666427
-1.0369188190964387	0.9814655859139139
3.431677934677321	0.9814608841456837
4.154436861725944	0.9814608841137363
-1.24222767340199	0.9814971899557194
-7.96016700133908	0.9999998639141663
-1.3767580059298545	0.9815621230378693
9.832706425352526	0.9814608841035773
7.971878439991549	0.9814608841035785
-2.2364358926706496	0.9848557550849867
-1.2915765556422532	0.9815147825002145
-9.053424667219474	0.9999999890210985
-1.5904077634243396	0.9818153202084482
-7.4383914482093605	0.9999995475400707
6.284906165024392	0.981460884103637
6.099602012116403	0.9814608841036598
-8.417138937051188	0.9999999524836272
6.578642646537453	0.9814608841036108
-8.984213995444904	0.9999999871243421
9.64193728587216	0.9814608841035773
3.632272832751436	0.9814608841236807
9.686490523075651	0.9814608841035777
-0.5503121266769639	0.9814609226152612
4.058580007453582	0.9814608841141181
-2.3283292059354155	0.9856405449957569
-1.8609490335306198	0.9825884306286932
-2.6024138774411787	0.9883782817729239
6.99457717704729	0.9814608841035878
-9.024870034499815	0.9999999882749838
-7.360745127592372	0.9999994589665038
3.026867929107162	0.9814608841825562
-6.361830397811565	0.999994604751511
3.577782471089934	0.9814608841326871
6.96067156354982	0.981460884103588
-3.692878210565027	0.9978082836956397
3.4629409524367727	0.9814608841456717
4.39072198865837	0.981460884108854
0.2749423629553185	0.9814608912828429
4.784421340248635	0.9814608841053264
0.31120909545185427	0.9814608904048616
-5.617292388546589	0.9999700837534623
1.478472960679662	0.9814608872637395
6.3625153324877886	0.9814608841036196
-9.701717914084721	0.9999999975324493
3.177245965498914	0.981460884187754
-9.834059621648553	0.9999999981806162
7.781774914547892	0.9814608841035797
5.258896502652245	0.9814608841042387
-6.45969493894047	0.9999956929918044
6.5155649486605185	0.9814608841036185
4.57239603511824	0.981460884106261
-8.208559422561335	0.9999999231892267
-9.064756021686158	0.9999999893038528
-6.886292227670223	0.9999983869457687
-3.0442508999232	0.9931351712679265
-2.150373072910896	0.9842026718775585
-5.296869130309929	0.9999375579929872
2.1683337246707204	0.9814608847790821
4.492690239569065	0.98146088410655
-7.324739946614112	0.9999994122019932
5.261364233296636	0.9814608841042386
8.597344438657657	0.9814608841035773
-8.868796457549251	0.9999999832047382
7.858885132222213	0.9814608841035789
0.680861460725616	0.9814609027571475
-1.699470094484731	0.9820565577558733
1.5078001650442374	0.9814608864955969
1.4370402960475914	0.9814608893134303
-5.45745596285069	0.9999568088206476
8.765953123284554	0.9814608841035776
3.9998237082091226	0.9814608841140642
-8.376956949262876	0.9999999478775102
1.2244331508833195	0.9814608890683441
-3.2262235683724905	0.9948207508247331
8.551403615818614	0.9814608841035776
4.175474033888808	0.9814608841114199
-7.8573758390459325	0.999999827573936
-7.241704439656882	0.9999992883599516
2.0000262551242365	0.9814608854236756
-5.353139064271146	0.9999451210877564
1.67350992437688	0.981460886738775
2.17255271292383	0.9814608847758964
4.56730343271316	0.9814608841062723
-6.999695648532631	0.9999987576175128
8.144438990827595	0.9814608841035778
0.8858904584411995	0.9814608945048928
0.914555759590403	0.9814608934502862
8.933366454568507	0.9814608841035775
-8.951547236896289	0.999999986118507
-9.144363833979465	0.9999999910952878
-3.591906571604482	0.9973235314930109
9.950988649472446	0.9814608841035773
8.634887406160118	0.9814608841035773
5.8321268775015955	0.9814608841037429
-6.298477188291973	0.9999937577271867
-5.9433825455334155	0.9999858671194315
-0.8954695048288599	0.981461659929395
4.393331912557986	0.9814608841088491
-3.8968469946596995	0.9985605338471221
-5.870860445479904	0.9999833011888708
-6.1317329020157185	0.9999908375728488
-2.513278399714185	0.9874310428828585
-6.695615197834193	0.9999974979108599
-9.806612635444711	0.999999998061922
6.5312476458394	0.9814608841036189
8.503550377983746	0.9814608841035778
-5.876762264234681	0.9999835263573742
3.358152370945046	0.9814608841465864
-6.657864785052263	0.9999972707273468
3.5281789482578816	0.9814608841462867
-5.352420795288295	0.9999450305500092
5.05133066924075	0.9814608841049005
-6.040830010175826	0.9999887057457372
9.285677253217933	0.9814608841035776
-4.3022681483787295	0.9994031346055098
9.465050384013924	0.9814608841035772
4.660063790826975	0.9814608841062177
0.6097920496775355	0.9814609035938432
1.9650140493860278	0.981460885433594
-9.308623254700631	0.9999999938995664
-3.959972058631971	0.9987408057739917
-0.71980603039564	0.9814609690169394
-1.7067820505824436	0.9820760825179026
-4.589707249608894	0.999686661597929
-3.5848265770185694	0.9972864223899198
7.673677048485313	0.9814608841035799
-1.9934579135271413	0.9832199903553284
-0.7476646711131352	0.9814609935073296
-5.630300214707082	0.9999709649651692
5.692824425239106	0.9814608841037772
-2.6011201199637	0.9883642782684633
-9.134330203652773	0.9999999908871646
6.688936027149907	0.9814608841035984
6.174328548636172	0.9814608841036601
-3.192511340584274	0.9945288424214165
1.589515883639102	0.9814608867222597
0.8353496176488875	0.9814609028349393
-7.508505080838437	0.9999996149933496
-8.167297431102845	0.9999999155336784
8.908749034099642	0.9814608841035776
4.935620591640495	0.9814608841049001
-4.413236826649136	0.999533968005891
-8.150865977670083	0.9999999122766594
6.735154914729996	0.9814608841035979
-7.850686005956393	0.9999998248973219
4.741198043493636	0.9814608841062734
-2.8917807271368234	0.9915498445483333
-1.3027133770021173	0.9815197190638116
1.9628362320290051	0.9814608854333065
4.344402091519495	0.9814608841088556
-1.1446059236794248	0.9814760584521979
5.834885993638267	0.981460884103743
-0.2914804119392933	0.9814608916961066
7.020965997653185	0.9814608841035879
9.756284058108733	0.9814608841035771
7.218610268587	0.9814608841035817
4.287263221364231	0.9814608841088508
-5.717041233297233	0.9999762141367515
-7.6557176929682225	0.9999997256792886
7.92815165308285	0.9814608841035788
1.97646999076078	0.9814608854337409
-1.523409962347678	0.9817112721107031
-0.6098000985086536	0.9814609288861639
2.921423607370004	0.9814608842726853
-1.3282247137981429	0.9815323188513183
-4.76813171016742	0.9997909016653678
-2.264593682789524	0.9850872716793696
5.09378758423467	0.9814608841043342
