-5.496340874700287	0.9999734469480497
-0.8454811368163782	0.9947510915136741
4.667497022659749	0.9947510870867717
-8.4172664438909	0.9999999680176709
-1.774442228959039	0.994751959603089
-0.5397567676185577	0.9947510869373725
-3.220539419166979	0.9971548525853868
7.11506343070015	0.9947510870867242
3.132572369835245	0.9947510870882411
0.3010486005684463	0.9947510877633703
1.7406142852032183	0.9947510871349196
5.102581644115368	0.994751087086736
-9.099882569714444	0.9999999933580409
9.959209456044455	0.9947510870867238
-8.72900836590091	0.9999999843983894
-4.317954654623719	0.9996207798460597
0.07757225015883051	0.9947510884743194
8.580439606389774	0.994751087086724
9.001440144323702	0.994751087086724
-2.061677668191111	0.9947718005205269
-0.5947817199024676	0.9947510868168358
-6.340062404481168	0.9999961817122593
-8.695069515118256	0.9999999831302654
-3.530296825786783	0.9982031406437807
-7.079851236249639	0.9999993045239864
3.017438932979868	0.9947510870881002
-2.1993802164989074	0.9948108602083232
5.956065329425675	0.9947510870867273
-8.278252524378487	0.9999999559522975
-5.017970670205845	0.9999207421035257
2.7215188741704033	0.9947510870895202
-0.363181793747831	0.9947510869212101
3.631776981249475	0.9947510870870852
-4.912351368814019	0.9998992489124304
-2.5194182427684675	0.9951034329468972
8.451687574917944	0.9947510870867242
8.976819982081562	0.9947510870867239
-4.6694450740644955	0.9998257043129681
0.7319078181987493	0.994751087463849
9.612721639498943	0.9947510870867241
2.9043790350375644	0.9947510870897359
-1.900470676002847	0.9947552927777814
0.21333474023015775	0.9947510884899697
-9.145582028799048	0.9999999940214372
6.698708776585281	0.9947510870867248
-1.2142263759212835	0.9947510905764252
3.623757864841748	0.9947510870870727
-3.849919975415226	0.9989967027469076
8.073030630935925	0.9947510870867241
-5.86473583832356	0.9999886052708726
1.6682127935347104	0.9947510871350962
5.791691473894872	0.9947510870867269
2.1651491523361166	0.9947510870990197
3.6617751308491275	0.9947510870871116
0.5419631121201807	0.994751087795404
-9.086711005928553	0.9999999931535168
5.802702721776152	0.994751087086727
-3.3910774343056094	0.9977575095831668
3.59761109139483	0.9947510870871026
2.6969628533253918	0.9947510870896669
-0.41370981237434634	0.9947510868576597
8.319242933108463	0.9947510870867241
-5.846775566997802	0.9999881250130813
-2.821254341092043	0.9957809906827484
-1.3771103515033332	0.9947510941607158
-6.722277059833255	0.9999984158410903
6.594616642137506	0.9947510870867243
6.073294495784456	0.9947510870867257
-2.300754705391803	0.9948662258223624
-1.371629074085865	0.9947510941239018
8.994647309069354	0.994751087086724
-1.2640451615236525	0.9947510936161396
-9.918699265511691	0.9999999989919541
-6.178356735837713	0.9999944605989131
-6.74616299392544	0.9999985005971829
3.204201951254264	0.9947510870882306
0.7981109032374469	0.9947510874613765
4.708412455657491	0.9947510870867713
-9.372104386883935	0.9999999964512553
-4.301111031195384	0.9996066665941293
3.849228767840067	0.9947510870870997
4.409544424653774	0.994751087086818
-6.834402927852707	0.9999987762401995
-9.073194008031628	0.9999999929370783
3.474049183137149	0.9947510870874835
-8.624243459096403	0.999999980142066
4.062351036385197	0.9947510870869138
-4.5681031515822745	0.9997813921110453
-0.7058086329770763	0.9947510912189172
-1.8026687586534642	0.9947523680775195
0.5253654456969201	0.9947510878356178
-5.573024618187028	0.9999777305676977
4.287546964254624	0.9947510870868188
-1.5324470468647675	0.994751106129631
-4.31092021204694	0.9996149444880278
3.4398366558096427	0.9947510870874829
-3.2780186625404717	0.9973627261226496
4.713720910271357	0.9947510870867715
5.700961646446597	0.9947510870867272
-1.330289821324854	0.9947510939541111
0.38853958405806743	0.9947510878174557
-6.11644818501369	0.9999936127134594
-4.071894382464669	0.9993594901976484
4.168410008968868	0.994751087086881
0.2205390662892892	0.9947510885028269
-3.3766371052223665	0.997708457188635
-4.634961687703889	0.9998117060012824
-9.327863951338493	0.999999996070699
-5.282824113746893	0.9999566947789102
-5.763033927330774	0.9999856050238045
-1.8323228487834307	0.9947529598976614
5.421774470247115	0.9947510870867294
0.4463450986501005	0.9947510878204725
2.771002520414445	0.9947510870897888
7.518217257057614	0.994751087086724
0.0033579977218956003	0.9947510883862584
4.967483753909981	0.9947510870867478
-6.012098818512417	0.9999918800505438
0.637271133912801	0.9947510874673007
-4.953674126053764	0.9999082681504076
0.7598954845857833	0.9947510874641691
3.160730257929405	0.9947510870882408
-4.802907932306986	0.999870930085572
-5.859851222680312	0.9999884766097715
-8.1723029372771	0.9999999437824744
0.07774577114002312	0.9947510884742524
-6.908836452223044	0.9999989689609782
-5.097308983226854	0.9999338450028716
7.495848758681859	0.9947510870867241
-1.4455776418014565	0.9947510954117207
-1.7757213637796134	0.9947519753053723
-5.774082880501328	0.9999859658687426
-1.9823707939702864	0.994761053358858
4.161057777641997	0.9947510870868959
-4.405118102814924	0.9996865027814914
2.2827334184555994	0.9947510870988393
-1.5490802370823822	0.9947511115665608
-8.103653870836602	0.9999999341553613
0.6184954451507316	0.994751087442385
7.624559634338446	0.9947510870867243
-4.328853970929694	0.9996296573942438
2.5391079175991003	0.9947510870927854
3.286500282762166	0.9947510870876086
8.063693105468491	0.9947510870867244
-7.873201208571725	0.9999998880640086
0.620764770370176	0.9947510874457984
9.017676272226765	0.9947510870867242
-3.2629534214097955	0.9973085740647185
-9.234000288056166	0.9999999951227081
7.921653710898802	0.9947510870867244
-3.0796196798299835	0.9966410493280587
2.8158961378501246	0.9947510870897525
-2.6935464107236307	0.9954433927888677
8.241490873657145	0.9947510870867242
3.9901821804747115	0.9947510870869132
3.6498352741742757	0.9947510870871094
-7.505047659763777	0.9999997387154006
-3.3605358912903283	0.9976532409795812
-7.501995090033171	0.9999997368724715
-8.330830668716205	0.9999999609747742
6.634434729387195	0.9947510870867246
-7.400212887230291	0.9999996673833607
-8.098531966260914	0.9999999333742209
4.907156487526434	0.9947510870867478
0.8579291004237852	0.9947510873961058
8.408671714248221	0.994751087086724
-9.467859317090475	0.999999997153441
5.734247422420875	0.994751087086727
-2.8012670024059183	0.9957233301946834
-1.3634655517572511	0.9947510940785681
5.2665135352931	0.9947510870867361
3.502347800419665	0.9947510870874781
0.8587795645863672	0.9947510873924421
-6.750208270035514	0.9999985144955935
-7.243692618738193	0.9999995230697194
1.3470844167236518	0.9947510871829539
9.784651905439283	0.9947510870867239
2.8234438547242533	0.9947510870897565
9.760652243551124	0.9947510870867238
7.773614034141858	0.9947510870867243
-8.703849866997363	0.9999999834679041
4.617857642235169	0.9947510870867716
3.4534540074393725	0.9947510870874822
9.848361488620053	0.9947510870867238
5.531021002649993	0.99475108708673
-3.4329645284316435	0.9978970341367746
6.1400600795154325	0.9947510870867255
2.0679753942982426	0.9947510871048099
6.423789610504954	0.9947510870867251
2.7450899992112845	0.9947510870897937
-6.454982350039655	0.9999970690648307
1.3954182847951344	0.9947510871824142
7.025626536246733	0.9947510870867246
-9.989548597590087	0.99999999905956
-6.013102020564003	0.9999918987629912
-9.81902350620091	0.9999999987318935
4.2060865211465135	0.9947510870868131
9.774061274370691	0.994751087086724
7.973487762825787	0.9947510870867239
3.9245715770910152	0.9947510870868983
-6.484716143920277	0.999997262935852
5.316124239650932	0.9947510870867359
3.0714275006914704	0.9947510870882579
9.030563384834814	0.9947510870867241
8.725776770002184	0.9947510870867238
-3.6082273925110453	0.9984275991985394
7.084928131929264	0.9947510870867241
0.4463966978821823	0.9947510878204746
2.3084992841940775	0.9947510870987746
0.23077611832238532	0.9947510884960239
5.178791012037816	0.994751087086736
9.405541350883805	0.9947510870867241
7.029192004001722	0.9947510870867244
3.02098567464229	0.9947510870881145
-8.90631538101196	0.99999998962799
-9.33378968069312	0.9999999961239481
-6.108886085920684	0.9999935006301071
-8.243266588405586	0.9999999522570855
5.872079263494815	0.9947510870867269
-0.9481870436413331	0.9947510898599149
8.821113712657919	0.994751087086724
-7.017109203673941	0.9999991964420738
0.28500811977410834	0.9947510878384331
4.564026791483506	0.9947510870867725
4.329761152807459	0.9947510870868191
-7.333866757976146	0.999999612486759
8.956751367218146	0.994751087086724
-2.177651260884601	0.9948023219824423
0.48302187635502314	0.9947510878190413
6.393918358912	0.9947510870867249
-8.740752243516088	0.9999999848146197
-9.425203198546512	0.9999999968596626
-9.77529908896846	0.9999999985975732
-5.187220412579867	0.9999461167655588
-5.370211903630446	0.9999645460972926
3.8389672130551933	0.9947510870871115
2.6120544642541432	0.9947510870927635
4.283766960797756	0.994751087086819
8.413544190132136	0.994751087086724
5.8278389825605394	0.9947510870867268
9.690948431870975	0.9947510870867241
-7.765623903976997	0.9999998566012943
-9.502196830834798	0.9999999973698369
-1.9772802830699696	0.9947605645934577
0.571694696795797	0.9947510875673653
2.2736497397925515	0.9947510870988543
-7.410704728991817	0.999999675322136
-4.08868661532773	0.9993815271488427
9.574794342566172	0.9947510870867243
-8.90901915830009	0.9999999896923616
3.594978910658666	0.9947510870871163
-8.845142119543524	0.9999999880591274
-0.38087681062150125	0.9947510867097998
7.9727780388506915	0.9947510870867242
-8.984702167433793	0.9999999913408297
6.360841930445847	0.9947510870867251
-3.8158063137023923	0.9989279782925785
-8.173383171776445	0.9999999439221307
-2.9077323308768754	0.9960479874280739
-1.3355488680928893	0.9947510939750164
-6.775935214283724	0.9999985999210238
-8.883173477474484	0.9999999890603148
-0.15832553819987716	0.9947510895945739
8.218838872376022	0.9947510870867243
7.947858782583644	0.9947510870867242
-2.6011792340463957	0.9952451490296754
0.33988982790664224	0.9947510878301689
-5.680094062700292	0.999982583738642
5.603350361577494	0.9947510870867303
4.697616338312063	0.9947510870867716
5.722735470092019	0.9947510870867268
-8.215710553788513	0.9999999491296422
-2.63612777347074	0.9953154675564485
4.991796585654393	0.9947510870867478
-3.3692897792710674	0.9976833273878872
-2.745889294445636	0.9955728342220699
6.098772078343909	0.9947510870867259
-1.594190047741666	0.9947511377779796
1.8424996572966368	0.9947510871112436
-7.045852540623074	0.9999992478972434
4.428237017390906	0.99475108708682
2.923655360370949	0.9947510870897893
-6.386454403127564	0.999996568359995
8.774975208295793	0.994751087086724
5.702558948450882	0.9947510870867271
5.438922844712142	0.99475108708673
8.52507642415814	0.994751087086724
-2.573519702421758	0.9951936565758177
-6.764267116539755	0.9999985618038
4.69698733105869	0.9947510870867716
-0.46717776987952675	0.9947510868698652
-1.7425336054884166	0.9947516396344751
4.402342799604476	0.9947510870868179
2.184450039183673	0.9947510870987962
-6.779459148484817	0.999998611233172
-0.5958031390350449	0.9947510868214502
-4.083942306470547	0.99937537089527
6.077943052727925	0.9947510870867255
-2.8122433088862664	0.9957548003896017
8.861083490030385	0.9947510870867239
1.873865885524971	0.9947510871110236
-3.5158015206716087	0.998159291326125
0.6061403885759873	0.9947510874305764
0.8647062360418545	0.994751087366316
0.2082910662655877	0.9947510884796953
-4.353859997300296	0.9996492909940874
0.8282759239379303	0.9947510874714378
-0.5960943275812127	0.9947510868230414
-2.2853970922251188	0.994855983813479
-0.04000597991577948	0.9947510890661606
-2.1826470355580474	0.9948041905645928
2.879303577234701	0.9947510870897597
-7.5810330142512505	0.9999997806533226
-9.42733738343934	0.999999996875057
4.512907227458216	0.9947510870867674
-8.182349769540767	0.9999999450680399
2.9962676686537684	0.9947510870882249
-5.8331264281621875	0.9999877465694226
9.452189310904672	0.9947510870867242
8.17977358184569	0.9947510870867246
8.26256519802088	0.9947510870867238
8.3898388524861	0.9947510870867241
-8.778587073505486	0.9999999860815558
-9.422967619087043	0.9999999968434558
3.933204340835875	0.9947510870869051
-8.41625646531691	0.9999999679432077
4.39737181002176	0.9947510870868184
-5.005689212321798	0.9999184964131332
-3.377699669277585	0.9977120820298266
-0.12245796238522644	0.9947510895927665
7.329794483528342	0.9947510870867242
-6.935532253043188	0.9999990304205868
-4.417145866481751	0.999694674826396
5.191005068965309	0.9947510870867358
-8.813996501732206	0.9999999871713293
3.576170241486336	0.9947510870872633
5.8725850900863605	0.994751087086727
9.212626624222832	0.9947510870867243
1.0791409355674162	0.9947510872778977
5.376758540594908	0.9947510870867337
-9.554723020816237	0.9999999976694601
7.624008414932817	0.9947510870867242
9.27741813804763	0.9947510870867242
-7.353993358270361	0.9999996300345924
2.1505256675478854	0.9947510870990943
8.449141306181684	0.9947510870867241
4.054954406232586	0.9947510870869138
6.2285682240621725	0.9947510870867255
4.137234602091926	0.994751087086918
1.6863003992128434	0.99475108713494
-9.196652236226498	0.999999994684713
0.1591987643257209	0.994751088479324
6.916878690290488	0.994751087086724
-5.349121109172326	0.9999627916299203
9.744752901390402	0.994751087086724
-3.70825823041228	0.9986865855120491
6.180276882822639	0.9947510870867255
3.6270069908141966	0.9947510870870773
8.13301729442501	0.9947510870867242
9.18364090016642	0.994751087086724
-6.928245349439557	0.9999990140175606
-8.527657575568558	0.9999999751961226
-0.03692977082988236	0.9947510889860197
3.859277370897054	0.9947510870870707
-6.047694906342995	0.9999925183295453
-2.59844819659961	0.995239900405599
2.5475470828753366	0.9947510870927826
-4.090234779361777	0.9993835242552148
-8.267821510610279	0.9999999548815487
6.020376822773031	0.9947510870867255
-4.357885993568633	0.9996523587235792
2.4580099374636646	0.9947510870929144
7.36266436850633	0.994751087086724
-2.657249816635945	0.9953607452169156
7.7762570157097635	0.9947510870867244
9.159611980902543	0.9947510870867239
1.9013651117149841	0.9947510871108245
1.2199144123340453	0.9947510871769472
2.2083233878499122	0.9947510870988061
0.7365712421406698	0.9947510874637516
0.7057007133583824	0.9947510874631846
6.553092150993578	0.9947510870867251
0.09184046558804582	0.9947510884732856
6.6145118367131275	0.9947510870867244
-1.5242822561484193	0.9947511040529797
7.3404306789584695	0.994751087086724
-5.388947002496196	0.9999660354383574
-6.017672177750115	0.9999919834650821
5.351695850103253	0.9947510870867363
3.855638342603749	0.9947510870870829
-1.7460172024446798	0.9947516685263271
4.67485821369786	0.994751087086772
1.8115982626952487	0.9947510871086316
-9.948050592964478	0.9999999990578325
-7.672515374983475	0.9999998223146721
-1.4517512417099496	0.9947510956642283
8.968526191883068	0.994751087086724
-3.2172493303679683	0.9971428673469472
-6.7935209578250255	0.9999986554704696
-2.3359112684541783	0.9948925002260895
-4.7796240559397285	0.9998639657582598
7.169904953701106	0.9947510870867244
-1.632672576353933	0.994751183655339
5.860837648395666	0.9947510870867269
-4.99203687112157	0.9999159262607784
4.6216097800305	0.9947510870867717
-8.397406496514183	0.999999966521188
5.642401335334943	0.9947510870867305
-9.067545064650972	0.9999999928446094
7.695813721407504	0.9947510870867241
-5.324636313253439	0.9999606462958143
1.2732793936914675	0.9947510871832287
0.12275247914595333	0.9947510884780515
3.817052975989448	0.9947510870871021
-9.27839923956537	0.9999999955966843
-4.542516721826586	0.9997685847184664
-4.87559241312395	0.9998904954700131
6.127594776730714	0.9947510870867255
-8.533850925057	0.9999999755473332
9.687402569156628	0.9947510870867241
0.11077089875555224	0.9947510884775626
-2.429733769554012	0.9949835275408141
-1.2570244367669048	0.9947510932752913
7.165501868499597	0.9947510870867242
3.654959235447194	0.9947510870871114
-7.755583680102909	0.9999998532475717
-5.6158980232770395	0.9999798176685656
-5.031805953271564	0.9999231987413112
4.227139735985897	0.9947510870868116
4.152985144812913	0.9947510870869085
6.506458211011072	0.9947510870867248
-9.502478953564616	0.9999999973715449
-7.696901581633262	0.9999998320167549
-7.827120034832373	0.9999998755341184
6.929005161594439	0.9947510870867241
-4.9672194554888005	0.9999110476425508
0.2297235130698283	0.9947510884989251
-7.102640303662251	0.999999340073827
-9.559737222913034	0.999999997696213
-1.5792463214485775	0.9947511267681062
5.005799966137193	0.9947510870867478
2.281353778587709	0.9947510870988434
1.9172199698384027	0.9947510871109218
-4.072956771751799	0.9993609049260934
4.042601570426578	0.9947510870869141
8.480975223041504	0.994751087086724
8.493173898466182	0.9947510870867242
9.721788332874873	0.994751087086724
0.17253074611149088	0.9947510884789461
6.096311715907305	0.9947510870867254
-3.5828783304416456	0.9983567194699545
0.6420033860657437	0.9947510874699321
-3.249224933061843	0.9972590024308634
-3.3655653251971662	0.9976705458902221
2.5293269491399073	0.9947510870927879
-4.572777619507171	0.9997836567560391
-9.124346457419922	0.99999999372184
5.46031660105006	0.9947510870867304
1.033445828733388	0.9947510872779153
-5.6317826341363775	0.9999805404121539
-0.8710825263995083	0.9947510915569828
-3.824867555456435	0.9989465939553436
-0.870196287339775	0.9947510915545709
6.310609634957277	0.9947510870867247
-4.726806973886704	0.999846776320203
6.973659701824516	0.9947510870867242
-3.9182840097019023	0.9991235304374637
6.514095309048603	0.994751087086725
3.974295276809956	0.9947510870869163
8.7586762330399	0.994751087086724
-5.8211548652820255	0.9999874047416282
2.1606935168035832	0.994751087099069
-8.077665908424656	0.9999999300950314
2.226682684477126	0.9947510870988439
7.791482946255421	0.9947510870867244
-6.433674280731516	0.9999969217441188
-3.831178583564916	0.9989594045881927
-6.268421196808993	0.9999954973783984
9.718474498083154	0.9947510870867241
1.4202002892515342	0.994751087184305
-7.405998171863919	0.9999996717845742
-8.692272018318544	0.9999999830212498
-6.257526402461608	0.9999953830742305
-5.034374699098767	0.9999236464990996
7.923766810118327	0.9947510870867244
4.552047680943838	0.9947510870867724
2.6494042602894385	0.9947510870925579
0.8069013703781014	0.9947510874628404
-9.014515151146822	0.9999999919153104
-0.9091778538823689	0.9947510914306212
-9.592371958568048	0.9999999978629849
5.341186167132989	0.9947510870867363
3.961281180297229	0.9947510870869183
-1.9754180489514752	0.9947603908945539
0.45400443451903527	0.9947510878209772
-3.807579812795443	0.9989108493892456
2.3141967314914993	0.9947510870988341
6.734633700164746	0.9947510870867244
3.5813322844868356	0.9947510870872172
3.073190212858359	0.9947510870882545
6.105667304116693	0.9947510870867255
7.193149608875082	0.9947510870867242
-5.412628939193684	0.9999678292821973
-5.354676348780734	0.9999632619575376
5.046848561881161	0.9947510870867483
8.471555224660715	0.9947510870867242
-2.1948010188329903	0.9948089726072886
-0.8854912541708249	0.994751091595104
1.1889358173061826	0.9947510871834983
7.22070788985252	0.9947510870867241
8.128164706733042	0.994751087086724
9.410540051873795	0.9947510870867243
4.723983651885376	0.9947510870867717
1.4496798666072586	0.9947510871758876
-3.098768035258228	0.9967103573480942
2.3547037923380145	0.9947510870977188
3.75087820981809	0.9947510870871032
1.7601551294746223	0.9947510871267015
8.652087204132766	0.994751087086724
4.794093854140993	0.9947510870867509
4.1753791132412665	0.9947510870868654
-7.815480656490061	0.999999872153324
6.281038243125003	0.9947510870867253
2.2557605200932898	0.9947510870988372
-8.787755459444305	0.9999999863723029
1.3307437564656865	0.9947510871830203
2.150834015930947	0.9947510870990961
-4.946713071390385	0.9999068066004513
-8.869078362386759	0.9999999886994423
-3.5206181111210055	0.9981739324947807
-3.650247903163679	0.9985404469851668
-0.001659557800222089	0.9947510883948055
2.429016195932533	0.9947510870925313
-0.528613605644086	0.9947510869071183
-6.823763369095808	0.9999987458952937
-3.973940262427198	0.9992165214907388
-7.517507744383982	0.9999997461049996
-5.4277804890395	0.9999689271739115
5.370882263416421	0.9947510870867345
-5.580020105861578	0.9999780852412601
5.143418928983458	0.9947510870867359
-9.165780891923285	0.9999999942931299
2.890891339486693	0.9947510870897497
7.3118928815891415	0.9947510870867242
8.412296791928284	0.994751087086724
7.794886889554693	0.9947510870867243
-7.525637548278881	0.9999997508133996
2.3644815462711843	0.9947510870964268
-3.9953766673724367	0.9992499974665319
-4.415292515611862	0.9996934289479169
0.6200546350953786	0.994751087444713
7.021153865312751	0.9947510870867243
-8.789976459995499	0.999999986441816
1.593362180773802	0.994751087134778
9.506701322551365	0.9947510870867241
-5.757088929774619	0.9999854070494725
4.1251689053554905	0.9947510870869151
-3.89044593137307	0.999073605985919
-0.5367837594052904	0.9947510869286025
-9.27158656829409	0.9999999955270656
3.9070708183358818	0.9947510870868992
3.94180138869924	0.9947510870869123
7.203912943547156	0.994751087086724
6.931643651263361	0.9947510870867243
6.3315405581811355	0.9947510870867249
4.544023022172606	0.9947510870867713
-2.845567482944147	0.9958532559804988
9.443285097553016	0.994751087086724
1.7213544680658686	0.9947510871357037
2.557729293440403	0.9947510870927849
0.45562199540015946	0.9947510878211073
3.6083948000066624	0.9947510870870705
-2.8616365767023666	0.9959022692397774
0.5542298284849458	0.9947510877127291
-3.6287517416031934	0.9984834482288691
8.703789761441062	0.9947510870867242
9.64250552343184	0.9947510870867241
9.039796717841195	0.9947510870867242
8.850926173006126	0.9947510870867238
-2.3483619810066747	0.9949027805159657
-2.5573309238478403	0.9951652147139444
5.279831802635142	0.9947510870867359
-6.702625204124684	0.9999983425291255
4.348410411376404	0.9947510870868193
3.152394727565495	0.99475108708824
0.41597459989668906	0.9947510878208161
5.076498777586549	0.9947510870867423
-9.645062860846597	0.9999999981071476
-2.679726902160837	0.9954112070571337
-1.6270004744957944	0.9947511748896715
-1.4005744740076143	0.994751094386499
1.004328031642947	0.9947510872774361
2.755762885464783	0.9947510870898227
-9.407724512842858	0.9999999967306981
-4.774149622625865	0.999862275641629
-0.8702833541891195	0.9947510915548035
-1.9979436801493566	0.9947626818859929
-0.8458043219968836	0.9947510915140294
2.0541889070792596	0.9947510871085685
-8.06674642245541	0.9999999283151393
-5.302918132682337	0.9999586407052036
3.3853911702437234	0.9947510870874812
-9.909271737037217	0.9999999989698339
-2.1949359582166794	0.9948090275626069
-5.775777062106098	0.9999860203943639
6.417763554303278	0.9947510870867249
-5.232708004902347	0.9999514361260968
9.136981794065903	0.9947510870867241
3.4538653465171762	0.9947510870874823
7.161066038968869	0.9947510870867247
4.038298345001611	0.9947510870869138
-8.89882713398432	0.9999999894476018
-4.674657046076147	0.9998277300293874
1.0813404952331886	0.9947510872777586
-4.5247546749155365	0.9997592715130211
8.961483666822282	0.9947510870867238
7.653227401107728	0.994751087086724
1.3799765757581426	0.9947510871829939
-6.129340065406232	0.9999937993590615
7.300283833602705	0.9947510870867244
4.01839624821994	0.9947510870869136
-5.481322036090441	0.9999725164586674
-5.035686096573775	0.9999238740926116
9.59070061767374	0.9947510870867243
3.9651289534772474	0.9947510870869178
7.63857338403195	0.9947510870867242
8.432030861468782	0.9947510870867241
0.6471110140376588	0.9947510874711051
3.418821736793376	0.9947510870874819
-9.544311929175105	0.9999999976129165
8.487806333979613	0.9947510870867242
-0.8903328412109257	0.9947510915957225
-7.393716089115743	0.9999996623704508
3.5825267272850283	0.9947510870872069
-6.349562256044665	0.999996264282707
-2.6456586178086683	0.9953356412076171
-0.24936457642996146	0.9947510895688227
-2.225918873976007	0.9948227428898404
8.63445679513472	0.994751087086724
-2.914537430744737	0.9960701039349461
7.309895677864358	0.9947510870867243
-6.623707186992074	0.9999980123384884
-4.416258772672723	0.999694079097693
3.890483506481326	0.994751087086938
-2.322208899235294	0.9948817825580232
5.180312521795415	0.994751087086736
-7.210174031512309	0.999999484805832
0.26430712247532995	0.9947510881113264
-1.2746027372757283	0.99475109390627
-5.585857967900574	0.9999783769096472
-7.10608943262955	0.9999993452936171
-5.152313978970771	0.9999416463910829
7.337774713925679	0.9947510870867241
-9.27919301808715	0.9999999956047247
4.6637735054225224	0.9947510870867716
0.09954739845093741	0.994751088475017
-6.570970634454794	0.9999977557959633
6.448178650213418	0.9947510870867249
-7.694290200020024	0.9999998310036645
-2.1394259776846747	0.9947898182074051
-2.148581428427221	0.9947925459280725
-0.6425843005781076	0.9947510894349377
6.927887060591331	0.9947510870867242
-0.3424103765851818	0.9947510880072118
-4.481323779222022	0.9997349562238789
-1.433745893878605	0.9947510950246672
-9.096184708092698	0.999999993301246
7.1742810995329656	0.9947510870867243
-0.4180549499644073	0.9947510868502029
-7.866478446360006	0.9999998863178226
-3.792735839652508	0.9988793890454957
-2.536963912357244	0.9951311888231075
5.676942749821684	0.994751087086729
-1.3263545566959536	0.9947510939361164
-8.128806721569442	0.9999999378604968
-2.7255218429877592	0.995521086302348
-4.647615752554741	0.999816965310941
-7.505097941312111	0.999999738745649
-6.805380023205805	0.9999986916810043
0.23909813478329767	0.9947510884482573
-7.087768374846495	0.9999993170863298
-1.452364835336276	0.9947510956915255
3.1421505032013908	0.9947510870882406
1.5763233670756804	0.9947510871350637
7.278317972161396	0.9947510870867243
0.49985864269011415	0.9947510878162922
7.1588295749440505	0.9947510870867246
-9.02277344547231	0.9999999920675917
-3.3312685375500584	0.9975515550787111
-6.914401618476735	0.9999989820867453
5.47839793849802	0.9947510870867304
9.533000050962848	0.9947510870867242
-0.12589624100286656	0.9947510895954506
2.519924862180991	0.9947510870927843
5.804450269471637	0.9947510870867269
-5.23517623299063	0.9999517093629215
6.835008603100654	0.9947510870867248
-8.831405858104127	0.9999999876754152
8.302299840617199	0.9947510870867241
-8.688924988566722	0.9999999828898934
3.3067235237253723	0.9947510870874193
-4.727378558922988	0.9998469732428966
-7.329294382683149	0.9999996083855942
-7.56462452613369	0.9999997722077884
1.2937494087747439	0.9947510871825
-6.010977827940902	0.9999918590899235
-7.936273536738212	0.9999999031948026
3.2621516135280473	0.9947510870880322
1.1140440688821904	0.9947510872789317
-1.895827963683704	0.9947550771584606
6.911872066359976	0.9947510870867241
9.83188751615074	0.9947510870867239
8.715635163251434	0.9947510870867241
6.955681454323589	0.9947510870867241
-7.121846211501355	0.9999993686192913
-9.943764528428156	0.9999999990484867
-9.569101145675312	0.999999997745354
-3.158030794017792	0.9969264701143439
4.663245984442458	0.9947510870867715
-3.655583953569783	0.9985543581214501
7.3028427112002845	0.9947510870867241
0.4385740586226117	0.9947510878204207
2.8017723228765146	0.994751087089741
7.97545855526144	0.9947510870867241
-2.4491897114478567	0.995006427447032
4.029953346559392	0.9947510870869142
-7.495925225935993	0.9999997331692085
-2.692655610307151	0.9954412920085908
-8.57442338911703	0.9999999777282707
-4.72793127039794	0.999847163428155
0.4997853474721623	0.9947510878162785
0.8967739706598401	0.9947510872643586
1.2402580905593332	0.9947510871841844
9.500535053240885	0.994751087086724
-5.480748812487688	0.9999724803088472
-0.09996538591891202	0.9947510895826257
7.23979282958026	0.9947510870867241
2.27350197946388	0.9947510870988542
6.697405922466459	0.9947510870867247
4.071316874894517	0.9947510870869142
7.551666022815077	0.994751087086724
-1.1028831209114731	0.9947510893990809
-5.536127543037197	0.99997576303039
1.5107270023703379	0.9947510871304898
-8.402753385625008	0.9999999669308401
-2.164798353218824	0.9947977760892367
5.088819825974893	0.9947510870867389
2.407072539344547	0.994751087092216
-2.3507351535270615	0.9949047997816066
1.300576595556354	0.9947510871826257
-4.887367132810954	0.99989337785683
-0.5062546408873416	0.9947510868853785
9.222913558724485	0.9947510870867241
3.027402571106389	0.9947510870881522
-3.6678041212823986	0.9985858590898531
-6.708404780964852	0.999998364435273
8.896089788773835	0.9947510870867238
-9.034970538342506	0.9999999922872713
8.473137028742851	0.9947510870867241
-9.989305919015003	0.99999999905956
2.775301978613097	0.9947510870897737
-3.849230199010778	0.998995349631772
-5.533858327364274	0.9999756365211218
-4.32864435970008	0.9996294885239901
3.1885658058013675	0.9947510870882398
-4.320832862602622	0.9996231434047717
-7.9276232047659745	0.9999999012473194
-6.451594194841315	0.9999970461197147
7.492660995307094	0.9947510870867242
7.868611968693521	0.9947510870867247
-2.2381150780086756	0.9948287796911714
-2.3753372406506834	0.9949268984482099
-6.368064317397439	0.999996420009152
-2.4521288827886467	0.9950100235053102
0.7252579749937524	0.9947510874639653
-9.249725988157266	0.9999999952961542
-6.9179417051796	0.9999989903491326
-1.0471624437276184	0.994751089296542
8.05901438723761	0.9947510870867244
2.3817727818677135	0.9947510870939948
1.5172208651464825	0.9947510871312808
-3.743461448511418	0.9987697975161591
4.587328043886885	0.9947510870867715
-2.615132241490752	0.9952725264334733
3.901118641583018	0.9947510870869082
7.177395535256963	0.9947510870867242
3.913325926135416	0.9947510870868955
-7.281072844526162	0.9999995624002186
-8.33420317189467	0.999999961276649
2.2353011141135823	0.9947510870988407
7.6938338964509825	0.9947510870867241
3.989665768499213	0.9947510870869132
6.935211824210011	0.9947510870867242
6.979849268670655	0.9947510870867242
-6.179271194044502	0.9999944722409277
9.493171840945141	0.9947510870867241
-9.142429650013195	0.9999999939778834
-3.85619279495355	0.9990089394935254
-6.027269696627888	0.9999921584739451
5.934442855378407	0.994751087086727
-6.097798903402674	0.9999933327371884
8.279896351871457	0.9947510870867239
-1.295772262713637	0.9947510938860027
3.206954683572004	0.9947510870882302
-5.454996643210479	0.9999708064696742
4.209764725340012	0.9947510870868109
7.980834902132052	0.9947510870867239
-3.954284744668395	0.9991846976473399
-8.193973900340165	0.9999999465187863
-4.651107608098783	0.9998183912959854
9.967818833637878	0.9947510870867239
-4.334317030993544	0.999634033164715
-9.264797910584065	0.9999999954565975
-0.2515921223537312	0.9947510895677932
7.467642901319131	0.9947510870867247
2.695539949582578	0.9947510870897139
9.016278261387214	0.994751087086724
2.911067034445555	0.994751087089741
-8.206724367089283	0.9999999480661017
-3.136887139505622	0.9968491837021364
3.0157337000743922	0.9947510870880962
7.092061934512316	0.9947510870867242
-0.1256734803928552	0.9947510895953026
0.0984279496764131	0.9947510884747279
3.0323073178456674	0.9947510870881854
5.997678571232946	0.9947510870867258
-1.427922263825021	0.9947510948714806
6.407160972078984	0.9947510870867249
-2.1051214909667415	0.9947808101100047
-3.829413903833583	0.9989558352759048
1.0903062040762634	0.9947510872770269
8.964753476883214	0.9947510870867238
4.68830300410497	0.9947510870867717
-0.02078999919246982	0.9947510886043688
1.5092614389078296	0.9947510871304136
-5.6210360434767015	0.9999800543284141
4.080852818824674	0.9947510870869141
-4.311843562478064	0.999615715222933
-9.854005312164983	0.9999999988300325
1.5647695850632672	0.9947510871356643
-1.5835068151906917	0.9947511296170125
-0.9611710727808553	0.9947510893403756
6.201694767954265	0.9947510870867255
3.8245943258912938	0.9947510870871061
-1.236624708800056	0.9947510919303847
8.396291123543655	0.9947510870867241
3.414880231260611	0.9947510870874813
6.023967341712911	0.9947510870867253
-4.710591619099427	0.9998410855627531
-9.863887931480049	0.9999999988563555
-0.8171251170988256	0.9947510914715073
-5.538462998313842	0.99997589254909
-1.3636244154742094	0.9947510940793485
2.6960208508228156	0.9947510870896972
-0.45477698195972494	0.9947510868551916
1.392953129783443	0.9947510871824885
-8.300351233408447	0.9999999581375478
4.1425246607537645	0.9947510870869171
6.62488161674284	0.9947510870867243
-2.955518618290811	0.9962061651993913
4.471333964100047	0.9947510870868004
-9.013911550354052	0.9999999919040661
-1.1031090360005145	0.9947510893994025
3.6983464698673973	0.9947510870871014
8.78874455094283	0.9947510870867241
5.040729107223218	0.9947510870867484
9.020681707352864	0.9947510870867243
-3.644277276868939	0.9985247692749155
7.4950287588033575	0.9947510870867242
9.675343464990853	0.9947510870867241
6.361509971534357	0.9947510870867253
-1.0200508472028638	0.9947510892620007
-9.625781572549315	0.9999999980212181
-4.76233086422595	0.9998585564436363
-6.063011873575421	0.999992777322008
5.141591214085439	0.994751087086736
-5.396755437968586	0.9999666376419097
2.493662348043575	0.9947510870927525
9.75356775521145	0.9947510870867239
1.0194086826941842	0.9947510872779712
-7.1307919852254065	0.9999993814905599
1.27314265497521	0.9947510871832413
-6.069198470220312	0.999992879371809
-7.943951728674459	0.9999999048912187
-2.5555415396069048	0.995162147028079
-6.126457457357799	0.9999937581041433
-0.48754388520204195	0.9947510868829622
6.682106187103464	0.9947510870867249
0.44879152105703923	0.9947510878205971
7.799794743652143	0.9947510870867242
-6.726204191543292	0.9999984300980723
3.462833977095542	0.9947510870874826
1.2234139490185214	0.9947510871783908
-7.428871238037771	0.9999996886226689
-6.829468687868081	0.9999987622597369
1.7753136438394392	0.9947510871180771
8.186441043704129	0.9947510870867244
-4.762033228315081	0.9998584615239412
-2.764094505369541	0.9956206741898316
6.890830309618501	0.9947510870867244
4.7751512738829405	0.9947510870867609
-8.791129845393622	0.9999999864777749
5.575120063274177	0.9947510870867301
2.8598852895067672	0.9947510870897566
-7.367715948209086	0.9999996415411936
-0.9702960685161788	0.9947510891303467
-7.102820583199021	0.9999993403476838
4.231821732162517	0.9947510870868135
4.270878657461061	0.9947510870868207
-7.804539073822845	0.9999998688914911
6.480104846853699	0.9947510870867249
-2.8158190564654584	0.9957651548539497
-9.558323631154941	0.999999997688702
-0.6523221361833009	0.9947510902694612
1.3713565913261974	0.9947510871831179
-8.366023865718875	0.9999999640124371
7.344621580270694	0.9947510870867241
-7.444111525113248	0.999999699359545
-8.061718387998482	0.9999999274803903
-7.624773267979155	0.9999998016682102
9.467590690234019	0.994751087086724
-9.513006114872953	0.9999999974344916
-4.913577055248997	0.999899528598553
-6.29150716079061	0.9999957303264001
-6.785711563057757	0.9999986310796318
6.4989869740354	0.994751087086725
5.9263870632360405	0.994751087086727
5.425987067958564	0.9947510870867295
7.148844957994633	0.9947510870867244
7.533678688455101	0.994751087086724
-4.842852497012702	0.9998820721382828
5.61531371592546	0.9947510870867303
1.188477844451299	0.9947510871840679
-7.4760722695667114	0.9999997206890271
6.928257993253094	0.9947510870867242
9.407786368591712	0.9947510870867243
-5.291160801911428	0.9999575129184063
1.2195010197202052	0.9947510871767846
9.18127212460113	0.994751087086724
7.331268732538266	0.9947510870867242
5.799166805631186	0.9947510870867271
6.673789946997463	0.9947510870867249
-7.368576997216345	0.9999996422511447
-1.8873006105360535	0.9947547054395735
-0.9175794279640428	0.9947510912239693
0.07168564643126096	0.9947510884776849
-4.5949043928579325	0.9997940723276632
-9.99612535500193	0.99999999905956
-8.2401056539323	0.9999999519083336
9.743379333722842	0.9947510870867239
-4.55289305863563	0.9997738636303098
-6.576102304315219	0.999997782148889
-0.37044002991938996	0.9947510867476186
-7.94471132632228	0.9999999050574192
-3.7150758807769657	0.9987030228634065
2.457577846535873	0.9947510870929153
9.276716071353583	0.9947510870867243
-0.12542013648245387	0.9947510895951298
-3.73803047942888	0.9987572287222032
4.2558186185058755	0.9947510870868209
-1.8318898077525603	0.994752949849173
0.03268555825901487	0.9947510884787334
-5.541991963008424	0.9999760869499792
7.444494028897676	0.9947510870867246
-6.280236525878782	0.9999956181451487
8.52509582384975	0.9947510870867242
-8.530085611328445	0.9999999753344083
5.9660425485242286	0.9947510870867272
2.928651846278836	0.9947510870898107
-0.26398076026963757	0.9947510895888823
8.541105553156221	0.9947510870867239
-9.945816713113365	0.9999999990529731
-4.262640694396249	0.999572567378898
-1.1835554965726338	0.9947510898140499
5.866828043525061	0.994751087086727
6.157910558989748	0.9947510870867255
-7.337729053445723	0.999999615917535
7.973451246404437	0.9947510870867241
-4.64891143158944	0.9998174956986925
5.560504701660163	0.9947510870867301
-5.790164343805939	0.9999864749982578
-2.7797219109960514	0.9956630258339705
-9.417678024256384	0.9999999968047744
-8.901642489614376	0.9999999895157875
-0.32590229426435613	0.9947510890215844
3.7814744017616064	0.9947510870871039
4.293473324549977	0.9947510870868185
2.2817690119443323	0.9947510870988424
3.0941733509871803	0.9947510870882321
-9.325468348995836	0.9999999960489651
-5.977352602971298	0.9999912045960186
-0.3123477128828398	0.9947510895960034
4.564945797134342	0.9947510870867725
0.8176296766075097	0.9947510874686162
5.625514714949675	0.9947510870867307
-2.979955060711168	0.9962893984127804
9.519137829018685	0.9947510870867242
-8.178622880416171	0.9999999445946256
9.528006725104404	0.9947510870867243
-1.6198634674548487	0.9947511649585976
