1.0514431646069298	0.9003589430340226
-6.043371272723972	0.9999821454808304
0.018295997777094897	0.9020232140333234
-4.312398996084306	0.9990603646577012
6.650635454709793	0.900358629894433
1.4858253992419215	0.9003588206530773
4.465721758675265	0.9003586351410304
3.025070482192028	0.9003587169030937
-3.4429989123416016	0.9938838502875342
-1.4463444376277756	0.931894931378144
0.2577243286742892	0.9009365924792329
8.05137905032458	0.9003586298709894
-0.7858505114768946	0.9132371970381137
-6.0431835741149875	0.9999821377658064
5.790117681573999	0.9003586300675174
-3.04601087189023	0.9871652916660214
-3.8362154038631724	0.9973059830145369
-8.506838047511355	0.9999999385574264
-3.511189453925434	0.9946683220639927
-9.857948691556402	0.9999999972624674
-2.6797527061991033	0.9772352079285794
5.332922629004431	0.9003586306575181
0.5774256580032464	0.9004340977717651
-9.839305966134365	0.9999999971423965
-3.2527182287198464	0.9911566846758619
-7.81422336284181	0.9999996972519541
1.2157919922848937	0.9003587297343811
-5.903507672952069	0.9999753656980461
5.454790538167327	0.90035863026695
-6.874840890066327	0.999997367070582
-0.6481778257275739	0.9103655027673128
-2.100869716685221	0.9560674845523474
-4.5032839323988405	0.9993896648584055
6.720541805099952	0.9003586298946129
7.963570688469321	0.9003586298709542
-2.492968856269413	0.9708903590071907
-4.053920945148164	0.9983265091128071
8.505192251171898	0.9003586298697289
-4.736423175199738	0.9996410029277615
8.850180245665932	0.9003586298695236
4.504566372751167	0.9003586328003021
-9.46736429177992	0.9999999932711039
8.826413832730356	0.9003586298695228
-1.5052398820578041	0.9338983132788767
-0.3014266571385562	0.9049386672337785
-7.579844689559705	0.9999994806529909
-3.192141297465403	0.9901042131932993
3.680645755215771	0.9003586537099468
5.096788083762682	0.9003586307155018
-9.629214991897763	0.9999999953645393
-2.5787043263847576	0.9738936384478102
9.254165701830107	0.9003586298694214
9.306756296751004	0.9003586298693759
-1.4167223263048747	0.930897456555897
-5.181421766821388	0.9998704259788266
-2.1361496844298378	0.9574238439754679
8.941737476272088	0.900358629869525
6.966016744510135	0.9003586298823756
7.409380346966849	0.9003586298757462
-7.581268536061039	0.9999994823528457
5.370487096273164	0.9003586305319785
-0.8646268387760934	0.9150704984086652
2.121036550471409	0.9003588417232002
-3.893020339106239	0.9976179893408877
-9.34373391672814	0.9999999910551259
1.4849496351907518	0.9003588189806674
-9.015780718893524	0.9999999809661302
6.680443172930808	0.9003586298950802
-7.8527624202443125	0.9999997229599674
5.886063856737319	0.9003586300675488
-5.57262780429566	0.999947262026813
5.461321752299039	0.9003586302699692
-8.737878007532274	0.9999999639064459
4.459057666089743	0.9003586355362213
9.122876378629169	0.9003586298694183
7.079714953540588	0.9003586298821243
4.390088580065452	0.9003586359320255
8.402354872339114	0.9003586298698126
4.6169577542284035	0.9003586329212332
-0.5091436701636596	0.9078934548661935
-6.401909825327623	0.9999921780392514
-6.41168217968799	0.9999923520490427
2.4295305449847007	0.9003587392628047
4.20261505326177	0.9003586357301901
-4.233260038746209	0.9988775800530832
0.569168480229223	0.9004387231279126
3.485737259767401	0.9003586769795318
4.952769314447384	0.9003586314122928
4.848739188034813	0.9003586314183802
-3.9832720040952596	0.9980444919829078
-1.5195807327724786	0.9343833874587272
-7.144601648875417	0.9999985852119382
9.134361228064453	0.9003586298694186
0.6830540936873319	0.9003890066443364
7.186547954951131	0.900358629878742
0.3078984861745315	0.9008087069455917
7.361909339321905	0.9003586298757668
-7.878695407996239	0.9999997390185581
9.276874210696345	0.9003586298694111
1.402665150783303	0.9003587278538384
-4.475204345520858	0.9993495369335975
-5.74694072101845	0.9999646821485697
-9.470431305831827	0.9999999933184565
-9.554378821426553	0.9999999944928205
8.969227893807165	0.9003586298695185
-6.458615585803527	0.9999931353259726
2.5265200811351427	0.900358742469621
3.459511186748605	0.9003586769554658
3.292240905559689	0.9003586799189872
1.9947891231567674	0.9003587324526324
-0.8152770818837407	0.9139082591525479
-9.012598244706576	0.9999999808261384
-9.79739698748225	0.9999999968528969
7.812562627236964	0.9003586298709413
1.304313931437715	0.900358726989426
2.8877067874927	0.9003588103846768
0.2928762263344442	0.9008460679854624
9.127173951044071	0.9003586298694184
7.842119122471697	0.9003586298708482
3.674628346921489	0.9003586538665875
-4.974682655221265	0.9997918259997488
-5.249647247027149	0.9998892124589801
-5.812600812127755	0.9999696340666242
-1.8410506154812936	0.9460322174295062
6.184616673595794	0.9003586299692787
-1.2252167831433969	0.9248290560571436
3.724883377752871	0.9003586536315596
-9.900260150564408	0.999999997516594
-1.3042489389812584	0.927226174449634
-9.936088934293426	0.9999999977132403
-7.029932193422881	0.9999981577171367
5.991085111157455	0.9003586299952382
5.275556855863179	0.9003586306484382
3.2499209430276963	0.9003587202413852
4.2966635444777665	0.9003586359014942
4.495525840485248	0.900358633154062
-9.185216004730377	0.9999999871147744
6.895992319885234	0.9003586298849591
-4.089890789815143	0.9984546715454381
-9.487475096403944	0.9999999935755931
-1.9977737471591261	0.952050708137292
4.505845286918543	0.9003586327678998
-8.077986421125903	0.9999998350623618
2.8188351635134623	0.900358810484886
-2.9991172969687163	0.9860991766289616
5.990159475585299	0.9003586299972798
-8.856111556603462	0.9999999725086404
-6.900021470832218	0.9999975153783827
3.8939684683543483	0.9003586426646968
5.465013220776566	0.9003586302703767
-3.8536337635819873	0.9974055175892721
-4.02437437672579	0.9982136564919264
-0.12090108823507606	0.9030393314404104
4.040296292460223	0.9003586418762471
1.8588232058841392	0.9003587333550744
-8.899633654277936	0.9999999751300952
-7.979558675095824	0.9999997931063489
-1.777785577620934	0.9436836770833946
4.7092673903758	0.9003586329089606
3.233391550606669	0.9003587245417776
-1.6295777233966735	0.9382169371931592
4.73353907512144	0.9003586329788867
-8.984162303923746	0.9999999795286962
-2.790479939163446	0.9806088711622464
6.116977054681737	0.9003586299687627
-1.3671404667323994	0.9292539794013278
3.353920440324597	0.9003586778927247
-6.973181645802584	0.9999979005578099
-2.647542594799579	0.9761960489474756
3.0098195481719046	0.9003587148100028
-8.201405840953711	0.9999998758630922
-2.609596686420108	0.9749398665768441
1.4157795862961855	0.9003587253899658
-9.81997394836144	0.9999999970123203
7.8074048193722305	0.9003586298710607
-6.134378147819186	0.9999855197199218
4.2711539611597615	0.9003586360278646
-6.054984588624692	0.9999826164033843
-6.658107556547126	0.9999956633499552
8.700438827270467	0.9003586298695779
-3.4842885364087106	0.9943700047498014
4.809181852298231	0.9003586313068751
-5.846247422771471	0.9999718962740352
3.204178768403839	0.900358722049974
-8.961850460404811	0.9999999784494974
-8.772704376434355	0.9999999666878232
8.698395082662689	0.9003586298695877
-8.375957115527438	0.9999999169480256
1.0123801121263618	0.9003591896662895
-4.254375366521526	0.9989294871722616
8.25418728125775	0.9003586298701415
-1.9271458440832845	0.9493073827838728
-7.186747022617435	0.9999987160521365
9.589205816436746	0.900358629869356
3.922984863549699	0.9003586408624175
7.992186432389666	0.9003586298709567
-5.360541013947513	0.9999141262882719
3.803677912011416	0.9003586534889111
5.17452102931669	0.9003586306599526
-1.5412332141755734	0.9351079729316869
-0.7731526643571272	0.9129539289438843
-0.08539853297610733	0.9027394769246256
6.665953446016534	0.9003586298952307
6.6369139893960885	0.9003586298929457
-5.955541060716252	0.9999781457349545
3.9355113266208264	0.9003586414540242
-3.5405612397960295	0.99497809919727
5.9137262649784805	0.900358630066
3.9355410287140113	0.9003586414555984
5.710818173677605	0.9003586300555666
-7.214632157335568	0.9999987958987393
-6.256178442041933	0.9999890600826511
-5.886923345704429	0.9999744073974011
-0.8628434394054008	0.9150277007414738
-3.7491177997350578	0.9967525425144139
0.9117072712415553	0.9003610306706104
0.8286474053061497	0.9003651607149266
-3.7710908831427847	0.9969013438674224
-8.484610092866438	0.9999999353308563
2.775742806568511	0.9003588101067903
4.220703250486476	0.900358635374481
-2.47087208178999	0.9700960557765039
6.699355299064933	0.9003586298946209
1.753102876763343	0.9003588343269083
-6.102212102666713	0.9999844069410257
4.372461649761439	0.9003586359370364
-9.785190292273178	0.9999999967631864
1.010100034678235	0.9003592092342312
1.233375044090824	0.900358728361555
6.732219092835081	0.90035862989469
3.4771873931013886	0.9003586770235502
-3.6474203817696127	0.9959743829740842
-0.6414597986986017	0.9102438197756101
4.75261908489899	0.9003586328947945
8.29811766667406	0.9003586298701423
-0.5401493139326199	0.9084214861984751
-3.5286987206790243	0.994854954279842
-9.533999716386417	0.9999999942282392
-9.826490844002173	0.999999997056818
-1.9577697191685495	0.9504938624554284
5.409914037613209	0.9003586302383053
-6.487134753174328	0.9999935715635919
-6.514636392074009	0.999993965963903
4.485219880914148	0.900358633775804
-9.71162821958659	0.9999999961657554
6.835869785243986	0.9003586298949304
-3.2641548373583484	0.9913448910970544
6.307572359779229	0.9003586299191586
0.9785677637913537	0.9003595577382499
-2.179466763942748	0.9590870775703418
5.9958964515827695	0.9003586299851983
-3.997705743488691	0.9981055689893451
9.928205760370084	0.9003586298693258
1.6500616771288268	0.9003588548903703
-7.992492532138904	0.9999997991770498
4.2326852479411095	0.9003586356159263
-0.9918082426115227	0.9181929385565167
8.606940538969901	0.90035862986973
3.1925616396036016	0.9003587224210003
-9.157393945485524	0.9999999862622991
7.582932415614291	0.9003586298726197
-7.889101357667632	0.99999974519736
-6.713589011024177	0.999996183381922
0.11380441587208523	0.9014893546248124
-1.48035353416617	0.9330497252433972
-7.932520466476709	0.9999997694394053
8.580645274343087	0.9003586298697304
2.6380660013576716	0.9003587401547425
2.044487388241624	0.9003587349153294
-5.8484090063413285	0.9999720357107171
8.082814125919402	0.900358629870654
-6.954803183696576	0.9999978098116685
-4.181347980018493	0.9987393440913939
2.602668931079183	0.9003587431927288
5.739765506277745	0.9003586300586179
-1.9512762077763046	0.9502417708218431
9.155930183606902	0.9003586298694187
-2.055833590746161	0.9543164224034387
3.0038918516782545	0.9003587166673579
-8.967871855271614	0.9999999787462301
-7.743417385165872	0.999999643641744
-7.445658293346802	0.9999992926372018
2.8919652728082426	0.9003588100620027
-7.663877552554994	0.9999995720175989
7.4749430064402524	0.9003586298749996
-9.182657518644266	0.9999999870386421
-5.895638816248869	0.9999749155641093
3.546973770427062	0.9003586768102041
-1.4898599599279407	0.9333742323254218
-1.5111045423434533	0.9340972657450416
-9.777409513805694	0.9999999967046734
0.8771453582277022	0.9003623482208543
-7.286926285801516	0.9999989805383432
-3.7291085048561046	0.9966113238940278
-9.124005449377425	0.9999999851644875
6.89429463545892	0.9003586298854275
-1.1457545583091324	0.9224848525907643
5.767686740712996	0.9003586300715366
-2.4961469054139007	0.971004259644441
2.80017264777471	0.9003588108121106
-9.869964736851834	0.999999997337172
1.789067478002968	0.9003587487230834
2.827387921747153	0.9003588103619244
6.244377343156906	0.9003586299712321
-2.988201688336538	0.9858420960429042
-5.471407966768922	0.9999334424794537
9.417379254366306	0.9003586298693663
-5.264366846936128	0.999892894883958
4.0776674760524845	0.9003586418885156
7.11827967240675	0.900358629882032
3.102314430117662	0.9003587222286187
5.300724328486854	0.9003586306455165
-5.788751015200417	0.9999679211810477
-9.730951417250022	0.9999999963326148
-3.6500979720632865	0.9959968794950743
-1.1759265056944948	0.9233724505698347
-7.039788226992054	0.9999981990538305
-6.8865477993423685	0.9999974370914212
5.8271050858070375	0.9003586300671167
9.908785096518336	0.900358629869329
0.4196736744445406	0.9005898491253252
8.127039684297976	0.9003586298700641
5.839548919349792	0.9003586300673849
-0.7309575351423714	0.912037033025147
2.6050328959395053	0.9003587431898049
-3.9183356602509534	0.9977457711944225
-0.5857772439435305	0.9092352821451638
-5.757138946541844	0.9999655011539798
4.341100028252072	0.9003586359334127
4.058450804731063	0.9003586418688727
8.991044280636341	0.9003586298694721
1.8772367919163315	0.9003587316916212
5.756571527433723	0.9003586300701025
5.039830393637516	0.9003586314447404
6.921700614756773	0.9003586298809543
-6.6922017615422025	0.999995990742617
-2.408785752603837	0.9678456664731517
3.4996367343152492	0.9003586767253356
6.964811469606094	0.9003586298823637
6.0610606898054264	0.900358629971025
-3.862440002624017	0.9974545157688541
6.878060687168702	0.9003586298902346
-0.6164641152976671	0.9097960694571076
7.189185094407655	0.9003586298783415
0.454148318632015	0.9005427047121913
9.324536431510428	0.9003586298693629
2.4284615659057387	0.9003587388805855
-1.9292173113315947	0.9493874114966054
-4.522439050942584	0.9994156292006826
6.835687600990198	0.9003586298949231
8.434070809056571	0.900358629869691
6.5901426806467	0.9003586299030438
1.8523941804725794	0.9003587336921685
6.327203689288865	0.9003586299149474
7.343342082955935	0.9003586298757718
0.22189372971660148	0.9010458130468887
-3.0143713805939854	0.9864527966091639
-9.290807182193559	0.9999999898958248
-6.793894317261162	0.999996827656968
2.4296060865170155	0.900358739289879
-7.863967104453384	0.99999973001616
-9.332896768325512	0.9999999908291142
-7.751401132522497	0.9999996501328364
-8.698761010187592	0.9999999605045898
5.2368580428237355	0.9003586306481154
-9.173370666135096	0.9999999867584959
-9.284623841367168	0.9999999897509368
9.343988281582615	0.9003586298693625
3.872300446354359	0.9003586482089074
-2.277684456344744	0.9628959257263983
6.1316770855115585	0.9003586299691319
1.0622042152263553	0.9003588979587782
7.2849981941726405	0.900358629875848
5.776420318825654	0.9003586300704268
-8.127170592721216	0.9999998527227054
0.2387591063129868	0.9009911074842298
1.9569812606123094	0.9003587313412789
0.9056453718152682	0.9003612331668314
1.145882072703536	0.9003587325078264
3.4197334372801347	0.9003586769303276
7.813779218069779	0.900358629870919
-1.960051452167498	0.9505824900847263
-3.2435533773276104	0.991003485993249
4.846079281316285	0.9003586314055314
-6.754474636603005	0.9999965262650827
-4.030107397612599	0.99823610892595
2.3928454772600727	0.9003587458278877
-2.255200667680475	0.9620291102936612
-2.779860364917077	0.9802977072214398
-5.972790301135937	0.9999789962960361
-7.333090548001229	0.9999990833411585
4.349566739842338	0.9003586359303817
-8.486102324813952	0.9999999355526732
8.225791299033986	0.9003586298701383
-4.660880797575753	0.9995735001457281
-9.943214218719989	0.9999999977504548
-8.105237811756808	0.9999998450938932
4.619853546449226	0.9003586329236913
8.37488667456332	0.900358629870069
-5.9111124617436195	0.9999757930539808
-1.3717264077698754	0.9294042816778186
5.725947275187412	0.9003586300490136
0.40408568705774783	0.9006140610428345
1.2079807259631004	0.9003587302421581
-5.691267741840114	0.9999598563860259
-2.1062195732902467	0.9562744910285115
5.479669951739009	0.900358630266332
-8.303735984089888	0.9999999019221405
-5.218242368516965	0.9998809283744888
5.974507099004892	0.9003586300335029
8.738607587707339	0.900358629869505
5.147664538826424	0.9003586306455963
-5.1507794601289225	0.999860985441662
-4.08343928944634	0.9984324016475636
-1.2985010685875853	0.9270431577948492
-7.739969752002667	0.9999996408015829
-1.4540621996189529	0.9321559935086794
3.5734493339600135	0.9003586650007491
-5.61151016774692	0.999951773171693
-8.016298426229351	0.999999809888848
0.2450051788094143	0.9009724261966188
0.8774636787453183	0.9003623341631486
2.94839452328452	0.9003588065120635
-6.6177591972430605	0.9999952411890473
-5.2972606872973005	0.9999006886967337
-2.006955166779907	0.9524090011519816
-9.415014841118525	0.9999999924090985
-2.346969033788726	0.9655395258824258
8.822636043128629	0.9003586298695228
7.295302720459986	0.9003586298757762
-6.292514471494353	0.9999899379306572
5.433568309445743	0.900358630235961
-0.8868629154237162	0.9156096178119213
7.745787647739402	0.9003586298726297
-6.662603608052837	0.9999957080093352
8.747364133306004	0.9003586298695115
8.11863842288572	0.9003586298700946
8.769421109420112	0.9003586298695273
-0.27701052214464283	0.9046442551638731
0.029630239348744425	0.9019518544609426
-6.037376810308244	0.9999818974363976
-4.541098866196283	0.9994398742866417
4.08289360381878	0.9003586418867494
-4.303264149967303	0.9990408491858187
2.3302394386722636	0.9003588408154111
-1.6105671422932808	0.9375329833164868
-4.190810167144274	0.9987657161127635
-0.7119408972103649	0.9116367109032425
-2.2392852017830167	0.9614135254657423
-3.1210371212014465	0.9887461436208201
-1.363454848950493	0.9291334104154233
1.3464285631351949	0.9003587268249751
-4.067491152887079	0.998376017023606
6.788074802908994	0.9003586298947346
-3.522843333570611	0.9947931921990179
5.123347411896585	0.9003586305752537
-8.7421755012224	0.999999964261841
3.7075744868640435	0.9003586535332223
-9.264890713123588	0.999999989274505
2.8768596575060545	0.9003588108016356
-7.2964635830388325	0.999999002681393
-4.2526285982510625	0.9989252834175507
-3.8053880714112376	0.9971210117804021
3.0138094428046927	0.9003587145733484
6.617473471289522	0.9003586298926765
-8.285004570868452	0.9999998975994261
-3.925496841897629	0.9977807240688717
-2.598282513701329	0.9745590173035991
7.775449342792978	0.9003586298721986
8.861258412166436	0.9003586298695235
-8.924463832328446	0.9999999765121101
-5.89777815039966	0.9999750387511506
2.5595862993813334	0.9003587422251239
-6.259384812171134	0.9999891405333065
-9.559819239797918	0.9999999945613786
-6.581731586343338	0.9999948296281633
-9.9603717884795	0.9999999977794501
8.135364850215026	0.9003586298700667
4.603120551317016	0.9003586329125108
8.393456810282135	0.9003586298698957
0.6320937902585655	0.9004069206249407
2.589132873415739	0.9003587425561075
0.07140739302282739	0.9017088439737931
1.7367263833244664	0.9003588575362295
-5.372589800396872	0.9999164712061062
4.397236183079865	0.900358635915376
1.3686509004501701	0.9003587263836711
3.854466606217702	0.9003586525813297
-8.712972720211244	0.9999999617761136
-9.899888198430062	0.9999999975144661
-7.2993383740339945	0.9999990092611272
-4.195114001317153	0.9987775334829623
8.082573114055087	0.9003586298706586
-4.809624911165322	0.9996962796738211
7.1207022940387255	0.9003586298820324
-4.357539160620645	0.9991512413727084
-0.9558418513620772	0.9172686558421054
5.959278452276994	0.9003586300619832
-2.9639229693995617	0.9852582602341915
0.8472948805118143	0.9003638967107405
8.966562916047714	0.900358629869522
4.195090824197427	0.9003586363198399
2.987238651544599	0.9003587348320343
-4.681925889742051	0.9995934768899657
-1.6405231029656662	0.9386128670555596
-3.3686073907273517	0.992916610406239
-7.413064296408001	0.9999992375073675
-6.129981420791624	0.9999853724320111
-4.774832055724274	0.9996711476709365
3.3079153464252897	0.9003586730873879
0.46922539334800284	0.9005245916065572
0.23628772944589116	0.9009987314051312
-6.540292925793092	0.9999943120602212
7.777423013517087	0.900358629872131
-8.290653953500332	0.9999998989228462
-9.465873744195466	0.9999999932479697
5.8560141896552675	0.9003586300672358
5.851139280085501	0.9003586300672908
-4.116806056489137	0.9985443351205943
-5.500242011443728	0.9999377114228588
-7.960778134192217	0.999999783963272
3.9538504379308534	0.9003586420964381
1.64857442304314	0.9003588548552267
-2.8057614940764353	0.981051726260568
-8.329061860344794	0.9999999074779665
-7.508814234613861	0.9999993883721904
5.051221593878029	0.9003586314140377
-2.287164036835243	0.9632602409737632
-8.394282154433007	0.999999920379473
2.232416203525718	0.9003588367712841
-7.450620318597285	0.9999993006729986
3.0275761903586798	0.90035871778763
-4.290228976652859	0.9990123139622573
1.0852052515314412	0.900358825238465
-2.8104839563885076	0.9811872766311496
7.1472777825644584	0.9003586298823825
-7.452406623695329	0.9999993035434525
1.8212597051088295	0.900358729356932
-1.048551526074295	0.919723613578298
-4.809059774721862	0.999695887101212
-6.889030252835382	0.9999974516983797
-4.185789580227093	0.9987517905996554
-8.402104350477746	0.9999999218007005
-0.9375295015214711	0.9168291997529824
0.6525129374364447	0.9003988753020766
1.2498342242184624	0.9003587276225514
3.441502080023744	0.9003586769646313
-1.2854330169026476	0.9266277531884707
-3.6395812079364953	0.9959078595857278
1.4066498274028625	0.9003587275118448
2.7400903247081487	0.900358810488679
9.615549487889396	0.9003586298693407
0.10091048275029024	0.9015532480843711
-8.684516189887903	0.9999999591876734
-2.317085959431906	0.9644054475279968
9.496165309409367	0.9003586298693664
3.517505573115187	0.9003586769003835
0.45937798514464667	0.9005362556302211
5.970008163911103	0.9003586300432519
1.1942067396747227	0.9003587304755288
4.754634561632924	0.9003586328574683
-9.973182247191534	0.9999999977794501
-5.856476747377575	0.999972550056493
-4.046597614285066	0.998299192697981
-9.278806091990486	0.9999999896127183
-0.666147373282513	0.9107018272781519
8.44579213588823	0.9003586298697062
8.64021583861554	0.9003586298697329
-1.8492854143172153	0.9463356533747114
-7.561200979342471	0.9999994578730216
1.1614719453095557	0.9003587285121474
7.0318507157669	0.9003586298821065
1.9842451013914832	0.9003587315663715
-5.8190323506718755	0.9999700801246206
8.268839747614503	0.9003586298701407
-5.543699861294447	0.9999436345372587
7.554547580066384	0.9003586298725447
-4.736189233002364	0.9996408111729904
6.603897905293046	0.9003586298960901
-5.7993945953311865	0.9999686972141801
-0.9321846101746356	0.916702499281715
-3.3755049086122657	0.9930114158020388
-8.694513560781424	0.9999999601164269
-2.470283821644008	0.970074900857891
2.9735474276073717	0.9003587612823585
-3.3707183309692823	0.9929457383758805
-2.373868506772112	0.9665499885819202
6.682882566976268	0.9003586298950144
2.8770499289779217	0.900358810799326
9.705729522778945	0.9003586298693402
2.2319887861848287	0.9003588367726089
-1.6171140938050534	0.9377681757612906
4.025757783103607	0.9003586418729733
-8.17670554169958	0.9999998685983459
-8.668957918202068	0.999999957699098
5.04425338556751	0.900358631442064
2.2736260175894873	0.9003588373106342
3.0638045940484826	0.9003587242537785
5.568647395734313	0.9003586302619088
-4.930670353523112	0.9997697469621314
-1.2651519783605547	0.9259989005680718
6.203474692328626	0.9003586299688789
-2.6631048876071617	0.97670126909401
6.93209034756762	0.9003586298809871
-8.044929455523317	0.9999998220177657
9.187100088104337	0.9003586298694192
-3.9000828700572576	0.9976543103554998
-1.519251335039824	0.934372305560592
-9.992301584345867	0.9999999977794501
9.891511225822882	0.9003586298693347
5.788014538458368	0.9003586300679226
-7.894398782323049	0.9999997482864477
-8.361422298795368	0.9999999141214257
4.280662947609844	0.9003586359650584
7.5233135140899705	0.9003586298722773
1.4449655335053322	0.9003587333346345
2.3376945405431293	0.9003588396895367
-3.606484508941654	0.995615905882462
1.204438930375428	0.9003587304008436
-6.01853474191286	0.9999810951342294
3.1678426347886735	0.900358722723415
-7.252809283198056	0.9999988972250545
3.3906736377954694	0.9003586767672724
2.574482808116141	0.9003587420800594
-3.6286380363436077	0.9958133310971731
0.2426048183749927	0.9009795102943773
8.196693566055234	0.9003586298701435
-6.049705819527751	0.9999824039075907
1.220200657716365	0.9003587293890418
-0.7503928406921556	0.9124547585872943
-7.525638551650191	0.999999411612879
1.8017353194245125	0.9003587333824106
7.23096474959754	0.9003586298751715
5.009258174028567	0.900358631402951
4.36815721211933	0.9003586359342496
-1.2905679189727248	0.926790608700139
-1.0280841939913152	0.9191650945881289
5.153471776303871	0.9003586306573506
8.338204797506059	0.9003586298701448
-5.272348828546796	0.9998948404296705
2.3574502490291938	0.9003588150996137
-1.285458168847713	0.9266285487656081
-1.5358230410134954	0.9349271126690947
3.545869238816163	0.9003586770422598
6.511074156936637	0.9003586299193851
-1.4270800974944287	0.9312453936630303
-6.460610437133205	0.999993166780086
1.421849548875791	0.9003587235772406
-9.556043866841147	0.9999999945138939
3.3489762613188248	0.900358677654691
4.8017940686968075	0.9003586314091024
1.5177097736251088	0.9003588492415163
-7.308397380179539	0.9999990297125831
-8.72034593476175	0.9999999624195819
-5.024445797232047	0.9998142621463013
3.344051752798194	0.9003586771853289
-3.547512008140159	0.9950490363668556
2.7828745890834217	0.9003588105411723
4.621065684920275	0.9003586329246672
-1.663733550860865	0.9394576907604558
8.742610024033972	0.9003586298695078
0.9277695206367031	0.9003605529857492
2.336900064556314	0.9003588399877054
-3.105731056303438	0.9884359930818885
6.452999647075938	0.9003586299196593
-8.284147060205207	0.9999998973970377
-6.740637112279018	0.9999964138123705
-5.880349126368758	0.9999740172820065
4.598338040635035	0.9003586329131854
3.743855780762111	0.9003586536310682
7.610608583924922	0.9003586298725517
6.4436436819527145	0.9003586299196819
-9.435172692639204	0.9999999927533809
4.063462161921706	0.9003586418733924
-0.8145799130231612	0.9138921421796324
6.184423464371434	0.9003586299692782
8.680524787815848	0.9003586298696743
3.8770168696234784	0.9003586468817003
0.6624486249691799	0.9003954118364181
-3.7223741202870997	0.9965625366494874
-2.4510301623981157	0.9693820726525758
9.93126578405824	0.9003586298693257
1.0616173319044933	0.9003589002168872
-7.935673498242863	0.9999997711072335
5.425533193462378	0.9003586302260996
-5.450938057720722	0.9999302357142338
-8.124505453795528	0.9999998518161376
-4.818414924353833	0.9997023212795964
-7.722976645849449	0.9999996264683523
1.095901918980399	0.9003588002298306
-8.710846486210189	0.9999999615885153
-8.8951305978462	0.9999999748708853
-2.6859048532371954	0.9774308074801602
-1.2848913322674491	0.926610625322719
-6.9311543567173795	0.9999976872472689
-6.482532902515872	0.999993503095264
-5.183707004081128	0.9998711038668499
1.969950679871335	0.9003587311072273
-5.302000221209182	0.999901764033209
-7.447097966468688	0.9999992949781535
-2.1738976452174086	0.9588708712057322
0.3483640135254227	0.9007164187572531
-1.6527541455653871	0.9390572730909933
1.7637240280957123	0.9003588090430402
-2.3829192006741096	0.9668877185675739
-0.5096998587446322	0.9079027617740262
-3.910812207544314	0.9977084891245137
1.4298817852113501	0.9003587226801444
9.57679304780989	0.9003586298693633
7.845127281722593	0.9003586298708693
-5.591902766918495	0.9999495486757364
-3.6433345460577193	0.9959398337559373
0.3780837144253546	0.9006587268752554
-2.6170768772818542	0.9751901292427937
4.393403575683852	0.900358635925267
-9.698679429190546	0.9999999960497137
-2.2948832936068486	0.9635563928330335
-4.536482612439068	0.9994339702383594
1.3830660249266025	0.9003587268633045
-7.373549684960534	0.9999991648788454
-9.781493471368371	0.9999999967355163
-6.985418945273545	0.9999979588851592
6.65967817814289	0.9003586298950629
-2.155998985059542	0.958182077563771
7.15729604999304	0.9003586298821851
-7.8154370746847945	0.9999996980968515
6.904790535518085	0.9003586298828438
-8.072921270944828	0.9999998331274494
-7.552974145967868	0.9999994475056275
-8.230944802650836	0.9999998840256419
-8.968509132580538	0.9999999787773949
5.103429920350727	0.9003586306402652
1.2124447567266472	0.9003587299733308
5.159681071617829	0.9003586306634601
1.7656361775134588	0.9003588041069401
3.545741963126403	0.9003586770670151
-0.40089024989729083	0.9062147674968595
-6.401237942905977	0.9999921659310755
8.93398976801955	0.900358629869523
7.6493804150603175	0.9003586298725704
-0.047687589237899175	0.9024551593574435
-2.7219523904586085	0.9785573909822236
4.52275516175742	0.9003586326525111
0.8812688677244651	0.9003621693345158
9.768606808698589	0.9003586298693403
8.935067207592262	0.9003586298695231
-1.6119960134268663	0.9375842987658761
5.239695941398059	0.900358630648107
-3.9188077150946343	0.9977480911923224
3.5961441057784462	0.9003586540865087
6.301925367380498	0.9003586299231772
-4.298107055301252	0.9990296573935779
-3.6471036612618857	0.9959717143911863
7.70273584719364	0.9003586298725677
-2.6520748363043145	0.9763437920677023
7.711983952854752	0.9003586298725553
-0.16728948447770975	0.9034656097103431
-0.04235739220166401	0.9024189413345921
9.760407330408263	0.90035862986934
1.845789739839038	0.9003587336526877
-9.502835029435147	0.9999999937988385
6.835002845614323	0.9003586298948947
-9.072515164593167	0.999999983297077
9.523369368637105	0.9003586298693662
-6.561972556731384	0.9999945889910192
8.027464941554605	0.9003586298709461
3.0362455873809466	0.9003587210389656
6.640231831018987	0.9003586298932947
-9.569281591504222	0.9999999946785938
-7.820526737475109	0.9999997016142921
8.438505479164764	0.9003586298696951
-8.426268264821811	0.9999999260328458
-4.241906258646719	0.9988991245139165
6.852387900131216	0.9003586298951103
5.022337396028153	0.9003586314101607
7.425155002998665	0.9003586298757329
-4.902161171618897	0.999754217804418
9.000789051280638	0.9003586298694479
4.180869589330015	0.900358638063225
-1.618324448249723	0.9378116835601932
6.472856604719695	0.9003586299196663
-9.422914328563268	0.9999999925459233
2.9996334701113483	0.9003587193495413
4.128211269950111	0.9003586420121893
-8.661050555704467	0.9999999569218511
9.52284780372328	0.900358629869366
-7.549370834414435	0.9999994429025341
-1.6823384982243503	0.9401391172446761
-6.684032497694554	0.999995914621466
6.472288936791493	0.9003586299196634
-5.992379849637879	0.9999799221965929
-2.3414432624874415	0.9653307160924636
-9.988351318304858	0.9999999977794501
3.839881127498117	0.9003586540881746
-9.679779957260681	0.9999999958740142
-2.228291759621084	0.9609876795635474
-6.17041992262497	0.9999866725402972
-3.032785457137175	0.98687088817708
-7.3165591235877026	0.9999990477766452
2.782715458800009	0.9003588105336593
-6.097898261221264	0.9999842513428662
-2.4788922091463794	0.9703845359425903
4.844288102022887	0.9003586313954277
-1.7189879364036251	0.9414932377646567
-8.132259266790939	0.9999998544382784
-0.5956506718983299	0.9094163949331429
-1.6459540284843488	0.9388099588014901
-6.104190293508975	0.9999844777785796
-2.6139680505175944	0.9750862689705614
-8.66817500330598	0.9999999576227716
-5.838694683579688	0.9999714035956926
-5.008673832146084	0.9998074248768771
8.773758085275677	0.9003586298695279
5.945625133326352	0.9003586300713368
5.625849292574735	0.9003586302619113
-2.142889240176773	0.9576811232166498
-3.2890540078503694	0.9917433959511397
-3.775206971294609	0.9969285055369436
-2.2806116506296226	0.9630084960400801
6.381991755142806	0.9003586299202713
1.510649797310455	0.9003588472550562
-0.5303401435164403	0.9082525189496398
-3.1115026233175325	0.9885537005447135
-7.501046678800316	0.999999377334615
0.6333843932221939	0.9004063714518628
8.452114889635105	0.9003586298697179
7.230383438232856	0.9003586298751656
8.599832684289254	0.9003586298697307
3.6029668088226288	0.900358652380329
-8.530069177150615	0.9999999417577372
3.689079109711777	0.9003586535562603
-1.4580028260278013	0.9322894994163837
2.0352731717746906	0.9003587280401747
-6.462440134468026	0.9999931955033692
-6.016930469098649	0.999981025203631
3.668878711316337	0.9003586540108608
-7.062831004053094	0.9999982921137837
-1.1587571947938802	0.9228656236641161
9.451420668547875	0.9003586298693665
-2.678034184533118	0.9771804033037712
-7.6338828614326015	0.9999995414145585
-1.142642603985058	0.9223940700848667
-0.4889545955788943	0.9075604181482326
-3.1737132340867946	0.989765152805124
-3.861299583124702	0.9974482198204219
7.980947193690536	0.9003586298709554
5.820360504775257	0.9003586300667605
7.029808438919524	0.9003586298821001
-0.930684961661381	0.9166669698667185
6.06613845308604	0.9003586299713009
-6.290612794729888	0.9999898937853136
-9.46076087825741	0.9999999931680096
0.9530817081481615	0.9003599713659689
-5.849786379339488	0.9999721241997589
-0.9725101509731751	0.9176856120286568
2.1107814003603487	0.9003588426526594
1.3407000253259582	0.9003587268920474
5.289730652971407	0.9003586306483814
-2.411437061508388	0.9679431510581622
-0.37990026823581324	0.9059158873248729
2.984309433568413	0.9003587399402578
9.0867765923689	0.9003586298694208
-3.352998247299448	0.9926980927956144
-6.692185596587503	0.9999959905934004
2.39183678217303	0.9003587471202232
-7.440720704838224	0.9999992845493303
-0.03179968907105035	0.9023488894431959
-2.5344927856926436	0.9723625013074473
-5.4422678435368566	0.9999288313590311
7.36806421419173	0.900358629875766
-6.077300832826316	0.9999834867446327
3.8311648325433545	0.9003586540402148
-0.5445680924607785	0.908498207451585
7.132065151057027	0.9003586298821348
8.772966160676361	0.9003586298695282
-3.608634872527605	0.9956354301507104
-8.011687831012138	0.9999998078598378
-6.751519098296597	0.9999965025463298
-9.927672084777095	0.9999999976684898
-7.029769917867239	0.9999981570286629
-9.999569825721109	0.9999999977794501
3.052192362105801	0.9003587243599745
6.159671207791938	0.9003586299691126
7.7707834254896895	0.9003586298723452
8.740013276850583	0.900358629869506
6.194192708236553	0.9003586299692057
9.114043060240903	0.9003586298694183
-6.930026902668702	0.999997681235812
-4.222780477536299	0.9988509171575616
-0.06737967170759696	0.9025968309445649
8.680424096792109	0.9003586298696746
0.8888819494052314	0.9003618558592459
2.0572939042165928	0.9003587567403617
3.838630531649269	0.9003586541122932
-8.534091081680888	0.9999999422946168
0.43672397613558545	0.9005654936373361
-7.44593808696949	0.9999992930927623
5.631461065806063	0.9003586302652514
-5.267724759048256	0.9998937176853278
7.739152441667091	0.9003586298725994
6.263895752131454	0.9003586299637725
7.66130233077844	0.9003586298725681
-9.933338492129987	0.9999999976987118
6.619431246901776	0.9003586298924866
5.140861898173	0.9003586306246059
-3.1009885623477196	0.9883385829417499
4.681422538210107	0.9003586329327935
-2.117081338634481	0.9566934283325785
7.677806626380104	0.9003586298725696
2.7957324967402197	0.9003588108275569
-8.703935696044036	0.9999999609723924
2.787983377120483	0.9003588107257096
8.11153301353771	0.9003586298701562
-3.6707813991847837	0.996166848516933
7.588132612120827	0.9003586298726012
8.565759247529904	0.9003586298697301
0.9681300878288432	0.9003597101389795
-6.595442830296494	0.9999949902936496
-9.739341883840599	0.9999999964027879
-0.7563791057371851	0.9125850519133248
9.125985851981326	0.9003586298694184
-0.34720375587341756	0.905488261580364
6.143206746444921	0.9003586299691951
-6.402925411171427	0.9999921963058955
-1.3107924126537682	0.9274345563800444
-6.0260528860408735	0.9999814194341345
-7.692721939821068	0.9999995995191011
1.4562550461039194	0.900358753696016
7.78247617348617	0.9003586298719466
-1.6056358727401676	0.9373559054417109
8.884780918879073	0.9003586298695239
-7.553715623755268	0.9999994484481082
-9.71618726706664	0.9999999962057955
1.0735094046561358	0.9003588585778908
-5.622724993525288	0.9999530011975187
-2.785057810640952	0.9804503156974186
-4.234533128165281	0.9988807778728438
-3.2546937152522393	0.9911894288595583
5.593878474071854	0.900358630261952
-1.4459591316838072	0.9318819115480422
-1.4398325237216234	0.9316750515302734
9.891446283433755	0.9003586298693347
1.6576334924198513	0.900358855103803
1.1439694793583666	0.900358733494616
9.07777567073176	0.9003586298694215
-3.29908479980646	0.9918996354993781
7.574228754685958	0.9003586298726386
-4.825790631042466	0.999707298614378
8.976542673548224	0.9003586298695059
-6.420141616009096	0.9999924995523185
-4.544312424217121	0.9994439484238737
-3.0467391096539043	0.9871813621030571
2.179410664256265	0.9003588369389101
7.049634297521287	0.9003586298821202
-6.594580387154729	0.9999949803364113
-8.502865968105953	0.9999999379928923
4.606631424079035	0.9003586329136185
-7.8882661699941	0.9999997447068913
0.5648925312901021	0.900441207405454
-3.897350086601845	0.9976403187350396
2.287845387874272	0.9003588366923853
0.2993689302417657	0.900829815500989
-8.544293536121831	0.9999999436344305
5.1210803921086026	0.9003586305734418
2.3243554883687434	0.9003588397986645
-6.88434319599875	0.9999974240491931
9.092089517526084	0.9003586298694204
-5.976123529240325	0.9999791568012457
5.969125596211624	0.9003586300450637
3.525692278738335	0.9003586774729906
1.6240419303956877	0.9003588546882699
6.91805373520932	0.900358629881121
-9.570187311725707	0.99999999468968
-8.430072900236162	0.999999926677999
8.634086667391347	0.9003586298697294
-8.46196817733929	0.9999999318699194
-9.278596959499431	0.9999999896077151
8.435978646075736	0.9003586298696923
4.473913373027575	0.9003586345776846
-2.005473503078865	0.952351161306336
-6.0916870477771345	0.9999840245777877
-7.474656382960054	0.999999338325287
3.6454495979617185	0.9003586537697471
-4.045298766735237	0.9982943034634548
-5.557935649553634	0.9999454497899009
-6.356594370952577	0.9999913179616524
-1.2266940836838494	0.9248719296698951
0.8301223658590153	0.9003650507713351
-2.1054062683742902	0.956243046388613
6.087725110723984	0.9003586299696072
-1.1743094227629172	0.9233245042491596
-2.323730182235364	0.9646585747801876
6.4028028232969305	0.9003586299194181
-5.854291009175303	0.9999724116494109
-4.67701578020272	0.9995889005198023
6.657784172335628	0.9003586298949722
-1.6594862339753966	0.9393026417870242
-3.0968735375583423	0.9882535587316761
7.0913361701819255	0.9003586298821321
-6.996874935983808	0.9999980120195454
