-2.575148658862534	0.9876130238623874
-1.9794611460499958	0.9822592392952388
7.34034036811903	0.9802806839812831
5.90127776049005	0.9802806839814532
2.0100995565110367	0.9802806853874739
-5.37094366050388	0.9999461380378586
1.4794645210086976	0.9802806872808273
6.170786420744413	0.9802806839813656
9.736228145139574	0.9802806839812777
-1.8885026127821636	0.9817633461704327
9.212571207527631	0.980280683981278
3.248687355867265	0.9802806840689459
1.0781793762138658	0.9802806945213267
-3.9514679195051983	0.998687156619652
3.6112181780498	0.9802806840015554
-3.0455743810624547	0.9929343610318183
-2.8634060164505204	0.9909439803823957
-7.7904939239306215	0.9999997943724314
9.72740780174249	0.9802806839812777
3.6099032085843916	0.980280684001624
-8.21028815234358	0.9999999217849311
6.46805097420582	0.9802806839813213
-3.284644578779634	0.995169942758799
2.5540721498940435	0.9802806843371018
1.2827357111601234	0.9802806894414589
7.0740695478764835	0.9802806839812889
-5.251892634925102	0.9999292205463282
-3.6759125527166425	0.9976755347702332
-6.177564843476193	0.9999915704617626
6.465402249485965	0.9802806839813214
-9.568971293834307	0.9999999965754004
-0.044039958204230345	0.9802807038892721
-5.209567698799762	0.9999220079329699
7.07392241792347	0.9802806839812888
3.3762242981730815	0.9802806840263076
-9.814082667604191	0.999999998052407
-4.056537362440276	0.9989525146440801
4.687621948165543	0.980280683984085
-0.2824844608189725	0.980280706381552
-4.091470473005394	0.9990290005813969
-5.6818277628269875	0.9999736312290417
8.314365634027801	0.9802806839812785
2.008251951845379	0.9802806853856257
-4.316756063944451	0.9994087271276666
-8.795136700614968	0.9999999796556622
4.32976313450499	0.9802806839868851
-7.270618577892285	0.999999319317715
8.5619335466189	0.9802806839812778
0.9735156311150384	0.9802806944848209
-2.465689766096255	0.9863967725104595
-5.755481538964697	0.9999777392826927
9.414541984371514	0.9802806839812777
3.8909365148182253	0.9802806839938183
9.244935943792324	0.9802806839812779
-1.3480345166780126	0.9803959324663097
-3.879955857725359	0.9984724375011899
-4.616161768534255	0.9996981517165738
-1.329981506993887	0.9803825069711423
0.11011553351758074	0.9802807015825864
-9.147064972684444	0.9999999909527654
-0.42444024308665007	0.9802807103249942
4.063708856578835	0.9802806839924791
9.462917214532954	0.9802806839812777
6.9849800960252715	0.9802806839812889
5.240686315177662	0.9802806839819803
-3.838686123364985	0.998334436484427
-8.492783020332762	0.9999999591871843
-1.2970678981883488	0.9803611888469054
2.4346052553851294	0.9802806843311229
-7.8715432936858365	0.9999998293789653
9.157500356069612	0.9802806839812778
-3.3376416374796847	0.9955939870996365
7.524445852528544	0.9802806839812801
-5.502827442820104	0.9999602119448597
-6.822682440384753	0.9999980908063494
3.971239045471094	0.9802806839926475
-6.2805126880340545	0.9999933487913295
5.617957543716091	0.9802806839816275
-6.922395725734121	0.9999984824378763
-9.165396466148117	0.9999999913266996
6.868921487594232	0.9802806839812982
-6.09517897862911	0.9999898106737923
1.9008243476999773	0.9802806853864277
6.482103349182935	0.9802806839813215
-2.0559578676390267	0.9827477088403708
3.36116960948992	0.9802806840269366
-5.851470399670755	0.9999821490462372
-0.4653209889861287	0.9802807112298906
7.6975278719136675	0.9802806839812802
4.621690317945944	0.9802806839840797
-9.655023651108078	0.9999999971909631
-3.7789942293757495	0.9981149955585564
1.5510305121422707	0.9802806868331
-9.712497947706886	0.9999999975391614
1.0564125784093115	0.9802806945299195
7.069122552056939	0.9802806839812888
9.967462046976937	0.9802806839812779
-7.939469581574521	0.9999998540825661
0.7441931979304748	0.9802806732072076
-5.521975294049319	0.9999619243009036
-8.561351670420137	0.9999999651479686
4.82247857553272	0.9802806839825492
-0.19843883505502902	0.980280705606465
-9.344696033951712	0.9999999942603566
5.623219372751667	0.9802806839816285
-1.7540047485597263	0.9812011002640421
-3.969306522656413	0.9987362089637952
-0.25167694962255993	0.9802807060674318
-9.211339954678476	0.999999992197372
-3.465720851017511	0.9965066918527596
-9.11870261998609	0.9999999903421993
-9.706762120450026	0.9999999975064445
-1.0097273714464237	0.9802865413388544
-7.292719718625715	0.9999993530890926
6.8664545501080525	0.9802806839812988
8.365544534564773	0.9802806839812785
-3.2036524549700296	0.9944697329390989
-2.298191402538272	0.9847075404916581
-8.77636550569861	0.9999999787570695
0.4261022309529636	0.980280694926754
2.8668701827905974	0.9802806841597768
-9.013662779975334	0.9999999876996393
-9.642728974522043	0.9999999971103041
3.8242813641960858	0.9802806840038124
1.9901089606383806	0.9802806853878779
-5.976255188171309	0.9999866035864639
8.74440442337987	0.9802806839812779
3.854220278932484	0.9802806840027003
-4.7499112564569135	0.9997771334388815
3.2884876335489786	0.9802806840316638
-0.27214882218029146	0.980280706276591
3.5995948097046124	0.9802806840031079
-3.008161663504487	0.9925425873717976
4.064938515783577	0.9802806839924806
8.70157763026588	0.980280683981278
1.18960386613022	0.9802806894854509
-5.015529890377222	0.9998783847939151
1.3980344816629717	0.9802806894260198
8.956535382384395	0.9802806839812781
-2.6607048467223215	0.9885984246267493
5.5423023617432285	0.9802806839816294
-8.525724204371055	0.9999999621683329
1.7650612690093794	0.9802806861402898
-8.088065614106522	0.999999896363621
-5.919991945772449	0.9999847522664704
-2.354072797070499	0.9852483382924594
-9.460775420714125	0.999999995606551
0.6573711020126538	0.9802806734930666
-7.276585639114548	0.9999993286056443
-4.034924134956226	0.9989023990814289
-1.5109893091405713	0.9805867846835722
-0.6970513762425146	0.980280783177914
-5.075048607554535	0.999893864709096
-2.665118447795307	0.9886496380982087
0.46149806245738034	0.9802806950121851
-5.701758843497706	0.9999748123032989
7.252828838874429	0.9802806839812833
4.702196907756102	0.9802806839840704
-5.711231181595111	0.9999753549486702
8.181370232421543	0.9802806839812785
9.76693656936127	0.9802806839812777
3.8890736660716954	0.9802806839942199
1.1075333822101463	0.980280694487499
5.060999758765989	0.9802806839825908
-4.268614905247832	0.9993420251937265
-8.498360236276415	0.9999999597079458
5.052799940584677	0.9802806839826725
6.430910847077861	0.9802806839813214
7.508047206031641	0.9802806839812807
-9.403682323492584	0.9999999949892967
4.828130253840044	0.9802806839825694
8.033040111549703	0.9802806839812794
-7.924542184866192	0.9999998489799979
-5.795455508931324	0.9999796944545564
9.456307560149352	0.9802806839812777
-5.309820007902952	0.9999380271203316
-1.150738693366522	0.9803057577624189
6.857856192755293	0.9802806839812996
4.429444422155896	0.9802806839869509
6.745432455023991	0.9802806839812997
8.286046956638152	0.9802806839812783
-5.161384443687846	0.9999129028604938
2.275434033669006	0.9802806846916337
2.165098675726721	0.9802806847012246
6.159891722976518	0.9802806839813656
0.45502243947685983	0.980280694985313
7.463461358562533	0.9802806839812833
3.849801974039778	0.9802806840033715
-4.812870169571228	0.9998068745650192
9.300096929186378	0.9802806839812777
7.6865250244949515	0.9802806839812802
9.320142767117577	0.9802806839812777
-4.702148890361615	0.999751595473769
-5.794974166640348	0.9999796719632564
1.405813221506973	0.98028068943406
5.372830749403029	0.9802806839818565
-2.68413335386676	0.9888704866851148
2.168725357509519	0.9802806846984434
-1.7189055851916244	0.9810809080257422
4.017567347389107	0.9802806839924586
-8.986877878670603	0.9999999869171398
-5.048486487457473	0.9998872142662576
3.385561569599176	0.9802806840259082
-5.034159326026324	0.9998834569254103
5.419767582083118	0.9802806839815952
-2.6839790179434164	0.9888686930627415
8.880094970423755	0.9802806839812779
3.7542008801649587	0.980280684003647
-7.350927510262268	0.9999994342315788
-0.5202257248685971	0.98028071334879
0.1657629899965194	0.9802807015948886
0.3091369695524335	0.9802806946097485
-0.2799449650730459	0.98028070635419
2.5976655042826167	0.9802806843352655
5.940553440874638	0.9802806839814573
-9.850736084941731	0.9999999982100342
2.381949534530472	0.9802806844067113
5.226759237575621	0.9802806839819797
0.026085914469252458	0.9802807016301989
0.22813730446321756	0.9802807017993442
-8.063709588288415	0.9999998903854755
-4.800321541858503	0.9998012778037713
2.187703517711581	0.9802806846874823
-0.3380961008797456	0.9802807081208401
5.409776293998423	0.9802806839816083
-8.566932223244862	0.9999999655929414
2.529491999740628	0.98028068433738
3.601445699264856	0.9802806840027025
-7.659962821766011	0.9999997222777849
-6.8660684911421965	0.9999982722995628
-0.7560807044833027	0.9802808881977508
4.025596993191867	0.9802806839924783
0.27512347674719884	0.9802806966187398
-3.728597759328718	0.9979101666546911
8.700117087825369	0.9802806839812781
2.898950225889788	0.9802806841586355
5.763045145422243	0.9802806839814576
-9.30065543117037	0.9999999936477805
-9.639510895901896	0.9999999970888122
8.68714291346653	0.980280683981278
1.046613476311439	0.9802806945121247
-9.02825529542259	0.9999999881060708
-6.422276245872225	0.9999952006373114
-3.867583529493248	0.9984321938992965
8.33587316161358	0.9802806839812785
-3.4014858264383996	0.996068674977683
2.7554763293894204	0.9802806841635205
9.962334108794177	0.9802806839812778
0.6049561502121747	0.9802806716415708
3.730897046495091	0.9802806840036665
9.416027887287871	0.9802806839812777
-5.448762390313782	0.9999549510007619
-8.727988728376603	0.999999976253953
9.846449704230906	0.9802806839812777
5.7524901886144555	0.9802806839814548
-4.011654114901249	0.9988459417412234
2.9866650296673782	0.9802806840832805
-0.007228474821161512	0.980280701831243
-4.580307502115355	0.9996726635951592
8.80059663725024	0.9802806839812775
-5.873376011372802	0.9999830262470494
-0.9625345881185474	0.9802840038258858
6.1800183962370525	0.9802806839813658
5.6627714552669275	0.9802806839816077
3.6597091607232066	0.9802806840041466
0.9436483424091122	0.9802806941615896
-9.411142653477697	0.9999999950746354
-1.8592925553212236	0.9816247704227913
0.8335662597573545	0.980280672674879
6.70806440300829	0.9802806839812997
6.081070285449648	0.9802806839813671
0.8117101979788934	0.9802806730400804
-3.021632448060312	0.9926848358365048
-2.1659655785940757	0.9835523575949714
-3.1267911661152947	0.9937493647988475
0.7672724106370374	0.9802806731126753
9.465593326277357	0.9802806839812778
1.040695769322891	0.9802806945007428
-0.587125231358435	0.9802807212133349
-1.1884019789983604	0.9803156282597193
-4.568911752856817	0.9996641289685666
3.241720019101466	0.9802806840716923
0.9921508725389039	0.9802806946124922
-5.503144810093161	0.9999602409432248
6.246376955204408	0.9802806839813678
7.520272874873669	0.9802806839812803
4.591720945114556	0.980280683984075
-9.936224344323112	0.9999999985298635
-1.1244663231231122	0.9803003176677202
7.858216298619762	0.9802806839812793
5.835825438516391	0.9802806839814534
-1.3823433587428404	0.9804252017132514
7.25321915651422	0.9802806839812835
-4.874588592708586	0.9998322114727477
-4.852846430135989	0.9998236852795728
7.821900984574079	0.9802806839812789
4.493964087938274	0.9802806839843696
3.2778696822762043	0.9802806840418808
4.518142141604056	0.9802806839838106
8.725799002122624	0.980280683981278
8.375363551069395	0.9802806839812784
0.22058986855669005	0.9802807018061731
-4.986480966830067	0.9998700351360245
-4.429881214451465	0.9995407466625167
6.073057970821072	0.9802806839813676
-6.30315298002742	0.9999936865209511
4.006880222174187	0.9802806839924266
-7.78992286635233	0.9999997941018771
-5.235298138862259	0.9999264754216728
-0.49160642429742296	0.980280712042592
2.8749294140592276	0.9802806841598618
-7.193268605482435	0.9999991866239424
-0.8991378550242857	0.9802822216494128
-6.797286398366391	0.9999979758479998
3.2371885990041136	0.9802806840723767
6.477626159704961	0.9802806839813214
9.164741948575944	0.9802806839812777
-5.844429484421911	0.9999818575878917
2.8370666777283837	0.9802806841596681
4.370846149951127	0.9802806839868874
-7.249503984994772	0.9999992854076503
9.203829570007546	0.9802806839812778
2.5062946349412307	0.9802806843359783
8.040982806894668	0.9802806839812798
7.191975152781968	0.9802806839812852
4.7937251799015925	0.9802806839828577
3.5392059335115444	0.98028068402684
8.242605912640066	0.9802806839812781
-9.590362480763197	0.9999999967399927
-7.7543185755723565	0.9999997765109465
-4.322708944779743	0.9994165074043572
7.331223463912615	0.9802806839812834
-8.696323244872941	0.9999999744578865
-9.640448683996068	0.9999999970950916
-8.706021091351065	0.9999999750219246
0.27771061854517143	0.9802806962926411
-2.386511662787063	0.9855739209809518
-2.1424545914706794	0.9833707026410501
-1.6898409343864138	0.9809897103299123
0.3818765191886051	0.980280694923403
-1.0825115012763007	0.9802936373016512
8.744870473861617	0.9802806839812778
1.6523164047589525	0.9802806867758233
-4.8168089013274695	0.9998085989017295
-5.180168605873847	0.9999165718783434
-6.855553605196429	0.9999982299630494
-3.56979442855474	0.9971342254777165
-6.493403890426581	0.9999959255019162
8.13872478873433	0.9802806839812781
4.915831226749976	0.9802806839826772
7.845472239712631	0.980280683981279
0.8298220649881216	0.9802806723813788
7.565968220823237	0.9802806839812807
9.675555723476709	0.980280683981278
-1.4607074769836448	0.9805131861650226
-9.107878377837949	0.9999999900984656
9.07379640147736	0.9802806839812778
-1.0863720044726364	0.9802941588757735
-4.380471922870557	0.9994870382433775
7.637918283327728	0.9802806839812803
4.25763317005282	0.9802806839870017
8.557014016696503	0.9802806839812779
-6.615108121417017	0.999996921105338
-4.379955695599613	0.9994864461120619
-1.2922382970830348	0.9803583659206272
-2.3063912706003498	0.9847851495268964
2.657773494019535	0.980280684297087
8.730548960176051	0.9802806839812779
-3.7202179497417465	0.9978742819636354
-8.745386340382577	0.9999999771863993
-7.533624682274462	0.9999996285106217
8.573786874624464	0.9802806839812777
-6.560725609972353	0.9999965104687937
-1.4164123118487346	0.9804596708855217
-8.256745503915388	0.9999999297197554
-0.9709300429271437	0.9802843605139402
-4.954547379266061	0.9998601987388802
4.401987291978212	0.9802806839868559
-7.7291897794816	0.9999997631983817
-9.938473994445456	0.9999999985374594
7.934789802449952	0.9802806839812793
1.6595051909408767	0.9802806867778244
5.069060041100508	0.9802806839824775
-3.574775542632458	0.9971617955899336
-0.18009978283767936	0.9802807054857346
6.143480789748175	0.9802806839813657
-1.3569685597523105	0.9804030673562862
3.047051883331161	0.9802806840718342
-7.5405675621698	0.9999996344021045
1.8821786351008818	0.9802806853884783
6.605615297058556	0.9802806839813003
-9.961921546610801	0.9999999985719841
-5.70990738120511	0.9999752798194473
2.2360748652706164	0.9802806846908635
7.212944459118525	0.9802806839812828
-4.144842293374538	0.9991357615937515
-1.3429793411226	0.9803920409476357
3.6399089162207154	0.9802806840033795
-4.16195936143938	0.9991675763781631
9.457512872919203	0.9802806839812774
-1.8423067242810465	0.9815501092582032
9.276022993285444	0.9802806839812782
-5.4231018739403325	0.9999522166040393
-0.21799814695605768	0.980280705748708
8.37193859042463	0.9802806839812787
-8.556372985894889	0.9999999647461314
-6.968295290077391	0.9999986346294771
1.50742798782424	0.9802806865235741
3.6662062197692524	0.9802806840040768
-5.028303199301378	0.9998818855812308
1.054835822450567	0.9802806945274599
7.305035226390743	0.9802806839812832
-7.839900873226346	0.9999998164835605
1.7070339958084713	0.9802806867627895
-4.042805081972691	0.9989209274203413
9.55854689094567	0.980280683981278
-1.4582249813201962	0.9805099127922924
-4.982810706638108	0.9998689404778901
1.539882528258909	0.9802806868015246
5.043826296820747	0.9802806839827094
-3.2867504903603617	0.9951873128589388
-9.227691406851424	0.999999992485684
-8.580455750771222	0.9999999666478315
-5.866252789136812	0.9999827458316124
-3.9305400618038933	0.998627375593932
7.712490764827201	0.9802806839812804
-4.59721113221621	0.999684932902027
-3.0823959098896925	0.9933100522524846
-5.948834817623041	0.9999857312127499
3.517090872656201	0.9802806840259087
-0.27329009159087647	0.9802807062876875
-8.6355782819874	0.9999999706233945
4.559429536361797	0.9802806839841437
2.7365167112361988	0.980280684157206
7.719266948854603	0.9802806839812807
-8.330581051956823	0.9999999407077435
-8.390925776870093	0.9999999483995504
-3.231488150228934	0.9947173977552843
6.492981980015259	0.9802806839813217
1.0711657380526596	0.9802806945355738
-7.568250538922761	0.9999996569787973
-4.692689515211517	0.9997462055944079
2.2231500446420824	0.980280684690989
-4.702826698628879	0.9997519773236861
-6.561640149394892	0.9999965178079047
8.27227833718645	0.9802806839812781
-4.898782895705263	0.9998412199550605
-3.1026205115288974	0.9935122115513906
-2.4740689059133025	0.9864868048267073
-0.46642826474703725	0.9802807112593311
4.8543356527119705	0.9802806839827041
-8.830052461484081	0.9999999812272522
-7.908501144419406	0.999999843297686
-4.4196270453056075	0.9995300700990719
1.1740975392838635	0.9802806909033739
-3.3795332426565716	0.9959098721823927
1.085802599492629	0.9802806944900985
-3.84188755770297	0.998345531049233
-9.344116423297383	0.9999999942526913
1.3486427716849736	0.9802806894590136
-6.4008694228279905	0.999994958214524
-3.7165756715123566	0.9978585181579037
6.673755227733409	0.9802806839813004
8.378748418233673	0.9802806839812788
-5.0561497993814575	0.9998891743528263
0.8551242290787631	0.9802806794638124
-5.991179167755161	0.9999870557765271
4.713979049477626	0.9802806839840654
-0.9108533262238083	0.9802824701243642
-9.546226465343723	0.9999999963912685
5.0795893322118335	0.9802806839823043
-4.942827927242934	0.9998564065121216
-0.23951555405952263	0.9802807059424332
-0.13928116744830632	0.9802807052742483
7.966431937253674	0.980280683981279
-9.26000388064951	0.9999999930244732
-8.69618527898754	0.9999999744497713
7.924670151971618	0.9802806839812793
2.190662123269913	0.9802806846870739
6.62840688682487	0.9802806839812976
1.8180375671178375	0.9802806852839928
-8.139188775917464	0.9999999078724727
-3.4042884886375724	0.9960886144356007
-4.207910992151018	0.9992475641034846
5.320046108009411	0.980280683981977
0.7554206568650876	0.9802806731482692
9.267210822648607	0.980280683981278
-5.774902517555578	0.9999787116142999
-2.0220600240789555	0.9825234031938649
7.639157881499919	0.9802806839812802
4.922457799256064	0.9802806839826799
-3.019584107024018	0.9926632907503709
-5.948883595817636	0.999985732813953
5.658051540231295	0.9802806839816205
-0.9248630602306207	0.9802828034935221
9.000970134363332	0.9802806839812777
-2.451318256426891	0.986244224790527
-1.6309598682556992	0.9808279460597094
3.0513790225261204	0.9802806840723388
2.471311361419559	0.9802806843404731
-7.169757679258546	0.9999991413798386
-1.8560027642999586	0.981610015338061
3.7173399871534443	0.9802806840036217
5.894862076965479	0.9802806839814536
9.449823145852466	0.9802806839812777
5.437302958890253	0.9802806839816114
-0.48724791305915005	0.9802807118897856
1.9408230972902594	0.9802806853921081
4.092058118021571	0.9802806839924679
2.7264046029444167	0.9802806841492897
-0.43891354922838133	0.9802807106182508
9.028500575713032	0.9802806839812774
-5.860853066109604	0.999982530184211
-0.8513186003752651	0.9802814816554881
-0.7876566086752579	0.9802810029127532
-4.420752098125913	0.9995312531875479
-7.998957498372068	0.9999998727611503
-9.098004088861309	0.9999999898707622
-2.0128843314694356	0.9824647670078408
-4.179396613112281	0.9991988391930692
-3.375758215029414	0.995882097953891
8.27923025158261	0.9802806839812782
-4.914994709046909	0.999846986460945
1.212618900320944	0.980280689033575
-6.255237963173519	0.9999929503863608
5.565504767736602	0.9802806839816293
-7.697434363878726	0.9999997452350777
-1.962083667251484	0.9821574270028808
-0.9892487031946562	0.9802852805410319
4.289836672679787	0.9802806839868689
-2.4086221753367276	0.9858001346583128
7.204200113431966	0.9802806839812837
3.165330692880426	0.9802806840706398
9.379918434874224	0.980280683981278
-9.704080613380274	0.9999999974910009
-4.236867517973155	0.9992941391935004
7.996767140747192	0.980280683981279
2.36647210009191	0.980280684533358
8.41872595605896	0.9802806839812779
3.9465420412930285	0.9802806839925475
-7.578557448453527	0.999999665023491
-6.232309984584563	0.9999925683771854
2.7438859470753343	0.9802806841613484
-5.321514979942683	0.9999396679644654
8.080844780134534	0.9802806839812792
-8.336103138080272	0.9999999414568753
0.7775131789209553	0.980280673173889
3.31557847946835	0.9802806840216768
-6.533290905759919	0.9999962829699727
2.5535507273405464	0.9802806843370918
8.696992099829739	0.9802806839812779
-3.1783267986403274	0.9942381989599248
-6.750656984367365	0.9999977464519814
4.5580109094428956	0.9802806839841414
-3.529680494493066	0.9969041087938637
3.1308035378161456	0.9802806840706316
-8.8495266404176	0.9999999820504436
8.842373455479724	0.9802806839812779
-4.174077391915896	0.9991894229803148
-2.317900623646767	0.9848951640048729
7.484414246981778	0.9802806839812822
7.581146220835283	0.9802806839812807
1.214492506137578	0.9802806890573431
6.217759425869854	0.9802806839813654
2.273932121047544	0.9802806846916755
2.9108539666060054	0.9802806841587165
4.8006096453221225	0.9802806839826997
8.218192923125432	0.9802806839812784
1.3833874363436962	0.980280689454687
2.6428684367359665	0.9802806843376914
6.508171562144799	0.9802806839813214
3.0062053143657295	0.9802806840629698
3.789112149816912	0.9802806840036509
3.046755789533538	0.9802806840717873
3.5700349099367656	0.9802806840163355
4.299584866594008	0.9802806839868526
-3.5421794747665247	0.9969773667877667
-5.948469640940144	0.9999857192196859
3.95170834928126	0.9802806839926631
9.885576223602229	0.980280683981278
-3.894025379266428	0.9985170597348506
8.839741763838944	0.9802806839812777
2.7983428351635187	0.9802806841586823
-3.415857864933254	0.9961701187166224
-2.9055395543397333	0.9914206388390855
9.031464609431357	0.9802806839812774
2.0781795712508675	0.9802806848704343
9.727723125011853	0.9802806839812779
-0.6658767348791415	0.9802807588311186
2.7919221619555437	0.980280684158711
-5.770743747346669	0.9999785070369777
-7.892614985907764	0.999999837459576
-0.580167916623143	0.9802807198821142
0.26913450047721277	0.9802806974392366
0.6719874452689645	0.9802806732275616
5.920390298057194	0.9802806839814523
9.232233351383464	0.9802806839812777
7.502053417623561	0.9802806839812811
0.9853808854727362	0.980280694606877
-7.702092858427529	0.999999747953189
-3.1117676765179203	0.9936025453624108
4.668957019521827	0.9802806839840839
9.550549616413026	0.9802806839812779
4.012169021282542	0.9802806839924414
-4.099681064177427	0.9990461982738303
-0.12335740902270409	0.9802807051925835
3.0586469140007964	0.9802806840725246
5.67784965338916	0.9802806839815509
6.018342188835568	0.9802806839813579
-6.853893708281311	0.9999982231855917
7.681087237849461	0.9802806839812805
4.029682513137169	0.9802806839924826
-5.91762178913926	0.9999846688982281
9.306263108255138	0.9802806839812777
2.118450389829576	0.980280684634005
4.218175663758137	0.9802806839863403
-5.696480236045431	0.9999745047444288
3.8048291410739843	0.9802806840035152
-0.7258378125851817	0.9802808214763515
9.356521960185418	0.9802806839812777
-4.644138613856055	0.9997166763019304
1.7763865201708882	0.980280685771728
-7.878593555463174	0.999999832126382
6.383608343349213	0.9802806839813221
-7.871405150421049	0.9999998293246852
2.691921033207416	0.980280684165688
0.387976326947026	0.9802806949233005
-6.226200933080639	0.9999924631465487
-8.42949873492216	0.9999999527849334
7.646274088885971	0.9802806839812802
-1.1132893910540886	0.9802983105083792
-1.5549698421298999	0.980661399884437
8.374013260062448	0.9802806839812785
8.30402875203131	0.9802806839812785
0.08914282018258746	0.9802807015831906
8.375723672066822	0.9802806839812785
-7.273444511359175	0.9999993237322913
-1.4383073026898288	0.980484857980692
3.610424341545846	0.9802806840015941
-2.5541226777349424	0.9873745184808501
1.6652187198264468	0.9802806867794202
6.141921581949177	0.9802806839813657
-8.126385565873754	0.9999999051161149
-1.560361847917079	0.9806714800527643
-0.09363695120750748	0.9802807050850493
5.904793056476368	0.9802806839814531
8.996453566470727	0.9802806839812779
7.17566780710278	0.9802806839812876
-9.648103947187163	0.9999999971458472
-1.7134827008009026	0.9810633092187895
0.27930379453577103	0.9802806961029923
0.2259744520603757	0.980280701822318
4.9784074951548405	0.9802806839826832
-6.568277068490245	0.9999965706082293
-7.981522218750041	0.9999998675490958
1.2358971631812956	0.980280689468345
0.6694291876072676	0.9802806732725855
-4.999820071176688	0.9998739376430505
-4.94913046168548	0.9998584584181591
4.803038340180832	0.9802806839826577
-5.67011484324544	0.9999729115194718
-7.946882210154631	0.9999998565519513
8.851015778838438	0.9802806839812777
-2.714216846452606	0.9892200813491492
-8.772266271011016	0.999999978555613
8.55622291019845	0.980280683981278
1.9036580018311575	0.9802806853874036
8.908918995574943	0.9802806839812779
8.95514312288519	0.9802806839812781
-1.548656701755542	0.980649922468585
-5.863672009740997	0.9999826430975179
6.7889735763487735	0.9802806839813
-0.8214005060672047	0.9802812047328817
9.565389306127301	0.9802806839812783
-8.0574740404949	0.9999998888002918
-8.403275014142611	0.9999999498461476
1.0562927460165827	0.9802806945297406
-8.284964730168127	0.9999999341411467
8.91210026322597	0.9802806839812778
3.040006737685612	0.9802806840701995
-7.860417943286824	0.999999824951718
-4.267631357161568	0.999340589681513
-2.4124731634161822	0.985839815754757
7.760700591772803	0.9802806839812807
-4.833166875157877	0.9998155988114032
-6.843647853299353	0.9999981807732299
6.967759874787479	0.9802806839812891
-6.285212811730045	0.9999934203577522
-0.7932863094296394	0.9802810300189602
-8.467110116209273	0.9999999567018728
-5.2371657097836355	0.9999267895807766
7.536736099609925	0.9802806839812803
2.921569725075276	0.9802806841609791
8.389679545786294	0.9802806839812782
-1.2853999372592018	0.9803545026573417
-0.35981459761416446	0.9802807091381572
3.9035666273042313	0.9802806839918964
1.821749230366688	0.9802806853034172
2.285041878452043	0.9802806846903014
-5.4194591568744155	0.9999518152513615
-8.130744617473962	0.9999999060636967
-1.214204600824873	0.9803238755191525
-2.4729687931250366	0.9864749330736977
-3.7925558262733405	0.9981669947725789
7.687237224035993	0.9802806839812803
-6.12242638254155	0.9999904299643334
-9.231234114891734	0.9999999925467321
6.340138393804523	0.9802806839813191
1.2972935005171227	0.9802806894386181
-9.97088797527201	0.9999999985719841
6.740215991061881	0.9802806839812995
0.9774060734136256	0.9802806945440589
9.671192566131989	0.9802806839812778
-7.196357614096662	0.9999991923884611
9.966840808621768	0.9802806839812781
-3.189328153146911	0.9943394934932769
4.282119274386339	0.9802806839869058
-2.0921422350215835	0.9830003918980513
-6.0324523327301005	0.9999882284862451
6.886626734025686	0.9802806839812936
7.763968262615716	0.9802806839812805
7.2857172487735085	0.9802806839812835
-6.042193519691756	0.9999884894093316
-4.354517770648401	0.9994564327760986
5.334878959302728	0.9802806839819911
3.9831681684337905	0.9802806839924998
7.749449266236432	0.9802806839812809
6.834090686385	0.9802806839812999
5.6497902391648545	0.980280683981634
-4.606056545725927	0.9996911721917421
3.892573396833763	0.9802806839934863
3.3534892763777346	0.9802806840269034
-7.044682953315862	0.9999988548333476
-2.0854462559782228	0.9829526203974063
2.0249512896772224	0.9802806854167381
0.4621772931161381	0.9802806950140053
5.724862970697583	0.9802806839814369
0.225600577752898	0.980280701824342
-9.080121039430843	0.9999999894449689
-4.435688772424213	0.9995466883461184
9.737140224919717	0.9802806839812778
8.388476596216485	0.9802806839812784
0.26434362924407395	0.9802806981344818
0.40690456390316854	0.9802806949405403
1.3930008930227977	0.9802806894327508
-0.7314396851178895	0.9802808314509367
-4.089212082298577	0.9990242192016621
-6.741015574362765	0.999997695870185
6.609145622878007	0.9802806839812995
-3.3867172617108565	0.9959623508281173
2.673056270387363	0.9802806842345155
1.207131111902573	0.9802806890008376
-8.35019056945474	0.9999999433253869
-2.766232630590033	0.9898228434751293
8.836440347320739	0.9802806839812777
8.3002855040153	0.9802806839812787
0.9313079071148245	0.9802806947254379
-1.4095715860465763	0.9804522917663733
-7.045055812878367	0.9999988558160301
-5.639321782770854	0.9999709244592458
-8.688915052760535	0.999999974018456
5.824228574110437	0.9802806839814533
-8.837997827438727	0.999999981567575
-4.444680293416403	0.9995557401917029
-1.8146879110428493	0.9814347470582668
6.036438219334116	0.9802806839813603
-6.979678285145567	0.999998669948198
-2.2438987072230976	0.9842107354577702
4.438861150319205	0.9802806839870014
-2.435400314815399	0.9860774405965813
0.6783523748632092	0.9802806731446739
-0.21135042593530606	0.9802807056977052
8.456395677104481	0.9802806839812778
0.7293468584544662	0.9802806732367667
7.320708811094285	0.9802806839812832
5.690098760229478	0.9802806839815001
-9.92824704464843	0.9999999985026095
-0.4828178446702758	0.9802807117423756
5.458397233166107	0.980280683981636
1.8910030202960293	0.9802806853850173
4.972053758307183	0.9802806839826825
-2.0411495793622825	0.9826482571920988
2.9875156305143733	0.980280684081828
1.2702107129376436	0.9802806894881602
-3.139202003304651	0.9938691997810697
-8.95908176608411	0.9999999860524209
-7.47029993519015	0.9999995701968365
8.83333345919268	0.9802806839812779
-4.0884980325982	0.9990227028321972
4.045420733934204	0.9802806839924781
-8.823022666835993	0.9999999809209102
3.7554354842219517	0.9802806840036473
3.5893782140016484	0.9802806840065568
9.340873174813321	0.9802806839812775
5.286251411912918	0.9802806839819811
-2.990264825148934	0.9923516292986069
-0.7961695300468019	0.9802810448216999
9.338085964233201	0.9802806839812775
0.4397316734903214	0.9802806949257741
-2.8535587480173907	0.9908315520504829
9.160043677594945	0.9802806839812775
-1.9220125518038813	0.981935603370724
-6.858207751577683	0.9999982407464321
-0.2900448517659946	0.9802807064757362
7.663031773365439	0.9802806839812804
7.4333108989855425	0.9802806839812832
-8.274360822484198	0.9999999325133283
1.9226671001772324	0.9802806853928918
-4.259008726213946	0.9993278751898746
0.5179443487828994	0.9802806955737603
3.0640551413479997	0.9802806840722684
9.366468637657135	0.9802806839812779
-4.7478792549038396	0.9997761017153346
-5.706159641414046	0.9999750658821318
-6.962000368714731	0.9999986146964543
5.200720329050403	0.9802806839819765
-5.833778705832637	0.9999814076423749
-0.6880821197858609	0.9802807750068868
6.731355439982913	0.9802806839812996
-0.16735669386529928	0.9802807054084602
9.916136152719343	0.9802806839812777
4.44918298187368	0.980280683986888
7.719637693531261	0.9802806839812805
-1.9672756244355085	0.9821874911367674
7.323543764319748	0.980280683981283
-2.406801675957202	0.985781402034479
-2.312052123727164	0.9848391060826988
-0.7334894267460932	0.9802808353391459
4.899234592459681	0.9802806839826745
-5.43241844370808	0.9999532279998197
-7.482138303145871	0.9999995817542361
-2.9457000373466835	0.9918671454399859
1.0281262092271461	0.9802806944870021
-7.4402291562224665	0.9999995393833305
-1.9279428223064166	0.9819672807037854
-2.4983347099873088	0.9867520095195601
-0.8099954742754036	0.980281125277943
9.581061479202258	0.980280683981278
-2.873284559033542	0.9910563981505326
-9.118202793120997	0.9999999903310776
8.110302404537862	0.9802806839812784
6.518835907511065	0.980280683981321
-4.341196964360607	0.9994400453305275
7.5240343125302935	0.9802806839812803
4.050223400599965	0.9802806839924751
0.49046113115651657	0.9802806947269279
6.5326099307200955	0.9802806839813217
-9.486238908927188	0.9999999958567407
-8.13715658821025	0.9999999074403758
7.550095838551307	0.9802806839812804
-0.2593282145384723	0.9802807061472826
9.671027201040264	0.9802806839812779
3.6611249692593706	0.9802806840041403
6.072390353305217	0.9802806839813678
4.740047922079462	0.980280683984142
6.262113462202951	0.9802806839813625
-8.34491897848563	0.9999999426332683
-5.3483558532909115	0.9999432719442782
-0.26806842523023455	0.9802807062364737
3.9913232249319197	0.9802806839924358
9.99877889276156	0.9802806839812775
-4.48783432489869	0.9995967889695259
-4.473486549133647	0.9995835696371739
-2.364918403753502	0.9853562773370247
7.497009412107609	0.9802806839812814
-8.553770031607154	0.9999999645342021
-5.909113834890252	0.999984365869701
4.975715037588797	0.9802806839826833
2.36411612133689	0.9802806845530172
-1.652362914175347	0.9808833237329548
-2.890960665695914	0.991256564298557
3.726156301648075	0.9802806840036602
6.872434430727367	0.9802806839812974
-9.320195504760305	0.9999999939272511
-9.332518266791364	0.9999999940971386
-2.0372271961533928	0.9826222951902845
-2.8103611803240414	0.9903347365092797
6.139756083339112	0.9802806839813656
0.46132804450771303	0.9802806950116906
-8.922586949525556	0.9999999848297207
-0.4087417555032111	0.9802807100220521
-9.504940260380046	0.9999999960313689
-6.500958384800688	0.999995995748028
6.623892727476207	0.9802806839812976
-5.14631030938387	0.999909842682603
8.709840219541661	0.9802806839812781
8.186441130972703	0.9802806839812787
-5.556865944077063	0.9999648576306095
3.5355425423880718	0.980280684026929
9.066940533409099	0.9802806839812779
3.299542919435776	0.9802806840244491
3.038583745471101	0.9802806840697358
6.858737587248129	0.9802806839812997
5.040258671972179	0.9802806839827111
6.138340100511606	0.9802806839813657
3.157998418005331	0.9802806840705727
-7.724081470585458	0.9999997603966265
3.147690648593935	0.98028068407056
-9.265769395907952	0.9999999931164658
8.261723519147868	0.9802806839812781
6.32593168111811	0.9802806839813174
-4.201755212648113	0.9992372908678836
-2.971669795056666	0.9921509747308263
7.43045154296415	0.9802806839812832
-0.8479292627838717	0.9802814444301086
1.9837910906969967	0.9802806853916096
8.669251232044562	0.9802806839812781
-1.4759317027521046	0.9805340248282393
-3.6082929495585248	0.9973416635294597
-7.2155364004553	0.9999992272758353
-5.409921532617652	0.9999507484017948
3.418961736084171	0.9802806840259489
2.2672720598635756	0.980280684691509
-4.1962110846928	0.9992279238392643
9.112266968063572	0.9802806839812775
-4.483495598456306	0.999592835281892
-3.334034330924318	0.9955659921931221
2.508016736349475	0.9802806843361489
9.906730880172105	0.9802806839812779
-9.962378069154575	0.9999999985719841
3.063285337332097	0.98028068407232
-3.458294220121587	0.9964580636765588
-0.4560152613420456	0.9802807109963342
4.447107286320641	0.9802806839869319
6.291108512698113	0.9802806839813346
-9.170450628501584	0.9999999914270514
-7.082301563350666	0.9999989498472538
3.6434187287545328	0.98028068400366
9.493523287359992	0.9802806839812779
3.560692337673368	0.9802806840210201
-1.3720097774498718	0.9804158432719672
-0.45485109622810604	0.9802807109687396
-9.174654435562463	0.9999999915096339
-6.811223545116021	0.9999980397673173
-5.5091692284026905	0.9999607874223233
2.2215299051219652	0.9802806846909002
2.869020198097836	0.9802806841598126
0.9597490663901009	0.9802806942042482
5.881716103942516	0.9802806839814537
9.868990467598874	0.9802806839812781
-7.025664776472609	0.9999988035747875
-7.709244192764162	0.9999997520694747
9.33295363649755	0.9802806839812774
-6.884115733644882	0.9999983426165167
-3.597120783530068	0.997282793534976
-6.361091272282038	0.9999944747742714
-5.231155787350437	0.999925773804427
-3.432047646201828	0.9962820048758193
6.9513857966231996	0.9802806839812886
6.911717819898037	0.9802806839812883
1.6679665148624032	0.9802806867799118
4.26352011383813	0.9802806839870037
-2.5983592585448267	0.9878783264529772
8.187068012832203	0.9802806839812784
4.0675552356109	0.9802806839924838
-0.023249689448498145	0.9802807025188054
-9.150491083076545	0.9999999910238568
-7.445440593452295	0.9999995448774264
-9.866171174077127	0.9999999982725338
0.05795611305885906	0.9802807016294315
0.3281860058341515	0.9802806948742421
3.7912349834520356	0.980280684003634
7.354957327131935	0.9802806839812831
-6.3014641356040135	0.9999936619307013
1.3108097078474792	0.980280689455622
-8.211635625133864	0.99999992202723
-2.1804579515384637	0.9836689450448377
-4.741335883338538	0.9997727472781778
7.989445061040378	0.9802806839812789
8.33157150082264	0.9802806839812784
7.613929035437881	0.9802806839812804
2.4830935285380953	0.9802806843364382
-7.129432255376011	0.9999990578404797
9.618063404744916	0.9802806839812774
6.471719794244322	0.9802806839813215
8.04211473570152	0.9802806839812797
-6.298529455668231	0.9999936189726268
1.1182300120212716	0.9802806946409536
2.1748519088221165	0.9802806846935981
2.132490734492688	0.9802806846754752
-8.279358235503217	0.9999999332854392
-4.661464277762293	0.9997275828950885
8.60539044932446	0.980280683981278
-2.1285043444954432	0.9832661239951155
-7.704707604397165	0.999999749466096
7.5484459868021645	0.9802806839812804
-7.245934009633106	0.9999992795095181
2.2175702195743696	0.9802806846905324
-2.4806812822074553	0.9865584885107195
2.5880649716442363	0.9802806843367109
9.471017227902102	0.9802806839812777
7.0776543317314164	0.9802806839812889
-4.317752806635138	0.9994100367928181
-9.902826159660393	0.9999999984123505
0.8854251886235254	0.9802806932813635
-4.425457453762505	0.9995361699431875
-7.566469504356705	0.9999996555692123
-4.09823790303288	0.9990431964236102
4.070113264479357	0.9802806839924868
5.767210981940698	0.9802806839814577
