0.7338647359882309	0.0026651849159906554
-6.031940324081084	0.9999732402709071
-1.0406268472836047	0.6896465348178425
8.110087240654135	-3.5979477603334335e-114
-9.449059888440878	0.9999999897557988
5.146748218595905	4.841368779723063e-69
5.88082557949425	1.4783790309954115e-79
-9.871893198286035	0.9999999961305915
3.159646261185136	2.437926289131202e-38
-7.2391528206378375	0.9999983389691954
7.245522832072766	2.3318616911691176e-100
-9.167034741246148	0.9999999803888485
-3.648008624044108	0.993896859908918
-6.587274825054923	0.9999925487242165
-0.1999976700382078	0.3290130491186705
-1.271107515414048	0.7509551232283634
2.73903019344635	1.9572382509866395e-32
9.569905541807561	-1.2395869349756059e-136
4.2933687457543535	2.0636880415650298e-55
0.5555695415488202	0.01527629276346055
8.704385486140808	-9.903599933518348e-123
2.4878490959784116	8.391651091004739e-28
-2.5395761923463223	0.9477097678738908
-0.08072242757454973	0.2608873314834613
1.8254060988742324	1.5411517320330438e-17
-4.921046691841049	0.9996556469008455
8.235906138090346	4.135976916207917e-116
9.118058800581444	7.658335907382561e-129
-8.799684344735205	0.9999999543066123
2.797836852075349	2.6453088890586445e-32
-0.8081900827608468	0.6140192623544076
0.9997705437911506	4.234695284626615e-5
-5.357762822021943	0.999873750594822
7.5398145799976355	1.0057446624066969e-104
1.4555357688245696	1.585087272177732e-11
-1.4620535562050883	0.7941939462140861
-4.91473051605428	0.9996506196281552
8.327718080189577	-3.020250821195989e-117
0.6347611759741856	0.007838663104005134
-5.852124230740672	0.999959520186427
7.278022125683897	-1.105000196598021e-100
7.629534367824604	2.3245760566021196e-106
9.87089735747115	-3.096695604484505e-141
2.7504794168560878	-1.035304751174948e-31
2.1034703256886544	6.957602442252729e-22
-7.1284623784368595	0.9999978567837796
1.863101568758232	-5.232638524467705e-18
-4.0515552557884815	0.9975039022971605
-2.4054883930854265	0.9354919954126415
-3.566283317528778	0.99271641119741
-6.15473291335368	0.9999798294576319
8.89508490217354	1.2473069950041833e-125
-9.175647211352636	0.9999999807739253
-4.69340944556377	0.9994197381494495
-5.5500211692640145	0.9999188728998927
2.0063551409501343	-1.0133761400592015e-20
3.3140881959808777	3.181872814178e-40
-7.357212678577829	0.9999987343328111
-6.610056420266517	0.9999929294924366
3.244182195838521	1.9174197123747613e-40
2.2070021478978106	2.2599704530367862e-23
2.3896514985982265	-1.0724025890266793e-26
-4.7546617588700535	0.9994956882977011
-8.51775510673237	0.9999999125454709
4.98952091084897	2.2417577937204106e-66
-0.36833878488609173	0.41935068083208554
-6.951920511656278	0.9999967818737546
-3.186020021654734	0.9839041394933962
-2.33872636697273	0.9287097749934837
-7.3396768569438375	0.9999986821830027
9.394444172928033	-3.822262849131318e-133
1.7061660359468167	-3.079992349002987e-16
-9.512655730031053	0.9999999911512425
-6.7085134698311855	0.9999943636251201
7.434899943471574	5.457375364896101e-104
-3.551597824652868	0.9924827599242311
9.876636070709068	-7.38603870867349e-141
3.389805023054592	1.2183067012997864e-41
3.4459027216667195	-2.3774681947694488e-42
9.807889942760614	3.055501523086654e-140
-9.829137944690842	0.9999999957302728
-8.818725843233238	0.9999999562667395
3.476794493879151	6.905345021430077e-43
2.3376832138361703	5.0591007966903307e-26
-2.9159125698908817	0.9728476077931203
-0.2944161067746709	0.38188936046795074
-8.494189471714396	0.9999999076689245
-5.477733232824988	0.9999041945120946
-8.485465223959924	0.9999999057954271
-4.728845929207286	0.999464964699404
4.814196348293379	3.07985847068599e-63
-1.6490865873722669	0.830455722676128
3.8598790037976336	-8.02686458502128e-49
-7.68204981687278	0.9999994009193536
-4.871008884739183	0.9996137567127856
-6.993538741867118	0.9999970759396524
-9.888134189611367	0.9999999962726226
0.5725487289199371	0.013499557355242081
-0.5087394062313955	0.48978243637447605
-4.624418900515512	0.9993205037975881
3.5763482243640343	-2.8676820548013854e-44
1.1822574736046185	4.7575823751254665e-7
-6.859531503250813	0.9999960190297481
6.759842442004462	-4.657906888914109e-93
-2.037057385403962	0.8921930674604452
1.1666663983459067	6.724937743946781e-7
4.897369872476949	1.526349081408601e-64
-5.3666037582246195	0.9998762915553828
-2.4889842381631144	0.9432982874751717
9.959339841772024	5.005879904548332e-142
-3.330401002861496	0.9880089931944277
-6.145336549225884	0.9999793883834391
-5.151956884323274	0.999797369302043
3.9675697105188146	-3.967297561412495e-50
1.1066114454745168	3.4176550886402515e-6
4.994109272937353	-2.750733710355231e-67
-3.1553075351247584	0.982884906890624
2.922283105862755	7.723450238342825e-35
6.725952380877629	1.5669980142897085e-92
6.887528490862145	-7.753304709813397e-95
2.5132094753516743	2.6241497147636064e-28
-6.990344409587048	0.9999970543540341
-7.573058857772694	0.9999992300274955
-2.682005323001042	0.958753850028955
-2.5960932007765747	0.9523314498529476
-7.087697609228858	0.9999976458730747
-1.561636013371892	0.8139430651539181
-8.155577210530325	0.9999997986463655
0.0030644338225371826	0.21639210434778983
-2.3323337855450488	0.9280344211737839
-0.6867004648935691	0.5669411452924448
2.4452773663725083	-3.0206588193831943e-27
-1.3181395828343376	0.7622241939593689
-8.26880598230035	0.9999998448574022
5.470108732396035	-4.4914733516215746e-73
-5.376758973883509	0.9998791472594518
-1.1955949957788157	0.7326110811919425
3.3682569966472755	-5.390203529702895e-41
-8.183121920577365	0.999999811020447
-3.8454446660443065	0.9960448128967525
7.12840662229107	-2.102640955073569e-99
-0.8640738792770222	0.6339803686241654
-3.928532253855037	0.9967121519593121
1.8322094146108014	5.778943899686708e-18
-0.7836721438307279	0.6049187833034289
-4.615282587704992	0.9993061564299395
-0.471071437900612	0.4715516753342313
-1.469991288816157	0.7958480817073365
-6.435252458049225	0.9999894259955167
9.901803063202305	-6.818082191967383e-141
3.0341204806424216	3.607450409084101e-36
-8.55887483292114	0.9999999204458936
-3.1470707621208627	0.9826021097269784
-2.6823756060851034	0.9587799838428881
-4.023105572800421	0.9973392216440368
-9.688274059467812	0.999999994094401
4.635017283800359	-1.5458259314520153e-60
3.7654051275853817	2.223860813926029e-47
-3.0836731529974726	0.98028563589573
-7.344934270393657	0.9999986980395861
-6.215330196811344	0.9999824558773869
-6.0225859420302585	0.9999726577965345
-4.534123278284121	0.9991647584972163
2.0999293513254926	5.594548482425389e-22
-6.308223146559144	0.9999858338054177
7.4948800940325455	-3.7821066980018026e-104
-5.144376837080213	0.9997938088489495
2.0450129532343375	-1.3292067291660322e-21
-8.086091464762584	0.9999997637100877
8.89245954145025	1.4793031297545672e-125
5.613665485528889	-1.2056240518465618e-75
-8.771825691033257	0.99999995127951
3.7663810798011887	2.321064063546442e-47
9.972266208845472	-3.982746875417628e-142
3.0562748777605506	-2.898795428178423e-36
0.4309382476834891	0.03736815258743057
7.115927118131253	-1.4648110117982576e-98
-5.076723393601541	0.9997591348956316
-7.351909875757774	0.9999987187842438
-5.243301195668124	0.9998357418670004
-6.483045258424811	0.9999905277866721
-1.1184408642171597	0.7119851316713163
3.8096947572356967	-3.812188045724719e-48
-0.21428173665156258	0.337137132899798
4.035591204872823	-2.5743938380618572e-51
5.701751294977214	-2.2397161494036323e-77
9.7135366987678	4.1506617971409097e-138
4.661127083727163	5.77000681363883e-62
-9.41256637256977	0.9999999888577824
-8.72517679567093	0.9999999457548759
6.488618169457784	6.38928002753169e-89
-9.461029047632294	0.9999999900342736
-7.404799311543369	0.9999988656856191
-1.3448548779838898	0.7684285317380177
5.265405692717957	1.1883438454923518e-70
-0.4065601617893009	0.43924089767172303
-7.980115333582161	0.9999996984071255
-3.609187257406803	0.9933605920594859
-3.7154051429949053	0.9947317856187188
-5.02880020775232	0.9997311091065301
-5.159793513290567	0.9998009857447561
8.203072331526329	1.9154699887271026e-115
2.3582837145791515	-8.501663830182919e-26
-1.405257589455129	0.7820094392524559
4.834308355514324	1.8542356958731635e-63
-3.0030918437440945	0.9769644713047513
2.999513856796817	5.644112645108736e-36
-4.7092057612755145	0.9994403499284995
-8.656107415499804	0.9999999364039521
8.582785473885131	6.415246775498084e-121
0.855787381740134	0.0004968845394358919
-6.94269675323576	0.9999967127957858
3.3587504843487928	-7.317351713944836e-41
4.812231688369861	2.863284300554883e-63
9.730719176374816	3.177500555268111e-138
5.651540444549754	5.793078617344627e-77
8.752227420356409	1.994815667600937e-123
-7.1183129485132435	0.9999978061079999
-5.61811793742236	0.9999306382577031
8.73737093136753	5.300724800437143e-123
-4.989118307804774	0.9997054579516063
-8.507210826403755	0.9999999103961654
6.7961818672068475	5.060404320209345e-94
-5.242943304676921	0.99983560667117
-9.308009443945515	0.999999985824825
7.401523050704313	1.7953392763956462e-104
-0.9737654456471656	0.6691957997186739
2.2471044132270492	-2.6034737981535802e-24
-6.330368269689406	0.9999865379494048
8.55302084861453	-2.8262090045429334e-120
3.1074807281657826	4.603214906397539e-37
6.4481381612511655	-4.120251426871876e-88
3.1671049133253515	3.8243901232758245e-38
0.7540755267158374	0.002074202933912064
-8.234951357685372	0.9999998322797068
5.7175570788454255	5.009817436137294e-77
-2.708134340596091	0.9605660939257001
5.0522034912432545	-2.913639054516265e-68
1.274277624043032	3.1959043896733604e-8
-5.218036380949469	0.9998259198475459
-0.3062712917367172	0.388262062184535
4.780961867826662	-1.1466787964107466e-62
4.267081199343927	-1.0635621366725101e-54
9.956863711784795	7.587814027485107e-142
-5.970880901785693	0.9999692019238144
5.092553149666447	-1.3771135101934922e-67
-5.478207420601815	0.9999042989596607
-2.468046214182422	0.9413996597295325
4.5495250772604265	-1.1827005568407345e-59
4.602565346266761	6.984670893438023e-60
-3.6599758359766543	0.9940537351147769
-7.370399055045294	0.9999987721839598
6.9222705938945275	2.0743266417859546e-95
-9.409175261465194	0.9999999887704399
-6.312454304292379	0.9999859711320067
-0.22973772671234016	0.34588402143264235
-7.712513918211994	0.9999994415023407
-3.2353985052866063	0.9854307837524018
1.3657235746576433	1.1433302836175063e-9
-9.42681721370992	0.9999999892174678
9.209825488227395	-3.4835409955720133e-131
-7.389699622986248	0.9999988255542541
-3.632464192156779	0.9936872399260527
-6.030285414124643	0.9999731381342718
6.3210121628049905	3.299649614915953e-86
-8.076165526301363	0.9999997582474541
0.796513668753418	0.0011778404728186385
8.68660957375456	-2.430648196970184e-122
0.4859641723755672	0.025812167931055594
-1.3873792785424666	0.7780535071513894
8.077371524644754	-3.7749360087229606e-113
-7.320970843955563	0.9999986241823173
-1.917472978997349	0.8749239800721487
-1.3647006314772412	0.7729603547151968
-7.6030493483431005	0.9999992814032076
7.597619962128039	-5.011215580696576e-107
-2.628248218341649	0.9548198600873715
9.42527328330959	1.6572915858163681e-133
-5.867975111218886	0.9999609704188437
-9.710503851663773	0.9999999943890763
3.4702200600843867	9.505548145839764e-43
7.387329958747401	1.4329872123718201e-102
5.6613379776420025	-1.584067582491933e-76
-8.13722800059871	0.9999997899567096
0.40807644922919195	0.04304053159355054
-5.745712261657352	0.9999482867535134
2.829735549283555	-6.1113482789631504e-33
-0.9068248503337131	0.6484490666048323
-3.563692660283375	0.9926756935969981
-7.628539826253817	0.9999993223664435
7.908936125922899	1.7280633621421732e-110
-9.982719551983257	0.9999999967589162
-0.9013720710810436	0.6466584030398973
-0.49705232908909736	0.48417026885726805
2.6855704508439118	-7.121765729666982e-31
6.9013266112387015	-2.567861641044933e-95
8.187031323247673	-1.2756949222004486e-114
-1.8052020360554977	0.8574652432285439
0.9065035351649762	0.0002432877092974076
-4.862392828237301	0.9996060476957213
1.958967387610894	8.414196109050912e-20
-7.5190620159696	0.9999991280897371
9.228433553648529	-6.609997143597221e-131
-4.378321557588278	0.9988085330567663
9.57768160597007	-3.3266053554152328e-136
-6.382899180642325	0.9999880714713765
-8.39581565434913	0.9999998841965232
2.6559608788946285	-1.9814232379322556e-30
-1.6977340887416368	0.8392229628727664
7.262343966757037	-8.91283709581937e-101
3.4134467825486237	6.970357415148694e-42
-6.138936550148575	0.9999790824548197
-6.852338411780199	0.9999959525473645
9.853848347961911	1.6365970946950637e-140
8.704406837778347	-9.881356880023713e-123
-3.047753152050854	0.97885945608206
4.70339031442499	-9.522504337182582e-62
1.0269801212878562	2.34996391635444e-5
6.7311300884545915	3.2073809875911984e-93
-7.276496726678094	0.99999847582745
-5.19905261315643	0.9998181557576501
2.4461115315503292	-3.293543789722255e-27
1.0528318128379297	1.3087546933025825e-5
-8.117395902058902	0.9999997801427668
3.391537410494676	1.4170157784472813e-41
-9.744043785952034	0.9999999948060913
2.9552981958213778	-4.6689903693556454e-35
-2.5142098943715574	0.945531564471706
-9.479036875573513	0.9999999904390481
-5.878858718573099	0.9999619359965423
6.57817148078577	-3.7395250420501347e-90
-4.394882777602831	0.9988526123719158
-9.088389758142998	0.9999999764956667
6.544671324802586	5.510053541027911e-90
-8.090415255991914	0.999999766050872
-1.1406618038283867	0.718090641415388
2.4051114905242343	1.800227335611413e-26
3.7676856753404806	2.4054027454143645e-47
1.1551079032077105	9.006748664378109e-7
-0.5890719765069452	0.5268529897043023
-1.1931140499316495	0.7319740557112777
8.27784566246816	1.8861713155314044e-116
8.134420183679762	8.459886727609866e-114
-0.6175750940017721	0.5391216459172011
4.972576224613228	9.92423020755079e-66
3.0941253819066272	6.575008941151014e-37
5.405769349049688	5.220590686782858e-73
-6.679892526105355	0.9999939796880942
3.5783867788534884	-2.620843381009214e-44
9.012208315426381	-7.982351806580905e-128
7.260850043757049	-7.452346507707353e-101
-2.692207725226443	0.9594691603364448
-5.9107497725329505	0.9999646300002221
-6.83910481812001	0.9999958273228682
-4.866775748014964	0.9996099881845232
-8.161795969254406	0.9999998015090835
-3.35167259638411	0.9885265138764577
9.831746106744266	-3.6463624481768484e-140
-8.910492383332507	0.9999999645965708
-5.268952902097337	0.9998451483666653
-2.740874444170176	0.9627458934684083
-6.604342471683422	0.9999928358582879
8.942908722906992	8.755174871755069e-127
9.327512048373862	3.115079379699611e-132
-9.477148755524873	0.9999999903973908
-5.448750878282613	0.9998975895905108
-7.451967656395784	0.9999989824268642
-7.184948077555231	0.999998118165486
-9.747237647181418	0.9999999948441477
-5.356402066808119	0.9998733548986846
7.808763983987426	-1.5824201661179981e-109
-0.9470557609159158	0.6610146406347512
-0.5780916799542943	0.5219412112658184
1.0512575474948171	1.3576717377390119e-5
6.810333991223235	-6.26044309930014e-94
4.624780593055808	2.1860374566600403e-61
-6.874067697840545	0.9999961500663092
-0.6914607896969649	0.568901717435594
0.1472896054924675	0.14025659700529172
3.9952075608964233	9.919151466990918e-51
1.8832893198706877	9.884989552430568e-19
-3.603172036056277	0.9932736243952239
-4.605437002807058	0.999290358269844
0.7645330990216728	0.0018131278256152713
7.23517297078585	4.700128221477511e-100
1.3708466152911782	9.207766794011322e-10
-9.327582329884518	0.9999999864494948
-1.1700281149494494	0.7259516398558251
-0.328659908894231	0.3997180968831396
-0.19629172610256518	0.3269026625924616
-0.5130291279991148	0.49183054754508165
1.9183959776465151	-1.2781146104429263e-19
-1.1375644314886824	0.7172480330850406
-4.164073999936395	0.9980629881890049
3.742671328764672	-8.362335091858463e-47
-7.7085475177600316	0.9999994363782819
3.244137811020277	1.994651740971099e-40
-0.5051223510557268	0.48805031553773914
-9.976194631308895	0.9999999967589162
8.791019334778944	-6.8956218408731845e-124
7.1329372629191035	1.6228711947679421e-99
-8.985196292334837	0.9999999701914114
-3.7164507666292446	0.9947438405178072
0.40026548631515446	0.045105645204392426
-2.728381941403133	0.9619259736848818
-5.490210838977121	0.9999069053697526
-4.117891111470442	0.9978501666119588
3.616590922504077	7.980219737002094e-45
6.262233827847133	-9.004434409292859e-86
-0.7204134939581763	0.5805528262925672
9.046289254290919	9.58528775947585e-128
2.467838720563771	-2.766821265250005e-27
0.007182045348063326	0.21411823568273833
-4.6096736135430305	0.9992971996197666
-8.4577184003235	0.9999998995803423
9.960130197926226	4.2140100904676875e-142
-2.1432292313013557	0.9061060138674089
6.858277400370806	-6.472945886164451e-96
-5.731787586188544	0.9999466026931703
9.179871733822367	2.5866045220960796e-130
-5.6026230633092755	0.9999281206726185
4.859829993633738	-7.306226292664354e-64
-6.037191037361818	0.9999735617699776
-4.596081934141973	0.9992750164296091
9.870776067784888	-2.9809297321226627e-141
-8.668965301231108	0.9999999382592087
6.514508455096774	-2.2286095895930713e-89
3.1212502547955356	-2.2667113762958017e-38
9.247623913322872	2.6631868622181336e-131
4.518210269956153	1.2982701675196053e-58
-0.3617419110400668	0.4160087236301101
2.648465648122894	-1.100829533110121e-30
-4.581488045101847	0.9992504232149914
-3.743704731583426	0.9950489270958296
9.449445010584334	-3.8296827287903947e-134
-8.954192879926586	0.999999967985636
2.302120128268733	-4.5556912274443635e-25
-7.396743344329617	0.9999988444485131
4.968722965036104	8.652918253644958e-66
4.299000309341512	2.7228628444204534e-55
-5.45646797830138	0.9998993914936516
-1.9004122984743468	0.8723282876772739
4.779124690449317	-1.2301532552570542e-62
7.89337857832389	-2.022470479923973e-110
0.4443030240162962	0.03429723134285046
-5.3052402967541035	0.9998575436123913
0.03385968544209561	0.19931168798155927
-2.4581401112756174	0.9404897421766734
-5.871909694364943	0.9999613222823539
-6.93410445650692	0.9999966471144325
-7.54025877988072	0.9999991696229784
2.3338116172347334	9.42793459452873e-26
-1.8859268169720522	0.870093279380378
-3.6385112976438583	0.9937695826731625
-5.535431596397986	0.9999161035560158
-4.406237033736868	0.9988818970785156
-6.934011620094869	0.9999966463976575
-6.343496512128777	0.9999869387529894
4.065536577036287	5.324777066558404e-52
9.618082747168074	-2.2966178233062795e-139
6.698565636792221	2.1882422767288326e-92
-8.208610368206628	0.9999998217922338
1.550433815164478	2.5186505489135823e-14
-5.104813098888661	0.9997741869175617
6.807277192628668	-5.693931384736774e-94
-2.7112107437962862	0.9607752112774086
-5.0529210732541285	0.9997455995974872
8.085391498277335	-3.758589617792918e-113
4.058678645948181	4.9297638851024885e-53
-3.4655812508999873	0.9909676740352582
0.5549871634075245	0.015341318926226057
-6.3982167890924435	0.9999884848085815
-3.296117890215453	0.9871302783880551
-3.8311705950850206	0.9959177189434711
3.4125951743298533	7.799013468624439e-42
-0.6016601903294507	0.5323755259132004
-2.29794693348377	0.9243240492561928
1.0980804592217162	4.273502630398384e-6
-1.3282917702293098	0.7645953856780285
7.537266889990164	1.1388178177281502e-104
-8.52339195139892	0.9999999136732378
8.432626483765311	2.219401925539622e-118
-3.234622538693017	0.9854078243849328
9.929404833723954	1.9736646418541968e-141
9.926815734760194	1.6641689213594417e-141
-7.68772493110796	0.9999994086968491
-9.110808881474552	0.9999999776782115
-7.535596748904845	0.999999160661184
-2.181347666823621	0.9107943216177523
-6.220470975502086	0.9999826622896744
-5.187023852422845	0.999813058250036
0.761084833732868	0.00189605333158883
0.4469000465805184	0.03372027265723183
8.032645426747884	-1.595790402775641e-113
3.177494492017159	2.327295655919956e-38
-9.031940151965262	0.9999999732331303
-1.6999814566088531	0.8396207905925268
6.765210416405921	-1.215705930609542e-93
3.0116401931759462	1.255343168512536e-35
9.03082444256453	1.4001554907240485e-127
5.718087927131933	5.076586662117356e-77
-9.063569698896345	0.9999999751132678
1.9162835775383336	-1.5859177295928566e-21
4.6236283537526255	5.8181289493290155e-61
-5.159515101900767	0.9998008583748506
-2.2351289675984365	0.9172180348065987
-1.2302345429404262	0.7412203583555129
3.8847593824329074	-4.752228133594711e-49
6.5871656242397805	-2.985615193445603e-90
-0.6510099438955699	0.5524955713475285
-4.989270349316248	0.9997055607486273
-5.988087317258337	0.999970397905949
-2.5326423992453906	0.9471208005743937
1.3292751361022592	4.407306292420896e-9
6.466641663568904	3.1521829354460733e-90
-9.767681775832916	0.9999999950812322
5.4666018199424915	-4.798026168082944e-73
-6.736751254339741	0.9999947184235757
8.437096995374578	2.057530345131909e-118
8.18247882189793	-1.684260774558613e-114
-7.774473750390718	0.9999995157587731
4.809474283085633	2.409464923004614e-63
-3.338883645715849	0.9882178543815231
-6.361210975610101	0.9999874607314676
-2.529200188129761	0.9468266424421008
-5.912285353673004	0.9999647547972738
0.4479799987433921	0.03348219993189303
3.7178194430498923	9.560932856337778e-47
-1.24022291303441	0.7436092421819661
-5.598675394415005	0.9999274647981492
0.39018716366517125	0.04786213525254032
4.209259019123547	4.2788491706549786e-54
-6.285283975032687	0.9999850655531302
-1.4094625632652011	0.782932353458895
4.22230567484004	4.7882675373442374e-54
-5.594914632432237	0.9999268344145443
0.5381651893572013	0.01738512407088207
4.809380609959355	2.3907797633993048e-63
4.656253174917641	-3.451485236810377e-61
-2.2700003924424017	0.9212150672764
-0.31252409647416357	0.3915443177340481
3.918015537023546	2.009218512812117e-49
0.7286662631019158	0.002837585186882067
-2.1971278579220144	0.912712881579875
5.057354314766993	-2.0111259934332402e-67
-5.475017679229466	0.9999035941699913
-2.375733072961572	0.9325298115590408
-3.8170859219096576	0.9957884631320096
2.3525833211057368	-7.066309853463862e-26
-1.490495352582947	0.8000678445962692
-9.450827839310447	0.9999999897974169
6.165756761939111	2.3027024437888012e-85
-7.10264435228015	0.9999977255129842
7.361444899331531	-3.1716731179767235e-102
1.0739384157599439	7.880272870061196e-6
-2.5248958891577544	0.9464571405907607
-7.633974823133083	0.999999330793831
-1.1879941214815268	0.7306524232551685
6.179221152926807	4.0176276475865373e-84
-8.955153219273457	0.9999999680563496
-7.900032678976934	0.9999996373367908
5.351049230417599	1.6588108260918287e-72
8.22556291405322	3.0828524599548173e-115
0.9554220618502498	0.0001004916261828616
-6.886886834686927	0.999996262039837
-9.978467040081863	0.9999999967589162
-6.2892148536837755	0.9999852000972002
3.9600193455899593	-4.684711598537585e-50
6.647938314090979	1.889541282248763e-91
-5.296858054007267	0.9998547713949488
5.708390083874949	2.1803193188095004e-77
4.496751746663158	-7.292775923781041e-59
-6.918815857042828	0.9999965269846383
-2.8421652560213317	0.9689030328758081
3.943499728827158	5.463532409841352e-51
-8.184585629655977	0.9999998116562825
2.7381730640728854	3.535355789947001e-32
3.4278932892395133	-3.129537739693505e-42
2.6921970065534406	-1.5413252074250284e-31
8.959850867668308	4.068770749879424e-127
-3.103350057279557	0.981031708115027
-3.166109013898293	0.9832496516641301
8.537163416527559	9.174233008684996e-121
-8.75317414549114	0.9999999491415185
-2.5751175210161215	0.9506533750433948
1.937757579282632	-2.9642337058949377e-19
-2.6301881513291647	0.9549667352993494
8.143809603440666	5.7047468563727295e-114
8.111820414936773	-1.346064414420282e-114
-8.495236937330532	0.9999999078913451
-3.684200929021215	0.9943596796133023
-8.553181788444068	0.9999999193961752
-4.7594882656003445	0.9995012344797478
8.927080122608682	-2.7046552035205882e-126
-6.301765761772344	0.9999856216281073
2.472225272870885	-1.7473240164640312e-27
-2.65350508836248	0.9567031088810041
-4.983957144841171	0.9997019471186789
-6.814862287154337	0.9999955877884892
-0.5475662441051377	0.5080293071215478
-2.9123663823751844	0.9726678837562066
-7.821219376694297	0.999999565173168
4.03090032444636	-2.1623988740081838e-51
-0.8969034601756611	0.6451759747954304
9.600088225603159	-2.8018012850860445e-136
9.787222770842622	2.646874000656519e-139
-7.76282813842744	0.9999995025981794
0.547411129243649	0.016219416822343295
-3.420486106195346	0.9900647643095356
9.400615264315235	-1.252018263825593e-133
-6.7674481414371	0.9999950788313743
-8.075053751527218	0.999999757627787
-7.906020417434125	0.9999996423026031
3.0477032738298746	-2.008347304568187e-36
9.746488914440434	-5.664471459406529e-139
-2.1994625656022926	0.9129946809269871
-7.118813586995425	0.9999978086355347
5.424771184727248	2.0249722144551337e-72
2.34086744607386	1.4309704174734066e-26
2.959386586150604	-5.341833758370443e-35
1.2122041017727412	2.3219950196220276e-7
-1.8244801146153335	0.8605482531419748
7.9346738318111285	1.8171928559920136e-111
6.2812266593218595	-1.3857215137027827e-85
-7.223671436148464	0.9999982786914758
3.97986203366389	-1.207588720829983e-50
-0.8730452054685411	0.6370810534028846
0.933876770117319	0.000150035689693394
3.950855995035919	-3.2635044422737684e-50
-1.1012678651157017	0.7071767947214416
6.060720618142664	-2.6377973977030376e-82
-1.3566972116957956	0.7711412560077773
-7.200006067575644	0.999998182293614
-9.169622082895422	0.9999999805053363
0.5268251029392523	0.01898005862043544
0.48032954902383906	0.026862862554804037
8.527717439304887	7.066050192956567e-120
4.7296045758649985	2.1989896276220183e-62
7.934611389810058	1.87343630128115e-111
0.446201912480376	0.03387475326121825
4.471646141959411	-5.638844670813546e-58
-9.233962775355407	0.9999999831897158
-3.1747566976054076	0.9835367283729582
-3.9502909247641194	0.9968680410975863
-4.9702550589671635	0.9996924226544411
-6.37472141835056	0.9999878447606632
4.339125385962287	-6.478742801837075e-56
-3.2329372613053975	0.9853578491484271
9.40311707604559	-3.5167568583072996e-134
2.097366411404323	4.138873767397756e-22
6.059298925702535	-2.4010715535293378e-82
2.983970696444116	-2.410176923270435e-35
6.96012844432542	-3.0769285162744616e-96
-9.946516536400964	0.9999999967414706
0.2584207122326063	0.09155586757311254
-1.3624837459436367	0.7724576567172273
3.9821479246765144	-6.914619626362786e-51
-1.4806447240075915	0.7980506876058179
-5.731631559610841	0.9999465835161938
0.0238276572490026	0.20486296004564536
4.13448029754508	3.6317512580585853e-53
4.8260644961739985	2.9105609356722564e-63
9.500180031162596	5.906664112730534e-135
6.826723539548514	-1.097838188172824e-94
9.033304701573243	1.4241043126414156e-127
-9.997555946441935	0.9999999967589162
-6.57772952826003	0.9999923831543401
-2.2714096680078955	0.9213738547335067
-6.741131662257742	0.9999947714242322
-0.021899986341470168	0.2297484683079778
-2.211395146054933	0.9144242097628599
7.7661560931144535	-7.924649803933214e-109
-7.525600191108692	0.9999991411175998
-8.728164603282584	0.9999999461267819
-8.887477489827113	0.999999962669807
2.59730011659852	-1.4439774248920944e-29
-6.9284231509274985	0.9999966029666856
2.6760290178008184	-1.5648268119127372e-30
1.8102430039275177	3.0594187164053266e-17
-4.12753428911389	0.9978964182936346
-1.6631662929613356	0.8330248922242177
-0.5472459566141872	0.5078815348461957
-1.5516282179361305	0.8120400044540362
-2.908390713431146	0.9724652210245823
-9.758993520404848	0.9999999949818388
1.7404011300037148	-2.342053915805545e-19
8.464741981785497	-2.939727635924305e-119
-2.797307145044452	0.966283330516893
8.283425341210013	2.651055256890608e-116
5.590763174626501	1.765608806100364e-75
-7.599697872123441	0.9999992758363386
7.523754664209097	1.3063287882791596e-104
0.9009910456019696	0.0002656192380869519
2.1497087325526465	-1.6981104952055894e-22
-5.152912302081614	0.9997978136967639
-0.4287263771516159	0.4504906186047943
-8.76426636736845	0.9999999504240543
3.101290209749724	6.338257981121348e-37
-1.8097061040670326	0.8581920271990494
-2.806819312013955	0.966853390705317
-6.25716769921405	0.9999840668705682
5.588174613123375	2.8569206821379314e-75
-9.257361282518183	0.9999999840714369
1.2714096891192597	3.4644537115848284e-8
-2.111725578524357	0.9021312476925656
8.325133684333462	-4.185345968871116e-117
-5.3182640606133935	0.9998617464530423
-9.697073970854206	0.999999994212857
-4.99353603292326	0.9997084302874549
-3.3902203680366716	0.98941300419022
-5.784819512071193	0.9999527378010749
0.7206903903751538	0.0031200733043259153
6.549613560470373	3.437737142032785e-90
-2.0237636633318434	0.8903528346087713
-2.0893318967458008	0.8992224720169824
8.452671129592439	6.375787213300111e-119
-9.516007337540554	0.9999999912192682
2.33191519934441	1.1304961609634053e-25
8.641686170510287	3.4011571222636743e-122
-2.8187493795871488	0.9675571235827995
6.9382616681214415	1.5295881909063478e-95
-9.264295672394937	0.9999999843237493
-3.3909560882364564	0.9894293010332864
-3.4546111622661524	0.9907552768517749
-6.498910862316234	0.999990867549947
-0.9836524570803675	0.6722886873357401
-9.341333884339033	0.9999999868718347
-3.0546394519206777	0.9791394301638421
-0.07651753507095549	0.258482909229896
0.040976632473658015	0.19541310289865338
8.899666233651118	7.494010814227225e-126
0.8191258640970425	0.0008495361671452481
-8.797796407429006	0.999999954107546
5.960400448396651	-3.227832388358325e-81
-0.8245013716765026	0.6199678001680209
-2.4906442194033707	0.9434472643760851
-5.134309207308747	0.999788983233602
2.6526144245469183	-1.6815355917563203e-30
-3.134573032498622	0.9821652239503151
-0.7781507065939444	0.6028453086577521
-0.30140958057606326	0.38566984632693385
-4.878435604898903	0.9996202808553275
0.5865882765540942	0.012137946736097659
-2.6719869713469624	0.958041837033509
-8.608461509016347	0.9999999290298128
6.756195516251459	-7.050087355693905e-93
8.304151276025266	9.076896675294474e-118
3.4688815020056385	9.655177300674194e-43
3.3432183399270343	-9.938038622402821e-42
4.80280568330719	4.802097003091194e-64
4.932003469534635	-2.8816114016033445e-65
-0.13671693866823986	0.2929396339914396
-7.0849594228075485	0.9999976309839234
-0.6690450347368326	0.5596910459767326
2.7724571039375903	-4.891002920176042e-32
-0.737620713750351	0.5873094350241465
4.116851013536799	-3.211181846392297e-53
4.279354723323575	-3.974479801621001e-55
-5.10406347984095	0.9997737976873736
-8.350188881572791	0.9999998713682154
8.87929238672513	1.10409922447819e-125
5.100136025257758	-2.9412892667462424e-68
0.7745336174934803	0.0015894259236818352
4.030498630487568	-2.096701500365395e-51
-7.246111013037324	0.99999836536973
-2.1170835937202392	0.9028169770203329
2.8188148526662893	5.9342518076153795e-34
2.074708146849513	-2.354547292070614e-21
-1.5482440215992952	0.8113964503396857
-9.794017410828042	0.999999995370643
-7.805265240216626	0.9999995489024585
-1.6956574295771212	0.838854811020984
9.597781454152049	-3.132481525396545e-136
7.790973911545947	-1.2340135623422978e-108
-5.856230775031159	0.999959900995089
4.792791310141169	-4.6846813040140096e-63
-5.717879908635517	0.9999448660089412
2.8167515420650737	3.1299664679391755e-33
-7.5208812989787655	0.999999131734534
5.0683139732929305	-3.612295145948849e-67
-9.331753870372395	0.999999986579028
7.555489506026522	5.527115568868121e-106
-2.479156126572275	0.9424113084338764
6.49593734629892	1.5111668309848511e-89
-2.857148303144692	0.9697402513722699
7.752223545642288	1.6929366955881308e-108
-9.537676403619946	0.9999999916466318
7.2627236322064626	-9.240646398912856e-101
5.207320791334444	4.3057736295405685e-69
2.795276256552931	2.6791521675497985e-32
-0.06880653282737015	0.25414492526314464
-7.205222546759065	0.9999982039959734
6.529263215874135	7.993468336295432e-91
4.734324212558985	2.4440499685446e-62
6.745836720724917	-1.0884936547516488e-92
-3.2356949366618526	0.9854395460855223
7.555592602615349	5.016635966244841e-106
4.34755189925772	-4.384864588795417e-56
-4.141659443885803	0.9979624112884324
-7.754837357890905	0.9999994933615435
-0.5756687106480243	0.5208487723844155
-6.4905781429754805	0.9999906906520787
7.505395252851908	-1.1549652388397583e-104
4.2635872679050415	-1.1602267293288568e-54
-5.3281732841655405	0.9998648610668749
6.259694269546841	-6.104017400864653e-86
-5.286190857430175	0.9998511654407454
-9.090033638251303	0.9999999765844647
-7.55742043803211	0.9999992017966147
8.282097738967956	2.568812040189769e-116
2.6058447984198807	-9.081064055657737e-30
-0.7073652149990153	0.5753602454662126
5.618775941346016	-6.816528308902311e-76
-3.3690963678717845	0.9889352302408755
-1.708886125585014	0.8411909146515912
0.8524755326386781	0.0005202676586698214
1.013122785685109	3.184764931142997e-5
6.932565034258946	1.9604761319804696e-95
7.254500045623978	2.1073084971808544e-101
-4.971306634123649	0.9996931642415252
1.7754407058079469	-8.391532420110881e-17
1.122183206951819	2.2414806550241945e-6
1.169537094230101	6.284939517936445e-7
-4.512550927474361	0.9991225894035578
4.557517755103241	-2.788418367902117e-59
-3.877817508714765	0.9963190753501404
0.8001612679827588	0.0011189903975336141
-9.092049023467945	0.9999999766928732
4.926935941179803	-2.613086819953338e-66
-5.800830889366355	0.9999544477353708
-0.8624497020826674	0.6334162855708412
0.22060096049569822	0.10643264524182047
-1.834592415517804	0.8621371733936828
0.2889378691788167	0.08091435569965194
5.556281007131769	-1.0495785135010129e-74
-1.0130505741210136	0.6813805335876234
-7.774124187918301	0.9999995153688535
-7.958107282998839	0.9999996827299716
-5.837301045917522	0.9999581152800543
-3.901699632870188	0.9965095354128602
-1.307324979934572	0.7596744751209776
-9.183362103418613	0.9999999811124445
-3.738867810487174	0.9949960447909473
3.6897217093951973	2.6787341974211726e-46
-8.446048190428268	0.9999998968452782
8.66706359333888	-8.248437557322162e-123
-6.226922268617576	0.9999829178894311
-5.35832214761105	0.9998739128836281
-9.055261539217735	0.9999999746325879
5.556440260986317	-1.0233779003086435e-74
-8.951210677921019	0.9999999677650452
-2.1995026203381984	0.9129995097982382
6.841330655893692	1.6130055181572184e-94
9.617425453727286	-8.169215326531255e-138
-9.437536496509612	0.9999999894803461
2.176392053843589	-2.3044862772721592e-23
-3.4068237491121955	0.9897752501763288
2.7251868124859957	3.2402440598836572e-31
-6.928295138297185	0.9999966019652711
-2.116595691070846	0.9027547059851155
2.696016899703878	9.722905213501339e-32
9.450540679879484	-4.100639299637292e-134
-9.142332404943092	0.9999999792410489
-8.988943761821343	0.9999999704475175
-4.2507775081214705	0.9984081311316954
5.407127399052495	8.158432909385736e-73
-8.898015287733765	0.9999999635646949
-4.996350006248731	0.9997103079703904
7.787873352735346	-1.3741978824538754e-108
-0.2192081080289654	0.3399316714356654
5.974655488699785	-5.903979527403746e-81
-8.780772075182668	0.9999999522728679
-8.859902221270147	0.9999999602226834
-0.7511798944451797	0.592570601884728
2.720104158633889	4.224274671203265e-31
-7.417820495856762	0.9999988991898374
-7.986573555815801	0.9999997028588032
0.560132822848276	0.014777559649402812
9.432559290272419	9.517186697797068e-134
-7.865061712657129	0.9999996069262959
-7.1906348855074675	0.999998142645666
-7.544777216729366	0.9999991782175065
-2.614167124649187	0.9537426532180096
8.7838010299889	-1.1112535707594478e-123
-3.6243423433179434	0.9935750272660673
2.365387171492145	-8.456289524641281e-26
-9.04961692753285	0.9999999743007256
-0.24817355105653505	0.3562290042480011
-7.649478364294775	0.9999993542617109
4.668968867050172	3.6724995735454816e-61
8.174714034760328	-2.0319829708611975e-114
6.111938150076615	6.667635022794578e-83
-7.318077712587097	0.999998614986555
-4.908752969488073	0.9996457945379024
-9.784380792739684	0.9999999952667733
8.39767764174411	-6.219703212049623e-118
-2.292357459147909	0.9237089087605658
8.102199257337112	-1.5710188264122e-113
-9.196628451852318	0.9999999816806788
-1.0524989042562893	0.6931506103658067
5.834698511007531	-4.4143425836860226e-79
3.219681506628401	9.92954069469985e-40
0.13437776418291492	0.14659422268977787
-0.8202308476070677	0.6184196506353524
-0.9207359292848682	0.6529131636091672
4.2196324446909195	5.042549667951002e-54
-4.007739950935654	0.9972459198169312
7.363397944132792	-2.33507641841663e-102
-1.3745158915992217	0.7751754805655282
-2.869095096336096	0.9703945511030394
-9.539294370620555	0.9999999916776946
-3.0932653906180763	0.9806524266853011
-1.6679215101074583	0.8338866251708474
6.0921212246600405	-9.00480981892363e-84
-1.8786460521051573	0.8689646111863772
3.793300782988439	-3.5704814029065875e-48
-1.863987754895252	0.866695451311731
6.594581413222386	-1.9131948240312313e-90
5.265237100215803	1.1339244804514846e-70
6.535494310699022	5.621517174438235e-90
5.116984872543249	8.099683630772444e-68
-1.4607899092044452	0.7939295725474849
-7.616382255105423	0.9999993031289302
-5.945535201409515	0.9999673516388814
2.6524295698469977	-1.660772587767509e-30
5.073141781559865	-3.6224464026305456e-67
1.5156157284210625	2.5625632563414854e-12
-7.3404528647031375	0.9999986845355678
-9.71115573496137	0.9999999943974922
-0.36872524252962613	0.41954860691771734
-9.703963377209238	0.9999999943039362
0.19961206221301708	0.11577564518281865
5.772290311789172	-1.0945276585034782e-77
-8.454513839876153	0.9999998988366161
-9.98807114638609	0.9999999967589162
7.971680669358054	1.1169094924793288e-113
-9.373714190534121	0.9999999878150586
-8.489530548965272	0.9999999066731218
3.069594579217018	-1.8107459568674955e-36
3.7297525465882053	-8.481804316917894e-47
-0.9309456328829491	0.6560934415400892
2.123317081544318	5.007887821496884e-22
9.36620898537997	-3.4564672757774663e-133
6.487203509144813	7.277594649607628e-89
-9.651154247278605	0.9999999935674393
-1.9529986488281068	0.8802187135724286
1.7479982174412676	-9.071012353245752e-17
6.715801612403915	3.974767644496249e-92
6.015762191156249	1.1349006368901256e-81
-8.744896033175142	0.9999999481627928
3.350578800174233	-5.93968914391571e-41
-0.021051769653080754	0.22930995378146538
1.8703374170935447	-2.67459245822865e-18
-1.1118956049831077	0.7101610351690086
-5.468907914761045	0.9999022296721048
-7.343952077599294	0.9999986950918119
-3.1111913681442394	0.9813221303973988
8.307675922300195	-3.0434673922384535e-117
6.775827156466651	2.3796276292389652e-93
-0.12856667596328641	0.2882861989362749
-0.6383248781566575	0.5474887719501906
7.126283637128225	-4.363489203359144e-99
-6.920981897596028	0.9999965442624765
6.3023489083717195	-2.2217080501614307e-86
-8.388834220712077	0.9999998823199129
4.602325479148348	6.989648569549197e-60
-2.434632555503189	0.9382953417537743
2.1770384793563515	-1.7871731054083406e-23
-2.160726569845739	0.9082674409673888
3.9679278173264	-3.9049565781831963e-50
-2.2334707003058663	0.9170247810360692
0.3331156262557968	0.06532791191873656
6.664211053191913	-1.8024480849579456e-91
4.281157173831623	-2.8959047387405376e-55
-8.556963940241689	0.999999920095084
-3.147158487006032	0.982605143024226
7.18347639860707	-2.2786737762590433e-99
-7.343607397878316	0.999998694055772
5.242376685653113	-1.0437441791066338e-69
-9.202784220701123	0.9999999819385088
8.931405323309288	-1.4467877809354677e-126
9.585602860997025	-4.0112619506055874e-136
1.1287259331421051	1.8686702265820825e-6
-5.044915560550423	0.9997408787878403
1.5383556309397228	4.582117187337012e-13
9.499902077852063	6.104956928345635e-135
-6.513616377255453	0.9999911715767285
-2.303066923116801	0.9248846142056649
4.3631183103465965	8.86042118158461e-57
-3.6491806761988554	0.9939123954045335
-6.257515288341136	0.9999840796156736
2.789428537834752	2.2107855011905998e-32
-2.1399767806794356	0.9057013748719581
-8.264889254678076	0.9999998434519067
8.223963797793829	3.469604881297679e-115
9.273895224644768	-1.0947372425288777e-131
4.264465043303698	-1.1423309379103776e-54
1.9105584191490763	4.645402649620641e-19
-7.296923501304162	0.9999985458542595
6.991113902370852	-1.0505392038461792e-96
