-3.5879297684125966	0.9966565377276034
0.27430363034052974	0.9676438241555593
2.2112124927034706	0.9676438463649283
0.6285223321987399	0.9676438431047851
2.9356485381382136	0.9676438438992215
1.2971214697885571	0.9676438163963419
6.775025053043798	0.967643843048752
-3.016342646802088	0.9907121127829442
-5.057595994989095	0.9998694005762848
3.7798566060412355	0.9676438431535316
6.826762993086032	0.9676438430487515
8.275977765631165	0.9676438430486514
-5.680238983868575	0.9999687305158419
-0.7201469133218943	0.9676658094962893
7.54195351789139	0.9676438430486606
7.384497001094555	0.9676438430486745
-9.015889425455157	0.9999999855441658
1.0800187766938052	0.967643844706418
-1.5489423542462646	0.9698096454811709
-3.6930532748063793	0.997297757561783
-9.893916825349653	0.9999999980856766
-5.725465821206015	0.9999718193836503
2.190588310308282	0.9676438463538876
2.1208418210235855	0.9676438461378785
-5.778701565809761	0.9999750670208188
-8.600464734316526	0.9999999623758005
9.638985320050566	0.9676438430486483
9.991993713441246	0.9676438430486487
8.674636655997094	0.9676438430486501
7.7833701537256275	0.9676438430486588
2.9119233557974447	0.9676438438785256
1.1716986529056186	0.9676438263704462
2.732964363583621	0.9676438438582875
-5.18032020394501	0.9999014163356064
1.5129968703473118	0.9676437990719154
-1.9055343366573965	0.9731028424803048
3.3846787290676073	0.9676438432575407
-5.064510468164816	0.999871452258818
-7.925213309292776	0.9999998218786478
-3.645876269643513	0.9970246541582568
-1.313966113388151	0.9685804964730305
-9.030643056673027	0.9999999860270034
5.873705261972116	0.9676438430494749
3.886976007038978	0.9676438431114929
2.232945055356872	0.9676438463717465
-0.9823210650381586	0.9678144888006487
3.9544305518166176	0.9676438431021318
-0.055203882896165624	0.9676438738161115
-8.449685518418786	0.9999999467590096
-3.5213026772634315	0.9961857379440707
-0.8932707985065047	0.9677387299979965
0.6578190032344011	0.9676438428377726
1.1833678385781035	0.9676438196311997
5.975617357251778	0.9676438430493224
-8.10897016876969	0.9999998833297278
3.9173615435901077	0.967643843096037
5.059471384998439	0.9676438430548926
3.8727773786800093	0.967643843128659
8.321220347487515	0.9676438430486516
-5.197242709493697	0.9999051687671556
-8.410825735234617	0.9999999417754979
-0.7824995679322164	0.9676828967194391
-4.715784597896988	0.9997149570699086
8.398489322334662	0.9676438430486505
-3.2826726883814272	0.9940355421238535
-9.77375727510871	0.9999999974755007
8.474842270556149	0.9676438430486499
-2.787950295997237	0.987159035635227
1.5374080056289827	0.9676438004856417
8.91621895327581	0.9676438430486491
6.908172690742475	0.9676438430487009
-7.55924850433753	0.9999995863088695
3.259228991168861	0.9676438434215741
3.1483923215151712	0.9676438434659107
-7.970994589002216	0.9999998396994444
5.548124904869338	0.967643843050299
-1.554744475599378	0.969847542704767
-5.409724793382731	0.9999417708248103
-1.5749546689070328	0.9699854097873504
0.7840078683373974	0.9676438429984796
8.267484326669603	0.9676438430486513
-0.013852680431792663	0.9676438332563282
6.942756392270692	0.9676438430486977
0.7539046434408458	0.9676438429921198
0.1277879628825076	0.9676438168652046
0.4034757406826994	0.9676438282566042
1.6615398270514259	0.9676438002936796
9.087107015431858	0.9676438430486487
8.094172541906595	0.9676438430486528
-1.171766829532812	0.9681437321579232
0.7878827146115732	0.9676438430039338
5.050552194494777	0.9676438430552572
-3.9548074437176206	0.9984437534528333
-6.051669077395938	0.9999866948566809
-0.45671412295885894	0.9676448508621623
-6.4223373168773135	0.9999943311968206
-2.2478699670115443	0.9779123495917355
-1.0384346940286662	0.9678860003032234
-4.329381784371549	0.9993177352455189
-9.30920831096062	0.9999999926425976
-3.859283189581686	0.9980907694155432
-2.6306062801276386	0.9844713428883678
-9.387459016093164	0.9999999938556821
-1.1051063160886976	0.9679978786953196
1.153226225073123	0.967643838183266
8.47578924884597	0.9676438430486499
-6.755363659740494	0.9999973665769403
6.432806266556604	0.9676438430488554
-7.335889627887369	0.9999993081209088
-6.043753575720787	0.9999864502679146
1.1799297429152666	0.967643821420853
-0.3730602738078872	0.9676441503917029
-9.527422593414162	0.9999999955484604
1.8290184561711875	0.9676438511691984
2.3391803228145935	0.9676438464065421
0.09981750596010919	0.967643816986136
2.437398602346633	0.9676438447068305
7.374958496854585	0.9676438430486746
-4.410657881313531	0.9994314212020143
8.273315905919539	0.9676438430486513
9.885586549745227	0.9676438430486487
-5.948500623944097	0.9999831296950767
3.078766097496297	0.9676438434673943
9.56695876583025	0.9676438430486489
-4.343317936955575	0.9993386873644279
2.089120961358555	0.9676438465260473
-9.539864579281026	0.9999999956741825
-4.894595348878741	0.9998103917383618
3.531646493030628	0.9676438432617606
0.9464993548131506	0.9676438446758846
6.639055954153122	0.9676438430487456
-6.305461187866923	0.9999925811704728
9.222786619681802	0.9676438430486488
9.398380110485949	0.9676438430486485
-6.242509641375853	0.9999914243741465
-0.28945830107224957	0.9676439451944284
-2.633812087171652	0.9845273788698412
0.37490818038527607	0.9676438282479864
2.5079453591460386	0.9676438447123656
1.1009028848295799	0.9676438443678697
1.609367352438742	0.9676438003976536
8.538771857267076	0.9676438430486498
-2.5564726224345025	0.9831692741390786
-6.331436611766206	0.9999930117579223
1.3261631646008443	0.9676438165209555
-2.485176836409231	0.9819156260922198
-6.436222095249593	0.9999945095256972
5.2539708991738365	0.9676438430519444
-6.1565897250611945	0.9999895491553463
7.525388816055262	0.9676438430486599
5.790266434126048	0.9676438430494757
-0.07921000076608209	0.9676438824063817
2.591742438270419	0.9676438447122956
4.469364686057201	0.9676438430703972
0.6707503524786329	0.9676438429663122
-9.851155441821353	0.9999999978875954
-2.9509889698848646	0.989753979442304
2.162877979199976	0.9676438464256603
-0.06976658690001614	0.9676438815888561
-7.426441349452513	0.9999994383304647
7.605935771420501	0.9676438430486612
-3.863272128184696	0.9981068785823783
6.090853429699628	0.9676438430490626
-9.10472000749448	0.9999999882181688
-6.703440065402955	0.9999970321759413
6.498132791402401	0.9676438430488554
-4.106541313526075	0.9988815210441555
-1.8421760270366008	0.9723885609572874
-1.2285101306077006	0.9682948272732363
-1.1787227337118154	0.968161084249036
-8.11343042475917	0.9999998845218152
-7.429307005928996	0.9999994420243223
-5.465687030752777	0.9999487956289601
1.1834671195508975	0.9676438195827053
-4.84703255977204	0.9997886415635668
-4.102160376142447	0.9988707104876718
-3.5315378636791683	0.9962615016908404
5.235752947258172	0.9676438430519472
9.841448520621352	0.9676438430486488
5.9874373452800675	0.9676438430492063
-8.937069070643663	0.9999999826674104
1.8320623768925692	0.9676438505333035
-0.1591318666889876	0.9676438846406428
8.851186331171036	0.9676438430486487
-7.541011480305726	0.9999995685671922
-7.435541963629606	0.9999994499775094
-1.255538032997702	0.9683742561971713
-0.4575786278598635	0.9676448632346845
-4.044848732334603	0.9987198192037178
6.202486719861419	0.9676438430490613
-2.2087109825070828	0.9772897434260918
0.38857182024168324	0.9676438282699605
7.575303967825931	0.9676438430486617
8.391003562985809	0.9676438430486507
-5.805430099599902	0.9999765537707846
5.732069965055047	0.9676438430494114
-5.198465644131436	0.999905434366912
-7.436770669717996	0.9999994515313962
-6.607839022248654	0.9999963014994971
0.23762085410020894	0.9676438169292026
8.432485667141847	0.9676438430486499
1.5811438092063277	0.9676438003905558
9.392881425661699	0.9676438430486487
-0.052764577692565595	0.967643871780649
-6.69940656596816	0.9999970044874041
9.88781171031173	0.9676438430486486
3.894908136907569	0.9676438431037832
5.780498798401839	0.9676438430494845
5.471091595636622	0.9676438430503316
-9.96603589317858	0.9999999983131173
-6.571733062001703	0.9999959809280934
-5.664874929011607	0.9999676060345681
7.252242862116503	0.9676438430486738
-2.313100900003504	0.9789814740977957
9.3159491286373	0.9676438430486484
-0.5020126020267632	0.9676457295180583
1.538537041798481	0.9676438005322124
-0.08817345386656683	0.9676438816369456
9.31504419889751	0.9676438430486484
-1.202995122113002	0.9682245514301636
-5.543881516069806	0.9999572173955603
9.993915744124191	0.9676438430486487
8.238703033451596	0.9676438430486516
-7.679099553307203	0.9999996860740255
7.87225080569457	0.9676438430486554
8.136496207418219	0.9676438430486514
-6.551041519390468	0.9999957848423383
2.716473547891596	0.9676438438054313
8.5507555386733	0.9676438430486497
9.142859743333549	0.9676438430486487
-8.826082951276604	0.9999999776205467
-0.6944747825040309	0.9676608639226445
5.266844750055402	0.967643843051945
2.6822265245715506	0.9676438440597318
-0.051210776177917694	0.9676438704024946
-5.957249047129696	0.9999834658976193
-5.581529321726042	0.9999607640294008
-2.2803343068926774	0.9784398219225781
3.6726413258364765	0.967643843154698
-1.406161995372969	0.9689866162393616
8.091444077044653	0.9676438430486534
-0.864537446642796	0.9677203880951992
-7.106866973783412	0.999998827685669
-5.365057856165265	0.9999354803146974
2.671515673145155	0.9676438442654103
-9.965128200536437	0.9999999983131173
6.834497166546242	0.9676438430487526
-8.122434439938075	0.9999998868913108
0.6268167551539605	0.9676438431637114
-3.5752060076856074	0.9965706568642114
-7.606677316988164	0.9999996291071395
8.418504542268565	0.9676438430486498
9.84180883697978	0.9676438430486486
5.806773713408816	0.9676438430494703
-1.251325117785962	0.9683613339809957
1.700684693829423	0.9676438010525499
7.6382156073106735	0.9676438430486612
-0.5135757351445278	0.9676460456801418
-8.159044774419687	0.9999998960353519
2.3715467816416513	0.9676438454347871
2.6730823183919394	0.9676438442341216
-5.464667249964998	0.9999486755142319
-3.8939955300607965	0.998226822414175
-5.1587163616561105	0.9998964102815563
3.8261561357959586	0.9676438431544494
-5.673982812252598	0.9999682774167453
6.874097658430593	0.9676438430487385
6.632226856209723	0.9676438430487431
9.521060154474906	0.9676438430486487
-6.427120942692626	0.9999943932798876
-7.278209834641451	0.9999992098527575
8.928791203373567	0.9676438430486491
-1.5399473258033822	0.9697520188991481
-9.821485056554216	0.9999999977382348
-1.867706346385587	0.9726644992377714
-6.634263614270863	0.999996519792087
9.390075656367912	0.9676438430486485
-3.675627726059636	0.9971995613760507
-8.921360500072018	0.9999999820290075
1.2413140794881272	0.9676438168598681
-1.1164162732762772	0.9680201656061049
1.591621541885715	0.9676438003405236
8.409443626425027	0.96764384304865
7.354671338742982	0.9676438430486742
-6.918735283440776	0.999998192143165
-2.5616014955195476	0.9832595591386719
3.8569053983304435	0.9676438431465941
6.856108689907707	0.9676438430487525
2.3604022678495227	0.9676438458676176
-8.072861775773678	0.9999998732148474
-1.9443772460048336	0.9735745855925806
4.925579925790974	0.9676438430552297
-9.716251937398162	0.9999999971180877
9.279459700176766	0.9676438430486488
5.845705028544126	0.9676438430494748
-8.715795421567147	0.9999999711506032
3.8199878635409856	0.967643843153445
8.899175984705995	0.9676438430486491
-3.694847101148171	0.9973076915885507
-6.325845066725524	0.9999929212302471
9.719982079312125	0.9676438430486484
-7.093672899782937	0.9999987915255758
3.03804602918742	0.9676438434612078
0.5312969435642056	0.9676438278454181
5.917541391272811	0.9676438430494697
-9.292306926636108	0.9999999923506266
8.342725895599848	0.9676438430486517
3.364650643911581	0.9676438432617837
-4.235933537785184	0.9991596656469814
6.996651725602998	0.9676438430487001
3.047859972604794	0.9676438434724328
3.37210645286369	0.9676438432602619
-4.256130012020645	0.9991965753386225
6.08758160376183	0.967643843049064
-6.580309885844939	0.9999960595082177
-2.6966309353278195	0.985616424414246
-4.7164978641592326	0.9997154192455562
-0.5703245529295842	0.9676483612260717
3.1151875848323662	0.9676438434654044
2.846178222118393	0.9676438438819845
8.8658826808972	0.967643843048649
3.8586375202175596	0.9676438431449448
-3.059292430546261	0.9913122226431608
1.2205901739594882	0.9676438149767309
2.473700255164516	0.9676438447280132
-8.077653795837465	0.9999998746061028
9.866213060360295	0.9676438430486485
7.795883989256037	0.967643843048657
0.7694849977874352	0.9676438429882362
-7.5798511499495635	0.9999996054754998
1.4264636310090637	0.9676438171653319
2.9316764459837827	0.9676438438993488
-2.5802321097693515	0.9835873800509846
-7.581597440240713	0.9999996070586369
-3.278709350036455	0.9939933025632732
0.2024365967837305	0.9676438167764903
-3.906037696545326	0.9982718896242841
6.9549240708089	0.9676438430487003
6.586032759621659	0.967643843048797
-2.9928120205650677	0.9903732181578957
8.071180503826099	0.9676438430486548
0.4477092739140218	0.9676438282465019
2.4104718922898805	0.9676438445577903
3.378100185185078	0.9676438432588351
9.255323075689105	0.9676438430486488
4.215331880558457	0.9676438430723774
3.372362585779003	0.9676438432602011
4.936606634419309	0.9676438430552368
3.7972406878788014	0.9676438431530163
1.4816675321486539	0.9676438028493625
-1.2945832030187976	0.9685073526499688
8.369229573637377	0.9676438430486518
2.4032954072687254	0.9676438445834239
4.069017986599768	0.9676438431011376
-0.6725739560241308	0.9676574065738541
-7.306287227163999	0.9999992593180179
-9.742658728893607	0.9999999972880989
-5.7181335410656775	0.9999713401489767
-6.569129975410051	0.9999959567702338
4.444569353063606	0.9676438430753181
-8.523093750193102	0.9999999550387757
3.752668695976551	0.9676438431533546
-1.2331180302568647	0.9683078775043608
-8.590634060475097	0.999999961514427
-0.32172661064122643	0.9676439965959174
7.342676687413711	0.9676438430486742
-4.189086372496855	0.9990676532298182
-2.308551040059603	0.9789057374116531
-2.23326475741644	0.9776783139251829
-3.929314101289587	0.9983560051346191
8.109802490770232	0.9676438430486519
-1.0339142373379104	0.9678795316023762
-0.4031034070616357	0.9676443112252192
-5.234232588099288	0.9999128829750702
-7.888147197365973	0.9999998060089247
-0.192875777131988	0.967643889454004
4.501981376203993	0.9676438430615784
9.05740374104651	0.9676438430486485
-7.433602845986549	0.9999994475162353
1.895067979080265	0.9676438498607137
2.360497065469618	0.9676438458641248
-1.5919713793357548	0.9701090661476514
6.973427669676006	0.9676438430487014
3.923867014590222	0.9676438430967215
0.4908680494067639	0.9676438283905645
3.700175356823369	0.9676438431528317
2.7289398324748646	0.9676438438431335
-5.666529634734432	0.9999677290567238
-0.482501578423582	0.9676452877147156
-2.881627240724307	0.9886823431643961
-1.835644201531835	0.9723199210661441
4.028067531618982	0.9676438431011175
-5.038797300754272	0.999863656486968
9.372017668797138	0.9676438430486488
6.379372838001174	0.9676438430488586
-4.037158403216563	0.9986981750783541
0.03188281386221625	0.9676438204421293
-5.405502612910573	0.9999412033717764
-2.4785627988078263	0.9817998893864186
5.183617510249325	0.9676438430519644
7.754072500827331	0.9676438430486617
-1.8898909041063572	0.9729181788743086
-5.598705291719579	0.9999622830767646
5.690628971429788	0.9676438430496832
-3.515299501005229	0.9961407064239589
-9.605521462898192	0.9999999962811275
-6.3557223050862	0.9999933917122674
-4.369889817848898	0.9993769167749107
2.0949533616945573	0.967643846282641
6.963068755454152	0.9676438430487012
7.150291111959103	0.9676438430487015
-2.5510609883756574	0.9830740080111823
8.956535332911542	0.9676438430486491
2.9880211323332606	0.9676438435147268
4.181225953317966	0.9676438430840826
-7.71501179878729	0.9999997109882734
9.245802429760396	0.9676438430486488
-4.924729723654511	0.9998230075017155
6.241156036665835	0.9676438430490704
-3.3195882449706637	0.9944184080710841
-9.996908305163599	0.9999999983131173
-1.749154675445057	0.9714460278335647
-2.84674085714693	0.9881244160905494
-0.4174005509395293	0.9676444176639147
6.8688022013710395	0.9676438430487437
6.637130653531219	0.9676438430487447
-6.556647323893978	0.9999958388920547
6.034622380507265	0.9676438430490327
-1.170331327392006	0.968140204624777
-2.456704159372838	0.9814209621163481
3.372098912277437	0.9676438432602635
-1.1730531148780354	0.968146908685272
-2.250083294697518	0.9779480045691344
-9.138671700119003	0.9999999891041521
-9.410760465379685	0.9999999941766561
-2.674060599225938	0.9852272612579042
-0.7199334101509649	0.9676657640324139
-9.011779128459484	0.9999999854067011
7.592639558930458	0.9676438430486612
-7.665193655288394	0.9999996758597709
-2.2565196352573036	0.9780519560581199
-4.0675108483394595	0.9987816380695841
2.2530086929413162	0.9676438463697126
-1.6457129097645495	0.9705262905841703
2.72024693792844	0.9676438438138129
4.026161197424628	0.9676438431011072
-3.6943285218611477	0.9973048230720255
3.6107272622483055	0.9676438431436869
-7.762782351729731	0.9999997410920265
9.583253438283656	0.9676438430486488
-5.499541026447519	0.9999526277944019
-6.318112722282119	0.9999927941080412
9.898206488524327	0.9676438430486485
-5.7017320612894595	0.9999702384715526
-3.7174603099251424	0.9974301744373635
8.068365197847335	0.9676438430486549
5.673086107198188	0.9676438430500228
-9.998471628190826	0.9999999983131173
-9.344691126623918	0.9999999932198117
-4.017250239656676	0.9986405283018087
-4.63517286078361	0.9996576544535353
8.023639492960946	0.967643843048655
3.4481252584939313	0.9676438432577233
0.859629309840857	0.967643843643555
-7.29713250273103	0.9999992435395562
9.987599077761494	0.9676438430486489
-3.3961059876799693	0.995152126620149
-1.6587269150963646	0.9706334921038656
9.188991728245384	0.9676438430486487
-5.56335795397636	0.999959090413533
-3.124585246300593	0.992179425041855
3.8510897713199412	0.9676438431512456
-3.171240055077078	0.9927635877262321
7.6566829488458055	0.9676438430486614
-3.7194953050423907	0.9974409500388194
7.442551059706226	0.9676438430486749
6.112402927936142	0.9676438430490599
3.6242049363091056	0.9676438431451202
9.37371527171694	0.9676438430486487
1.293199393173424	0.9676438163814634
1.562064950152294	0.9676438006831938
-9.03426176616935	0.9999999861429469
-7.012823106557184	0.9999985442634541
-9.79993965983427	0.9999999976231988
9.43600388174633	0.9676438430486484
4.348072795879041	0.9676438430749116
6.61632358399811	0.9676438430487443
-0.20191231655967457	0.9676438914113283
9.957492430183311	0.9676438430486485
6.9644833153590895	0.9676438430487013
5.530924359511733	0.9676438430502987
5.351984606529005	0.9676438430519523
-1.3973396214329181	0.9689432792427841
-8.112296198516722	0.999999884219832
-5.937796786088407	0.999982709043189
6.928955725485935	0.9676438430486953
-1.8619859252721085	0.9726013398382543
5.785959869476809	0.9676438430494794
-2.6683901980845492	0.9851290927619148
-6.649722522825043	0.9999966414768675
-4.955857324727142	0.9998351644774155
9.567657844944009	0.9676438430486489
-3.3350154522058117	0.9945727759426838
-0.19577097217556982	0.9676438900441607
4.437240681351922	0.9676438430754591
-0.6737389693711826	0.9676575722616051
2.3120650740713167	0.9676438463618929
5.99872036185468	0.967643843049107
-3.876070714258235	0.9981577247784502
3.752898372244111	0.9676438431533545
-7.66276844583353	0.9999996740446501
-6.659128854008594	0.9999967134275998
3.9517906413762596	0.9676438431019736
-1.0456933639444266	0.9678966704248394
9.877997135979754	0.9676438430486485
7.0841876189759	0.9676438430487002
-4.366290563360553	0.9993718672725433
-6.920423018220112	0.9999981991545757
9.28869139265473	0.9676438430486486
-3.513212637136651	0.9961249487919004
9.604180693828404	0.9676438430486484
3.1041659695998103	0.9676438434641652
-8.921771284048546	0.9999999820459975
-8.665416236940615	0.9999999676021718
8.8657998096148	0.9676438430486491
-4.569548024766066	0.9996027401480676
-1.961750574098211	0.9737926457524982
-7.185840355834441	0.9999990225956943
-9.648283725928902	0.9999999966298518
1.9997273300584517	0.967643849572881
-2.5359912157829445	0.9828087854473262
9.82914264150535	0.9676438430486484
0.9477200364731111	0.9676438446750798
1.368265393285121	0.9676438165573299
-6.467795473629958	0.9999948944381364
9.937822314817993	0.9676438430486485
-7.159472992561424	0.9999989614187088
9.760773863447774	0.9676438430486486
2.00185090184962	0.9676438495723761
-6.641051538632992	0.9999965737565084
-9.711209858883802	0.9999999970844345
-4.2238709269619035	0.9991368463799651
-9.106736908868914	0.9999999882727578
5.00092310640281	0.9676438430552108
-3.843333233946331	0.9980250904301157
-9.276742998930892	0.9999999920715237
-5.510554952246451	0.999953811765615
9.835258500834687	0.9676438430486484
8.737381664141761	0.9676438430486486
5.4812577802903295	0.9676438430503148
9.13914205049047	0.9676438430486486
-2.2347974285441197	0.9777027688069734
-2.3365851277258276	0.9793745854758514
-8.88241829023901	0.999999980343137
4.34279743976726	0.96764384307492
-4.000771485739691	0.9985910007167232
-3.3244017801648873	0.9944669286626262
-5.418207745005361	0.9999428944494605
6.848710084475869	0.9676438430487538
-3.4495415451293	0.9956179839130449
-0.9743867421830501	0.9678058829998594
-5.165590730756917	0.9998980300869571
5.552122312180874	0.9676438430502987
-8.003524991224582	0.999999851267862
-3.531271502711304	0.9962595461247772
8.608152697429972	0.96764384304865
-5.363724220152446	0.9999352824228743
-1.4026636148628278	0.968969314452012
7.885037678607226	0.9676438430486554
-5.7149265043872965	0.9999711279872585
-3.899736739097923	0.9982484425689974
8.244424503426629	0.9676438430486516
9.55619392490317	0.9676438430486489
5.076265305910477	0.9676438430537276
-9.275463044317327	0.9999999920481226
1.2971244077583997	0.9676438163963565
-6.419612732097266	0.9999942955297277
-0.9873914020863204	0.9678202111392323
3.9473761669127327	0.9676438431015366
0.700796845829359	0.9676438430211625
7.425518492494479	0.9676438430486741
-4.340203124769841	0.9993340593824671
2.1209276445546266	0.9676438461389307
-4.4536311040219045	0.9994838333814937
8.394169208906384	0.9676438430486507
2.0618838738989	0.967643848446554
5.296666591827854	0.9676438430519418
-9.561234084550122	0.9999999958818826
-6.529196152106329	0.9999955674346317
2.678568889956825	0.9676438441270069
1.6120915523216937	0.9676438004134595
3.2673263877783363	0.9676438433842863
6.109015029341851	0.9676438430490599
3.0748438841335677	0.9676438434691966
-5.577258806846679	0.9999603769560326
3.581447657288308	0.9676438431844429
6.308711071065879	0.9676438430488505
1.501161796787347	0.9676437992056751
-2.782343026323373	0.9870654997661109
9.603156163267034	0.9676438430486485
-5.217555584711473	0.9999094855967705
-7.442562240031059	0.9999994587968011
6.610097168438539	0.9676438430487494
-0.08826726993728329	0.9676438816263774
-2.652807772716219	0.9848585695481528
-6.579561020381544	0.9999960527088382
5.721978008936194	0.9676438430493945
9.675360447688934	0.9676438430486486
-5.756823026329787	0.999973780225624
3.043288340039304	0.9676438434684341
-4.398903668584753	0.9994162024690267
-9.283415189559992	0.9999999921924003
5.358277972850093	0.9676438430518319
-9.532532382738435	0.9999999956005297
0.7351259324826422	0.967643842986729
-1.8779896003577576	0.972780465188828
-8.001856003720134	0.999999850695191
9.369249093658528	0.9676438430486486
-8.853729963436528	0.9999999790008117
4.0744740247029085	0.9676438431011647
-0.28696546497622677	0.9676439422027651
-8.232571147544757	0.9999999122272272
6.682750469247054	0.9676438430487532
6.638131592578169	0.9676438430487451
1.0067725607107434	0.9676438447135508
8.762241985354024	0.9676438430486489
-0.00906973733230032	0.9676438300865235
-8.226393774859488	0.9999999109698328
-0.8805254141156027	0.9677302329104718
0.9350827171179343	0.9676438447014524
7.889140117598458	0.9676438430486552
9.228323401193016	0.9676438430486487
-4.169277399955971	0.9990258993823464
-3.3644991479541897	0.9948586772560071
-1.305757525150458	0.9685490871870441
7.221253605283803	0.967643843048672
9.713177132299432	0.9676438430486485
-6.201216851017484	0.9999905693214379
6.6337657034944755	0.9676438430487435
8.481442704502737	0.9676438430486498
-9.542328776572258	0.999999995698658
7.134738939340373	0.9676438430487009
1.4547444209879323	0.9676438125705131
-3.0784559486829677	0.9915724495732227
-3.89581052916367	0.9982336838460304
-6.794293010579566	0.9999975923387275
-3.5442815197384947	0.9963540636072772
-3.1813862120665926	0.9928866229609418
9.7978219703549	0.9676438430486483
-7.108996168999315	0.9999988334187475
-4.9045994647660685	0.9998146758866818
-1.2259071241397415	0.9682875176799204
9.430062895552084	0.9676438430486484
7.330070006269924	0.967643843048674
1.9547339975837055	0.9676438496263216
8.564778124092335	0.9676438430486496
-8.429043990559105	0.9999999441674352
1.4163850276857115	0.9676438167535589
3.755298933010028	0.9676438431533543
4.954446057809058	0.9676438430552311
-5.904370642290293	0.9999813267517397
5.135665471487446	0.9676438430517688
0.5562394765865584	0.9676438328566322
1.0699739562598065	0.9676438448059359
1.7784571385503831	0.9676438382111815
-0.8665842686934866	0.9677215951008223
5.276263774643528	0.9676438430519486
-0.7539297532893521	0.9676740667169524
-2.4031232824490356	0.9805036389023666
6.719101155131316	0.9676438430487516
-3.6120728244169165	0.9968144329742975
-1.0925299057531301	0.9679742643545365
9.768954131687849	0.9676438430486485
-0.25514439835229297	0.967643913509079
9.40545256888996	0.9676438430486486
3.9343664871692585	0.9676438430989599
-1.4100291633623172	0.9690059188401896
-9.722810684432307	0.9999999971612838
-4.281571711192216	0.9992408457712597
-1.5970119789469095	0.9701466559553766
8.229370195556346	0.9676438430486516
4.4992583832350075	0.9676438430620264
3.246545903909075	0.9676438434634521
7.563689510097195	0.9676438430486618
2.248098948482644	0.9676438463693394
9.132525913183564	0.9676438430486485
2.313116513097162	0.9676438463654117
5.629533372522161	0.9676438430503077
-7.4276860673133305	0.9999994399379124
4.371057537293947	0.967643843074934
1.754928476327052	0.9676438116865853
-7.378372932112662	0.999999372594789
-4.863422962601711	0.9997964027240628
-4.0551467659482165	0.9987482700697696
9.151150635072597	0.9676438430486486
0.31692461629091895	0.9676438281508094
1.643343284325276	0.9676438004819069
-9.338649455965085	0.999999993124831
-9.911100138287754	0.9999999981599368
-9.13357694353056	0.9999999889755787
1.2743978668913911	0.9676438165455543
0.1452241278287083	0.9676438167732202
0.4159049874036356	0.9676438282508826
-4.064036522245487	0.9987723477620173
9.61255424458708	0.9676438430486483
0.21050951920029348	0.9676438166016533
-0.8463305426499357	0.9677103044292976
1.5647905304820888	0.967643800640085
3.5295717115818626	0.9676438432612755
-4.897126574241444	0.9998114849025239
-9.877472805647018	0.9999999980118032
-0.040968703375060755	0.9676438601616053
2.6967045664796174	0.9676438438604986
-5.7279139434215365	0.9999719776029272
3.695802794088987	0.9676438431528467
9.484891750237722	0.9676438430486483
0.8576364426979044	0.9676438435685007
-5.512105233835793	0.9999539760291228
-2.4629136879955693	0.9815280714464142
-2.378699445929988	0.980086920674839
5.285027305328946	0.9676438430519496
-4.280835183337208	0.999239597981982
-5.517223718817945	0.9999545142408428
0.22682107359533354	0.9676438163141521
-9.975166651691456	0.9999999983131173
3.8908659486407124	0.9676438431074439
0.8940674764088019	0.9676438447253466
-6.289884796339522	0.9999923103439339
-4.031588799093719	0.9986822843228998
7.02280289724046	0.9676438430487003
1.440266021629979	0.9676438163326402
0.030139825728445757	0.9676438205684262
-4.623332541930769	0.9996483320291474
9.26029755930568	0.967643843048649
2.3714179416365475	0.9676438454398755
7.932070377819322	0.9676438430486549
-2.6951682109865205	0.9855912881546526
-0.2905217828489626	0.9676439465087905
4.176362433976312	0.9676438430871102
-7.463120614588812	0.9999994838185075
3.9731880688130197	0.9676438431017843
-4.859950197960781	0.9997947822655537
7.9462604863716955	0.9676438430486549
2.351505897748197	0.9676438461632304
9.620210247273803	0.9676438430486481
4.337996076541595	0.9676438430749259
8.83003484877893	0.9676438430486489
9.718329879464626	0.9676438430486486
3.005469972684036	0.9676438434317575
-1.7227243949673507	0.9711966338750817
-7.973480819718497	0.9999998406144963
-7.25093920093193	0.9999991586479012
9.52053363291915	0.9676438430486486
1.6947992056792813	0.9676438009473565
2.5018007040775068	0.9676438447097773
6.063801011914244	0.9676438430490708
-9.060073922055505	0.9999999869425431
9.604288222623172	0.9676438430486485
0.9531696714100022	0.9676438446749714
-9.977602905870096	0.9999999983131173
-4.491936581620686	0.9995265478268215
-5.393024367920343	0.9999394938662564
-5.580885958755526	0.9999607059583027
2.4380531342356235	0.9676438447106485
-7.258450300977639	0.9999991730736458
-2.2366849849247306	0.9777329207324723
9.206733994619256	0.9676438430486487
1.700951258296012	0.9676438010522843
-1.8497051081919977	0.9724684963967315
-0.47079340148268756	0.9676450709814538
-7.6162484617520265	0.9999996371914969
8.60758774300519	0.9676438430486499
-4.821128652902904	0.9997757735879103
-9.006779251188966	0.9999999852377217
2.9171261389104544	0.9676438438828665
7.9555140277403105	0.9676438430486549
-5.094531668513742	0.9998799947637185
2.864984762777091	0.9676438438827677
4.151768573600986	0.9676438431001423
5.036056295210042	0.9676438430553538
-4.070638875380053	0.9987899453227294
9.4378485451059	0.9676438430486484
-6.115767167474062	0.9999885196503937
9.048352959601061	0.9676438430486488
-5.615260482041089	0.9999636916177641
2.4086963712261156	0.9676438445595421
-7.98437559450484	0.9999998445630963
-4.865375865482386	0.9997973084033276
3.8314463822571767	0.9676438431552536
-8.677690908735066	0.9999999685050308
4.101664446240063	0.9676438431008393
-6.119390927422739	0.9999886149986872
1.6141790843229344	0.9676438004256889
2.067234351086217	0.9676438480373527
8.669181177382185	0.96764384304865
-9.528992485312191	0.999999995564523
-5.03087473316667	0.9998611610990203
9.621164695452919	0.9676438430486484
0.06425087402318042	0.9676438180215821
0.17564833193330465	0.9676438167123049
9.019447554728977	0.9676438430486486
3.008047975405784	0.9676438434280542
-8.769708355729996	0.9999999745185768
-8.534571027724617	0.9999999562114222
7.344018656182264	0.967643843048674
-6.878355260805247	0.9999980160036761
-1.8494295731449206	0.9724655531558452
6.979216975511179	0.9676438430487012
-6.352593247643719	0.9999933439409248
-8.218727068600993	0.9999999093842081
6.076479256207705	0.9676438430490693
-6.975088685295319	0.9999984121315026
1.187659028855439	0.9676438177236243
-1.2470858891114656	0.9683485649250746
-3.6644441478399647	0.9971348999478677
6.057787462102699	0.967643843049068
-1.4179680135043036	0.9690461181165266
6.916064825558603	0.9676438430486969
-1.3091623291590828	0.9685620341667701
5.586929869390801	0.9676438430503013
-3.371061009912144	0.9949207005683749
5.791084185827868	0.9676438430494749
7.4132915310012315	0.9676438430486743
-7.1588333458231235	0.9999989598879736
-4.339635097864125	0.9993332120231936
2.481126189681021	0.9676438447159807
-9.769991249656801	0.9999999974535139
-8.565691362668698	0.9999999592393982
-5.866221959384732	0.9999796137583107
9.758685893530313	0.9676438430486483
-5.063074281826934	0.999871028764737
-9.7105282728353	0.999999997079855
0.483976258358334	0.9676438283157877
4.073692365963328	0.9676438431011614
-2.225318255662465	0.9775519272302309
4.988337209849348	0.9676438430552391
-9.554180176280088	0.9999999958144493
-7.118646029475153	0.9999988590526454
-8.771034869380188	0.9999999745962886
-8.46971962901646	0.999999949159266
5.2192975395426835	0.9676438430519374
1.7606220953093121	0.9676438178170496
1.8498382232613508	0.9676438485866735
-7.820578492474923	0.9999997733530881
-1.9076900904239693	0.9731285040983204
1.7068125049579272	0.9676438008943189
-8.249514773643396	0.9999999155856476
2.517551815432771	0.967643844716509
7.955660629939814	0.9676438430486548
-0.7326422279900022	0.9676686113240802
8.49760905299366	0.9676438430486499
2.1176742487414337	0.9676438461027402
-3.9429616912860377	0.9984035379034207
3.9241144741377134	0.9676438430967621
-4.0193970567131565	0.9986468585942512
8.622110485454154	0.9676438430486499
4.089923036896481	0.9676438431010939
-2.7533844619916437	0.9865805310976768
8.383535828351295	0.967643843048651
0.9396988936259909	0.9676438446867829
-5.047264424090789	0.999866274121983
-9.252519105716752	0.9999999916167256
7.132055289820446	0.9676438430487003
-2.6181446566925315	0.984253190164787
0.12850772830046964	0.9676438168615878
6.481842425312202	0.9676438430488558
2.0285286256092405	0.967643849752128
2.2516565860165105	0.9676438463695004
-9.899712494579385	0.9999999981110528
6.768648405909808	0.9676438430487516
-3.755911818979274	0.9976270812338556
-2.7535023679224757	0.9865825125432289
9.02575117695896	0.9676438430486485
-0.9496814869193706	0.9677820941020429
6.654916289061724	0.9676438430487524
-4.39019190743108	0.9994046673391391
-3.2012259373888474	0.9931230428224836
5.211551241093449	0.9676438430519306
9.88249218796106	0.9676438430486486
-5.1314390335109605	0.9998897263957736
-0.8258771862013461	0.9677002598395502
6.741424527820779	0.9676438430487518
-9.234459464800464	0.9999999912607673
2.4672757314252003	0.9676438447400113
3.560152815228088	0.9676438432357138
-6.206093499352265	0.9999906745834081
4.046614213202698	0.9676438431010993
-9.780746946900095	0.9999999975158052
-5.226677019155783	0.9999113598186873
5.4368915847159816	0.9676438430502118
4.131854087244733	0.9676438431019951
6.590195534811386	0.9676438430487867
8.771566571640722	0.9676438430486488
4.822327510741079	0.9676438430546106
-0.531985556424468	0.9676466439979096
3.543760802934276	0.967643843259759
-4.544668141086454	0.9995797294542947
1.018728569276174	0.9676438446937925
3.890717370442278	0.9676438431075898
2.092041159976233	0.9676438463915081
6.63825889213966	0.9676438430487452
-6.025112562190849	0.9999858563696792
1.68084611333148	0.9676438003898203
6.382665492882907	0.967643843048858
7.9483554367369	0.9676438430486549
-2.3863948573047766	0.9802180091705787
4.849988007112177	0.9676438430552794
9.047279487297295	0.9676438430486485
-4.093389853971745	0.998848768482923
4.055861260258592	0.9676438431010826
-2.034104251244049	0.9747456981489236
-7.773539084722754	0.9999997474259343
-4.94301520889969	0.9998302527906063
6.753880429000315	0.9676438430487518
8.096167294984102	0.9676438430486529
-3.9381385872265007	0.998386887850405
-2.0987851762713428	0.975651013587814
1.2261116988590004	0.9676438155807996
-6.458151476088152	0.9999947798204978
9.415775307001773	0.9676438430486484
-6.164856527390952	0.9999897461208
-3.5344761041629758	0.9962830167144109
0.5879046751176595	0.9676438418593445
2.2531550371976206	0.9676438463697408
6.9525113533842	0.9676438430486998
-3.0483474586629145	0.9911615465839109
3.73141798074888	0.9676438431534468
2.91617697406668	0.9676438438818491
-8.127353530078945	0.9999998881652093
6.154276477367148	0.9676438430490619
5.562662090345189	0.9676438430502984
-2.266620859384778	0.9782158644372989
-3.7102503059864933	0.9973916706745954
0.37982684048851745	0.9676438282622759
-0.9346953921178258	0.9677695134594247
-7.329926879216586	0.9999992985563647
2.5319093198252176	0.9676438447180331
-4.567845967045403	0.9996012062444605
8.657488305494702	0.9676438430486503
-8.691126525510766	0.9999999694644564
0.482620995515326	0.9676438282996986
-1.816114459414484	0.9721170705465259
-7.897182206658306	0.9999998100029253
8.451263932825835	0.9676438430486496
6.947118254692523	0.9676438430486989
0.60311619236189	0.9676438434401728
-6.715934926844835	0.9999971163350212
-5.3584440090939545	0.9999344929554934
-8.771703327922724	0.9999999746353596
0.8246634865275269	0.9676438429251537
-0.013593394053486918	0.9676438330672479
-0.25748445618831184	0.9676439151005296
0.15581583336647142	0.9676438167211058
1.482730205701337	0.9676438025266287
-6.842575011513929	0.9999978456411678
-6.790222859624695	0.9999975696706492
6.155324877558023	0.9676438430490621
9.243541496548712	0.9676438430486488
2.1681866061892343	0.9676438464079145
6.927145658637784	0.9676438430486953
-8.068912246061032	0.9999998720565896
-7.211972423748394	0.9999990796709035
-6.125915120384837	0.9999887846719984
5.569586608565235	0.9676438430502992
-4.948854241152012	0.9998325037893064
1.6764259831920914	0.96764380029198
-5.199806225403623	0.9999057246662727
6.170761728994286	0.967643843049062
-6.4420179735279515	0.9999945822951789
-2.1673568891978956	0.9766499959766171
6.681415847601443	0.9676438430487534
7.409100043986104	0.9676438430486743
-7.847616981860934	0.9999997870333388
6.465618308723499	0.9676438430488554
-3.67628515231472	0.9972033223123778
-4.821892565502397	0.9997761639425422
2.432341214813377	0.9676438446729858
-8.439505526970837	0.9999999454962794
-4.138976245554642	0.9989585440230528
1.83369047030585	0.9676438502149597
6.065986258692991	0.9676438430490709
-6.457158626553667	0.9999947678754991
-9.2632936296258	0.9999999918221497
-1.2342067698906156	0.9683109840988817
-8.068936790669685	0.9999998720638201
2.8867246903132013	0.9676438438818152
6.646007422634671	0.9676438430487488
3.9694729940795384	0.967643843101986
-0.052498705559900216	0.9676438715491024
2.6312627537057907	0.9676438447521144
-6.66702505118415	0.9999967726350758
-9.522773299406593	0.999999995500549
2.68922164773835	0.9676438439470124
-1.8721705856710802	0.9727144477345884
-3.9462634732081225	0.9984148436131846
-6.8408143325101545	0.9999978368902676
5.311762694216998	0.9676438430519239
3.2819256813786346	0.9676438433126643
-3.0562272688776604	0.9912701776121148
8.853643071964594	0.9676438430486489
