0.47685823712408393	0.7497812555598314
-5.939003450916669	0.9999744269538847
3.8613422525340866	-4.534084703484922e-16
6.537481045359396	3.575891409129577e-57
-2.6397231968156554	0.9708210949706942
8.630964840577949	-2.9071173922336592e-89
9.527222021871523	-1.1794679857273982e-102
-0.63630920554818	0.8483827327995722
-7.57074223273309	0.9999994026251767
-6.457610038867814	0.999992249653844
5.860752085241195	-7.278132000218289e-47
-3.844493356704266	0.9969942870690944
-6.63778009068436	0.9999948811487154
-3.1894261245366806	0.9884459724525703
9.218505958283679	-6.009162868559567e-98
2.4522269773655747	0.06716384846959082
-1.9449337259991815	0.9339286327557552
0.38644501703127077	0.7605660196853757
-4.062004616936368	0.9981387716520665
-1.1461602579330954	0.8832829800119311
-9.691910342066175	0.9999999954805707
-1.2180242272724762	0.8880233568669408
-3.8417088790047416	0.9969759967577437
-9.884487081123488	0.9999999970992737
-5.730885577195277	0.9999587168943123
-9.290859874794455	0.9999999886202126
-8.192944218625069	0.999999857423173
4.9806102764864555	4.5365857731216654e-33
7.35654437122113	-2.9760185617859804e-69
-2.0923765136092864	0.9426992656846733
4.684917961982293	1.0462211070348803e-28
-3.432127553254154	0.992820910912235
-7.382219938614494	0.9999990779236914
-9.308464461366825	0.9999999890722793
2.57237015955376	0.0338463914733433
-1.99245271736884	0.936795138698191
4.5838458192163465	-2.8390700658081955e-27
2.9802438850039614	0.0005527479471495489
-7.777901760064219	0.9999996292429209
-1.2590055671166134	0.8906011629314577
-8.939801928651775	0.9999999744616925
3.6989142073765713	5.300937662926998e-13
1.0326951983310586	0.6577787617723737
5.905978524710548	-2.1887216709666183e-47
1.7462278888759677	0.4099408546077207
9.45777348247249	-2.5684494217809574e-101
-6.364525007318735	0.9999903973576976
7.622257403685893	3.0587781165822155e-73
7.015525850642717	6.106144357204239e-64
-2.803424277364761	0.9772914411593729
3.499263984325861	1.0076909228555923e-9
-5.179593303478671	0.9998533756340076
-4.8336564560876605	0.9996758871366496
9.719419563158915	2.8254065941628558e-105
0.3147702378807349	0.7685975646259297
-7.658968211399775	0.9999995124466778
8.06688116276947	-1.1026506524739524e-80
-7.2426110528650645	0.9999987283345344
3.684885739716993	5.667619709192196e-13
-4.228441461543677	0.9987174029613429
5.452403491339673	-1.038019115665002e-40
-5.107812966083292	0.9998271090151841
-3.3923312084543644	0.992220822936702
3.8828787246468277	-3.0322322614948767e-16
3.339346861773297	2.6018515132018967e-7
-7.431629349484656	0.9999991770788906
-7.761649813627249	0.9999996151058214
0.8430699490478588	0.6955703710984732
-1.1219666514619462	0.8816611732272448
5.034059582581033	3.5758119179971446e-34
-7.251183497620706	0.9999987531893479
-1.315886201153571	0.8943267512388329
-9.139630225771075	0.9999999838800445
4.4621420862576535	-2.979476088213692e-25
3.9022706802326113	5.312371436515507e-17
5.794938867728948	6.839587615540134e-46
-7.030397711432421	0.999997927093704
-5.004182480115498	0.9997807070166341
8.765387207845265	-4.028957200522408e-91
1.8312698033417352	0.36918839513673973
-7.88030760031587	0.9999997071237626
3.0181188784667548	0.00032642345028450874
-7.539946719099597	0.9999993587278518
-6.344345171380459	0.9999899407155766
9.975176945668064	-2.753430685520828e-109
-2.713993405093462	0.9738874295330073
-6.177426660357277	0.9999852277282437
5.79036275107844	-4.116042617523633e-46
5.448967163992812	1.9202917277202072e-41
-9.187700511219902	0.9999999855690944
3.461188516168768	4.725882875086694e-9
7.172539577662324	-1.2981314206632724e-66
-9.271026579243218	0.9999999880884729
-3.9465904552265307	0.9975968439103277
-2.6304095877653744	0.9704210824121556
0.050756755993504044	0.7943802159714362
-2.2914834626537584	0.9538605849060086
7.314156006983879	1.649251451798e-68
-7.343371181053775	0.999998991641637
-1.6477103291427042	0.9155866924037073
9.309121624844863	-2.6322679937360633e-99
-7.776634791982047	0.999999628159741
6.416586798221296	8.2733212426706e-55
-1.5406312420185522	0.908820579074312
-0.983365935930367	0.8722798984374146
-0.9605677161773549	0.8707505963177133
3.0043556754450975	0.0004030716785175404
-5.71331768958542	0.9999570140766413
-1.1157485660466406	0.8812426821249654
0.9560236246197071	0.6743718604843978
8.782170456007275	-6.810758404329421e-91
9.202780903899278	7.475663571541357e-98
9.315435701169207	-4.659238577094124e-100
1.2695927982182287	0.5967270208233979
-8.020403287042353	0.9999997878762406
9.59154208161532	-2.196282037528772e-103
-0.6896712083497327	0.8520649397734695
-3.2248461073218593	0.9891979029393317
-9.073000022558873	0.9999999812071017
3.728546887610813	2.3353394214115458e-14
3.844035805043738	2.8544954660672454e-16
-4.743039421802497	0.9996012462759112
1.3524342008674672	0.5704618406551138
-8.85908786917295	0.9999999692456744
-1.8038431382915334	0.9253712462050044
7.967327660754286	-5.732462824432711e-79
0.5489919045444971	0.7406290566573064
-6.723910452464246	0.9999958019304876
1.153055703714628	0.6287477898557626
-2.509035901225216	0.9649121655481196
4.786969951733035	-4.728002948305786e-30
-6.1095754858100015	0.9999827305649532
3.0568073142322305	0.00016555318335531206
8.065071703350618	-7.589485021629866e-81
-1.7745138374650082	0.9235617354453497
4.010606572114934	4.282990460910855e-18
5.691021514949007	-7.099827204604314e-44
-3.6873203034103508	0.995781252984993
-9.547260272048387	0.9999999936942937
-8.925255593437246	0.9999999735918182
4.777282175769834	-7.516918754408858e-30
0.22010134624825817	0.7781007805174824
3.08206297364913	0.00010551252162700856
-6.7439073042007	0.9999959908312515
-0.45074264202926706	0.8348657932110454
4.881475987049665	-1.450959797113225e-31
-0.6271740636968914	0.8477704016294925
3.448531295480919	7.237590125765732e-9
5.76321361462988	-6.847868194093652e-45
7.466050147570638	-2.0460885135769978e-71
2.7524549172801915	0.008597125625066896
8.605768653026598	1.8508689058152527e-90
-5.500197337690995	0.9999298180958306
8.699791663985792	-8.448066522819823e-90
-2.271821126599276	0.9527909473634417
-4.4977067558575845	0.9993024103874372
0.24079541306224783	0.7760278231229996
-0.4804540860545501	0.8370853286957843
1.4991239247995036	0.5192285362195633
5.417603672780329	1.172303983800074e-39
1.5218973341862618	0.5101314055659838
-7.56581656403815	0.9999993958114064
4.732613433402161	1.4098900782937787e-29
0.6308882096269244	0.7297309652178551
6.113941031598692	3.5578104411876417e-50
-3.886346608284339	0.9972568864319193
-2.157738354293497	0.9464162118814207
0.16914598855754193	0.7831854555589934
-9.21059205131684	0.9999999863100453
-9.290903530683433	0.9999999886213563
-0.18586649220362794	0.8144447197937238
5.5821043652936275	3.005052753476607e-42
-4.33998893401212	0.999002595462135
-2.330960549323935	0.9559774572379058
5.709368263413911	1.5290519726381902e-44
-8.514109733135445	0.9999999319412355
4.289814646196785	6.679434241030446e-23
-1.4929912130335765	0.9058443282210871
-7.925555852016948	0.9999997361018708
-3.4284369084493527	0.9927670234205663
-3.0600598591050554	0.9853313031336527
-0.09407572033055445	0.806808341342127
4.491605004470337	-1.0907551515405435e-25
6.133940560364188	-4.5952548618347124e-51
9.619811280305903	1.0863097748839832e-104
4.83594850908621	9.263182969764753e-31
2.5650910913471883	0.03546967467235966
5.06138763309127	-1.6701589068206582e-34
4.7496370476569325	8.27847096620693e-31
-1.9285042401032104	0.9329314495258352
-0.010942019299978512	0.7999209650037686
8.202176802280896	8.065199758122222e-83
1.7718235085370146	0.3986252203097962
0.6204135829124056	0.7312486861700758
6.881729539721746	-5.273254597717232e-62
-1.7805552355220478	0.9239361835088403
-3.4188065649068466	0.992624732097335
1.6234901509442778	0.4669747541939786
5.373165853424982	-5.3199253473619277e-39
7.14673995794147	2.029521727471992e-66
-6.453198241932574	0.9999921705318215
-6.905903963171958	0.9999972389913249
-7.962719895197825	0.9999997577451725
0.5400561899100218	0.7417369848133969
-5.23495921329038	0.9998708831403337
1.0376032409677194	0.6566687077944476
-4.1006856986421925	0.9982924458521073
7.707471334665531	-4.0276531583148996e-75
-6.434688534496753	0.9999918296780126
-7.396855945299521	0.9999991084800619
-3.936637473387732	0.9975435987153302
5.998087382186004	-9.383008510369149e-49
1.578860193415764	0.4864194553263451
9.556746884764387	2.9820454153494974e-103
-9.78393326297402	0.9999999963435396
-9.293480708691657	0.9999999886886788
-2.081450487563994	0.9420642661781391
-6.16928130970261	0.9999849481338512
-2.6124666664910334	0.9696408749957898
4.845926440656472	9.595150004996202e-32
-2.856324830318564	0.979161218628545
6.475707999684239	5.645876747392482e-56
0.09686431588627364	0.7901068227318477
-4.485128188238114	0.9992821832001375
-3.2371367758104874	0.9894491597628667
-5.169628657828813	0.9998499821391849
-0.2628140768113987	0.8206574631116907
-1.629052094152339	0.9144021905538204
9.653645399602304	2.2685822705428073e-104
4.1683022808723145	-1.3074784474771069e-20
-2.2273537483853545	0.9503369569434387
-6.651543140802687	0.9999950408120337
-6.444989377762695	0.9999920211569389
-5.517818020318828	0.9999326050856091
2.0089328340146384	0.2738288296240196
-9.579619472115958	0.9999999941470545
-6.252299351880017	0.9999875664929421
8.64741881966286	2.427071878077687e-89
-0.8350736142507529	0.8623084058784907
-8.844487816978708	0.9999999681942067
-5.617760559578073	0.9999464453289962
-9.442247143945771	0.9999999919694207
8.400763824042741	-2.876182343993268e-85
5.372878472031886	-5.327043800997092e-39
2.1920258044780816	0.17812194391879993
6.727982313991575	6.061476721502105e-60
-4.513736577706107	0.9993273737214158
-6.874224895011971	0.9999970300774448
4.840423281259593	5.31819872311943e-31
2.800563377663977	0.00532174458542812
1.4358244923088392	0.5413716509332893
4.140847611972891	1.279051844523648e-20
-0.44133825020025697	0.8341594512069078
-2.3559447983184834	0.9572928536874448
-8.467136286641313	0.9999999241671957
1.3202825875314872	0.5809210333659535
-0.994485389262918	0.8730428689150413
-6.38255268331815	0.9999907877335131
-4.21335737691249	0.9986731768363929
-1.8385247898755495	0.9274667050265188
-3.2681501955868697	0.9900615319022151
5.378255374042906	-4.938140569116383e-39
1.801890673446426	0.38454040959320246
3.8181300593178236	1.6970835736838502e-16
9.132962483460116	1.8129926739940887e-96
2.8469979121323483	0.003167153930364222
4.361348358568744	3.069045620845276e-24
2.493148441765376	0.054277433376189024
-4.891226846649155	0.9997159124278847
5.774515864047704	-5.761270544856529e-45
-7.205797849025912	0.999998615843763
-4.3627497518086855	0.9990526315693729
-0.3736289592463038	0.8290131230903962
-3.3051037489102075	0.990751842095701
-6.796153001872969	0.9999964452235137
-0.36367294174455367	0.8282669026641979
8.405514397888368	-1.7508703768321124e-85
7.584039168413224	-1.2344920186081e-72
4.992500801170818	2.9050182738513974e-34
8.920111120990747	-2.3421032379974193e-93
-6.692390613284633	0.9999954859439517
-4.328892618258546	0.9989772701979642
8.900377335533381	3.855057939718473e-93
8.83986781200749	5.876184176529397e-94
-5.328355523679975	0.9998958186904097
-1.3070168934222828	0.8937443464735174
3.9679363430074854	-2.2412743691249787e-17
5.09432763163003	-6.390057512789958e-35
-9.920868220906538	0.9999999973323608
-9.410169246069259	0.9999999913538087
5.819053597808752	9.139116220235958e-46
-7.735186475398637	0.9999995909235736
-0.11891759731218698	0.8089062130524793
2.6305989123196625	0.022579257909469793
2.926685254031316	0.001134659862555953
2.18497530265787	0.18177537059045176
-3.7333187799399736	0.9961768018968736
-5.368455893943298	0.9999049911291011
7.851633830727742	4.827752136040381e-77
7.341719570234293	-3.222086430694984e-69
-5.077028774997525	0.9998144532059655
0.9440544140689422	0.676828262955557
-5.131112869444983	0.999836112458334
-3.85475952366924	0.9970608214852373
-3.1101905072713354	0.9866087984398498
-3.504700783104462	0.9938108799412315
7.267301317315905	-6.879413494274578e-68
0.14079585160684616	0.7859348811153976
3.3403657822936808	2.515140968896113e-7
-0.3747184169806559	0.829095990740181
-4.397817879324424	0.9991249339316143
-2.9262715328636224	0.9814627699242049
-1.1145500367993577	0.8811619652422056
-7.5085987282369615	0.9999993107291879
-4.763776486903404	0.9996197071831993
-8.401575598818255	0.9999999118102729
6.326696684394424	1.9199339942196648e-53
1.1626429862531538	0.626455655994791
3.5012714682820967	9.250340317208469e-10
6.120619455859661	2.1855685057806e-50
-0.2745372458180384	0.8215921273396103
0.7181852164639011	0.7165662220680215
8.09832217777959	-1.268702259956677e-80
1.0191522267819764	0.6608108642662117
-8.318918768580383	0.9999998933220422
9.007901218168264	-1.0697386163683068e-94
1.8164049285613704	0.37706315497875864
2.000704282400875	0.27832813830429903
-0.3301768875213327	0.8258553014174267
6.883873746203449	-5.033799851074046e-62
2.543171860951521	0.04065368958903169
-4.753487882981577	0.9996106564593402
1.3409298249699155	0.5742497415548415
6.757552929231277	-3.566367718346042e-60
-5.225729609383065	0.9998681166437917
1.1380487558775254	0.6323897229078852
-1.315310856935131	0.8942890252895738
-2.8915380546083425	0.9803440962946303
4.725072288985963	6.402689181351126e-30
5.677172263987114	-1.3020567970150954e-43
-7.20647894111575	0.9999986180127558
4.335705926486524	-3.7057610659894545e-23
-3.2998810634647935	0.9906568202314429
5.003496617781327	-1.3738238137150319e-33
8.240672183956455	-2.6507443237471753e-83
7.046480780473047	-1.5857409288096896e-64
5.086158255937416	-1.3508159933136369e-34
-8.151829608573916	0.9999998432659565
-9.473326108705567	0.9999999925240237
-6.314091925884755	0.999989215142884
-1.357900163346395	0.8970785560652519
-7.971264401020295	0.9999997624648018
2.1247525819606228	0.21385660028287695
3.707685758063013	3.728063504773844e-13
1.0773194919958584	0.6474290253346244
8.64250194845317	2.105211634887011e-89
-4.565868838562297	0.9994026137542708
-9.884476015175299	0.9999999970991998
-4.145283891364904	0.9984543917370211
-5.954718558258323	0.9999753353611465
9.882972337958329	-5.6147813411649495e-108
4.71149104386404	-4.008327596254421e-29
-1.2177407341199498	0.8880052471471234
4.808923662129949	1.3248630500611444e-30
-4.970398190021288	0.9997630454416061
-8.160662203408382	0.9999998464214268
-8.152018576726405	0.9999998433341399
-9.565795076874384	0.9999999939577464
-7.0624395844840615	0.999998074519998
-0.4361877066455744	0.8337720343394658
-0.5435086800667079	0.8417587372254101
-1.3180947126969134	0.894471516009331
-7.7708454008227035	0.9999996231697433
8.475101359166565	-2.9631634252713676e-86
-7.665858604820159	0.9999995201209632
-0.9594810495347428	0.8706796491076472
4.816589226006327	1.8662614351235797e-30
-4.256549663858746	0.9987960075472161
-8.380278246596117	0.9999999073777698
3.522123418051857	3.977084001923176e-10
-0.04927885632228879	0.8030442264129157
2.7880411997132892	0.006064766485789297
2.8832662617994753	0.0020330582183443894
-6.236828849845999	0.9999871157116849
0.6780053800952288	0.7227775884563072
-2.9692245443607534	0.9827802580949299
-1.5743218201281728	0.9109097836086723
-1.686948306843723	0.9180711279994924
1.0083835034418307	0.6631944056638249
3.4201002687059976	2.0536297705619478e-8
2.376702612704843	0.09441330052606936
7.602264270184769	2.3088751997832933e-73
-5.295760346537324	0.9998877157151401
3.1962619477607213	9.138096260307977e-6
-0.20287466322672643	0.8158335083395183
-5.787459294851334	0.9999637556999217
4.788590969718598	-4.1691087693361626e-30
-3.2840534111544706	0.9903637710334134
2.913971161101184	0.0013560382856596124
-7.9358813160900255	0.9999997423021024
-8.402275033257908	0.9999999119521894
5.378653602303398	-4.8900751380150316e-39
-2.4140573420621614	0.9602735193969345
-2.2395131204909724	0.9510123883667858
4.2610512242655965	-6.830802877677242e-22
4.142237396110255	1.0440751732823528e-20
-4.326283773356323	0.9989712249944659
9.262899967742563	3.4643083241566995e-99
3.900562417981588	3.302355749369174e-17
-2.2976721034160708	0.9541952178047451
7.730971216162807	-5.902297768289699e-76
5.285721222578804	7.890549808071233e-38
-3.3413507412663	0.9913888531235449
2.694272242488239	0.014423942279540762
-2.4244104784237175	0.9607915668432297
-1.443402162610404	0.9026532603175946
0.0391563206408474	0.7954379862675757
-8.54572230417656	0.9999999367192686
3.7826858443793334	8.885789590296463e-15
-5.817863035409037	0.9999662047317662
-0.47427542860253524	0.836625013470455
1.7005440037665096	0.43178627876049236
2.7290441548189026	0.010733231487735789
7.15883763006201	-2.0523635938213485e-68
-3.462934222911347	0.9932570971800572
8.66760095886685	-5.449366966854913e-90
-0.8180016571744488	0.8611157823893212
-0.18858861109656644	0.8146672424298592
-9.690075643742912	0.9999999954614381
4.604303387489637	3.9606153496654864e-27
-9.068640791440629	0.9999999810175173
-6.033215800641134	0.9999794121608018
-3.9804684820811564	0.9977699215653933
-8.569126119503814	0.9999999400391614
-5.42849974879795	0.9999172400524011
-9.923474247386128	0.9999999973483193
-6.763415590615347	0.9999961669237227
5.976084060636705	-3.3782715227474704e-48
-5.667030829698962	0.9999521839407933
-4.789478579118969	0.9996414141976673
-6.694696444058197	0.999995509845149
-1.958458869726801	0.9347475721824346
9.987961603386076	-2.6114457940318785e-109
3.8009516782086408	-2.1748524537779963e-15
4.054819316770107	-2.579936138981424e-19
5.557298487141903	-5.0931166771225297e-42
-5.94729799256418	0.999974910506564
-6.014442020765993	0.999978503041261
-7.211982088727944	0.9999986354137311
5.002605044794969	-1.3449251488137894e-33
-3.386742909396685	0.9921331445147887
-0.4392727893641357	0.8340041297679066
6.437601529188125	-1.8073935730889015e-55
-4.207059947135048	0.998654275747938
-2.721595914187178	0.9741887078390421
-3.990298825193963	0.9978178636238669
2.19468624581058	0.1767467491773107
3.3757802936855974	8.378543027966392e-8
-2.2490788383770433	0.951541557628294
8.047338292573428	3.661272198050463e-80
1.569102353393843	0.49054847485055014
-7.983175954164405	0.9999997688911924
9.477354087860896	6.518373901295673e-103
6.271542500557153	-8.404012421824377e-53
-0.9256578634439236	0.8685015304154878
-0.07061679458400505	0.8047967434124617
6.353099293258154	-3.5764111822525416e-55
-3.293138831079796	0.9905329254489272
-3.113437103195311	0.9866884175584648
2.4587164550767504	0.06500627957315354
-8.97756618493396	0.9999999765885764
-3.6164588979847068	0.9950973367129587
3.853225987713156	-2.385431546255576e-16
1.5846506650992875	0.48394304716553654
-2.6677517592034805	0.9720040832114945
-7.075012381536938	0.9999981294613574
7.525609306397719	7.82601842589818e-72
3.2365941546777	3.260345767841087e-6
0.956393533135369	0.6742955356806948
3.837204487623298	7.625226285313512e-16
3.180477204051865	1.333813548348605e-5
0.1045328972668571	0.789383989037455
9.89700329043755	-4.907056562850635e-108
7.31331246084855	1.6730240520545027e-68
3.76631792705966	2.1700839440456803e-14
6.112411759301615	3.785523681959094e-50
-1.4432101625960634	0.90264083113222
3.8561642625339143	-3.405416698538224e-16
7.334173290996667	4.413812207051654e-70
6.9035029345472765	-1.0075874189761428e-62
3.753794980257119	7.265803601865448e-15
-9.162703262110622	0.9999999847141068
-1.3475378915753655	0.8964001113427568
3.800974228034427	-2.1762957283614407e-15
-6.332454650496864	0.9999896615501831
1.296874941046756	0.58833537579509
-2.952733374666221	0.9822830187478738
1.7709029217445185	0.3990316129850736
4.626034821568803	-7.963203130887701e-29
4.944758339856254	-2.1726328024844848e-32
2.9793031399074543	0.000559214528464484
5.942732257339252	4.940649785700347e-48
2.041293008823427	0.2561553198386245
9.740320120220098	3.4653887677440256e-106
-7.270269803571079	0.999998806796584
5.915421892350924	-1.6615144919298167e-47
-1.7863149852839033	0.9242925339220085
0.5604028942554997	0.7392303845252061
-9.247618677558197	0.9999999874288398
3.9903998843667523	3.730189005537966e-18
-1.493792144921887	0.9058954359466451
-0.8843112973443326	0.865721513554065
9.763282290584844	-5.452441546861794e-106
4.439072240493292	4.314588359116658e-25
3.5422081251601547	1.6297938985446069e-10
5.325330016515618	1.442538137418566e-39
6.55131139894938	1.4971397310381412e-57
-1.498849627388207	0.9062175216663548
5.980259565693217	-3.1584985453744776e-48
-3.4262369905389267	0.9927347333062325
4.66849252038806	2.0710014032854504e-28
-3.2152390290128263	0.9889980643619867
1.147384233675952	0.6301104858287874
7.589791942581087	-7.007615834600481e-73
-0.6498399876958096	0.8492859294720485
1.9350879584989666	0.3138687694371113
-9.203356056543278	0.9999999860800399
-1.8563572033764242	0.928532986221181
-4.2458572476763745	0.9987666773572987
1.0326356102382341	0.6577921995513829
3.61797914950564	1.430953076448742e-11
2.2779912767049346	0.13570317399718573
-1.688832968351912	0.918190195466438
-8.377618672934322	0.9999999068088226
9.184943697143773	2.372675824388954e-97
6.038877747599013	4.205800446028061e-49
3.8400765001462602	5.713523512524864e-16
3.6399172564117332	4.6050346369988934e-12
-1.2099009232300304	0.8875011333106236
0.6426727970218682	0.7280141556640134
7.580996257156791	-1.4797787494818072e-72
7.086490936838125	3.2381525632502307e-65
-4.150875113641792	0.998473611111714
1.7093849890015278	0.42757581600667793
-9.535475779575187	0.9999999935208468
0.23552599444778366	0.7765452489191588
2.6114292634070715	0.025983547340327307
-5.5494109856980645	0.9999373281294986
2.8525209071844326	0.0029677197240540643
-0.2489267417946408	0.8195497579513223
-8.051782426693528	0.9999998026621942
0.7910466898006341	0.7046590367444692
-5.247008341880717	0.999874407830579
-0.6454711448886563	0.8489938184413524
-4.377180599127826	0.9990830693841424
-5.282185143986413	0.9998841582255238
4.41028823835952	-1.6090354529566011e-24
4.3892658652978955	1.0392528529166398e-24
-6.320011934120164	0.9999893611275855
-6.928038288691756	0.9999973761766088
6.680846733473942	-7.701705984320159e-59
-2.2315837274864014	0.9505722637538938
-6.498033972357193	0.9999929384057887
-3.8947830164512354	0.9973071112099456
1.3192466287466829	0.5812522395827117
-7.175033437518925	0.9999985142399517
-9.431257385681429	0.9999999917636149
-0.3943456067043982	0.8306049522894945
3.8132893543671322	-7.753194785543416e-16
-0.554181685087114	0.8425413358109718
1.7883133710750556	0.39115060341137836
-1.0889139427497607	0.879433838032198
3.4153963282844746	2.4516710759972122e-8
-5.975528514553652	0.9999764888347864
-6.859853226011716	0.999996930157944
-2.261900023035608	0.9522474985165504
-0.1406724968403683	0.8107211458916966
-0.5759877042848736	0.844137775877277
-0.6701088108272337	0.850669719482875
7.024241489802986	3.327560337535215e-64
-2.6008137704610146	0.9691276042656685
-9.259832401657686	0.9999999877774539
7.392379314080337	5.5409167410152564e-70
-0.28599898122549483	0.8225036072553489
2.9362779930530145	0.0009891297075155403
-4.927889517042265	0.9997387982661302
7.9836228555400695	6.115772460701453e-79
6.178709681199301	2.3334127899730804e-51
6.318169289898247	1.7611889928609554e-53
-7.940397018366152	0.9999997449676904
6.3496290219660665	2.0722664284378183e-54
9.66720639534632	-4.998694125872105e-105
5.545817223867765	-1.4393394773506594e-41
2.650388279872704	0.019546142101590176
-3.954208744047296	0.9976368513428021
-5.932902838227196	0.9999740653671969
7.909842700628236	1.0299519077541154e-77
-2.3386086603324463	0.9563822595687025
9.912358762435002	-1.4029808141884588e-108
3.9880576095107543	2.1296104012560592e-18
-1.6668982746894034	0.9168030937203127
-6.5208753543034526	0.9999933001614414
-3.563300969495198	0.9945191998191161
-2.2789975348154323	0.9531824857707778
4.400915439949991	-2.1271513449250082e-24
-3.9979977737786143	0.9978547184566358
8.116746693575255	2.1502147677271887e-81
-1.4281467395261735	0.90166357686695
-8.827957591313123	0.9999999669602716
1.0576286484904571	0.6520660859290739
-6.326594378300543	0.9999895211285601
-9.751549476622765	0.9999999960604685
-9.205959293413205	0.999999986163229
2.507567744796063	0.05008656635336095
-9.41327160741864	0.9999999914153525
3.433662751624599	1.2266650406551639e-8
-2.690149526464727	0.9729270458043142
-9.112005237457126	0.9999999828213554
-5.483586931780944	0.9999270856098583
-5.8917846737574875	0.9999714913071602
-9.197537891519154	0.9999999858923014
-8.265358502390958	0.9999998793201337
-0.4765608532740906	0.8367953283201127
7.68321500350709	2.417972599876066e-74
-6.83722565437626	0.9999967659833355
-8.771320279184947	0.999999962357934
8.09718447346215	-1.3719227581987506e-80
8.610507136594954	-6.450661610937738e-89
-6.491095186512408	0.9999928246908316
8.953942122624653	4.945711838683096e-94
-3.5100899434831456	0.9938792942897067
1.9435066059591222	0.3093351848546329
-6.385018838378911	0.9999908398875895
6.28845202102708	-6.112391441894278e-53
-9.001295090508027	0.9999999778334037
3.7759402492002394	1.6183169682431797e-14
1.0546318997361261	0.652762645835753
-6.926738068746965	0.9999973683099151
-3.8939686767329285	0.9973023015827038
-9.76240578395345	0.999999996157726
1.158216170060049	0.62751405129448
-6.213699378380126	0.99998641110291
-0.19101972834393166	0.814865902041804
7.1276798586862	-1.6453689217959706e-66
-8.37563347789715	0.9999999063818635
3.229702127620504	3.916441683251637e-6
-0.8274060222954525	0.8617735505312778
1.6546105189539198	0.45304120727730685
2.301009428079812	0.12512306404507356
-3.859321739494761	0.9970899389801617
-8.985711495450168	0.9999999770235709
5.864643672473516	3.881254919788469e-48
-0.8512062068296977	0.863429707430472
1.5091022436131585	0.5153159315329259
-4.224983939427567	0.9987073944670467
3.414013692197244	2.5803794380399947e-8
7.775820634292465	-8.5338925477509e-76
1.6947411596161999	0.4345165787893828
3.6134615725577603	1.6393275814706856e-11
8.846151880137988	-3.1097276483768536e-92
-7.468111935846067	0.9999992433829284
9.472247552965555	-6.268003949654459e-102
8.011517780681178	-1.3493731592411132e-79
3.113582443991149	5.727528191814236e-5
-9.42881463779402	0.9999999917171574
-7.214706433536087	0.9999986439468405
8.290459084146754	1.3319429576549096e-83
1.307890745037632	0.5848650904314414
9.663859058053191	1.1638859914361271e-108
-0.5540523299356579	0.8425318602085884
-9.875682758000641	0.9999999970398672
-9.577753922488398	0.9999999941218586
7.044151575335597	-1.5296820313834437e-64
-5.536166902019883	0.9999353898218002
-4.420596839602693	0.9991689615357001
-3.341165123789245	0.991385689545124
-9.192754926657756	0.9999999857360713
-6.487467838138459	0.9999927645176567
-6.427906139448236	0.9999917011003518
9.036835619633731	7.976364043084118e-95
5.126941790188093	4.265165966308702e-35
-9.976450884750875	0.9999999974988091
3.8404797837168445	5.42759250731105e-16
-3.463285631312849	0.9932619344420315
7.392399987087693	5.5281477228612494e-70
-2.6472917802886142	0.9711436155172288
4.31855941802716	4.674202977949982e-23
3.159048267744332	2.179100087489703e-5
-4.603260714384132	0.9994513928760076
-1.6995691647759656	0.9188681792293825
-9.322427414270562	0.9999999894180293
-9.878873904953437	0.9999999970615386
8.230030199175292	1.0984730545958707e-82
-1.647591502908913	0.9155791518270006
-1.1908364567398024	0.8862540116906933
-4.798476452341682	0.9996487189583778
-4.871229530820442	0.9997026001006407
8.026906576234119	-6.6629832360338286e-80
-6.56770084295327	0.9999939848790174
-6.531504219245554	0.999993462122783
-5.939409720729576	0.9999744508539579
-9.813221282298809	0.9999999965819936
-1.2132874514275862	0.8877196476091209
5.732797566763299	2.327855056417581e-44
-1.9538371570362045	0.934467973673075
-2.6834606897429403	0.9726534963739975
-8.873346540311907	0.999999970239
5.7221170397103105	3.0568078451966307e-44
-5.237861456525765	0.9998717410401506
8.33468664728715	-2.239417478790261e-86
3.7148975113540708	2.231114574312066e-13
-6.782025042270221	0.9999963276899425
6.202324466086068	-3.907456447661004e-52
-3.0815184080838165	0.9858890859483405
-8.908669184592002	0.9999999725637422
-8.057380126087473	0.9999998051893848
-2.68145668790718	0.9725711928548787
8.372021505829363	-4.293671521323779e-85
-9.261296862087423	0.9999999878185996
9.613567767426623	-3.541086618353487e-104
9.711000375495388	1.9118273276495478e-105
1.174017649209972	0.6237082870807198
6.681565998465967	-7.311208271786729e-59
-8.48082250941529	0.9999999265196896
-1.667086357417368	0.916815002167992
-5.244132242062425	0.9998735753140452
7.590135283418391	-6.681923594482355e-73
-5.8319987559320285	0.999967286352359
3.5223370715002353	3.9422895741243275e-10
4.607830658362735	3.593770015572741e-27
-6.325633712191885	0.9999894979282473
6.764666339885743	-8.855964423222862e-61
3.5774300514516444	3.0282858961056137e-11
0.0561412189879853	0.7938878487758737
0.07958946721140592	0.7917242849255941
5.368188633443083	-5.1836051510559777e-39
9.619803066983266	1.0814395778495722e-104
7.54140440651328	5.27178244352006e-72
9.894683153522472	-5.281423286999626e-108
-9.006524019466212	0.9999999780986917
9.583114235149274	-2.2668295323461437e-103
0.6121497774865681	0.7324324874393309
-3.4395969023789963	0.992928892058337
-0.3270175498340002	0.8256273840166333
-5.042945703333523	0.9997993618257299
-0.0933037671397674	0.8067422162498483
7.438973441248638	5.370925762658519e-71
0.816376482307124	0.7002588288040441
-6.8275059904662205	0.9999966927934414
4.9960069975862975	-5.8766136366165075e-34
8.647748584622875	2.4198527982145164e-89
4.801929465200981	7.439013610751958e-32
7.2045191873242445	-2.5539075441308122e-67
-0.6103480819638296	0.8466147187881015
-8.114705292893895	0.9999998292787651
-6.919344661353901	0.9999973231272126
9.480908416244588	3.77611110507135e-102
-3.234197803091612	0.9893895260551755
-4.395347731392594	0.9991200238237727
-4.114369981307817	0.9983438110435324
6.247555520592947	8.965132868550021e-53
-7.172024440503462	0.9999985039104562
-1.7631751883506386	0.9228575047434807
5.144872659051728	6.310616252966901e-36
2.335440457634661	0.1097944013440791
-9.160879067879645	0.9999999846497649
3.012234636164038	0.0003582923180096726
-0.10327172358279846	0.8075908702737065
4.924942587364631	7.135104165787806e-33
8.737189500192947	3.0710297070171015e-90
0.21339948898038585	0.7787849587781217
-2.606694180737783	0.9693872524379115
7.972326952065771	7.605810953459237e-80
0.5630300677938482	0.7389081836276881
2.976952781833461	0.00057571053475587
-6.12974011899313	0.9999835138280827
5.282044150148749	1.1149477291253287e-37
9.87565524475697	-3.928936783502542e-108
0.6280729984927511	0.7301400700766065
-3.68336103972124	0.9957454901264042
-0.4621881266745156	0.8357228949300795
-0.7911999805857928	0.8592358901525549
3.0859315079314875	9.828300919889794e-5
-1.185980981927619	0.8859329909856271
4.498819327293946	-1.82924647420987e-26
-2.1758788709982735	0.9474383539949911
-0.4225102232300273	0.832742141509814
-7.745291743038125	0.9999996003320772
-8.576289165267838	0.9999999410200131
-7.312735848745047	0.9999989179441784
5.490251856709465	-6.073370596800111e-42
2.2498993808390324	0.14909971682901743
-9.36827256486664	0.9999999904781526
-7.656682311015879	0.9999995098737016
7.5290455948790544	7.95254191620529e-72
5.099539543423708	-2.1357117544547058e-35
-9.228562888535997	0.9999999868649665
7.206493406322075	-1.5334238100232644e-67
3.88998550542059	-1.5387199326681418e-16
3.820216405718222	4.897205705078619e-16
-3.5611831454022047	0.9944949335073089
7.322134823864744	1.1317457067595283e-68
-3.0691059288914024	0.9855684325736858
-5.463190353597849	0.9999235845795169
-2.0441800464751614	0.9398779896423015
-2.2077142701057584	0.949238730544363
6.712455610654459	2.5625388696252055e-59
3.968323686886386	-2.201339887181844e-17
4.6962230325414325	-3.218031745325582e-29
-7.099240809044156	0.9999982309543325
7.538139416129475	6.320378128367101e-72
-8.182929564844223	0.9999998540972758
-5.014547966145306	0.9997858583132141
-7.815670053824193	0.9999996601233029
-5.4114688977956815	0.9999139355058343
-8.873736173869933	0.9999999702656883
-1.1625298945732112	0.884374638599993
-0.8970161530968355	0.8665935092964936
6.148119658644568	-9.11972443885701e-51
-9.386163753096163	0.9999999908624427
-9.010475007280094	0.9999999782970365
1.8471926545324138	0.36075855741852514
-7.287610782714262	0.9999988534997637
-4.471860262677447	0.9992602204868103
-5.729379825452923	0.999958573624313
0.6931793018443244	0.7204609762158485
1.6050783521198433	0.475078036779918
1.075565952026377	0.6478458432615862
3.421310429812422	1.96112013223098e-8
-7.159241861077095	0.999998459222712
-6.9880595220474095	0.9999977148424309
4.583115570544329	-3.438653063621103e-27
4.777023454816662	-7.570223939870818e-30
-1.8313336219574552	0.9270363763219684
-7.070521145270741	0.9999981100176443
-9.866330563375545	0.9999999969754303
3.845434392915351	1.8689326256597505e-16
4.912736899651865	7.396096183961295e-32
-7.523830177894579	0.9999993344838117
-7.9268062046243015	0.9999997368605519
5.59711397145168	-2.462780996014441e-43
7.300989479953586	8.714012130051553e-69
3.550815724158589	1.0654605616504986e-10
0.7022748989733572	0.7190539543397007
-9.26260923123209	0.9999999878553545
-1.012203228481523	0.8742504449881345
-3.877307700536865	0.9972020872654532
-9.819315325091104	0.99999999662962
-0.8973718297007771	0.8666177627324146
7.378926533009242	9.155294550673607e-70
-6.395221321856597	0.9999910525325925
-4.636112019725247	0.9994909821680542
0.15888149409176933	0.7841864625270781
8.508797550030064	5.624810273205841e-87
3.3305626172371205	3.454119777954455e-7
-9.418156284750165	0.9999999915113666
-0.12974520944727175	0.8098107385964987
-0.5284506960912072	0.8406503668352119
-6.271867919445739	0.9999881141716652
-5.285195426774711	0.9998849566777578
-4.604174141411734	0.9994525337899091
9.480671756116948	3.611671019353066e-102
-3.1967142066852405	0.9886041064113221
8.83414864706696	4.990780210596459e-92
-7.409588160737175	0.999999134236869
-2.1032437910704527	0.9433273869712163
6.646118202102468	1.4956455514381513e-58
0.7758844587119818	0.707210884231089
-7.272939663801856	0.9999988141091741
3.16297183452134	1.9959982227963657e-5
3.4893539925259454	1.5459762720770373e-9
1.8868623734417067	0.33980607517685446
0.16345283061423999	0.7837413316722235
-8.310320958035714	0.9999998911890852
-4.497764851754598	0.9993025024920188
-0.08970319903136215	0.8064330076996044
-7.96061972755191	0.9999997565708385
-9.488217709757993	0.9999999927760232
-4.105218543422273	0.9983096289355959
-8.227139459559352	0.9999998682187025
-9.878542668378296	0.9999999970592964
5.379990501264533	-4.712197939366902e-39
9.136416535847054	9.630102054539595e-97
-5.1568878043645405	0.999845528824742
-2.42430185729015	0.9607861547747991
-1.4762597970467617	0.9047720982041885
-5.890140225050136	0.9999713832127533
9.563932990060128	8.746387463849924e-104
-7.64478494198388	0.9999994962613642
-5.908479112765086	0.9999725658400465
-5.988040452122081	0.9999771562326045
-7.738740542617557	0.999999594257578
1.4425314723572882	0.5390125657501995
-8.580276826850453	0.9999999415590827
-9.17945178308524	0.9999999852923834
2.714496496187163	0.01224056134325363
3.9090303784624503	1.0476517561999926e-16
-6.539299416379416	0.9999935784106229
-2.98492513910944	0.9832438229223788
-7.925426683961931	0.9999997360233704
-9.150799651932594	0.9999999842893396
-6.705070231137853	0.9999956158199023
4.166795089222703	-1.3059659315006466e-20
4.928671672702052	-7.757868868319318e-33
-3.7566576579704103	0.9963640167492969
5.559233322065719	-3.312708543754354e-42
1.1431063501468728	0.6311477571463808
0.7752864484217916	0.7073107808360245
-9.967533723378924	0.9999999974988091
8.02269337014117	-1.0889123731847042e-79
2.0421249249715743	0.2557251445010747
9.6135455459614	-3.5603581024923085e-104
0.9173692230410211	0.6822377032540322
3.221976484256839	4.79670717203349e-6
-0.3200602348516881	0.8251203039715482
-2.86345272712047	0.9794046430536016
-7.607333769132105	0.999999450894105
-0.5943945418958982	0.8454780194301218
-8.726362285069929	0.9999999582523895
1.3798880162105487	0.5612093539070289
-9.990948150857527	0.9999999974988091
6.997815459294582	1.76717203186901e-64
-9.55317841077357	0.9999999937796384
-1.0844772314430386	0.8791347824045622
-6.499105236245359	0.9999929558006538
-4.380141171441556	0.9990891940140529
3.0543409454346016	0.0001729969412147556
-4.958420638017977	0.9997564496097828
6.050567790175876	2.462593176018461e-50
2.619784631201192	0.024460837449766282
-9.3444421400341	0.9999999899410663
5.44813400307406	5.477331369304443e-41
-8.574861953715637	0.9999999408258705
-9.681017789875291	0.999999995365787
8.343500664179881	9.271931821583666e-85
9.95809335547169	3.628725663969842e-109
2.6121478865091916	0.025850726137167653
1.691163571089529	0.43618976219789857
-2.077946269032429	0.9418599809392026
-6.4443166946170205	0.9999920087907266
5.414662596167709	1.0726478316343718e-39
8.055403826577503	1.8583988961530348e-80
-1.5345970613025184	0.9084502171468626
3.463197526891415	4.4004802868432264e-9
3.2742357849736123	1.2687032008281034e-6
-6.407505344251008	0.9999913020257551
-9.580533738365995	0.9999999941593631
4.794629154316388	-2.076310323734087e-30
-4.344944376039677	0.9990137055829055
-7.900754093670765	0.9999997205925385
-1.3785413672682125	0.8984277819599894
-8.79534366397567	0.9999999643835698
-2.5422749091712804	0.9664735272152514
-7.308818949180806	0.9999989081411623
-8.51405085801828	0.9999999319320086
-5.653432323552772	0.9999506644499883
-2.642673543666252	0.9709470896851182
1.5778123086801443	0.4868655101666142
5.366616362630099	-5.014631380107852e-39
8.56763640455896	-5.378242010481613e-88
-6.956527649956938	0.9999975427667184
-0.5201212438260416	0.840034346340681
-3.944197952117139	0.9975841465054689
-3.1611519165620505	0.9878154244899766
-8.516560438626932	0.9999999323242069
-3.1037047116417904	0.9864485965496905
-2.2777278423989866	0.953113307969442
7.508256535789805	-2.9696428069160477e-72
-0.24227592010058174	0.8190180659699149
-5.056334849813395	0.9998054309172149
-5.810042735386767	0.9999655910655041
-5.67460958556683	0.9999530103968332
2.6828493158107705	0.01565669823000678
-6.210671285765268	0.9999863160483528
-1.1483919330065682	0.8834320319685618
3.5746579146554414	3.3329266177107685e-11
-8.262519319764596	0.9999998785286099
7.021820732296646	4.224303481172952e-64
-7.484815271068679	0.9999992719301225
9.479272745101852	2.516196930425124e-102
4.718870325566646	-1.1985721777306897e-29
1.7330167544976547	0.4161069033456237
-0.43865862917617626	0.833957934533922
8.244332729845748	-4.98504705860279e-83
8.599128033004494	1.5824497636366407e-88
-1.3342467273277023	0.8955294244889759
0.887717574665654	0.6879278932807616
3.3303989388014	3.471696136466561e-7
-6.298042023906012	0.9999888092016314
-2.158074663358147	0.9464351122475847
8.583744085618669	3.811475519968446e-88
9.677872195754414	-1.1988854204736201e-104
0.6785326233387856	0.7226978154161545
2.6477004675435403	0.01992104568477892
8.756403611602593	5.411872117371143e-91
-7.393354719641008	0.9999991012638036
0.4316428045726006	0.755270606634273
1.798881403357754	0.3860440907823171
-7.614526269482704	0.9999994599130739
-1.9400546696714116	0.9336327296450143
