-3.2354205229956	0.9900171000210858
-4.1519347084055935	0.9985501013451421
-6.037585062569657	0.9999805613457453
-3.8625513122121102	0.9972527714340573
-9.994361256052663	0.9999999976144985
-5.612937023924114	0.9999483556545739
-5.7341044519971796	0.999960918694914
0.6530126173164952	0.8289862228241149
-6.02467373306828	0.999979975015677
-9.452214982007447	0.9999999925146513
-4.43540602773949	0.9992342584975324
9.79370225349209	1.409465617607985e-71
3.2964663910314087	0.6564790573330563
2.308613339675233	0.7686070874079385
-2.9520935344013344	0.9833923881592312
-9.207215358531347	0.9999999868413426
7.4695948034974045	-2.620680152859936e-36
-3.6889282891108177	0.9960085291816022
6.533493439819548	2.5105635688167834e-22
-2.403106915340154	0.9630787358714432
0.39749612620434505	0.837308640751043
1.8789977891113843	0.7891064973780325
7.108898635624321	-8.081395028235775e-31
-0.0727887075926148	0.8540559490800723
9.91178704193462	-1.451896759817205e-73
-6.683426876672716	0.9999956049840861
9.190855226081688	2.261544872436906e-62
2.318851601353442	0.7679986285967785
-4.249972541369411	0.9988361412345136
-0.9738217615530722	0.8925957488147596
-3.291489253901587	0.9910331890679835
-7.226267516404432	0.9999987406449152
4.963244276829375	0.016859836473102453
-8.207562587760396	0.9999998685188595
3.9238761657159706	0.4613211725161521
-5.059151089140723	0.9998156651645095
-1.8964106780251235	0.9383958194273049
-2.747934982687026	0.9769485308362857
-8.603026715005	0.999999947106782
7.498670127671971	-1.5444535040762864e-36
7.093342007722946	1.6009927998542406e-30
6.264331909686646	-5.91448668288653e-18
-3.0590445951962675	0.986198451574603
-5.641662751396841	0.999951657742332
-2.021066521024517	0.944730144300968
4.625727395914652	0.11124203731879755
-1.8878377323819873	0.9379564156517455
-6.649677665018299	0.9999952498604928
1.6384052096657378	0.7979403289086657
7.926384633142256	5.61636442699974e-43
-8.32830341465475	0.9999999004312934
-1.2561710844086136	0.9061946701540984
8.858383984701625	-3.488407800120857e-57
-1.0566158581875165	0.8965628563730744
7.095931505419326	9.877407477492766e-31
2.0441117271644593	0.7820763351300087
-9.239478912515985	0.9999999877834661
6.3217687288665125	1.8196872896052876e-18
5.767134940863983	2.6955904002892464e-9
-4.3739182924282005	0.9991198999712805
2.1324578665117055	0.7780587491836706
-7.006931990064205	0.999997913221605
-7.749409669274607	0.9999996224155563
-5.546235600265117	0.9999397930388705
-0.09829423616987043	0.855047970532335
0.9422513002811641	0.81998090083785
-7.049900306019876	0.9999981097912507
5.878955907436328	3.9744928479390215e-11
-5.173275065336234	0.9998581374008294
-9.576524088620992	0.9999999943778447
4.681253501594522	0.08855055640546693
-9.438233700914322	0.9999999922697548
-7.780496502921772	0.9999996484983049
1.3947678236991692	0.8059594772346815
8.373236211957071	-4.366461336433736e-50
-4.943512291682155	0.9997597078756952
-4.796239893406753	0.9996633804942412
-1.0068247360478253	0.8941748595517787
-5.943704877507772	0.9999758729648456
-9.329916660427799	0.999999990080032
-4.811936513147019	0.999675249260104
5.742981632402717	7.601402678781149e-9
5.612371101876059	3.641810642657032e-7
-7.27176788498844	0.9999988659068048
-4.929183109890989	0.9997516889427809
-4.3471321306740895	0.9990649827772867
-1.6987407256527387	0.9283919501053275
-6.437600472880676	0.9999922597206063
-1.0856679506859876	0.8979666978949563
-2.8745224159942806	0.9811112983899096
1.9380447541251922	0.7866874422163649
-2.037401440976323	0.9455531848608157
3.725529976981674	0.5383138163778156
4.219425230957214	0.3181709504544249
3.614491548334634	0.5758978417687152
3.160564636556078	0.681389244221901
0.19650409411394065	0.8441944142090603
2.395117217546808	0.7635076524216831
9.303768032775817	-4.4158716222582117e-64
-8.032477877224835	0.999999803235166
-5.501827754198532	0.9999333199383154
-7.767077979671071	0.9999996374684057
0.5274666401115802	0.8329543895547294
3.2761147361318486	0.6603229158767138
-4.097845891663572	0.9983641819958652
4.979867337963189	0.014715785606351785
-6.242026570835351	0.999987857986564
-2.042361513125912	0.945802398038678
5.358631472698118	0.00012341349686252682
-5.619786297987557	0.9999491628989802
5.177882845566195	0.002048267989222567
8.075147915599405	-1.9519083357720568e-45
-8.436680614514565	0.999999922420693
1.9539153877714774	0.7860216838406758
-9.95596024163346	0.9999999976144985
-4.7653553286913874	0.9996387559523348
-7.534468372378629	0.9999993806256751
9.294799554632412	-7.292182628348656e-64
9.588856344335209	-2.1589058960437115e-68
2.1787951247677952	0.7757244018329796
0.9410600329383811	0.8200180383484408
7.537585674746865	6.120110324755188e-37
6.630879240473373	4.305511742379589e-23
-4.029110231011521	0.9980944740830112
-9.350651787655382	0.999999990542525
-7.583105326032826	0.9999994462462111
1.2017943407851597	0.812056164710738
-5.882033366666506	0.9999721937666122
1.0509862276615465	0.816611580746295
-1.761359008156326	0.9315958366513751
-0.3203006722627144	0.8639128204708755
-4.446809078544081	0.9992537979469832
8.953318862037772	4.8736943583984205e-59
-4.842885907432524	0.9996974467573905
3.341940824255971	0.6466979553051772
3.8454397630650483	0.4924860300745634
2.573806031026731	0.7506886976277748
5.809853582324443	7.249684339804923e-10
-4.122724852545758	0.998452399957081
7.929240314006112	3.965026915302075e-43
-1.5586271994120935	0.9212555432779093
-7.398383097778369	0.9999991527016276
4.680731784409238	0.08875212401766121
-7.060641337657896	0.9999981559651261
4.538589238792717	0.1517126683622004
-1.462034535894233	0.9164768223765714
-9.417891436413752	0.9999999918990565
-9.771137587725534	0.999999996408388
-7.535036375577464	0.9999993814351947
-7.098842675183916	0.9999983112351651
2.844467747755406	0.7252783237479016
7.05362450192634	-1.2503466162722664e-29
-5.859179519251718	0.9999706922544452
-1.3265993427546299	0.9096718385963343
-5.895052903076277	0.9999730145274934
3.460400338576237	0.6183849796189481
5.000650898029569	0.012326931257340249
-5.639438356684514	0.9999514097573121
-3.400090635126105	0.9927553842408885
7.022347580086411	3.809222369920697e-29
-6.116922527477544	0.9999838058522633
0.9867324950724985	0.8186012330310367
-4.309754057750896	0.9989826967058867
0.16550421008592942	0.8453058127016062
5.767467257067569	2.6600258360996834e-9
-2.2363637335415243	0.9553037895191518
-2.3362478747411197	0.9600321896526243
-4.106471997079519	0.9983953063586107
-8.457566032193174	0.9999999260632533
5.050020540713408	0.007803514605207352
1.232735751267473	0.8110855064062521
-1.0826507926565743	0.897820517910646
4.3391007387196225	0.25281063053729175
-2.615639552439011	0.9720383762774643
3.2878380317992786	0.65814832598466
0.9471570947777721	0.8198282269243139
-7.018198153211799	0.9999979666570921
-9.557027823413629	0.999999994119704
8.237192675735542	7.510501281781556e-49
-5.956196566653182	0.9999765567171774
-0.5286534772153253	0.8726108061706074
-2.430416689128694	0.964288246823183
0.523908464038044	0.8330717175012005
5.333308942645294	0.0001955010002729932
1.7938434231887612	0.7924256744299477
-8.799995596460896	0.9999999663928764
-7.322741378792759	0.9999989914982346
9.621567231128772	1.9382461536533296e-69
6.339005617584238	1.0802254449245455e-18
-7.114138344269412	0.9999983696753918
-4.342247344741925	0.9990546116675278
8.803136271383131	2.4075508908205012e-57
0.21717959008471155	0.84345156202133
8.807439034201224	1.0526362946482988e-56
5.814261669435009	6.090660152927095e-10
-3.238346403231742	0.9900723786693688
3.3900646633688503	0.6357073430767518
-2.713766096463446	0.9757372497636635
-1.5532773320685536	0.9209935680838437
-6.688800198910623	0.999995659020862
-2.2377499794971456	0.9553705408037731
4.374086546531654	0.23397783161737545
8.237454375253435	4.639074837662858e-49
9.297473502427998	-6.53750058326914e-64
8.430781207007854	1.2139127416323068e-50
9.438806199341542	1.5502515620166198e-66
2.630225261759268	0.7460264233195276
-8.880440338033559	0.9999999720754235
8.560830516822126	-1.1331940271344073e-52
-7.758803526715252	0.9999996304950117
1.612139856214089	0.798851886960284
-8.836130290039069	0.9999999690759339
7.742088937595852	1.3961149502853783e-40
-4.6545308926840345	0.9995347539807198
0.31504321543261327	0.840151202016809
-4.8885100834651585	0.9997274478677414
8.653581113321302	1.7552891841820328e-54
3.3274840951790807	0.6499220264979413
-0.1593250480566546	0.8574337565752228
-3.161807837431896	0.9885417101189341
-2.6826859692931704	0.9746002345446092
-0.3814273271442161	0.8663209491161584
-6.716816863454058	0.9999959301960741
-1.632205103707399	0.9249890095675236
1.196451963272974	0.8122194223145559
9.278010214370006	-7.623831957231593e-64
-7.186927667750207	0.999998621245293
-2.2465083322498147	0.9557916843103028
-8.938379805454467	0.999999975563045
5.182365602338738	0.0019370617716502067
0.6257343031714271	0.8298712695245976
8.382119481547498	-5.361156230084344e-50
-7.020989546744332	0.9999979796838369
8.681906417944436	-1.350388132149834e-54
-6.771588610540262	0.9999964123828623
4.713658758903323	0.07651596208520438
-0.5248138258433386	0.8724435872245988
-0.8480411574865432	0.8868402684405114
-1.0494529211100136	0.8962176898983145
-5.130866583781719	0.9998436329522522
-3.0884010209862467	0.9869023289048638
6.609768736827121	1.0987440129999821e-23
-6.67183215567809	0.999995486079496
-4.89828112914529	0.9997334779460137
9.871988310073512	-2.227913242828981e-73
-9.172298782387829	0.999999985739716
1.1231654865465792	0.8143759808136026
-0.11630529328377293	0.8557481137273136
-3.012331247422013	0.9850206369534804
-4.37985792531896	0.99913164167756
3.3379025007431196	0.6476023776167391
8.173709389746804	-1.1060050855568275e-46
-8.094605567662425	0.9999998294624237
6.2160764455335595	-3.9882679865346034e-17
7.226651939858439	2.9750432916708835e-32
1.0568493308831073	0.8164303920084097
5.405363399502736	5.856522390970127e-5
-3.4153495282152946	0.9929730409787878
2.3679043578481007	0.7651183915607952
8.22507363375156	1.7457481180449702e-47
-8.151239029937152	0.9999998503120927
-0.2491054721403927	0.8610269155873143
5.68134638939763	4.018943888063669e-8
-0.8791709657504132	0.8882930545110604
7.168467508948453	-1.0308041052224208e-31
0.2232084737778539	0.8432358523972769
-1.2816847193106273	0.9074318186592542
-6.606620192307444	0.9999947548317011
-2.8981927571429855	0.9818293610796992
-9.920424593256696	0.9999999974531487
-1.4910525386009823	0.9179362032492102
-5.096355436527538	0.9998307457272593
-5.775381776069279	0.9999644594936884
-4.368775735345185	0.9991096081660074
-9.23848882371178	0.9999999877555833
-6.573293822469317	0.9999943365377251
-8.175335567544973	0.9999998583912562
-4.435103564842557	0.9992337334224414
-9.02890181157536	0.9999999801607591
4.056306812495647	0.39914325325076455
7.059435940284182	-7.73812060214052e-30
-2.374547617368914	0.9617906830563789
7.636649298976334	-1.2783553804385304e-39
4.196996913281401	0.3298839820260431
-1.030597332823202	0.8953115920550996
-3.9051998857603554	0.9974969153649731
1.8354615615990575	0.7908275139544723
8.250946845364577	-6.115468777316618e-48
4.1842120226353074	0.3359834526026232
-7.272766779673541	0.9999988685121812
-9.54655951233299	0.9999999939762427
-3.162081315195935	0.9885474983762156
1.0569610814666675	0.8164269380646765
5.112509710681984	0.004439400843076465
-5.507431788532822	0.9999341736651995
-0.4113873502536691	0.8675865080427517
-4.724596937827541	0.9996035032062303
-9.693661800373224	0.9999999957069583
0.7946210573760624	0.8244821258114707
2.7572391633242113	0.7345709834466588
-6.130524172968479	0.9999843050138549
6.1629672924843035	-8.258206705255314e-17
-8.151032036402235	0.9999998502407305
2.986089630166129	0.7081599192600603
3.1694959869257833	0.6798417851750905
6.577977601778194	-2.040656626571762e-22
7.7780564370949925	-8.319791341519046e-41
-1.6969703481424645	0.9283012271602609
-7.27952667241393	0.9999988859870401
1.3568418327755296	0.8071702719127792
3.7088123127592887	0.5442602256766809
-6.138239639964045	0.9999845812917043
0.8568288052396245	0.8225664148514357
-3.485569604467562	0.993902833895236
-6.583541698171107	0.9999944685959088
1.6355082259102094	0.7980412470224667
-8.25957033949952	0.9999998833577729
-6.004894560445506	0.9999790423361697
-8.25797229979942	0.9999998829277829
-7.623310648189432	0.9999994952085864
5.17894515652193	0.0020214335561301203
4.128120496330695	0.36307486378606846
8.020316020192013	-1.2104860740459046e-44
-0.7763821933974882	0.8835216260330797
0.9044736595609884	0.821164050085231
-3.1885695622407573	0.9890971482835484
-9.549342503916982	0.9999999940147201
9.036970038521993	7.515565292919064e-60
-9.512184515340763	0.9999999934800768
1.8668090122785443	0.7895923906618394
-3.8838137397919104	0.997377179440324
-0.39238473424513387	0.8667845437700246
8.592206153199445	3.054213467965442e-53
7.695533429634466	1.0026284894300114e-39
8.377858044032994	-5.145594766470686e-50
9.630509572517312	4.6279471396859233e-69
-6.448529522354538	0.9999924520441458
-6.587551499734228	0.9999945194256818
8.210079762991356	2.390510385500994e-47
1.9477477360198403	0.7862814526500421
5.343896159209592	0.00016106873478326532
-4.20154917928369	0.9987024952884209
5.6995961721846164	2.6566806041819896e-8
1.2265144644553807	0.8112820881099047
-7.517093379359574	0.9999993553442561
-3.4294655430232757	0.993169312124373
-3.63479879795356	0.9955247098895584
-5.741587497813017	0.999961585784416
-9.972949704591091	0.9999999976144985
6.624776267465315	4.659316780049932e-23
-1.058883853882131	0.8966722190649102
-8.165006949740356	0.9999998549830904
-4.367381841295339	0.999106798277395
4.848066437901837	0.03818854018756696
3.979804774852486	0.43569347212634096
-5.022501454897195	0.9997995016956798
1.00334852080492	0.8180848161266024
7.386818905404308	8.007964174193742e-35
9.501798607314832	2.5793003645748572e-67
-2.480577520903866	0.9664633010566086
8.953099756177266	4.941334561427549e-59
-2.5096368045042405	0.9677068133713619
-3.294008683586944	0.9910767437872847
7.345662190926543	-3.6953931794513087e-34
5.647840265402792	1.1668281973778049e-7
-4.725054161544167	0.9996039169972489
-9.650076788566953	0.9999999952537549
7.571859770284441	-1.7327399840080208e-37
-0.5456583069653078	0.8733518850987875
-4.455281712918557	0.9992679974470873
8.895461515123127	6.591209671161123e-58
-2.522498495990493	0.9682494257258794
5.044493486681606	0.008223801300140108
6.581939018878703	-1.9220298357826302e-22
1.436542105353439	0.8046073979792576
4.503642089288089	0.16925573497944507
0.933372710266692	0.8202584202783415
4.5315765244322	0.15527788699792924
2.791509111868212	0.7310469095395153
4.820644328746626	0.04527600822613108
-0.031156135770435966	0.8525545249719106
-3.6519096944687135	0.9956831614676851
5.6302585358439785	2.0808532457646414e-7
-2.498531669656421	0.9672341873857101
-6.5921213240948795	0.9999945767855453
-8.971821651414329	0.9999999773741328
2.4363773345048223	0.7607814660601051
-0.19497339936306446	0.8588476540713397
-8.30690521490503	0.9999998954025694
1.240332876256316	0.8108461711873369
-3.3812903215908507	0.9924792283175701
9.408366197461028	5.600165963457989e-66
1.077978301728244	0.8157776821980341
4.517786782612276	0.16228531636277935
2.6781336662964605	0.7420466559206798
-5.895453543831932	0.9999730393963605
4.372056483041092	0.23506892634044554
2.9031841559702176	0.7184185024066885
-6.918730001408004	0.999997443334377
-2.7007018833278007	0.9752633424252917
-7.895951927690974	0.9999997305533102
0.05018034665929427	0.8495379446281105
-7.775177591599154	0.9999996441669499
4.742076429284822	0.06660491125871777
-6.034087163371207	0.9999804042139018
-3.88988966054872	0.9974117382778189
-6.85081649745138	0.9999970106027528
-7.380064679732432	0.9999991161989616
-7.552316379242532	0.9999994055637669
-2.1305326223977605	0.9501679369667063
5.187406844948974	0.0018179831966993955
6.6223943615325425	4.5695618485632245e-23
5.134572571829622	0.0034748913319092825
-6.288576816771103	0.9999890918362788
5.62048197584045	2.833725754935897e-7
2.0093769956408067	0.7836290544915157
3.1943128677590984	0.6754500539485071
5.242775461602127	0.0008490013094981594
-9.729605716769893	0.9999999960479609
9.783811637774278	1.163817198980734e-71
1.6231316931407882	0.7984711830793401
4.82614115964115	0.043815442103614814
-1.7631830407399551	0.9316888013889877
-9.173949220704888	0.9999999857938062
0.3380213456035577	0.8393484869427422
1.3691666144678116	0.8067773068757867
7.153460023837592	8.875795280587803e-32
-1.3827154778638686	0.9124802171733307
6.409535851561195	9.866721631849017e-20
-9.370856882470662	0.999999990972451
6.457798174659736	-1.1507581272317694e-20
-0.7493334096677895	0.8822845106159835
-0.9089439352917452	0.8896767790940402
-4.856871283462683	0.9997069763855762
-7.248390604403188	0.9999988031888096
9.77927771598749	3.7570722382180786e-72
3.3014544339748184	0.6554786883891971
0.18315608088874313	0.8446717791242777
-9.350552218611949	0.9999999905403563
-5.063795216644054	0.9998176184261873
0.7432504827629103	0.8261019713679366
-8.631329662899972	0.9999999504439054
3.421900081960697	0.6280290993253922
6.356824659342205	-2.1561562525645174e-19
6.286564712415384	-6.308460975324748e-18
0.9667173833166878	0.8192219927007858
-0.858743476161802	0.8873385406304313
8.946038952824683	5.672836858334532e-59
-7.167429758674229	0.9999985579368128
7.671750948001442	4.558691779616414e-40
-2.096284361495706	0.9484905371133919
5.450057243785199	2.380879462401518e-5
2.656906720339588	0.7437889586640279
-8.647295101473835	0.999999952232594
7.859199685238487	-8.922163414935103e-43
-7.985359314820291	0.999999780686234
9.6008906963756	-1.4599119523120092e-68
6.951941597750782	1.1322872672330152e-28
8.613273244613012	-7.998392028109259e-54
-0.9696932058602812	0.892402608470849
5.043578204571549	0.008296081048832614
1.2642696105461084	0.8100962050171536
1.134332094632331	0.814031336809588
8.51684220366176	6.4928756697115455e-52
7.0295963637098	1.249283599329459e-29
2.3179361373265284	0.7680535033609918
-2.74394844908326	0.9768092393567466
-4.4594519281029665	0.9992748883471464
0.598211488271577	0.8307666300688943
-1.2531477719952733	0.9060520762257752
0.09241520881029253	0.8479711269538117
1.0491290671988551	0.8166689562095499
9.172333790245382	-1.7064625324547002e-62
-2.460752455890569	0.9656078104806278
3.3282728602381617	0.649747510287569
5.734961454607038	1.036116589644794e-8
-7.262434814651582	0.9999988412717852
4.808431290179671	0.04851568535521855
-9.658587923889925	0.9999999953458656
0.044925869459842005	0.8497340408092809
-7.186385801598183	0.9999986195240187
5.686403188526935	3.531453985608261e-8
7.557867178944072	-2.8649689835993457e-38
8.184867377557904	-8.07517305884788e-47
5.361284659252629	0.00011782444448480983
-0.4906004506756254	0.8709592063739601
-5.074037478467157	0.999821853591643
-4.830322760174286	0.9996886239721537
-9.524917082942368	0.9999999936684514
-4.143618766858177	0.9985229122000323
8.198071541488524	-8.938666876673571e-48
-1.9813117489835044	0.9427177052942063
5.207989863407603	0.001387845384244026
-3.353817557317771	0.9920595583872707
-5.011265908163822	0.9997942693893227
1.2987457911880984	0.8090106544526824
-6.948426791242794	0.9999976123060617
-6.554923416321059	0.9999940918667498
3.061089458966361	0.6974454213662117
0.6641502872196625	0.8286285052536382
5.597737354511651	5.690652074173089e-7
1.2525683682618158	0.8104624377444299
-4.749097111895542	0.9996250830341268
7.299097628506988	4.739975389737055e-34
-5.076058024304673	0.9998226774379568
-2.4823984710257996	0.9665417371656637
2.966672299102818	0.710544254544584
8.909883998790093	-1.1040388236821685e-58
-3.8589232550236874	0.9972309938031881
7.50720501105711	-4.040373344750984e-37
-6.311417819557428	0.999989650590098
3.678659645825185	0.554710598594076
-5.518117593944285	0.9999357714237721
-2.5497128405038616	0.9693822957771903
-2.4012621297671366	0.9629961999971413
4.102071547738287	0.37642511974894227
4.565285386457711	0.13865185048953016
4.664049318887091	0.09531941041682968
5.94096271072662	1.9690163243809025e-12
0.4581693975199528	0.8352610800801843
-6.8999657149321925	0.9999973304548392
9.497375555889796	4.261231906754797e-67
-0.054652161053535764	0.8533841689863463
-5.176473964837713	0.9998591754192124
1.3730650369690611	0.8066528677566281
4.522147590118383	0.1600802022772692
-1.3973392350818337	0.9132156549500765
-2.558213145603161	0.9697319533895616
6.85946519052181	-1.0108208639092079e-27
6.331278906526123	1.6326274837397058e-18
-1.5589980672398305	0.9212737635707736
5.715368617837985	1.87889560693082e-8
4.304579169483734	0.27158937454634274
4.007347213254203	0.4227359925513573
-8.550163375042551	0.9999999402602627
-8.499193038935054	0.9999999328209871
8.772024579409596	-6.611175959768056e-56
-6.529974146830142	0.999993742565033
6.333228233319247	1.5161621743174617e-18
-3.162071073967234	0.9885472816588738
-4.091149989237777	0.9983396206306875
-4.6026185118069485	0.9994763207526921
8.000807820632595	9.459613378478537e-45
-9.260580340943356	0.9999999883628499
-0.5407847861164594	0.8731393366392628
1.455887044668156	0.8040097628198116
9.951649697165529	7.172928140387402e-74
3.5991614291133	0.5805954800553185
-4.942681711262118	0.9997592501789293
9.236603790101697	-4.088838679496664e-64
9.489334741137334	5.952873583410352e-67
4.238881492616464	0.3073970585473519
3.8516766597222496	0.49006706177829273
-6.202887192270099	0.9999867132205883
6.409973185718776	9.819615316798735e-20
-6.290188020859535	0.9999891322206474
9.593966374376013	-1.9562319705877833e-68
2.736734236700835	0.7366181762835275
-1.481679294449627	0.9174653349984863
7.273313006792776	-6.775186311030341e-33
1.3591050386776935	0.8070981829678474
4.48955488333166	0.1757694562689662
0.3260664447099515	0.8397650895179696
3.495438284934007	0.6091750130921781
-2.383734752537463	0.9622073226312582
1.047448737916854	0.8167208585890817
2.809310620114175	0.729145166526665
-5.845761617808645	0.9999697732103101
1.886336892484115	0.7888111836930656
-4.792198172587159	0.9996602552824443
7.321909863414888	1.0874596607568794e-33
-2.945643909782456	0.9832106669912095
2.2691055412840697	0.7708699593633144
-3.553509343835488	0.9946972269217322
-1.9757451619114121	0.942435293015323
7.653952236415321	-8.659464648125304e-39
3.4850295402143683	0.6119486996229906
-0.6899794175569482	0.8795928502916132
1.5137904399537572	0.8021953428356824
9.431848472259357	5.607010941647082e-66
-7.768978693746544	0.9999996390515752
7.496095643948447	-1.8982325350424215e-36
4.624610082709779	0.11172590453665372
-9.422128685803477	0.9999999919777103
-5.204114540202767	0.9998678350136055
-1.1605327436183934	0.9016162241698105
-6.371162985961818	0.9999909805032057
-4.531795162837815	0.9993847406574046
-8.640819098483018	0.9999999515149739
-3.9644650943456705	0.9978021620342457
1.276796076870177	0.8097033732171375
-6.331248400064373	0.9999901124362442
3.2488638479806085	0.6652549470504221
0.8639802960223086	0.8223610063990846
0.465487880922435	0.8350162032749742
5.00573159660323	0.01179048905155263
7.341118141136242	-2.8811215370816334e-34
3.8605022230040333	0.48673923310773154
-1.2815667905760897	0.9074259574663118
-7.232218716657424	0.9999987577837555
5.620399183390816	2.841033602452368e-7
-4.344021073618705	0.9990583905293986
-2.7881175912060963	0.9783263307405018
1.5622555951940384	0.8005597242212377
6.416466931206774	7.867006001683947e-20
-9.935145439661422	0.9999999975380278
-0.15140504893996543	0.8571217078248743
-8.750163179780849	0.9999999623067443
-6.127183316699889	0.9999841838528833
1.2484651909188713	0.8105909588916165
9.574634041600738	-1.4692450614741441e-68
-7.318471745860422	0.9999989815347332
1.9386332430586606	0.7866629043228156
9.644232173633107	4.128932403167111e-69
6.205461684132885	-4.7190966783131324e-17
-1.0334416226738838	0.8954479761334491
7.954457301479355	-2.232302169135903e-43
0.8468937076119651	0.8228552367008908
4.752930616293973	0.06317185301982578
7.320395592145694	1.2078917363574432e-33
9.36408491865923	-7.686047864791427e-66
8.255753076822781	-5.587161752755427e-48
-7.68249530370539	0.9999995595182699
-8.70986878938023	0.999999958642146
-1.4402280199394646	0.9153788288141043
-8.923710726474944	0.9999999747235415
-3.885616256259037	0.9973874772032532
6.798180900517007	1.0957653296745522e-26
3.1469574733784533	0.6837073556776185
4.63480207189432	0.10735689015634375
-9.170006635091163	0.9999999856642533
8.583911052771889	3.613398521399866e-53
0.15450347926418218	0.8457032455705896
0.9151854573273397	0.8208300888133113
1.5520555072789044	0.8009039349108995
3.6678342839982783	0.5583519150625865
-3.475589945566804	0.9937776603001212
-1.2281826102368818	0.9048850791162286
8.967689077813738	-1.0069766286197406e-59
8.235219358918311	3.1107519431716285e-48
-4.60075661479352	0.9994740952579512
-6.166118447707052	0.9999855396816804
-6.367617920018223	0.9999909065921093
1.685546492212051	0.7962781794197795
-2.136949162103834	0.9504785787819479
-9.058453246468847	0.999999981465813
2.295576467441043	0.7693654683229357
-7.036507532108716	0.9999980505954627
-3.7813851597835013	0.9967248187844858
-2.9551646867015835	0.9834784133166592
3.778249489524107	0.5189386364413547
-0.98106839810184	0.8929392120878876
7.755944631622679	5.19295083585052e-41
-5.978407578082305	0.9999777249870159
-6.368401230346472	0.9999909229753291
-5.468166885768411	0.999927954308757
-2.324443133518317	0.9594831765389192
-9.120588924517197	0.9999999839365787
-0.8163903229487879	0.8853692041441776
5.224405326937195	0.0011054141863359344
2.8221828419437323	0.7277457770610007
4.2958131295740145	0.2763784256589308
-2.985900845285574	0.9843214867825412
8.822126960811257	1.4796905792358653e-56
5.430869984660415	3.644253562796702e-5
4.935460863103787	0.020925903806409813
2.8348534918484027	0.7263507438141079
-3.22126974601042	0.9897461714679312
-3.732971125977511	0.9963661532494623
3.686783758946529	0.5519408746465119
9.618219210560383	7.469198432309633e-71
-4.634397507809007	0.9995129001866203
-5.788561817359654	0.9999655211026697
8.319641150252917	-3.3083648210029342e-49
8.226910197399306	1.4916392556504698e-47
-6.767179163956518	0.9999963757746473
6.598544196671071	-7.016267168559396e-23
3.3034309370790282	0.6550752426353396
5.765402048335222	2.8920616003567197e-9
-7.998191783152109	0.9999997870716737
8.79142467188137	-3.61018317581489e-56
7.198974909893646	-5.375878305512106e-32
3.640907577471424	0.5672863489112483
6.840225629019081	8.800539463310353e-27
-8.008511224497767	0.9999997920714796
9.951092622893349	7.488451785544685e-74
5.407276702463392	5.6749263639309035e-5
6.8650431829175	-3.388524005266737e-27
9.470328357573663	-8.807668000884276e-67
-3.9765426750025146	0.9978598496928525
3.9124264224332137	0.46642195068619374
-7.826414372630248	0.9999996837650448
-0.8731724377530625	0.8880122334415518
2.078007689500204	0.780624284464385
-5.238608807935714	0.9998779006784282
7.496070029627827	-1.9016937195345065e-36
3.4404214891151454	0.6234467321302145
0.8474102821997676	0.8228400635277157
8.253635551369399	-5.946986474086315e-48
7.080471911468393	3.577021308888223e-30
-2.3771566329871696	0.9619092078958038
4.008970561417895	0.42196147211324064
6.448084381801856	-2.2479943671991025e-20
5.059471119170226	0.007152505208070963
7.726553929966933	-2.221189847388096e-40
2.7631222750122397	0.7339775675746972
-5.92814408877655	0.9999749932799311
6.392793256232004	-1.8407468148360283e-20
-7.7397596256366485	0.9999996139318136
7.148969076633264	1.6255944561654117e-31
-5.462294531318284	0.9999269750181249
2.223666908112879	0.7733616891768584
-5.92541099392788	0.999974835494299
2.187244442714057	0.7752877304736702
-9.619612333193391	0.999999994908866
-7.912920015900973	0.9999997408776631
-9.160188461037029	0.9999999853364706
-7.467031699484856	0.9999992765827429
2.252317893553464	0.7718046119272458
-8.54762251680214	0.9999999399097299
-5.961821641034626	0.9999768582581541
1.9173958217894196	0.7875427501264658
9.640979918570483	4.6027786642505305e-69
5.137311985204276	0.0033635469019245162
2.10514399007295	0.7793946945266832
-9.592456262612838	0.9999999945803566
9.836889590374327	-6.683373306488412e-73
-0.763569829580554	0.882934844593883
-4.962706051763459	0.9997700468320848
6.812438941406995	-3.385626398234608e-26
-0.5091431858005979	0.8717619311609058
3.051387283702205	0.6989015409454568
2.9910937820310615	0.7075213652533043
-9.298653197697346	0.9999999893395927
0.3584429458951188	0.8386449472906079
2.3672800423626406	0.7651541883364789
6.296949506200143	-2.9617082750204046e-18
-6.601093002722371	0.9999946876576999
-6.711368833071307	0.9999958788249103
4.9936797920818385	0.013092396844183257
-3.900921961670787	0.9974733872509984
-4.935560714392704	0.9997552903509695
-8.60029208708748	0.9999999467726781
-7.4571529777572065	0.9999992599390317
-3.9022446192629134	0.9974806840589064
0.848937014628115	0.8227953366029159
6.99113148760442	-5.700482903863314e-29
-1.1073268469369566	0.8990196965191787
6.421298428265786	5.4112870302836555e-20
1.6508980679887806	0.7975034970293273
9.57496095167236	-1.5120567026774753e-68
5.740684860348315	8.339835232134753e-9
8.068917718101662	-1.3493949317202603e-45
-5.050862056007128	0.9998121269604523
-7.046987208974298	0.999998097070272
-4.496774245529074	0.999333781244589
-9.14406499167705	0.9999999847818468
-9.653314603022608	0.9999999952890084
0.13095595745571842	0.8465574986598478
-3.213320847091108	0.9895913667764991
3.8684649913368006	0.48378801213109934
-8.659832871640809	0.9999999535918846
-5.035934062150229	0.9998055834671379
8.264062168061042	-2.967711932889368e-48
5.526104851619188	4.088856581351531e-6
0.7289369566816148	0.8265555013317352
-5.119132467536742	0.9998393648293334
-8.7832549202367	0.9999999650721567
-7.639753448532409	0.9999995139630233
9.402419324705313	-3.211185937481934e-66
-7.593847203553641	0.999999459774456
-6.804564232361803	0.9999966746847229
-1.4310443964321138	0.9149158427843899
2.6582994790113865	0.7436751103888564
-9.06927629501675	0.9999999819220007
5.613634154533518	3.502801869955348e-7
3.5798420457248437	0.5860191678666477
7.78209255989384	-8.326659086849264e-41
4.9376208723670025	0.020586372854897356
7.105806985877187	-6.285743816950443e-31
-7.689232350797166	0.9999995662985318
-5.451403184636252	0.9999251234026513
8.745089460282017	2.0885347906970396e-55
2.2074771429260043	0.7742252266702013
-7.933999824427538	0.9999997531545682
-4.4493900802098985	0.9992581519981336
8.757740719269496	3.41540851896313e-56
-6.283511744581838	0.9999889639023657
3.9485954326345443	0.44999875492507174
4.300341680738784	0.27390560865595015
9.365405135836482	-1.488122627298989e-65
-9.647752440574848	0.9999999952282849
6.536283156899785	3.2138932887949974e-22
-7.848400725309106	0.9999996993759834
7.560643184135472	-8.302016821581595e-38
-7.575889200564703	0.9999994369685746
9.33424209152296	1.9609129977154212e-64
2.714974084638344	0.7387480707464381
5.792772506343379	1.2378991207825501e-9
-4.1464526449310535	0.9985322327099219
-6.365022852531412	0.9999908521036743
5.91921767257308	4.4314086423647805e-12
-4.389726305473625	0.9991508105765234
1.5389587647190162	0.8013458435928518
0.10645926003874706	0.8474530842930665
-8.419913977060727	0.999999919367077
0.17497814804618983	0.8449648746704669
-2.1181550179812847	0.9495657447110762
5.612305998474646	3.6491186802192577e-7
-6.922204264894072	0.9999974637043841
7.167230394136862	-9.465445716963732e-32
-0.03347188552313973	0.8526358080791174
-5.718482345624074	0.9999594885179591
-8.07239559829981	0.9999998205142863
-3.7829950208551644	0.9967361574976928
7.365657624027101	-7.618309484956961e-35
3.7874773105183746	0.5154296853379886
-8.425976154337324	0.999999920484782
-8.138651940926444	0.9999998459102084
7.941450622023115	-1.478770553000074e-43
-0.027322909963775288	0.8524196805957336
8.910396111372126	-1.2516159202544908e-58
2.111764406002141	0.7790772999525154
5.853508366697122	9.266888406766947e-11
-3.119124077055604	0.9876094779439863
-0.8742638390612445	0.8880633067525868
8.268510142467022	-1.3138939259448736e-48
3.3980603703774257	0.6338078881632201
3.1995255142123114	0.6745102287703233
-9.598636418062267	0.9999999946569336
0.30688746609323303	0.8404358252879077
3.449918833357879	0.6210586217249763
9.642399530434997	4.41604728309166e-69
-7.878976323929203	0.9999997198129205
0.5092468257278284	0.8335607918757832
6.844654631538873	8.01922955396813e-27
-8.181895061795089	0.99999986051398
1.5479386222799985	0.8010427703126738
6.0017815332286375	7.874805400263736e-14
8.897458693588177	5.4385082183355446e-58
-1.3174844126632301	0.9092182335118462
0.06144527406256728	0.8491190169497222
9.60712509657277	-9.032199062975962e-69
-8.21793608511786	0.9999998716221872
6.057757949028435	-1.63043110744036e-15
9.252140695588636	1.3783451428076908e-63
-4.036006206092879	0.9981233556073132
-0.22117915089158302	0.8599001713356225
-4.0298749750792995	0.9980976979092631
-5.019001414162867	0.9997978861260839
-1.8863092697888142	0.937878157807338
3.0977263844125282	0.6917747712924368
-7.948369486314131	0.9999997611883317
5.774830873517086	2.0250197466022126e-9
-1.9051606311322686	0.9388436491728629
-8.571205231369934	0.9999999430856923
-1.2241162546503226	0.9046943134316229
-8.01924475098135	0.9999997971473858
-4.245438295177029	0.9988242195969989
-3.029234900183506	0.9854552934846387
2.494736918395425	0.7566896647558781
1.2071029843302696	0.8118920375406141
7.244025520527661	1.4789704489738697e-32
8.217100804580866	2.5215058726666847e-47
0.40913987780810146	0.8369121277814565
2.8574602285749418	0.7238062816607734
8.311086633883509	-2.904704716411004e-49
-9.149516181621667	0.9999999849716681
5.690115363005974	3.23781061716307e-8
1.8273363282771715	0.7911466977843226
-6.27799949012652	0.9999888229684971
-2.444609506800357	0.9649079844546725
-6.415700376309736	0.999991859461463
5.518161164148484	5.016424604987447e-6
-9.130802492845884	0.9999999843099454
-8.535559416681231	0.9999999382172527
-7.384488013736168	0.9999991251547329
4.233397753162752	0.3104503095199401
-1.8947710764322387	0.93831177291437
3.4248673021484635	0.6273004915653244
8.251987946611386	-6.092638886481472e-48
4.791940036656994	0.05275251238464557
-6.036940119457852	0.9999805324686628
-3.57668202428131	0.99494617296837
-6.100127001834634	0.9999831675285115
1.0894780377029853	0.8154231743613988
6.2033144676704985	-3.942855976452214e-17
-6.5541542145612075	0.9999940813945063
0.4960860341623494	0.8339988634314008
-6.8143230466381155	0.99999674856775
-8.219311856189542	0.9999998720282226
1.809245735849693	0.7918487163629999
-1.3766195099399638	0.9121741958437036
-4.253457132831215	0.9988452227804168
-7.9954844216335985	0.9999997857401508
1.762457309244759	0.793524888244551
-6.421060972738171	0.9999919593080902
-4.9909704835852775	0.9997844710709233
-1.986653098892175	0.942988552475446
-6.687633436484326	0.9999956473440362
6.667664841841635	-1.0656965616622105e-23
5.780657655072346	1.6884950397094319e-9
-2.721018288879886	0.9759977426036935
8.60430139068621	2.9767071214195184e-54
-6.377801665039402	0.9999911173005075
-2.9596282741285096	0.9836028608614963
-2.7055681614966876	0.9754405601288977
8.648982916533008	2.2342638011624277e-54
-9.4332112310983	0.9999999921798379
-6.736176799220566	0.9999961076209768
-4.676428632274385	0.9995574214119362
-3.6492254537265056	0.9956586488661298
3.7384087754506226	0.5336843089360559
-8.57786532278297	0.9999999439518363
1.4106635785859556	0.8054470114562147
-5.38326381001855	0.9999124268874389
-7.100327177485575	0.9999983169976235
0.901303943706818	0.8212618605080976
6.633522253444912	3.946930482277287e-23
6.5582098568911995	-3.522517168904621e-23
7.214514081187531	1.4880174758438262e-32
2.3453309907981676	0.7664161389226324
-6.238916923504676	0.9999877707576633
8.149140282472615	1.9322126988622026e-46
-5.786459029957096	0.9999653538782837
-5.4650835611467175	0.9999274417720032
8.11928132592567	3.042377046368252e-46
5.672535755068623	5.18269800100525e-8
2.342873980206406	0.7665600370158779
-8.23818326223054	0.999999877469897
-3.5140323563735576	0.9942476884103415
8.112850585983814	-6.348641549856148e-48
9.900133383082135	-4.05807099658027e-73
-9.30721643004361	0.9999999895477317
9.748824728821475	-4.532810392641424e-71
0.4957039516257531	0.8340115433054134
0.17659700491834407	0.8449067675730408
-6.036322337944373	0.9999805047675594
9.930053387368023	1.1080682316730198e-73
5.015732381258772	0.010783265744689446
6.323347377522786	1.8429349269108734e-18
-0.35908454417344693	0.8654066967957553
-4.986716943352496	0.9997823593623189
8.09907432868971	-1.132641102154074e-45
3.9532634614766238	0.4478631666462517
3.312013025375933	0.6532826451596162
3.7250657959017275	0.5384798362993509
-2.9960011338174164	0.9845914780539748
-3.5026215433960806	0.9941115696680385
-5.231108732376697	0.9998757792648532
-5.9794759343377635	0.999977779690082
-5.881043163811337	0.9999721303319195
1.664143327269393	0.797037111371104
-4.967671825163906	0.9997726488257821
-6.135555819916507	0.9999844857445693
1.9904708197430665	0.7844571033241898
-3.258271794736438	0.9904421545100404
5.209802024217227	0.0013540819108275382
-5.725468857575606	0.9999601344719273
-8.88528132200375	0.9999999723849634
-9.09728855099842	0.9999999830512212
3.159984809427705	0.6814890183903732
6.462418477268788	-4.920934126839257e-21
-3.775682175135988	0.9966843540929952
-7.333138929948406	0.9999990153558573
8.54787817494358	-1.4136055901284945e-52
8.433368265062711	1.201686182081373e-50
0.4274856273222394	0.8362916254654745
-1.5395102285508209	0.9203241726664209
-6.418124876856974	0.9999919047729029
-9.111644341342004	0.9999999836023107
5.403704433407475	6.01557893261667e-5
-4.059319363410161	0.9982179087747747
-7.539008933227653	0.9999993870674128
-7.434741487239558	0.9999992207468181
-8.68875650430625	0.9999999565819536
-3.7431195921937332	0.9964442344480958
2.180483678152685	0.7756375115717852
4.922463780196878	0.02305968021766893
-5.589677807467219	0.9999455175951328
-3.9226692421346643	0.9975908512991006
-9.84424076962183	0.9999999969648069
9.756283327681345	-6.306551104728154e-71
-4.644446215283313	0.999523931701533
-6.440472631256018	0.9999923107328214
-2.8930974366163698	0.9816764182114375
7.9283785194455625	4.4660209814523256e-43
-5.747552691243603	0.9999621094058493
4.129521207266183	0.36234373858589697
-7.318514195927537	0.9999989816342767
8.52934482945965	3.2577889629179428e-52
-2.176617407086252	0.952398887975581
4.741648565888742	0.06674622214496947
-0.29028874449026354	0.8627098164078427
5.669210619515152	5.7494194423865525e-8
5.379638629553135	8.704001802632659e-5
8.497586745905007	-4.145737771233801e-52
-5.538866326622842	0.9999387640214623
2.550834256100515	0.7524896829823525
2.217309178223834	0.7737019791226728
