-9.315967390143154	0.9999999872521488
7.842858494931406	8.893414331163844e-103
-3.973732005199526	0.9972896868112481
3.036717320123671	8.551190957021226e-30
6.504924224738534	-8.11547473096848e-83
0.9911549038163159	0.013686999115869776
-5.138422499117432	0.9998085995596414
-4.023811847679002	0.9975762780020229
9.500793080644911	2.164917370978183e-128
-7.311030300928025	0.999998710660677
-1.042469447836183	0.7705321452227295
-0.7496734312519937	0.7072600520777276
6.748178956108596	-4.218631784362845e-86
0.19032790040970582	0.34084698533732677
1.1004076877571798	0.004768274473710536
1.00061807387236	0.01261146105116701
5.369565324153118	-3.6248037932835294e-65
-4.75231076435334	0.9995359384010774
-6.492215588616697	0.9999915054036843
-8.309651856234254	0.9999998706543054
-6.918310050567773	0.9999968152374991
-7.378989442303574	0.9999988974226102
8.130243646862503	3.494247147219254e-107
3.1706394310010833	1.4375837965617565e-31
-5.0407758885062215	0.9997604873159663
1.3755016454300595	9.58816879865198e-5
3.388504043369039	4.0828114943836576e-35
-4.268646180252831	0.9986030229615378
-5.448673653581357	0.9999061960018694
-6.906680996384673	0.9999967288108268
-8.16403125833553	0.9999998191277172
-2.2364703119717255	0.9306640801349602
-4.287463324179801	0.9986612874821797
-5.126213913025013	0.9998031560700275
7.132200844335202	4.535803037416934e-93
5.355781498961614	-1.2316915556151309e-65
-5.038139261802548	0.9997590331822303
3.1879740172034623	-4.479682360088113e-33
1.2515059168642786	0.0007727533038075669
3.059393256709537	-1.1276307430649772e-29
9.261993118588336	3.1366391550450103e-125
6.149957713307778	-5.800271901939129e-77
-7.73821861413873	0.9999995178488276
2.3576849765559835	-3.3348202393728147e-19
4.061134635930923	1.106385456933981e-45
3.4667965644375407	3.7796218059236923e-36
-9.137407824236426	0.999999980769232
1.8246718531220285	3.7598753029523164e-10
-3.3038828463444414	0.988602137906479
6.339665284534007	7.447491540926754e-80
9.182637807833455	1.4337831863309751e-123
-5.729136469816134	0.999950795948394
-9.492707694273065	0.9999999915141236
-9.733538208518592	0.9999999951262184
-0.17018252434911396	0.5182733509134899
3.4345506073490206	-1.6042648295177585e-35
1.9729394523667487	6.571826387789489e-13
5.68381694937781	-7.404678308847432e-70
-0.49554695414981254	0.6373850468304405
3.7386121150508203	-3.9043770675699884e-40
-6.163320117845772	0.9999818871826446
7.77837927285805	-6.064606502428048e-102
5.536296197641626	-8.986939696457125e-68
7.788205694931925	-5.390388199345831e-102
-3.3465482676734304	0.9895499614468666
3.4804510136598843	1.8488991462397162e-36
2.6502740256644675	-5.482790682115e-24
0.5546439083707444	0.14520798941605065
1.1059984663420295	0.004484383616785031
3.668369528458033	-5.688018138605631e-39
-8.480834813394317	0.9999999127894412
-3.390196428885588	0.9904462680317473
-1.3080945769891006	0.8168187284745979
-0.035566489456403616	0.45782837076627064
-8.50992860154082	0.9999999184403076
-6.167970834226244	0.9999820800683749
6.201440631653714	-2.3094340807832055e-78
9.856453503533636	5.704010657165613e-134
-6.080141226130671	0.9999780646751216
0.2629730670307495	0.30163539607705536
-4.761530236021643	0.9995456310263771
-3.017480985493677	0.9800750215047916
9.55445898353858	2.3887293345422184e-129
-7.78994846826655	0.999999571990207
-4.1500380895787226	0.9981740865025762
5.804428445303955	1.116908789177894e-71
-5.311060267453533	0.9998712801833224
5.385668130686234	-2.557827694454108e-65
1.8894747792740496	2.952306473220309e-11
4.006009724239	3.826106961369349e-44
0.06353988846181657	0.4089583000838044
9.859176298540369	4.540720637935412e-134
-4.145219499284436	0.9981541716358862
-3.2716954232914963	0.98783742092663
1.8852914768231734	3.312137992929175e-11
-5.090903676456042	0.9997865274569955
-3.254670707266154	0.9874149610556998
4.397771832765933	-1.238247429975585e-50
-4.676616309711723	0.9994481839007201
-3.1010540442103585	0.9829902543384093
2.957345052232526	-2.007388349832261e-28
5.261094737263946	-2.454287023721328e-64
5.117544061157968	3.2353663153657585e-61
4.427990747649622	3.3081603689752924e-51
-4.814321058825	0.999597377120969
4.548016056784325	-2.6290329596598776e-53
-8.19443642990834	0.9999998313574295
-3.433122885072848	0.9912597915466644
1.223404588463346	0.0011610403672313837
-1.7662951312208186	0.8807159430198337
5.3473772040364445	2.4283849395607115e-65
0.15938914426993378	0.3577773760326264
8.091527420911152	-1.259065841948033e-106
-9.758640536525064	0.9999999953999368
-9.648451974416954	0.9999999940713977
-8.285049040608898	0.9999998631153417
9.471281583719904	-5.349691731030031e-128
7.306930125220688	1.0739866677514563e-94
-8.61810213134794	0.9999999364226921
9.659848829380028	5.459286826799007e-131
-3.8289588953797438	0.996265031550364
-8.725780225460333	0.9999999503837402
-7.08584563175787	0.9999978345552799
1.3509868146125026	0.00015213757209208009
-0.5350754848558825	0.6496110261027376
7.883607886275392	-2.3554740424445756e-103
9.036717547151412	5.487158806733661e-121
-6.280284534727558	0.9999861629095468
-0.33972589429138367	0.5851299923036929
6.007808448359629	1.308809019646824e-75
3.448149338438661	-7.224558299196149e-36
6.993027274719175	-2.391888963526184e-90
-1.413871637421531	0.8332432829365224
2.8119679392467756	3.972251521148406e-26
6.355271430251012	-1.0750556571343429e-80
5.463933581093894	-1.9054659112888933e-66
-5.438433777814224	0.9999039606406073
-2.158205769329009	0.9233338552601275
-6.76736053218657	0.9999954916308534
-1.158737492693561	0.7921002672491015
3.6076441680910207	2.717381118010669e-38
6.882909048269454	-3.536467979891359e-88
0.7040139290921097	0.08153253598811515
1.329409364815266	0.00022339267201739417
4.599792146287394	2.7147602077723937e-53
-3.063394824926924	0.981723436795192
-8.623747732809877	0.9999999372438158
-2.4315053041454426	0.9470525326241649
5.199702527308281	1.6292635701234975e-62
-8.763126799793191	0.999999954472131
4.599719567968732	2.7110796942759273e-53
1.7196685801888645	1.1932063813534335e-8
1.225411738478721	0.0011284486301868812
7.3301767272553064	2.574279258197812e-95
-6.896968718297831	0.9999966548344925
4.464747328933507	-2.190915521855271e-51
0.09366475004252806	0.39311525293104593
6.479822631957543	4.045477542947613e-82
-6.946686095757366	0.9999970166643624
-4.748918178130852	0.9995323201907409
-7.132330375171083	0.9999980543554284
-9.049943016720242	0.9999999764786932
-3.751135719991212	0.9955701534041319
7.09690962917341	5.556521768619955e-92
0.3356653513441046	0.26190591237774535
5.775709098679599	-3.720266643700317e-71
5.681490900700057	-8.058563423502547e-70
1.0663423497944855	0.006809672755800491
-6.715301863401901	0.999994917527369
7.619223072002185	2.503744303099755e-99
-7.418421735134211	0.9999989931209485
-5.160017345857146	0.9998178630263016
6.596694823396618	-6.256833047713779e-84
7.331232283264363	1.92752367809552e-95
-3.5951240978176147	0.9937924858070178
2.410941087671299	7.807793085002363e-20
-5.308900291285608	0.9998706394316074
-1.4876973685629125	0.8440526493144487
7.861408365585266	-1.4417957747166165e-103
-4.221207793530812	0.9984448480756233
-9.249764537810826	0.9999999851529593
6.9725663039350465	-1.9419207002311565e-89
-4.432553981782572	0.9990369935612177
0.774553288186528	0.05739114417015844
-6.21424649248381	0.9999838909275244
6.916862238307399	6.378002031586103e-89
1.667566852319693	7.583988626041314e-8
2.664993739707068	-8.611734780878827e-24
-2.601674335418207	0.9591061452947514
-0.5708932288789637	0.6602575350390592
3.4917503266590533	-5.018531308610278e-37
7.1505921701341855	1.0000213311765756e-92
7.694708972740244	8.20096658305359e-101
-9.437711438238171	0.9999999903685218
6.696248698495641	3.483375417432853e-86
5.49394887408849	1.878495062189743e-67
8.729969893199744	2.199621457535322e-116
1.1313043499542097	0.0033572914875289457
5.445151150811633	1.3552542126292818e-66
6.927037026224909	8.546157375626062e-89
7.301006026911054	6.00289008315282e-95
-9.985816043349205	0.999999997031363
-9.337528511232112	0.9999999878695776
1.5584131334094167	1.8279447980921502e-6
-7.992011321534314	0.9999997312232354
-4.053283062451234	0.9977309449984353
2.798868399192372	1.0291901955087058e-25
4.161175093055714	-8.1118465196100575e-47
-1.1846646358754054	0.7966440070483408
3.7468576838456613	-2.3982483621765163e-40
8.526771881049182	3.041343849795517e-113
9.589014970503627	-1.5670578184547845e-129
6.876027211776169	-3.77234741199676e-88
-0.24060472754063866	0.5477367740718855
4.359061611313821	-2.312466005110868e-51
-6.943766590360614	0.9999969965420417
0.6906083947420925	0.08668185927761157
3.77495976958353	8.360760885227901e-41
1.899645575134329	2.019942395297382e-11
0.8422623012447694	0.038857813092353824
9.806950989667985	1.8168925330963527e-133
-1.1707547590583367	0.7942179211669909
6.611961821219801	1.545870882145167e-84
2.83405296271642	-2.4861859929759086e-26
0.30105249881700935	0.28162597080026874
5.7421921136093665	7.172076266394029e-71
-5.414477665835777	0.9998985210929813
4.792625495816294	-1.895051946421801e-56
-9.56271285455195	0.9999999927774343
-7.13218203130368	0.9999980536907482
-2.370144231773126	0.9422074530288267
-0.7859706147305232	0.7160780933936708
-4.691859072033324	0.9994670897673419
3.1575461670253713	5.843429856657611e-32
-9.839658103155822	0.9999999961827876
-7.231708772344216	0.9999984522981218
0.039821207069072884	0.42119783458683874
1.3702795855195795	0.0001060313068014094
6.721110407715724	1.1162625621962521e-85
7.30459136489095	9.404256989364629e-95
4.423345938274865	1.3371673944280232e-51
-9.440585411866124	0.9999999904320485
-3.887852702274084	0.9967202819836168
-3.235783138270789	0.9869312693943543
-4.837130563495231	0.999617879642902
3.6707210550916702	-4.912116962333409e-39
3.4002345423833127	6.659278191283735e-35
-8.058556929168779	0.9999997694068787
6.579483763252192	-1.46003730143268e-83
-2.145480593912592	0.9221207186979488
-5.426057699038052	0.999901187859134
-7.0900524386726005	0.9999978554291876
-4.58041016192225	0.9993125117989581
0.9395568141658117	0.020712195250387918
-2.056386594946531	0.9132669628470813
-1.592365973107599	0.8583168387092739
-8.457124763762867	0.9999999078958632
-5.583065070308462	0.999931140235538
-0.1330141629387338	0.5019945654913259
1.8015304118223554	8.328402273540809e-10
-4.954456466661492	0.9997080131974381
-7.67237661132306	0.9999994389199329
-0.10671822272398046	0.4901801071060079
-5.706961984708507	0.9999482200934431
7.132474091404816	5.260690171857549e-93
2.1017152849236496	2.989205134369718e-15
-4.8598581863097	0.9996372749793092
-0.5278052456414262	0.6474009803354194
-2.2534344386636196	0.9322001749186904
-2.815186669181764	0.9713016259649542
-8.549827366521683	0.9999999255993337
4.641441032244554	-6.342124631325775e-54
0.046917055660040674	0.4175501809319102
-7.177284010656422	0.9999982456716396
-4.81970846004574	0.9996023162244062
-0.7289408363576833	0.7020967495328972
1.1202298254583454	0.0038168384526070863
-8.240099825319422	0.9999998481887802
-4.006122659913243	0.9974785765028557
0.0003781520172161379	0.4412086340947351
-0.1584316976111566	0.5131877431357401
-6.312464376997111	0.9999871509730529
-3.7107036513693537	0.9951622815007259
-2.3662463261096445	0.941889725212664
-8.957913574715374	0.9999999709269297
2.770224679123645	-2.460472649965733e-25
-2.917423324689703	0.9760553614581942
-1.1022533953458726	0.7818531068293212
-7.647950259234877	0.999999406458579
3.302344240803432	7.552263984533674e-34
3.0139913995351506	4.968756419090688e-29
-0.9442444016900389	0.7510249082471405
-1.2757312996451642	0.8115524774928484
2.12551006547562	1.809272405565604e-15
-6.842347993459703	0.9999962065367376
9.544967016974102	2.2149403078262072e-129
-8.19213565826038	0.99999983046165
-4.050751401938029	0.9977180445837487
-1.2174101383115357	0.8021902777516344
-5.509894294595736	0.9999185168494179
6.0315104173687	4.483938237596972e-75
1.287839049814675	0.0004476719907994352
0.45283080085940064	0.19690979525721478
-9.741427031482775	0.9999999952139499
8.078996451662299	-1.5275423818409813e-106
-2.886100011776014	0.9746704094772648
-8.513140643836486	0.9999999190412984
9.860282319308979	3.997831141091662e-134
-3.282854444546741	0.9881075134134134
-0.6209086795777274	0.6743057202939771
-4.587383352921894	0.9993233704850679
8.615950874206494	-6.4177040509264835e-115
-6.147388062166028	0.9999812105349666
-8.329670593123343	0.9999998764811441
8.24669749835926	-4.0374185720654305e-109
-9.754041023053666	0.9999999953509596
-4.883926229780289	0.9996567461698075
9.721783042100487	1.9058166271821307e-131
-8.730613621512052	0.9999999509328695
8.615281739224375	-6.328604375500448e-115
9.522040375121247	-1.0298352138396496e-128
-3.237839007250791	0.9869846951048057
-8.083030841298836	0.9999997820421882
-7.064360518015977	0.999997724736987
9.11425135073316	2.9099659069292237e-122
1.1763105760139858	0.002063209728024362
-5.831672973450335	0.9999611384172287
-8.421400722819739	0.9999998999992639
0.4327259587934904	0.20778190447802034
-4.549368899302855	0.9992620400021505
-0.3145321930914733	0.57643565500979
-2.9710386341265504	0.9782841575953051
-3.2414462184962067	0.9870779741467172
-5.223806566824725	0.9998426944937333
-7.204347233757282	0.999998351654436
-7.799553230956056	0.9999995813520142
7.67043428178593	-4.886885978389094e-102
-1.4570378533426442	0.8396352047179239
7.490254508094072	-1.9093702949433223e-97
9.781451521867393	5.954437742495351e-133
3.8671949111117634	-3.552569258372461e-42
-8.759298680373732	0.9999999540690431
4.6685715711428255	1.427719583227989e-54
9.219289761055425	-4.141978772317796e-124
3.841680613413141	2.613791085866655e-42
4.786206356314565	-3.423812225170845e-56
-4.18322690221602	0.9983056551713618
-4.6979536580871395	0.9994744676117603
-2.924789817456923	0.976372116964679
-1.8861305212591262	0.8947067452131657
7.8472810706027865	6.095808604466174e-103
-2.2047755791472845	0.9277409079417368
6.014777403368832	4.2452634653399236e-75
9.79084984828129	1.0905930648503975e-132
-1.8934345927322447	0.8955448783853722
-5.509572043834781	0.9999184564271267
-5.776193227661084	0.9999558458652252
-2.7861966744713706	0.9698279497776346
-5.829043925983801	0.9999609025667013
7.424305486088876	-7.776758826119879e-97
-6.973275739878364	0.9999971938346011
-2.136873933749257	0.9212955137807928
-2.452493839408052	0.9486410067989672
0.23984036352062255	0.3134317876010888
2.1763654917063278	-8.419571990863376e-17
8.464479237667078	-1.1170458126866026e-112
-2.1898517702682296	0.9263371331569059
-8.31281188156414	0.9999998715920327
-8.089320488591634	0.9999997851759738
-7.81557677123041	0.999999596516811
9.547735963605362	2.6072833130972072e-129
6.178470443428779	1.6057679134448368e-77
-2.5032012541923976	0.9523737793570458
5.4917936291733405	6.431620487595742e-68
-9.237626581103164	0.9999999847321518
-4.167234874143406	0.9982434605413805
-4.50347551213814	0.999180620120468
-0.7104084949085365	0.6974090024004108
-7.43816057743218	0.9999990378591512
-6.970621612618451	0.9999971766334047
-5.164864590924512	0.9998198800399138
-4.598745479786803	0.9993407005606837
-4.298709043741162	0.9986949604779993
7.257253530977579	-1.0861750396059934e-94
-7.572691309313742	0.999999294155424
3.428370300813132	-1.29296886476687e-35
-5.575920254393054	0.9999299990106305
-5.899457694963246	0.9999667519450761
2.8961187613481556	-1.427501301281896e-27
-8.740896009824812	0.9999999520809327
0.2726454591801364	0.2967543950291319
-6.7635637031305285	0.99999545204584
-3.318133386667248	0.9889268918542508
6.124310386876122	9.047373591486286e-77
-2.588567975703313	0.9582509063312934
-0.5378354010589348	0.6504451110340673
-2.7303560382817427	0.9668375732491364
-8.566315592815087	0.9999999283710481
-2.471289168090456	0.9500404082539893
-6.235973948249773	0.9999846768765401
5.877100086033398	6.36793390366548e-73
-5.543787820038779	0.9999246284479748
-1.6112095509554525	0.8608585282404917
7.205547053398234	-1.3823298422403747e-93
3.611819022619285	3.110436607234734e-38
-1.3150009607414415	0.8179241395691553
-3.445646524251571	0.9914850072730549
2.419857961194097	6.412195841112993e-20
5.47556583837444	-1.39802434142371e-66
-1.9334636164202514	0.9000639930182359
-6.7904576695999275	0.9999957251233789
-6.78440748305051	0.999995665156036
-0.737087946215258	0.7041357513651235
0.7416862141832645	0.0680373251659511
0.3898898637327761	0.23143190624157975
8.122618787751058	2.9049298552327e-107
6.188786373731951	8.772480005671177e-78
-6.166368620699734	0.9999820138505322
-4.752253602558203	0.9995358776688338
9.84373272681449	4.1030560772490647e-134
-9.714355047941927	0.9999999949061132
-3.089487874766803	0.9826091354200445
8.896149165682186	4.5121159710941293e-119
6.965045632316755	-1.790401265085024e-89
8.79278614075183	-2.263212402705787e-117
4.075031287238598	2.2114305250317933e-45
2.8633915122722087	5.715425706649673e-27
-7.1231953274817394	0.9999980129977426
8.850640741516465	-2.759536557472656e-118
5.099837685081106	-1.3147066157297935e-61
8.540046066427717	-2.030718818391818e-114
-9.372307291040176	0.9999999888031247
4.35090653243353	-1.2194629373445655e-49
4.206518625450872	1.3776877770832577e-47
-4.559966512153193	0.9992796713331767
-6.286665431888481	0.9999863646898358
-8.362446402951553	0.9999998854599098
3.9432579892262964	2.8525704086073133e-44
8.079344835846651	-1.532020889377283e-106
-6.431600229250005	0.9999902332245919
9.856341446582885	5.745156194375431e-134
0.5363432028123238	0.15350740004820326
-8.051932413730505	0.9999997658625702
-7.503930793269391	0.9999991730691763
-8.809382871343892	0.9999999590719013
-5.926846958000795	0.9999687832286052
-1.396708561712332	0.8306472022849111
-9.540498159552392	0.9999999923983798
-0.46387329650372955	0.627276364234644
0.2823892885617383	0.29173963047280305
9.749956726406182	-3.682202293912379e-132
2.684998652042122	-3.027623597879417e-24
6.387020068641746	-9.650850290758428e-81
4.2653477137006846	-4.435772724315257e-48
1.1965373782375899	0.0016504869397943112
7.354224041998375	-2.3495246929706784e-95
4.67756873302041	1.3824145378801928e-54
-3.0834387296391386	0.9824069959230255
1.2635009596281819	0.0006481174037510556
7.376760086239923	5.626791922371149e-96
-8.535334945248248	0.9999999230747005
2.881357771412226	1.7149451844692984e-27
-4.55683598807322	0.9992745069836632
6.072954125883076	-1.1094334164728421e-75
6.18218257864708	1.4603578423748508e-77
8.71234392088834	-8.43038947676047e-117
-2.6422246698175345	0.9616729269498228
-3.9024504395618864	0.996824594508079
-0.3131252670156961	0.575929392931415
-9.201976125552731	0.9999999834259626
-4.212876270765373	0.9984153086505323
9.217809663819185	-4.084893527237132e-124
4.6577769057238285	-8.092232514752047e-55
2.6872201812546983	-2.2338995400937978e-24
-6.544976826969058	0.9999924770735604
-5.384745333637659	0.9998913401174686
2.480226404252779	-2.0427374460328732e-22
-6.889300975239374	0.9999965952515208
3.1793724159417724	7.364350905724782e-32
-0.2977980385104573	0.57025569308132
-6.714823686235345	0.9999949119286037
-9.363555606833454	0.9999999885751997
-5.264908063402429	0.9998568737116368
9.901617703673708	-2.7292042232514454e-134
0.9324458256021284	0.021871342675308544
-6.219289285456431	0.9999840768594113
1.7905150846607487	1.0700109766274681e-9
-2.7916438945987654	0.970109163883576
-4.708730975839712	0.999487266642076
4.329354735470034	-1.648786822516464e-49
6.222417695696475	-1.2837306058437033e-78
-6.291073148246209	0.9999865023530559
1.9074869791102511	1.3375796871360623e-11
6.505118059225833	-8.251431442356643e-83
-6.890791668709619	0.9999966069175699
6.1567758845305605	-3.3072009921256536e-77
8.17258045423225	-7.969514892823355e-108
-4.141254139671928	0.9981376239925521
7.232143876601441	2.0398084839481733e-93
1.4613065230186972	1.6070686772849605e-5
0.47791492812613967	0.18354952420923878
-7.958756156649764	0.9999997098338261
-9.022553796971593	0.9999999749475282
-8.715942898948317	0.9999999492470438
0.9471704658437332	0.01953131823224606
0.9347179538158912	0.021494821301095746
-6.4111576897175615	0.9999897625631052
2.2413583386587668	-2.393684025952221e-17
2.1002966100295772	2.785113210118958e-15
2.2291212346934977	-3.869604922412908e-17
-0.40882919352160485	0.6089765714306514
8.39629480551924	-2.672141937197722e-111
-5.038562239559239	0.9997592670512193
-4.606173277255654	0.9993517910960465
-8.723045116702393	0.9999999500702812
-2.227723690939216	0.9298645776434333
4.822105937912241	1.2683983633448742e-56
-1.622111489246274	0.8623110581604749
7.944143535349216	-1.4546465885229607e-104
7.1579885097441505	8.168916771196805e-94
8.044211233326717	2.608337649647036e-106
3.662639003105843	-7.049568769470098e-39
-0.6440211709346002	0.6802354583705953
-6.211294961551088	0.999983781097055
-0.7842641120487883	0.715669494510411
4.13184278154354	1.5207807587255691e-46
3.98818409940203	1.507343485067253e-44
1.9040376555051974	1.6273483190535997e-11
-5.587241920037376	0.9999317987642571
8.564963422148836	-5.542050262890099e-114
7.699084331479753	3.4299697108668505e-101
7.893571539591946	-7.706307870785434e-104
5.312259847919115	-1.940583097451895e-64
2.2460126076522045	-1.2810344518352922e-17
4.227560530107031	1.5567759013398098e-47
-1.7339077293419436	0.8767216205873576
0.9652785295074295	0.016944325787034534
-3.9976616116482466	0.9974305036198916
1.5748040633859475	1.213791899454199e-6
-0.6498131559306675	0.6816984029352722
5.297810093830751	-1.2714222181217504e-64
-4.116335364661126	0.9980302694825289
3.1038810089448035	2.2715383746463312e-30
8.902118647990164	1.8685225167756605e-119
-3.738475377466961	0.9954460789348385
-7.0940723416811435	0.9999978751876398
-5.29105402870615	0.999865222087125
3.291843037061115	-8.704318967788702e-34
6.5479695053701406	1.6675539522274875e-83
5.631341579073933	1.2613092256693046e-69
2.2284451793159477	-3.826812563500003e-17
-7.9890760022452945	0.9999997294004669
1.27539143457283	0.0005427867607983188
-3.2048538780378832	0.9861041445759204
2.668206084195326	-8.2002173418539e-24
4.580685722808742	-3.796288363534483e-53
8.842238620508972	-9.818857350320717e-119
-8.052820980203927	0.9999997663411228
-2.5167243066870704	0.9533406234749331
4.253922182065537	-3.862845582165438e-48
-2.898913863159045	0.9752444549248079
-2.089705454313542	0.9166573748981763
-5.5309250485604	0.9999223649377549
0.2107447771380233	0.3294934247824077
-5.414710517462953	0.9998985754182795
-4.6120658606996745	0.9993604575813444
-8.602022083675172	0.9999999340245868
-5.094810662122193	0.9997884342520071
3.132241999201554	-6.2989992301507015e-31
-5.822327985065359	0.9999602935656376
-5.013217113133384	0.999744845978635
-2.4244399593616484	0.9465103824899586
-6.533602926123709	0.9999922774703475
5.236955303893712	-3.892355367625987e-63
-3.5910651681602346	0.9937383492518382
-6.892690029914741	0.9999966217161848
-2.8202519991511243	0.9715532261404657
-5.14989744348695	0.999813579000227
6.314488224809107	9.731203736024749e-80
-2.280574893212033	0.9346157390278682
0.36572735652447896	0.24496655268506437
2.1792945275597564	1.3070799440753627e-18
1.010307637966008	0.011575838394640544
3.3295274538490016	6.909548194085523e-34
-1.354408073873369	0.8241379407584389
2.87807648143421	3.0194435715109016e-27
-8.582298205766872	0.9999999309591665
7.590103935208585	-4.608215113586427e-99
-5.6581776323383215	0.9999420688339977
-6.095931593972703	0.9999788476758622
4.168788756138117	-8.962990181658981e-47
-2.1742856307405845	0.9248611224510578
6.616994860940636	2.7388971165909203e-84
7.6445358252943265	-6.288921257813309e-100
6.54685526912575	1.859152318965139e-83
4.916049216234363	3.8535814565178815e-58
4.699336572882276	-3.265849911439131e-55
8.362206509179583	2.8716344815548124e-112
-8.816441450657443	0.9999999597317293
9.305905813780196	-2.648208288787869e-125
-8.242746631065213	0.9999998491111748
-1.9002543808718322	0.8963245786504748
7.86853363038982	-2.9357580640800375e-103
-5.157689398048357	0.9998168863308767
7.13122316425595	1.7178160650072075e-93
-6.635337231852412	0.9999938901000317
-8.151100124011187	0.9999998136611924
-4.938346829315092	0.9996970204984883
-5.216654775122245	0.9998400878034551
2.2142498050017636	2.383778726080418e-17
-4.168906664521628	0.9982500655179354
9.399720532657597	-6.346229656961714e-127
5.619692411346865	-2.2992630530900106e-69
4.4575269943666775	-1.5794693538748154e-51
6.506348923354114	-8.974990197941345e-83
-6.908384006058528	0.9999967416126634
8.381490183805251	-3.8943002912687806e-111
5.443554774901562	1.9314660461592433e-66
-4.855142926461702	0.9996333333596062
-5.5700112823843595	0.9999290409252214
3.5971523919091517	-1.462075686109572e-39
-5.957106542012904	0.9999708834563892
4.200530180799387	2.4561270886039118e-48
0.9213514396095981	0.023783826457020013
4.206919866916294	1.4314537833270876e-47
-4.334931169831293	0.9987978518969345
3.6452809202419	-1.9447706819639685e-39
0.8302150210046335	0.04172186847724578
0.12286712424268487	0.3775215513225753
-1.118612131005312	0.7848712865453479
3.8745243000218856	-3.1669181140350776e-42
1.1841820693604177	0.0018980810040138715
4.222622155051351	1.881127214457412e-47
2.4127250624454852	7.728961676615687e-20
0.421453065509926	0.21393458564843176
-7.268125067679687	0.9999985767820783
9.318537311232234	2.554251174370523e-126
-8.982344895433588	0.999999972517294
8.629753149908957	-2.5562983850936054e-115
2.227550471245813	-3.7421792424400024e-17
6.520458650706566	-5.3446897824871604e-83
-0.8239826324470201	0.7250435641847159
5.817052511003862	7.495439945363743e-72
4.252625238874771	-3.5042802680602507e-48
0.9366817997123711	0.021174072695051525
3.630300652006362	1.7837946747301472e-38
-5.92691444953104	0.999968788077586
1.2487250652104898	0.0008047620590269378
-6.978418648567262	0.9999972268675504
2.0299928058080106	3.54348925962612e-14
3.137699673408072	-5.912164482139981e-31
-7.6566969750807035	0.9999994182928896
8.41631364320337	2.4327870320732955e-112
-6.759270747146955	0.9999954068694188
5.892744555757105	1.3798765614874702e-73
-1.5718293566384478	0.8555261719636327
-4.449270777138037	0.9990729417637361
3.998074129485918	4.274540964267614e-44
-7.168434436772286	0.9999982095579735
-3.5979605128498937	0.9938300578294225
-6.559666216781541	0.9999927272484977
2.6974109642995447	6.807765734347298e-25
-3.7040124053971946	0.9950914457362459
4.142501100911762	6.855635508711956e-47
6.842105323555142	6.326410322807158e-88
-8.167195430133521	0.9999998204407281
9.288452675402581	-6.167164566923003e-125
2.7678045525609463	-3.0051407519539646e-25
-7.539734045017763	0.9999992385062596
-2.826339496804473	0.9718533141831976
-5.530495438563889	0.9999222881768475
-6.8997774094311515	0.9999966763979626
7.526635104438846	5.435768754117913e-98
9.225115449909875	-3.4504351976208817e-124
-1.8310503819802761	0.8884114466567048
6.524548187020951	-2.4838023043401385e-83
-1.5164407426749307	0.8480794857663984
-4.11240452256163	0.9980127917671303
-0.5217487858699954	0.6455454546233628
-4.004026922009554	0.9974667511172324
2.5912485133492567	-4.6037368485895853e-23
-9.598579446879526	0.9999999933499503
6.351377094986816	5.329329771779488e-81
2.4647379987875127	-1.3564640987699443e-20
-0.690631733027697	0.6922816858063015
0.40440358852087854	0.22333980820089455
-9.824295953115993	0.9999999960453461
3.2444682104582867	5.639816759047146e-34
6.116335063080967	2.144229181120122e-76
-9.156265394583723	0.9999999815863836
9.946060037316336	7.331082620627927e-135
5.1030303765053056	1.5846154171985475e-62
6.129175327047264	1.851094204754658e-77
-5.927563557151463	0.9999688346747866
3.123317848843312	-2.720527439436205e-31
3.6739877816889823	-3.7194761482246037e-39
-7.754033227839687	0.9999995350901282
7.297373530445963	6.476928114096528e-96
9.157439591766533	-6.861528645143664e-123
-7.079372347323822	0.9999978020377641
6.453296385233838	-1.279753044738837e-81
2.0774447960079456	-6.3622594532445986e-15
-5.4426238951379835	0.9999048817016106
-6.0342102758116845	0.999975618420185
2.3037196937640925	-1.584992315813318e-18
2.327257842759124	5.698743079556768e-19
-1.9092062370368712	0.8973413776867684
5.417454280243552	8.025231229280969e-66
5.143910396919198	5.656445991174883e-62
-6.771989849178031	0.999995539429339
0.1545313613988064	0.3604240091218232
1.3292244094659154	0.0002241140948667082
-4.214075265574109	0.9984195933493824
9.58192562524383	-1.524820796068418e-129
1.1808385225529285	0.001967189767618178
8.695935268153733	-7.258652885708069e-116
5.938181316975664	3.959563141898226e-74
-3.3024595829046666	0.9885692438805012
8.437410185037749	8.079728294744572e-112
1.499081403688752	8.03777228883498e-6
0.39394932976121844	0.22916302812972783
-4.1967741637094536	0.9983566505911027
7.813986811590837	3.408717258119377e-103
-5.664582004007306	0.9999429162537663
0.5800786046455109	0.13435124578996097
-9.018445208136225	0.9999999747093978
-5.2783146369799105	0.9998612169539934
6.394473915645818	6.073031595229846e-82
-9.59332354326838	0.9999999932689819
7.577575555201662	-1.1631955049042454e-98
4.344107796615745	-2.188796367820491e-49
-7.83321390352997	0.9999996125742463
-6.691965614709785	0.9999946369753193
4.787127297223858	-3.2093731659854724e-56
5.301096418910598	-2.0386313954254303e-64
-5.992874475589187	0.9999731845915809
-8.714136372573854	0.9999999490354872
5.953289949652611	3.6675283059319703e-75
-5.998708001528303	0.9999735422571522
3.193920331849611	-3.103275431201785e-32
6.752023392767342	-3.703984235583857e-86
-2.3858707774117205	0.9434777153473419
-4.831170543613612	0.9996126248559337
3.3218799508774524	1.0805350050257452e-33
-7.170407612799519	0.9999982176740706
2.9446644590471305	-9.434469414914335e-30
-5.2265093419884945	0.9998436685213998
-4.069570189846976	0.9978122573429273
4.479189795550052	-1.8519117943220043e-51
2.5896957032267487	-3.791167308544894e-23
7.1738435462376025	-9.18804507768174e-93
3.473319328091055	3.408684508517686e-36
-9.629336334736935	0.9999999938046209
8.562541003782695	-7.171458393536667e-114
-1.1987431272129925	0.7990629365600871
-5.630484506552826	0.9999382574301366
-4.7174940996962755	0.9994974450065697
4.1599336323007705	-7.728209005391151e-47
-8.323589436909945	0.9999998747394148
7.96463405834708	-6.798879572145537e-105
-1.6426585895275672	0.865025187186975
-2.1134416824290048	0.9190179320061124
-0.5266168301679954	0.6470379012171958
-1.2086979667181286	0.8007437495917358
-1.0161269671963993	0.7653915082010136
3.7440189967685313	-3.0430620079023914e-40
9.398208283984246	-8.786973836147008e-127
3.790441453856923	-4.554238921495671e-42
3.9850686439867253	-4.2812768649029563e-45
-0.1280967472636796	0.4998029625162241
-9.706651653376316	0.9999999948149528
9.45631582883427	-1.804056932445644e-127
-5.173172804788968	0.9998232854850573
-3.600560441461065	0.9938643110542125
-7.049624609612408	0.9999976462132325
0.5295624258903597	0.15681107470572572
8.687689901083566	-9.4726463532707e-116
8.251523545901676	-4.44210474843722e-109
-2.5440494388958923	0.955252354152889
1.0570724164610432	0.00746936095393111
8.265406388937006	-1.7890237594140855e-109
-2.8897178030452686	0.974833539187552
-8.247263839794826	0.9999998506724657
-8.25367889225797	0.999999852861994
9.734622637880086	8.392000101967752e-132
1.0156516879700028	0.011033513907298287
-6.3268809691112615	0.9999875704328607
3.395965267307277	6.686793620611584e-35
-2.0081514112377885	0.9082099070608682
-7.36903708445976	0.9999988718644707
-0.9228501650363885	0.7467808219891907
-6.157476448995292	0.9999816418740081
-6.270331132981686	0.9999858421796068
5.597272521094897	-1.846450070136755e-69
5.461383263803601	-1.825654980844615e-66
-8.095110366180926	0.9999997880209106
-4.54862851561558	0.9992607923497466
0.8576949043562987	0.03560327657725192
-5.929807156696967	0.9999689951999914
-4.782853839727417	0.9995672843922604
4.0136577926800765	2.2177004026165837e-44
5.566154766593648	1.098216647598713e-68
-3.3861667173953247	0.9903664971222446
4.962873691708278	1.0318427684038073e-59
-8.438569047468413	0.9999999038752978
2.0177785180665495	5.2628278863637466e-14
7.900125654615621	1.1682141019030662e-104
7.157026706026009	1.9567005766439214e-93
-3.7026502294423347	0.9950769057752396
3.5648852955141574	-1.4045310401317357e-37
0.8543559380935548	0.036275534823226985
-9.94523072259863	0.9999999970065327
-2.753572773942823	0.9681053137848875
4.335183459705124	-2.5159057740496398e-49
-6.435456548052194	0.9999903195541603
9.59592437503116	-1.3354251244288066e-129
-2.831850446407045	0.9721228549515216
8.962092575109676	8.682249300353447e-121
-3.665749706891397	0.9946672365597471
-8.99223311807377	0.99999997313596
-4.572112651834552	0.9992993656853207
6.861698165620425	-1.5263552368398216e-88
9.349399979622426	8.28702277220465e-126
2.440496039993004	-3.292742954493984e-21
4.143335119528956	5.858055066477949e-47
0.798982507851008	0.05017782242421486
2.896562237138447	-1.4381951630384146e-27
-9.810764449046552	0.9999999959201903
-5.565720252257256	0.9999283369742876
6.542886290220807	2.3802566342263004e-83
-7.957360976141992	0.9999997089001629
8.026910431915763	-4.572011701667618e-106
3.997762880596337	4.252387020131894e-44
6.1575353867335245	-2.991474852983327e-77
-7.379000670318843	0.999998897451115
-4.8811413568339646	0.9996545475234976
-3.2996694099990354	0.9885045141743791
9.301555049903243	-3.7802907140794365e-125
-4.3243446216987325	0.9987686359539307
6.764933493627375	-5.4544277733180265e-87
-4.286789199676528	0.9986592420257231
4.56680533494449	-1.108626209628884e-52
0.4267341409160572	0.21104633369687947
-0.9001502576854659	0.7420601104814396
-4.916516521691627	0.9996814635455659
2.5154705258251084	5.426555292854256e-22
-5.627275546280566	0.9999377998865925
-0.3839492205239168	0.600303717344211
-8.731120796655176	0.9999999509901368
9.372007656613228	-2.8015577394881434e-126
-0.5008854042218314	0.6390633968522997
-7.541471098275254	0.9999992415459168
-3.263631478964477	0.9876388970828358
-2.222984789959108	0.9294292678465532
-0.5269583562398559	0.6471422944228653
2.322624475413173	5.576773609702152e-19
4.468595835122686	-2.2702534488413002e-51
-6.179540028734447	0.9999825510329099
0.9229162786936165	0.023507554249643476
-6.246876341961736	0.9999850566826928
-2.175088370875269	0.9249373387823271
6.394854486432084	1.0082409571473458e-81
-6.753906802856546	0.9999953497913469
3.6440601332759126	-8.120514170236673e-40
8.12214548369554	2.824540545817756e-107
-2.881706533300865	0.9744711796965676
7.8654673781744755	-2.47665548180875e-103
-0.34804503961712285	0.5879217480973337
-7.9922044852354945	0.9999997313427542
-5.582798691416442	0.9999310980229397
-2.4080622543617247	0.9452374946109726
-3.1342027680308604	0.9840435461305248
3.6315750624961254	1.596380330278139e-38
5.609536131787607	-5.874366464325944e-69
5.927121694492596	4.3490130751939575e-75
-4.251844595761876	0.998548897268272
9.770008946011508	-1.9998990919079816e-132
-7.359028589690628	0.9999988455646066
8.311662351635118	-2.2128796718568957e-110
-2.9033172332297674	0.9754393213146756
-7.7756936914087005	0.9999995577087669
-0.4101016789289602	0.6094108197927895
-3.4670047218986033	0.9918569514105499
-8.179106270388647	0.9999998252983165
1.6348171477535942	2.124855742495507e-7
-0.09590853359385143	0.4852155267545638
0.10071669882198009	0.38936208228522523
-9.340613178900266	0.9999999879554305
5.07850710827659	-1.2972788259821106e-60
2.223132911370538	-2.79891178428578e-17
-1.3309128906644663	0.820449336451974
6.780553385464344	1.02551126800273e-86
4.5351802690388645	2.4536439572889265e-52
0.7257754652607762	0.07356003542013034
6.055915734729524	-6.34696106040014e-76
4.250378510815178	-2.7067824297449968e-48
6.421432677233771	3.880093243719398e-81
4.237014573541877	6.980955050746764e-48
-3.736068903440497	0.9954221253040285
-5.9625531636524975	0.9999712462076104
-0.768445824903008	0.7118556653638348
2.666668320446872	-8.433971949402957e-24
-0.6472475314887838	0.6810504167522509
-1.4135905824891548	0.8332009924430086
9.417755180630138	7.659067635611364e-127
3.684976421777302	8.568439391008329e-41
-8.085125700952883	0.9999997830909871
-2.705436316175871	0.9654342643717446
-0.009029266810376413	0.4457669277002218
-9.859034728208819	0.9999999963493535
-0.5698651437051083	0.659956626354685
-0.38934763331539557	0.6022121528693232
-9.08806917953922	0.9999999784555619
-8.003880419301872	0.9999997384693156
3.012559692650747	4.987838497232791e-29
4.282587416528694	-8.217393470292523e-49
6.463214750640432	-2.8040507253777796e-82
-9.281295138787193	0.999999986192685
-3.7737212217923988	0.9957835672789304
3.8202433118965438	1.0297903818187504e-42
-8.062470585002321	0.9999997714755456
7.999868188943765	9.317773693939307e-106
-2.380236343713511	0.9430247616215134
-9.35035005328341	0.9999999882224656
-6.459711418572405	0.9999908453161941
2.3740516628727093	-2.5707923459392923e-19
7.03597805809196	-3.6502409610902563e-91
6.572382571687385	-1.4539606777565315e-83
9.830033360715085	-1.7534874478431316e-133
-9.290258077876	0.9999999864747182
0.19090703822618593	0.3405283649965313
4.272147005613949	-3.276914167734789e-48
1.116659134627188	0.003976737642074748
-7.5596571480030095	0.9999992726504883
1.5369724406028453	3.2244912586154004e-6
-1.5396091522813915	0.8512145743738767
-5.427320732311727	0.9999014744563556
-4.330223930709631	0.9987849465199885
-0.29181120487988466	0.5679735572706589
4.639953711325351	-6.501194355467728e-54
3.001594086990984	3.0929507557498986e-29
-0.9240887471954551	0.7470307038024225
-0.22316569392371122	0.5406224283743168
5.593993700188843	2.0458778713714853e-69
-5.96930805384396	0.9999716898197775
9.130676817284286	1.636977360466152e-122
7.966119724240684	-5.200320821415601e-105
4.487838392808721	-1.106355836693912e-51
-1.3511750207362425	0.8236333350567377
-6.5299744887109945	0.9999922126863189
-5.4681435482683405	0.9999103038699366
-8.724328905589743	0.9999999502176565
7.515400739220013	2.66597131882389e-98
0.6192657970082482	0.11674730636369551
-2.6179285216651005	0.9601494917364269
-9.512319607923407	0.9999999918888066
9.705298533153591	1.3974416114302292e-133
0.11062991574000947	0.38407066462182293
4.135799097443385	1.3577321427005266e-46
-3.675169757910335	0.9947747616825422
-9.927541350612241	0.9999999968820829
-7.5208014079716135	0.9999992045760252
7.875367178564666	-3.146696989124991e-103
7.582718518413433	-9.241178313674285e-99
-3.497762814341767	0.992366562816595
4.1728440302401495	-8.543867525012031e-47
8.731553225578885	2.2287233332746467e-116
8.3680055565538	-1.942092541187777e-111
5.7710194047541705	-4.511721326219406e-71
-7.989493860961283	0.9999997296607006
-0.4550968392941144	0.6244217589554658
6.32925152579439	1.2575912047842166e-79
-2.924838090587132	0.9763741815143078
9.279777427739244	-5.875552075766831e-125
-6.598968386543791	0.9999933564530458
9.169452937810682	-2.4656456733808433e-123
-1.1379591962423206	0.7883890439552571
4.57700466231007	-6.049237838587494e-53
5.995202167511886	-9.23851736670174e-75
-4.181802396656189	0.9983002037590882
-5.654518267701478	0.9999415789981537
0.15590339460957559	0.35967700219175874
-7.332217484580061	0.9999987720510354
-1.426988733638641	0.8352078958152501
-6.69025000617157	0.9999946157492453
-7.784453220424443	0.9999995665401412
8.837777396371209	1.1542806593514334e-118
-4.578625073504865	0.9993097044032405
5.588772120514429	1.0311216038722582e-68
-4.278412224230608	0.9986335665210954
6.084718133671512	-4.6175894482785797e-76
6.595547864106848	-6.975617482243286e-84
1.0710603494530169	0.006491776251837114
-1.3302720816444804	0.8203480785668769
1.9192946867071967	5.718820905956058e-12
-1.22229197724816	0.8029896776354906
-2.155082619681292	0.9230366874311603
-0.99581695071738	0.7613436062038317
3.9132366750614977	7.908891982899427e-43
-5.397601682820259	0.9998945054524239
