-9.209448200029815	0.9999999871294082
-2.0771558187171024	0.9494555220934777
4.804313294355591	0.8451119544848932
-2.4224297547285456	0.9650350129787518
-4.632232658932645	0.9995188382262145
-0.15735744612925728	0.870417067096011
-6.803018140163575	0.9999967190640727
4.3753014114980715	0.8451118633204563
7.632365688491035	0.8451118325582774
4.102911384092733	0.8451118847591655
-6.552834112083046	0.9999941634285555
-5.130353669389676	0.9998460968843308
-9.363540709802955	0.9999999909737816
6.89379755899429	0.8451118337530419
5.983320071389899	0.8451118443539793
-4.2439506006712735	0.9988407348514161
-0.9414141871277373	0.8979420796432296
-8.044174260501148	0.9999998116911728
9.323227542218	0.8451118322352213
3.896018149644135	0.84511188590728
-1.7846932654785732	0.9356203078847576
-6.068825681459775	0.9999822150044192
4.7509268382026715	0.8451120808633237
-2.2149238987858233	0.9558219490600152
1.566194556870002	0.8456498798931322
-5.744052481712223	0.9999624472732211
6.910043211498266	0.8451118334289165
-0.3468113123781116	0.876179480940467
0.46508905324124683	0.8558841172251694
-2.6141281467496924	0.9727503026314691
-8.98424039913412	0.9999999783824645
5.265115459311591	0.845111895458829
-3.227635658249488	0.9900804490983849
-1.318300701063123	0.9140283350624456
-0.8293249370398073	0.8934904200588853
3.1922780980368657	0.8451123311929892
2.1731054774902034	0.8451191329331826
-8.713919825954179	0.9999999597165595
0.07781597422914643	0.8641433312326325
-5.931883993492599	0.9999756256082186
-9.004276810064713	0.9999999793571408
6.088581857709478	0.8451118408657194
-7.923291422358223	0.9999997512557919
-4.052172856430016	0.9982212803456102
-1.3181344252724525	0.914020866730707
3.4418657318222667	0.8451118355221747
-6.090516045054515	0.9999830811110946
2.1513568642213166	0.8451210205874835
0.7338860701821392	0.8517142108634148
-1.3383995668343331	0.9149332955511256
-3.9899738425226294	0.9979590858070571
-0.11370736152380267	0.8691620153749744
-7.569597682942413	0.9999994383788263
-6.227749907560045	0.9999876638136411
-2.146074262980182	0.9526479426669962
-6.7330426316820935	0.999996145501642
-3.2463896691305782	0.9904259681986767
0.7430526574651974	0.8515917921747391
-0.3415288067984221	0.8760214499518733
-9.46615228302682	0.9999999928732008
4.416035605833407	0.8451118661421531
-2.490190808232593	0.9678497968766783
-3.29565142637934	0.9912866315908045
-3.7937926606005146	0.9968691565031202
-0.49851371878664175	0.8812490594874647
6.015566369461702	0.8451118401939688
-8.163593513026832	0.9999998569619395
5.937269627594542	0.845111848955428
-6.071869920361945	0.9999823391856255
-0.3901011106782448	0.8775605343280778
3.809258353793332	0.845111901504376
1.32203797092866	0.846522750792931
-2.796023573426507	0.9791295064052274
5.711426141340606	0.8451118477221592
9.580755081316475	0.8451118322349236
-8.892275009007097	0.99999997328399
3.4867445986363776	0.8451118350296913
-6.526726430506851	0.9999938018505637
-7.506411005195064	0.9999993504246094
-9.763660675791762	0.9999999964075886
-4.962272474332887	0.9997737188487341
2.269110596468206	0.8451142857534352
7.534334988941712	0.8451118325315397
-3.7885192107630905	0.9968333892923309
-4.433559526489557	0.999244248870034
8.336083115614855	0.845111832318448
-1.1096636875100696	0.904969932176336
-2.8501644322584685	0.9808329248759514
-5.003575129706834	0.999794156181902
1.2035584894121278	0.8471934398419011
2.5121620712569417	0.8451122483181828
2.6015520016783498	0.8451122143662784
-5.131017889195619	0.99984633130798
9.392539410315027	0.8451118322356608
2.4471581278539745	0.84511234670385
-1.2564440654649935	0.9112806192335304
-1.0511260269812883	0.9024657516136703
-7.441220118096172	0.999999245221563
-0.6723736328452112	0.8874194780270759
4.270181182055261	0.8451118644586257
-6.7707214147876105	0.999996465791931
-4.859273917399269	0.9997135288853428
2.8799701207412056	0.8451124141165064
-2.5639618483141646	0.9708158411517469
6.151900021895358	0.8451118408363306
-6.176342952871217	0.9999861141207567
-1.1681504362471973	0.9075062752718951
6.423086302398161	0.8451118367077378
2.2231159303084436	0.8451160171514492
-8.331003914967908	0.9999999027158947
0.0296619197225354	0.8653705119469978
7.817196805326233	0.8451118323920592
-0.9942935562092003	0.9000746713913517
-4.120298763344179	0.9984712202759153
-6.89197514221664	0.9999973267074581
-4.366122892173672	0.999119677917611
-2.2519373107052543	0.9575166104582301
-7.302383892398603	0.9999989609101058
6.421270864764587	0.8451118367055925
-3.4926428180433122	0.9941060896713251
-5.906476238734606	0.9999741578994865
-0.7176405981263692	0.8891362069891912
7.668653196881348	0.8451118325584887
-5.7392432997294485	0.9999620294567867
5.476853336127849	0.845111864457476
-2.5070799883983774	0.9685416475171383
-5.760083746947808	0.9999638071490737
-7.443579880193161	0.9999992493114843
9.650901345448808	0.8451118322322723
7.1896841639784945	0.8451118330917521
5.074245678837027	0.8451119323745093
8.419624706738993	0.8451118322730822
-1.18819954290068	0.9083802771835882
6.281712052295127	0.8451118388198307
6.893228295927155	0.8451118337674256
-6.733860664329696	0.9999961527544868
-7.040678399071596	0.999998101762765
-3.2453710000835834	0.9904074574115009
-7.042296149359468	0.9999981088202441
2.617171090842522	0.8451122100739049
7.137226491181686	0.8451118334568348
-5.700418982840372	0.9999584818701366
6.282173272962005	0.8451118387742971
6.004777868532791	0.8451118409338755
-3.4884954352888498	0.9940561054283131
-3.476399831496959	0.993908189898843
4.273552189168942	0.8451118643902527
9.874356218892885	0.8451118322323162
8.709423819560076	0.8451118322550929
-1.1409455476606745	0.9063246591696328
-8.070775177251912	0.9999998228790935
3.566981965800938	0.84511185780821
8.448893532365204	0.8451118322735794
-1.2472891733639635	0.9108942905074018
-6.862433167364483	0.9999971385468829
-1.5296280547652419	0.9236626636567696
8.3587504238313	0.845111832319498
-3.5133043762087546	0.9943496109993872
5.707137398315648	0.845111848279295
9.25810369594349	0.8451118322418655
-4.722899134811129	0.9996087355743761
8.73184445410002	0.8451118322510552
-4.830896244706531	0.9996943121959876
-1.1326575496108315	0.905965375042334
5.067435619770464	0.845111941987951
5.501842077931411	0.8451118638338352
4.393393627044437	0.8451118644042174
8.502296579428915	0.845111832275461
-1.4322634541732135	0.9192145811506135
2.2360283112643877	0.8451154400426358
4.663658984576621	0.8451120815029419
5.000941756438596	0.8451119575203863
1.5301675213039658	0.8457450396364301
-4.715281026068867	0.9996018708967598
-4.136514656568484	0.9985255092439465
6.235168099629831	0.8451118409296815
-5.960039828879657	0.9999771549396618
-8.498370855629066	0.9999999338278357
4.135256375765914	0.8451118858229865
8.904499372304162	0.8451118322532353
-5.513648051817226	0.9999362031061789
-5.5900041136477485	0.9999464770640866
0.5198109240095938	0.8549206251515438
9.831308388802412	0.8451118322324239
-1.7145167716713452	0.9322913059695469
1.6351136993708018	0.8454969628556565
9.323134839231844	0.8451118322352253
6.808710615641846	0.8451118345572302
6.7720191560511225	0.845111834566489
-5.959670331342437	0.9999771355043089
1.0672300927837028	0.8481605730772321
-2.415370069406646	0.9647364675117782
-9.716405936036484	0.9999999959946465
0.8966652330798119	0.8497865479462093
3.0964676212206435	0.8451123330152952
4.380573153990364	0.845111863275697
8.124004097565944	0.845111832311195
-1.722404669888613	0.9326663142870171
-2.735354231507574	0.9771151505996062
-0.8413182284965881	0.8939683213554249
-1.681952071941808	0.9307454599153173
2.2577525099362106	0.8451146354027547
-6.327819482727803	0.9999902020501678
-0.4251715605521511	0.8787335287444205
-2.972701406199363	0.9843343262274683
3.6375495899144497	0.8451119027304941
-0.13215995755906818	0.869687816769736
-7.651187062844609	0.9999995345689991
-8.63080302058734	0.9999999512198307
7.689333937284406	0.8451118325590286
-3.9896282340418354	0.997957530297661
7.844259535510222	0.8451118323916191
0.8356717559620286	0.8504311131033913
-0.7749149438391445	0.8913436527654264
8.67748694958458	0.8451118322708823
-1.8391194443329226	0.9381638355538587
-8.595578087674127	0.9999999470984743
-0.7181409875650768	0.8891552503813529
-6.801085367106632	0.9999967044312319
1.009529781047691	0.8486608926788619
-9.12062239835123	0.9999999842084653
-2.48729615908037	0.9677305753158228
0.7109175667418643	0.852027536342267
-4.228334380011449	0.9987993713086034
-0.3740504659714219	0.8770284916971405
8.56127480892544	0.8451118322755119
-5.9440611367167895	0.9999762991991188
-6.183136748706937	0.9999863295883298
7.761707833754151	0.8451118325571046
0.4586303681354451	0.8560011295729184
-2.486475762207121	0.9676967617230028
3.5922119194970126	0.8451118936364423
9.871881744458747	0.8451118322323732
-2.084202007998379	0.9497861996584035
2.9924971877110593	0.8451123480751226
-0.22072744383230258	0.8723042161440543
6.751592457484257	0.8451118345668484
-1.2606303103501801	0.9114590128641703
2.2360852737866566	0.8451154376724801
-1.1587764775938822	0.9070985671043575
8.047647418812428	0.8451118324038067
1.9811717203609867	0.8451545281457631
1.8393340765394015	0.8452327614279029
3.0802685645692662	0.8451123333669041
6.760479691899199	0.8451118345657634
-1.244247293274622	0.9107667244749481
6.644081453169612	0.8451118344826681
9.27893889263245	0.8451118322404447
3.451836738824978	0.8451118352437342
-3.090956644598921	0.9872491515454999
-4.502376038175675	0.9993534666545867
-4.805153365726276	0.9996757749427653
-9.222851455167117	0.9999999875205541
-5.997733533842107	0.9999790532594057
-8.179810888697943	0.9999998622047205
-0.9952634250856551	0.9001154735509191
1.4448774599678629	0.8460028848562714
-3.2084596607398908	0.9897167217322618
3.421289312357679	0.8451118351142541
7.511037763195141	0.8451118325579569
-1.9023622322137577	0.9411436713338511
0.26297683026929164	0.8598611809740488
-0.5770198717560895	0.8840438375054805
-9.191943011215757	0.9999999866000331
1.3949682101915286	0.8461941573034228
8.131344299799018	0.8451118323103365
8.38965916518271	0.8451118322966072
-8.981790164094772	0.999999978260157
-6.192955904653306	0.9999866351134292
1.0292046370819463	0.8484846306479434
-7.951836423583387	0.9999997670792736
7.854687686892987	0.8451118323988491
1.1056927874685805	0.847854187429863
9.811311184722097	0.8451118322324417
-3.5345098011095732	0.9945902208534855
-9.033705455785208	0.9999999807096028
5.057221434774156	0.8451119536681683
5.474994945994034	0.8451118645167217
-8.170426198184702	0.9999998591947262
-4.007939873519049	0.9980384032874837
-3.5708191451591276	0.9949810376480202
7.946207418958391	0.8451118324006641
1.1749254735976145	0.8473721175297909
-7.358887851297329	0.9999990876734841
4.706307283526282	0.8451120799784368
7.481684813114068	0.8451118327434352
5.193274486977142	0.8451118953009887
-6.224309330318802	0.9999875657215879
-0.6012228473707903	0.8849208171167651
1.1494880042382327	0.8475340050612525
-9.355628810329133	0.9999999908078336
-6.283034776126191	0.9999891379969198
1.3609088042103359	0.8463401929215676
5.049291906340114	0.8451119589777977
-6.1706103779074795	0.9999859296721592
1.2646167710684786	0.8468256953028512
-0.3480508944149552	0.8762167416656529
7.808930075265504	0.8451118324071288
7.646017738512846	0.8451118325587594
9.019670057821433	0.8451118322411635
5.384732388387551	0.8451118754845509
8.19122524955808	0.8451118323190617
-5.268155195845421	0.9998878399803137
-8.660415785598765	0.9999999544350799
-1.8934390260663658	0.9407157499361106
7.987811874452277	0.8451118324007822
-5.370149920045728	0.9999112714486237
-1.74824603713577	0.9338935466449504
9.566639900006738	0.8451118322355946
7.183537561703332	0.8451118331775428
-4.704136022634193	0.9995916124817988
-1.3672494079013155	0.9162405525857177
1.892929257290561	0.8451955435900549
-9.465164494896076	0.9999999928569729
3.5646551261885584	0.8451118544628233
4.737729679895409	0.8451120865243008
-8.144175144855726	0.999999850421148
0.3134159532909244	0.8588357781122189
-1.4013091400161812	0.9177937526031261
-7.497402440180165	0.9999993368098539
2.5787455259818017	0.8451122162857999
2.9974042237360266	0.8451123429913844
0.09448452045301181	0.8637274664755337
-3.575967744116433	0.9950343535327416
-8.973870155305184	0.999999977860061
0.2199355189224228	0.8607678578768206
-7.254503055902224	0.9999988398007653
-1.1896536583979245	0.9084436070954737
6.913860271409426	0.8451118333872958
-4.904694478492226	0.9997418176590405
6.136226993285611	0.8451118408388921
-2.0948345035434635	0.9502839062181573
-2.925709261660052	0.9830499510954879
-8.06038894006746	0.9999998185921447
-0.2401777114032111	0.8728974497790927
-7.508819822428738	0.9999993540174866
4.067355815823639	0.8451118850137087
9.37187218262136	0.8451118322356995
9.119261478651467	0.845111832241564
-9.915142643319328	0.9999999974654272
2.5724978996400125	0.8451122176988908
1.9072708783649475	0.8451872789142753
4.025293281903659	0.8451118849762485
-5.961791182870808	0.9999772468354305
0.7042255294033097	0.8521207705597924
-1.2678859217311675	0.9117717883991995
4.895960810398442	0.8451119574139745
4.604991465770819	0.8451120824899631
-9.838777039548013	0.9999999969781724
3.4661755404751116	0.8451118348554267
-1.871152418290439	0.9396526067861491
-3.3424512110064653	0.9920435065537744
6.323980581997898	0.8451118363169324
-0.08719076663920333	0.8684125291101273
-1.7407281537481154	0.9335368322373997
7.33765152882318	0.8451118328622559
-6.835199454434253	0.9999969533777516
2.712291403545791	0.8451123886746821
6.091151463473192	0.845111840845505
9.355141847329044	0.8451118322354011
-3.1858540440840954	0.9892742090016118
3.0618874763421786	0.8451123345535628
-8.552722309980322	0.9999999416119533
1.563380822987103	0.8456568743766406
0.28933099209944046	0.859335064580676
-7.795712826566201	0.999999666319535
-7.476970748480962	0.9999993048646589
-0.021217980340622944	0.866692468942068
-2.8778440292606877	0.9816669245011058
4.254172725817078	0.8451118644692641
-7.668342660504175	0.999999552596012
7.126366889722881	0.8451118334404094
-2.879492217172821	0.9817157936837702
-7.520717464479354	0.9999993714739802
8.923698137131293	0.845111832253076
-7.478202666626035	0.9999993068336478
-7.101893584427099	0.9999983513152282
0.4616425436333458	0.8559464604049237
6.520999248151092	0.8451118366920674
-7.345712678617233	0.9999990595727173
-8.93284233284108	0.9999999756665178
3.3998436629325504	0.8451118333967781
-7.544158392481588	0.999999404498684
3.1162200953675665	0.8451123330844039
5.300778617644175	0.8451118952865624
-9.721819483862637	0.9999999960442642
6.280211931419224	0.8451118389675412
0.6265362573646414	0.8532585215467534
7.757114513886595	0.8451118325625782
-5.609492248735375	0.9999488231119973
8.42372236369522	0.845111832272028
8.723751198165889	0.8451118322515201
-3.334700256160792	0.9919221321116618
0.7749964010801911	0.8511757599843968
5.704551153164177	0.8451118487346784
3.777609335672892	0.8451119017837079
2.450459275425816	0.845112338584954
-4.768109904152804	0.9996471252096437
4.132348343377817	0.8451118857131626
-7.241700281506782	0.9999988050899381
8.908939782443909	0.8451118322532022
2.9458322458938113	0.8451124130273503
7.334265461102056	0.8451118328619471
-8.869885928973552	0.9999999718705883
-8.076995332010215	0.9999998253978115
1.7659918698574728	0.8453003387458661
-3.206845422746185	0.9896856174628483
9.103653825568951	0.8451118322416179
-7.555022925329258	0.999999419211299
5.860528644586358	0.8451118486969916
-3.494062913730902	0.9941231192327256
0.2344727150619299	0.8604460072784066
6.995711969009623	0.8451118334454226
-7.618102836741629	0.9999994977277417
0.22052289257138646	0.8607545977315555
7.528806947184627	0.845111832529046
-9.231160994979795	0.9999999877570596
-0.003908735150822906	0.8662508380745182
3.694849138759576	0.8451119019724037
7.251812674512784	0.8451118328539056
-6.800575335221284	0.9999967005589565
3.1291196392106357	0.8451123328175499
-7.9688558868121895	0.9999997760305781
4.6849997466053	0.8451120818139247
-5.307193951553395	0.9998974608502718
-6.015838160490312	0.9999799081564136
6.4007267660878355	0.8451118367006418
2.921519251414729	0.845112415055597
-4.9725658073944246	0.9997789937034365
-8.124275185523002	0.9999998434078481
-1.123028139473563	0.9055481326641347
-5.151198116771396	0.9998532864369574
-1.8359675649186826	0.9380184250071439
-9.315058354969455	0.9999999899077417
-4.212835464651752	0.9987568984207985
-0.23946798618765897	0.8728757203440686
-0.054966608507132975	0.8675374545272754
0.95968416822795	0.849133757732064
0.10704842638744161	0.8634173796075272
-9.369394288191	0.9999999910946249
1.6221529996524886	0.8455228837032726
-2.0455487134114447	0.9479661014146872
-3.3814235392074954	0.9926306699605401
8.730230970201887	0.8451118322510787
-5.510385162873113	0.9999357226563614
-6.77581482796187	0.9999965069958524
-2.119413601347766	0.9514257428778868
8.144280195075154	0.8451118323133011
0.8492025293309382	0.8502807441672124
7.433535087369137	0.8451118328635034
0.4094967591979639	0.8569155038690376
6.234363309269803	0.8451118409189174
-5.4962385731325725	0.9999335974775139
-1.3418659161982873	0.9150899256782714
5.934731314573041	0.8451118488964783
5.250403413967	0.8451118954653781
3.0663753305855543	0.8451123342647263
-2.892039443741652	0.9820849077858316
4.433648478693097	0.8451118561951421
6.82151405399275	0.8451118345526014
-2.632911916470486	0.9734563384678897
-6.674218380127539	0.9999955864640439
-6.632001344853502	0.9999951359312651
2.1986725354530137	0.8451173518171904
8.631096547049133	0.8451118322753055
3.7242474048139673	0.8451119016869107
-8.609950045622954	0.9999999488204733
1.6892281615271454	0.845401664271207
7.779324255723029	0.8451118325090948
-2.014380556656006	0.9464873275239702
7.640302279476533	0.8451118325586879
-4.2175708110161425	0.9987700279366245
-5.126666937543498	0.9998447892333203
-9.966668107948689	0.9999999976546959
-1.9389981524147402	0.9428930274841743
5.076471295491714	0.8451119290779607
-1.259366226417363	0.9114050038687417
-8.382676337161815	0.9999999136286835
-7.332505463836627	0.999999030535019
1.8248096461365506	0.8452449683966304
-7.412223409986871	0.9999991931073783
4.509888785883081	0.8451120974658283
-9.635482642677848	0.9999999951742582
-1.849859623106095	0.9386596933524721
-0.4510304766333064	0.8796098567233253
0.1630248975653501	0.8620759637085993
-2.3077218319882364	0.9600365738779987
-6.879639496733825	0.9999972496919691
7.49118959851274	0.8451118326746528
-9.738763207437149	0.9999999961956235
-0.9586482831846546	0.8986105861000013
-2.9351399550706025	0.9833135662599184
7.011498621201753	0.8451118334395067
2.8123531391034096	0.8451124127230185
-0.0018265716094703066	0.8661967203060015
5.828232755244635	0.8451118486937214
-0.7237751464202358	0.8893699129840127
-0.6300833359968738	0.885934506753903
-7.98454626725531	0.9999997839777676
-3.960241599840444	0.9978210418301021
8.220161231225593	0.8451118323179332
-4.18006999785125	0.9986622396246451
-0.2706169781613976	0.8738394085588821
-1.353135317081552	0.9156000782937803
1.3504651017640423	0.8463875570582924
3.9564121985858627	0.8451118852988534
-5.414910309355534	0.9999199457355155
-1.7575056366300892	0.9343325953728633
8.270442049682636	0.8451118323182976
-4.2845314402036605	0.9989418285491285
7.846177881552222	0.8451118323929748
-3.0289254959185596	0.9857759230516779
-5.5178471935225515	0.9999368161430398
-0.9131420364320686	0.8968487968504606
-8.981640604714961	0.9999999782526691
-9.188993794525766	0.9999999865087262
0.10427884428981571	0.8634854419793635
-3.3724305474326144	0.9924985463841312
-7.278279005995327	0.9999989016083899
9.262593832297881	0.8451118322417672
5.66693019333413	0.845111860898998
9.97834258542342	0.8451118322308437
-9.03441910897643	0.9999999807412752
-4.096778443503886	0.9983890266813528
-4.646068984228844	0.9995337752194244
7.753115289910838	0.8451118325648208
-1.1874519282103968	0.9083477053810056
8.711390372412097	0.8451118322543673
8.874273705519556	0.8451118322532187
0.10352712270662678	0.863503945573729
6.742526896945243	0.8451118345675459
-8.036973215686864	0.9999998085428129
5.752366247901417	0.8451118487834944
-6.586683384215002	0.9999946010086523
9.409942427816596	0.8451118322355645
2.5170728701715497	0.8451122443493143
-5.373159442539639	0.9999118830157527
2.817876481717839	0.8451124128470653
1.5708135791045699	0.8456385326272413
8.76689526544122	0.8451118322535501
-2.375722581002848	0.9630349312373772
-1.5343915983307266	0.9238748101513772
7.108999199476266	0.8451118334411121
8.324573607278488	0.8451118323177681
-4.487505985811504	0.9993312681375541
-7.520599088766842	0.9999993713026423
9.080430723018868	0.8451118322418746
9.668052424049268	0.8451118322324782
-2.185616827272412	0.9544659411016265
8.081530795100015	0.8451118323726218
-4.492920596332106	0.9993394369081128
6.724540564832388	0.8451118345613551
1.8858000733749591	0.84519990055359
-2.8959229476088266	0.9821981095504149
3.758059629729228	0.8451119017143577
-8.539468742216702	0.9999999398026387
-6.237568853844366	0.9999879395203615
4.031810718036976	0.8451118849783619
3.9411658452606666	0.8451118848142728
4.214046572975576	0.8451118622803528
3.8089568522831296	0.8451119015033814
-9.9503465442515	0.9999999976546959
-9.283252356688582	0.9999999891408875
2.328239406941112	0.845113062780231
-4.556267681517712	0.999427993684974
-7.066789687153703	0.9999982125239378
-2.6355796075181814	0.9735557540314186
2.910875000805767	0.8451124133659853
6.666631464344253	0.84511183461279
3.785448094340893	0.8451119017498077
-4.052080385021859	0.9982209157061058
0.38018072584051765	0.8574837220447061
2.0573273779126353	0.8451342245881812
-9.048523630491987	0.999999981356689
-4.3049786942297485	0.9989894496934588
-6.278409391134927	0.9999890217230492
0.44617240424310367	0.8562289244671184
7.8605692156224904	0.8451118324018212
-7.157202386150203	0.9999985484543475
5.724131551169274	0.8451118472325362
-0.25567044877375267	0.8733740932407593
-7.824989686542327	0.9999996880722359
-7.915927362025341	0.9999997470020396
2.2086868243706057	0.8451167641784086
-2.5641480990623	0.9708231505436801
-6.394371186474577	0.9999915938594869
2.4517389954602145	0.8451123355734925
-5.467305116636902	0.9999290299961527
-9.581740720097587	0.9999999945385748
-5.043882888783244	0.9998123274082602
-0.5256517699348162	0.8822056528910723
-8.603255280254775	0.9999999480254181
5.182903828445312	0.8451118958792958
6.32881118553334	0.8451118363378314
5.271971008092429	0.8451118955024948
-5.219833732705479	0.9998746755414493
-9.817547921555114	0.9999999968267897
-0.24179094535881163	0.8729468713504044
-4.8815668905267895	0.9997277786917508
5.295328473336234	0.8451118954306488
4.092414924237918	0.8451118849426491
-6.426127843401592	0.9999921865024873
-4.610657670209695	0.9994945967876796
-8.583862117026388	0.9999999456519225
-8.037283767811827	0.9999998086796691
-4.29288053879286	0.9989615327378063
5.710015751316684	0.845111847879631
9.683445836403713	0.8451118322325102
-9.263064377322081	0.9999999886241887
-9.34808156769137	0.9999999906466923
-1.5643570466553278	0.925216942154436
-9.866164779010376	0.9999999971628528
0.5435615980141648	0.854526848107393
-1.2320309395155782	0.91025576331528
0.899677252631129	0.8497547262616141
-6.881726562271924	0.999997262876404
4.290398133762814	0.8451118640245657
4.324408898698685	0.8451118640865475
9.518505065035562	0.8451118322355604
0.7915784370938717	0.8509669197420084
5.543165849992832	0.8451118640116285
0.1179284481636742	0.8631517705385839
-5.186843715105236	0.9998648135222316
8.848476239228141	0.845111832253237
5.404808072313983	0.8451118635827738
-4.461597982899135	0.9992907837906464
-1.1197571637845538	0.9054064906215135
5.934177205687249	0.8451118488825916
-2.218853130522711	0.9560026324631127
5.095719929384245	0.845111902278167
0.14446645669757174	0.8625143960761609
0.21114126105528186	0.8609677865122115
9.949077571538147	0.845111832230699
-1.7680821499705814	0.9348337603597701
-9.36986491754463	0.9999999911042703
-2.3211008525978816	0.9606338284465342
-2.742944044891078	0.9773728333672396
1.2777485392282717	0.8467531449473645
-2.539187465350339	0.9698354340673401
4.653197212714119	0.8451120811645281
6.455669062825006	0.8451118367174294
-8.815716834997298	0.9999999681338382
-1.2581488103523206	0.9113531071439162
3.0818207729073865	0.8451123332928272
-4.138672982275029	0.998532592744984
5.1517786036881255	0.8451118960239754
-2.5967567043305495	0.9720882930833683
-3.185641983989358	0.9892699867943163
-3.2976728801956012	0.9913205282960189
7.368664447059995	0.8451118328619855
-8.5771219161864	0.9999999448018703
-8.163555766713714	0.9999998569495068
-3.6905940761026867	0.9960961003429468
-5.224928306816503	0.9998761331912197
-0.7984861721870615	0.8922674213343518
-6.926214746363755	0.9999975293642315
8.095762593650342	0.8451118323449336
2.531767803719344	0.8451122345658465
-2.517809385311187	0.9689770141188606
-9.704125587289859	0.9999999958797722
8.25451099142747	0.845111832318355
-6.23823177624812	0.9999879579109862
-2.1686400423292573	0.9536811568888833
2.276354149012235	0.8451140855253222
-4.726479952372995	0.9996119215634807
-9.729756510450422	0.9999999961159015
-0.046625217982775524	0.8673255768331226
6.8415861318252595	0.8451118346059352
-1.8299902942721467	0.9377424295243432
-2.4169449262760567	0.9648031952093782
4.408681096427269	0.8451118668034422
-5.065157025633669	0.9998212645854616
3.7066089134424285	0.8451119019440735
9.825147890776798	0.8451118322324241
-1.4378178435590439	0.9194697041956662
-5.37097179457545	0.9999114388817028
4.473674025340703	0.8451119600726784
-0.16107216687395365	0.8705254689090511
9.477295419578326	0.845111832235586
-4.6529836487750575	0.9995410670031443
8.827355995346743	0.8451118322531458
9.503833189384537	0.8451118322355935
6.330489038298438	0.8451118363539818
-9.658631360020511	0.9999999954247452
-0.031420425939634455	0.8669466198680806
-1.5623039756174464	0.9251236851109899
-6.585793753405276	0.999994589939115
-4.8853507079402325	0.9997301263996191
9.498685427701908	0.8451118322355962
9.107820315463371	0.8451118322415877
6.0777079272950445	0.8451118409610294
-0.10397790945420837	0.8688869223380864
-5.521439724312902	0.9999373359482581
-6.932406261996524	0.9999975643348235
-5.783085435558699	0.9999656727587031
-4.860052855100654	0.9997140390713197
-8.485846036494964	0.9999999318917123
-8.44471439405693	0.9999999251258891
5.657150527294075	0.8451118633923441
4.184377822041867	0.8451118700894262
7.644278458803804	0.8451118325587533
0.037350416024457544	0.8651708236418337
5.51998270382251	0.8451118639191579
-9.82307945173648	0.9999999968669501
-1.2615244277253712	0.9114972941492138
-4.06734705589793	0.9982801514392797
5.423141970138747	0.8451118609804733
2.761900562007513	0.845112404963652
7.717500673612104	0.8451118325566718
6.1068828223483465	0.8451118407935178
2.6926335532229917	0.8451123553598696
-3.654630762421207	0.9957877115799773
5.599467857337723	0.8451118639409422
8.875192498725575	0.8451118322532196
0.05718510914498154	0.8646632915051604
1.4110212652136145	0.8461293679331299
6.423079995667848	0.8451118367077302
-6.7945297070737976	0.9999966543110594
-9.480155400366069	0.9999999930993277
1.0658944535657167	0.8481716038964551
2.246540824872394	0.8451150267602129
9.93588087339987	0.8451118322306492
0.30991775345447614	0.8589089147229868
-1.6458540219954187	0.9290384494717141
3.7977253048150406	0.845111901591454
3.1733381943675063	0.8451123346580023
-6.624402630199255	0.9999950500871566
-3.7204553258870776	0.9963362469263571
-3.865342321445868	0.9973184821988993
-1.230652578038649	0.9101980654059982
6.90109265123845	0.8451118335829942
3.483150161682481	0.8451118349046913
3.582520212554904	0.8451118810882945
-0.8275418290567451	0.8934194379243982
1.9637027394580464	0.8451609441157153
-6.102717470769199	0.9999835496625379
2.7386267481434814	0.8451123991660408
-4.338628982127868	0.9990632925797772
-7.210439649353355	0.9999987159115995
-2.665336391623372	0.9746498796725057
4.8802025793814465	0.8451119589845291
-0.9440839536463344	0.8980447423228469
-8.796434020072104	0.999999966687092
7.597681479178938	0.8451118325585975
-2.9461707349329602	0.9836181675251776
-3.2914448452435163	0.9912157395229958
-3.0550524645332366	0.9864109410266884
9.757901435604758	0.8451118322324455
-4.138661017237588	0.9985325535674311
6.612993189046257	0.8451118344519046
7.669885157895855	0.8451118325584983
-5.517166558581703	0.9999367171774509
1.0759751721507484	0.8480890248559513
-8.348157071255926	0.9999999064833823
-9.066252164758225	0.9999999821024225
5.329689742712084	0.8451118959358244
-8.84408527051467	0.9999999701488348
-0.31943697730052456	0.8753624112607474
-3.237550262639659	0.9902643621275015
-9.17401182971962	0.9999999860351947
4.076065420872212	0.8451118850457972
9.935305921279568	0.8451118322306497
5.006243945982153	0.845111957254072
-5.519943712034445	0.9999371200104427
-2.0235452378298335	0.9469230715799303
-5.564876114524946	0.9999432928206741
-8.487988993498634	0.9999999322269472
-2.819447125672583	0.9798783027371032
-5.132011616286971	0.9998466813611867
-9.073900739212583	0.9999999824148675
-2.9325980230721926	0.9832428017459228
9.01495112466214	0.8451118322417878
0.6104789096701424	0.8535081810643284
-7.113667242424224	0.9999983954087368
-1.7595919856938593	0.9344314807752819
-7.368993628897349	0.9999991086572994
5.556832814028141	0.8451118639879968
-7.530385422737482	0.9999993853109166
-0.5243875941552147	0.8821608702994105
-8.705939704872744	0.9999999589695079
-6.296423213902194	0.9999894676667779
-5.886363839332769	0.9999729337127615
-7.7325467784886515	0.9999996140808951
-7.186749844324707	0.9999986439237031
-3.4888885282674353	0.9940608589656104
-6.486509662343569	0.999993200559279
2.9438224495910337	0.8451124142940354
-1.943409052437076	0.9431036036437506
2.323646291231775	0.8451131295853174
8.593787396352642	0.845111832275575
7.542439710641755	0.8451118325403352
5.722594085726161	0.8451118472176232
-7.231735297230313	0.9999987773562506
5.50043332142212	0.8451118638412147
-6.821276761536907	0.9999968541326725
6.024261539603447	0.8451118400732649
3.6236873721308793	0.8451119056121895
-1.3379469766084853	0.9149128561297647
2.5634243233647247	0.8451122204645465
-9.680097931277945	0.9999999956453968
-0.7268704134295731	0.8894880879650653
9.380245681220067	0.8451118322357192
-2.300886373376878	0.959730272979798
4.376275727761975	0.8451118632971356
3.4798357415901027	0.8451118348301861
-7.5493128007608945	0.9999994115246074
8.50409496062285	0.8451118322754105
2.9211757940011864	0.8451124149804987
9.6421395353876	0.8451118322321689
-8.115840476438375	0.999999840336861
8.799805479732502	0.8451118322532661
-3.5391148997233746	0.9946412506074371
1.9226256558651755	0.8451791720063182
-6.20654957969847	0.9999870468467066
-6.458943118133096	0.9999927550473037
-9.752299682154263	0.9999999963123724
-3.1132544155211628	0.9877498251201484
4.4172742650544805	0.8451118658053779
-8.117258980035409	0.9999998408575052
8.111838677694841	0.8451118323195026
6.0138804293590695	0.8451118402609079
7.902581153620943	0.8451118324001549
-7.314388641798653	0.9999989892386802
-1.8165947193812357	0.937120820209888
-8.4117585833587	0.9999999192230691
-5.132637825020918	0.9998469015433838
8.839848045262542	0.8451118322532186
0.597597535584061	0.8537082627318724
9.890264370721134	0.8451118322317918
-3.993161486843597	0.9979733793632611
0.1679902402846256	0.8619597634448186
-8.304364483733785	0.999999896561726
6.699596721363434	0.8451118345593299
0.34493720228679337	0.8581847133075673
3.9085984491298387	0.8451118839118673
-2.0506200906964445	0.9482057642766182
5.627424576509812	0.8451118640658912
9.74592170254775	0.8451118322324446
1.0648398790938387	0.8481803323904442
-8.870041372061834	0.9999999718806544
2.648339142245547	0.8451122169702676
-3.2702160917277423	0.9908506202929034
5.399590017934903	0.8451118658666177
2.2461269232713796	0.8451150421471678
1.4643470553109914	0.845940048085182
9.067036575360422	0.8451118322417757
-2.8877826255195815	0.9819602579170377
-1.3544619745543507	0.9156602156673115
-2.0732731669125304	0.9492730896758337
-3.531132577930376	0.9945525222952083
8.3706964089196	0.8451118323139697
-3.2078147611644647	0.989704304440587
7.37381498181027	0.8451118328621886
8.87759376174333	0.8451118322532235
-1.0533859700720036	0.9025616328331113
7.071541592739127	0.8451118334453973
-6.785948891681666	0.9999965875541006
6.21596246915793	0.8451118407816982
4.611595152492773	0.8451120822310597
0.5242356169864681	0.8548447457252203
-5.435130602327343	0.9999235815152528
1.3769723090175	0.8462697127043027
0.9061232676175823	0.8496863608298624
2.793244068364004	0.8451124116465139
2.4542544576964342	0.8451123298654264
-0.7131389216938686	0.888964991142442
7.121229576209409	0.845111833437999
-3.0893275583110036	0.9872119659106935
4.321470460590891	0.8451118640434089
-8.778288511303272	0.9999999652657637
5.451367051005116	0.8451118641658496
-9.127983255957917	0.9999999844738614
-9.477352541588182	0.999999993054648
-2.1693816535296317	0.9537152732935329
8.675113873356505	0.8451118322719147
7.399664090369388	0.8451118328623746
-0.5672353319471224	0.8836896995810929
-7.135892494309317	0.9999984754563518
7.325785958503385	0.845111832860675
-8.17300593958523	0.9999998600286353
-2.037690845907232	0.9475942085570276
2.575285790199695	0.8451122170128267
-7.323904077870442	0.9999990111433217
-6.063992426534464	0.9999820160487458
4.946892838461752	0.8451119579565406
1.2487192438259598	0.8469163983065536
-2.389752271980692	0.9636414468051432
8.693782494227385	0.8451118322625547
-2.322559317738193	0.9606987410459363
8.468980374068288	0.8451118322763189
0.6703486182684326	0.8526042720972381
-4.026421965286153	0.9981169113043065
-8.48018969486298	0.9999999309988704
8.650608728587432	0.8451118322764166
-0.6187210018822107	0.8855415648148584
-5.259343328663504	0.9998855466839276
6.568991404659073	0.8451118363257796
4.287164719171926	0.8451118640793097
-4.297787513242373	0.9989729455380518
2.1010487270829614	0.8451271023770036
-9.09952922393063	0.9999999834225586
5.297334724678645	0.8451118953816438
6.426120069271178	0.8451118367112651
5.847137672372561	0.8451118487070883
1.997852060422085	0.8451490712670918
-5.6996472948673516	0.9999584080977125
-0.4643990965747591	0.8800673147854426
-1.2316651092424102	0.9102404533872277
5.475844553516275	0.8451118644902906
4.246016777663577	0.8451118641334492
-2.3794848909506516	0.9631980031717798
-6.27872156668376	0.9999890296095962
-9.986521211026789	0.9999999976546959
0.7532796912717501	0.8514567691790811
-1.5084903551926665	0.9227118941293743
5.204265949701021	0.8451118951324373
-3.0945011206734474	0.9873297757174345
1.3795792568084622	0.8462585484120737
-4.201344554157491	0.9987244680855104
7.052454599142699	0.8451118334457536
-7.85193182487284	0.9999997068350589
9.503120671411285	0.845111832235594
-0.4903999644157011	0.8809657127099211
-8.235323529321011	0.9999998787387481
-2.9489560704418505	0.9836944436386263
-5.765127897101809	0.999964224758305
-3.485820856237196	0.994023673549814
2.333404167266444	0.8451129930747401
-2.9175260870959896	0.9828188273637412
0.4774070463376532	0.8556632401668433
3.6282535721847697	0.8451119048119113
5.41747655785362	0.8451118610498394
-7.79469741855686	0.9999996655384631
8.822030202554046	0.8451118322531183
-8.805368169853862	0.9999999673653894
8.177159272526644	0.845111832320098
-5.485208481684429	0.999931891922638
-0.010991285258675987	0.8664335124345917
2.8780313644265973	0.845112414138907
-4.880526980234117	0.9997271299222138
8.399916454884359	0.845111832286335
-8.593610372450144	0.9999999468582419
6.7614949799839685	0.8451118345656916
0.7666023038840706	0.8512833976782707
1.957747858389265	0.8451633041872155
-2.715345086266656	0.9764268694614772
-6.634321230294065	0.9999951618417301
2.9004741949575763	0.8451124132153989
-2.0933083298358124	0.9502125778627076
7.9516364658142145	0.8451118324006479
4.308551371117254	0.8451118639288
1.603683022313799	0.8455621694264892
0.16192735454515628	0.8621017165331154
6.635552136141104	0.8451118344039679
-3.583671157760091	0.9951131739442068
-5.304593142816234	0.9998968463163173
2.994794490961885	0.8451123455323007
-5.410701302553149	0.9999191674730821
-4.077772012875682	0.9983195042610531
8.64928749621344	0.8451118322763702
0.4526916997170325	0.8561093902794472
5.559847679786255	0.8451118639858597
-4.603094168885962	0.999485815623555
-8.270908021807983	0.9999998882782669
6.754548118913849	0.845111834566446
-2.875293375000476	0.9815911215834177
7.280923504938638	0.8451118328719829
7.405879243172105	0.8451118328610208
6.742560635429747	0.8451118345675461
-0.7419666375386527	0.8900672705140057
0.2959296066157471	0.8591997444796157
-4.515082345484869	0.9993718580128533
-1.2316813699716178	0.9102411339482278
-4.598706361681848	0.9994806524361989
-4.339031269020741	0.9990641425805501
-5.074207104883812	0.9998249367171823
-6.837911212580425	0.9999969723404614
6.505104508023749	0.8451118367052209
1.7374872393437215	0.8453324985073524
1.005814233554755	0.848694910920598
5.024851106541842	0.8451119581356019
-4.7908704237989586	0.9996650126587044
-9.660557193086907	0.9999999954449892
2.8211676520757134	0.8451124129140399
-1.1872972555828518	0.9083409657704308
-2.5453881178612248	0.9700822970192315
0.18348467672592683	0.8616006310827607
-5.764074771621548	0.9999641379690262
3.2549354807034057	0.8451122745296289
9.136217385371296	0.8451118322416096
-6.2628681003556785	0.999988621848551
3.7981545527672456	0.8451119015852498
6.1724788419758205	0.845111840838373
8.338238613716356	0.8451118323187244
-0.3698684565093213	0.8768929751807024
-1.8937147221508432	0.9407289791404666
3.9535663032755775	0.8451118852658474
0.4543368523284208	0.8560793377125944
8.706216743397668	0.845111832256409
5.317001950488587	0.8451118950909768
